   PIQUANT 0.0.0-main  ps__0567_0717304816_000rfs_shot_218.msa
Energy (keV), meas, calc, bkg, sigma, residual, DetCE, Zn_K, Ni_K, Fe_K, Mn_K, Cr_K, Ti_K, Ca_K, K_K, Cl_K, S_K, P_K, Si_K, Al_K, Mg_K, Zn_L, Na_K, Ni_L, Rh_K_coh, Rh_L_coh, Rh_K_inc, Pileup, Rh_L_coh_Lb1
-0.0214442, 0, 0, 0, 1.41421, 0, 0, 0, 0, 0, 0, 0, 0, 0, 0, 0, 0, 0, 0, 0, 0, 0, 0, 0, 0, 0, 0, 0, 0
-0.0135614, 0, 0, 0, 1.41421, 0, 0, 0, 0, 0, 0, 0, 0, 0, 0, 0, 0, 0, 0, 0, 0, 0, 0, 0, 0, 0, 0, 0, 0
-0.00567859, 0, 0, 0, 1.41421, 0, 0, 0, 0, 0, 0, 0, 0, 0, 0, 0, 0, 0, 0, 0, 0, 0, 0, 0, 0, 0, 0, 0, 0
0.00220423, 0, 1.37048e-20, 0, 1.41421, -1.37048e-20, 0, 0, 0, 0, 0, 0, 0, 0, 0, 0, 0, 0, 0, 0, 0, 9.91213e-25, 0, 5.42839e-24, 0, 1.36983e-20, 0, 0, 0
0.010087, 0, 3.01438e-20, 0, 1.41421, -3.01438e-20, 0, 0, 0, 0, 0, 0, 0, 0, 0, 0, 0, 0, 0, 0, 0, 2.20568e-24, 0, 1.22166e-23, 0, 3.01294e-20, 0, 0, 0
0.0179699, 0, 6.54242e-20, 0, 1.41421, -6.54242e-20, 0, 0, 0, 0, 0, 0, 0, 0, 0, 0, 0, 0, 0, 0, 0, 4.84393e-24, 0, 2.71111e-23, 0, 6.53923e-20, 0, 0, 0
0.0258527, 0, 1.40199e-19, 0, 1.41421, -1.40199e-19, 0, 0, 0, 0, 0, 0, 0, 0, 0, 0, 0, 0, 0, 0, 0, 1.05049e-23, 0, 5.93705e-23, 0, 1.40129e-19, 0, 0, 0
0.0337355, 0, 2.96785e-19, 0, 1.41421, -2.96785e-19, 0, 0, 0, 0, 0, 0, 0, 0, 0, 0, 0, 0, 0, 0, 0, 2.25089e-23, 0, 1.28378e-22, 0, 2.96634e-19, 0, 0, 0
0.0416183, 0, 6.20906e-19, 0, 1.41421, -6.20906e-19, 0, 0, 0, 0, 0, 0, 0, 0, 0, 0, 0, 0, 0, 0, 0, 4.76739e-23, 0, 2.74251e-22, 0, 6.20584e-19, 0, 0, 0
0.0495011, 0, 1.28431e-18, 0, 1.41421, -1.28431e-18, 0, 0, 0, 0, 0, 0, 0, 0, 0, 0, 0, 0, 0, 0, 0, 9.98509e-23, 0, 5.79097e-22, 0, 1.28363e-18, 0, 0, 0
0.0573839, 0, 2.62745e-18, 0, 1.41421, -2.62745e-18, 0, 0, 0, 0, 0, 0, 0, 0, 0, 0, 0, 0, 0, 0, 0, 2.06885e-22, 0, 1.20918e-21, 0, 2.62604e-18, 0, 0, 0
0.0652667, 0, 5.31817e-18, 0, 1.41421, -5.31817e-18, 0, 0, 0, 0, 0, 0, 0, 0, 0, 0, 0, 0, 0, 0, 0, 4.24191e-22, 0, 2.49774e-21, 0, 5.31525e-18, 0, 0, 0
0.0731496, 0, 1.06532e-17, 0, 1.41421, -1.06532e-17, 0, 0, 0, 0, 0, 0, 0, 0, 0, 0, 0, 0, 0, 0, 0, 8.60952e-22, 0, 5.10592e-21, 0, 1.06472e-17, 0, 0, 0
0.0810324, 0, 2.11254e-17, 0, 1.41421, -2.11254e-17, 0, 0, 0, 0, 0, 0, 0, 0, 0, 0, 0, 0, 0, 0, 0, 1.73024e-21, 0, 1.03327e-20, 0, 2.11134e-17, 0, 0, 0
0.0889152, 0, 4.14808e-17, 0, 1.41421, -4.14808e-17, 0, 0, 0, 0, 0, 0, 0, 0, 0, 0, 0, 0, 0, 0, 0, 3.44393e-21, 0, 2.07065e-20, 0, 4.14566e-17, 0, 0, 0
0.096798, 0, 8.06681e-17, 0, 1.41421, -8.06681e-17, 0, 0, 0, 0, 0, 0, 0, 0, 0, 0, 0, 0, 0, 0, 0, 6.79093e-21, 0, 4.11028e-20, 0, 8.06203e-17, 0, 0, 0
0.104681, 0, 1.55404e-16, 0, 1.41421, -1.55404e-16, 0, 0, 0, 0, 0, 0, 0, 0, 0, 0, 0, 0, 0, 0, 0, 1.32686e-20, 0, 8.08399e-20, 0, 1.5531e-16, 0, 0, 0
0.112564, 0, 2.96627e-16, 0, 1.41421, -2.96627e-16, 0, 0, 0, 0, 0, 0, 0, 0, 0, 0, 0, 0, 0, 0, 0, 2.56942e-20, 0, 1.57572e-19, 0, 2.96444e-16, 0, 0, 0
0.120446, 0, 5.61082e-16, 0, 1.41421, -5.61082e-16, 0, 0, 0, 0, 0, 0, 0, 0, 0, 0, 0, 0, 0, 0, 0, 4.93222e-20, 0, 3.0446e-19, 0, 5.60728e-16, 0, 0, 0
0.128329, 0, 1.05191e-15, 0, 1.41421, -1.05191e-15, 0, 0, 0, 0, 0, 0, 0, 0, 0, 0, 0, 0, 0, 0, 0, 9.38691e-20, 0, 5.8328e-19, 0, 1.05124e-15, 0, 0, 0
0.136212, 0, 1.95496e-15, 0, 1.41421, -1.95496e-15, 0, 0, 0, 0, 0, 0, 0, 0, 0, 0, 0, 0, 0, 0, 0, 1.77154e-19, 0, 1.10817e-18, 0, 1.95367e-15, 0, 0, 0
0.144095, 0, 3.60215e-15, 0, 1.41421, -3.60215e-15, 0, 0, 0, 0, 0, 0, 0, 0, 0, 0, 0, 0, 0, 0, 0, 3.31584e-19, 0, 2.08837e-18, 0, 3.59973e-15, 0, 0, 0
0.151978, 0, 6.58123e-15, 0, 1.41421, -6.58123e-15, 0, 0, 0, 0, 0, 0, 0, 0, 0, 0, 0, 0, 0, 0, 0, 6.15622e-19, 0, 3.9044e-18, 0, 6.57671e-15, 0, 0, 0
0.159861, 0, 1.19242e-14, 0, 1.41421, -1.19242e-14, 0, 0, 0, 0, 0, 0, 0, 0, 0, 0, 0, 0, 0, 0, 0, 1.13389e-18, 0, 7.24308e-18, 0, 1.19158e-14, 0, 0, 0
0.167743, 0, 2.14275e-14, 0, 1.41421, -2.14275e-14, 0, 0, 0, 0, 0, 0, 0, 0, 0, 0, 0, 0, 0, 0, 0, 2.07214e-18, 0, 1.33347e-17, 0, 2.14121e-14, 0, 0, 0
0.175626, 0, 3.81928e-14, 0, 1.41421, -3.81928e-14, 0, 0, 0, 0, 0, 0, 0, 0, 0, 0, 0, 0, 0, 0, 0, 3.75767e-18, 0, 2.43672e-17, 0, 3.81647e-14, 0, 0, 0
0.183509, 0, 6.75304e-14, 0, 1.41421, -6.75304e-14, 0, 0, 0, 0, 0, 0, 0, 0, 0, 0, 0, 0, 0, 0, 0, 6.76273e-18, 0, 4.42027e-17, 0, 6.74795e-14, 0, 0, 0
0.191392, 0, 1.18457e-13, 0, 1.41421, -1.18457e-13, 0, 0, 0, 0, 0, 0, 0, 0, 0, 0, 0, 0, 0, 0, 0, 1.20804e-17, 0, 7.96115e-17, 0, 1.18366e-13, 0, 0, 0
0.199275, 0, 2.0616e-13, 0, 1.41421, -2.0616e-13, 0, 0, 0, 0, 0, 0, 0, 0, 0, 0, 0, 0, 0, 0, 0, 2.14212e-17, 0, 1.42378e-16, 0, 2.05996e-13, 0, 0, 0
0.207157, 0, 3.56005e-13, 0, 1.41421, -3.56005e-13, 0, 0, 0, 0, 0, 0, 0, 0, 0, 0, 0, 0, 0, 0, 0, 3.77102e-17, 0, 2.52871e-16, 0, 3.55714e-13, 0, 0, 0
0.21504, 0, 6.10023e-13, 0, 1.41421, -6.10023e-13, 0, 0, 0, 0, 0, 0, 0, 0, 0, 0, 0, 0, 0, 0, 0, 6.59138e-17, 0, 4.46069e-16, 0, 6.09511e-13, 0, 0, 0
0.222923, 0, 1.0373e-12, 0, 1.41421, -1.0373e-12, 0, 0, 0, 0, 0, 0, 0, 0, 0, 0, 0, 0, 0, 0, 0, 1.14406e-16, 0, 7.81626e-16, 0, 1.0364e-12, 0, 0, 0
0.230806, 0, 1.75045e-12, 0, 1.41421, -1.75045e-12, 0, 0, 0, 0, 0, 0, 0, 0, 0, 0, 0, 0, 0, 0, 0, 1.97211e-16, 0, 1.36076e-15, 0, 1.7489e-12, 0, 0, 0
0.238689, 0, 2.93164e-12, 0, 1.41421, -2.93164e-12, 0, 0, 0, 0, 0, 0, 0, 0, 0, 0, 0, 0, 0, 0, 0, 3.37662e-16, 0, 2.35384e-15, 0, 2.92895e-12, 0, 0, 0
0.246571, 0, 4.87311e-12, 0, 1.41421, -4.87311e-12, 0, 0, 0, 0, 0, 0, 0, 0, 0, 0, 0, 0, 0, 0, 0, 5.74338e-16, 0, 4.0462e-15, 0, 4.86849e-12, 0, 0, 0
0.254454, 0, 8.03998e-12, 0, 1.41421, -8.03998e-12, 0, 0, 0, 0, 0, 0, 0, 0, 0, 0, 0, 0, 0, 0, 0, 9.70632e-16, 0, 6.91271e-15, 0, 8.03209e-12, 0, 0, 0
0.262337, 0, 1.31667e-11, 0, 1.41421, -1.31667e-11, 0, 0, 0, 0, 0, 0, 0, 0, 0, 0, 0, 0, 0, 0, 0, 1.63017e-15, 0, 1.17394e-14, 0, 1.31533e-11, 0, 0, 0
0.27022, 0, 2.14039e-11, 0, 1.41421, -2.14039e-11, 0, 0, 0, 0, 0, 0, 0, 0, 0, 0, 0, 0, 0, 0, 0, 2.72138e-15, 0, 1.98202e-14, 0, 2.13813e-11, 0, 0, 0
0.278103, 0, 3.45394e-11, 0, 1.41421, -3.45394e-11, 0, 0, 0, 0, 0, 0, 0, 0, 0, 0, 0, 0, 0, 0, 0, 4.51672e-15, 0, 3.32742e-14, 0, 3.45016e-11, 0, 0, 0
0.285986, 0, 5.53302e-11, 0, 1.41421, -5.53302e-11, 0, 0, 0, 0, 0, 0, 0, 0, 0, 0, 0, 0, 0, 0, 0, 7.45499e-15, 0, 5.55554e-14, 0, 5.52672e-11, 0, 0, 0
0.293868, 0, 8.79935e-11, 0, 1.41421, -8.79935e-11, 0, 0, 0, 0, 0, 0, 0, 0, 0, 0, 0, 0, 0, 0, 0, 1.22401e-14, 0, 9.22677e-14, 0, 8.7889e-11, 0, 0, 0
0.301751, 0, 1.38964e-10, 2.14399e-43, 1.41421, -1.38964e-10, 0, 2.14399e-43, 2.14399e-43, 2.14399e-43, 2.14399e-43, 2.14399e-43, 2.14399e-43, 2.14399e-43, 2.14399e-43, 2.14399e-43, 2.14399e-43, 2.14399e-43, 2.14399e-43, 2.14399e-43, 2.14399e-43, 2.00314e-14, 2.14399e-43, 1.52734e-13, 2.14399e-43, 1.38791e-10, 2.14399e-43, 2.14399e-43, 2.14399e-43
0.309634, 0, 2.17824e-10, 3.67981e-42, 1.41421, -2.17824e-10, 0, 3.67981e-42, 3.67981e-42, 3.67981e-42, 3.67981e-42, 3.67981e-42, 3.67981e-42, 3.67981e-42, 3.67981e-42, 3.67981e-42, 3.67981e-42, 3.67981e-42, 3.67981e-42, 3.67981e-42, 3.67981e-42, 3.25783e-14, 3.67981e-42, 2.51169e-13, 3.67981e-42, 2.1754e-10, 3.67981e-42, 3.67981e-42, 3.67981e-42
0.317517, 0, 3.39001e-10, 5.24002e-41, 1.41421, -3.39001e-10, 0, 5.24002e-41, 5.24002e-41, 5.24002e-41, 5.24002e-41, 5.24002e-41, 5.24002e-41, 5.24002e-41, 5.24002e-41, 5.24002e-41, 5.24002e-41, 5.24002e-41, 5.24002e-41, 5.24002e-41, 5.24002e-41, 5.2763e-14, 5.24002e-41, 4.11171e-13, 5.24002e-41, 3.38537e-10, 5.24002e-41, 5.24002e-41, 5.24002e-41
0.3254, 0, 5.23845e-10, 6.60269e-40, 1.41421, -5.23845e-10, 0, 6.60269e-40, 6.60269e-40, 6.60269e-40, 6.60269e-40, 6.60269e-40, 6.60269e-40, 6.60269e-40, 6.60269e-40, 6.60269e-40, 6.60269e-40, 6.60269e-40, 6.60269e-40, 6.60269e-40, 6.60269e-40, 8.51333e-14, 6.60269e-40, 6.7024e-13, 6.60269e-40, 5.23089e-10, 6.60269e-40, 6.60269e-40, 6.60269e-40
0.333282, 0, 8.03762e-10, 7.4612e-39, 1.41421, -8.03762e-10, 0, 7.4612e-39, 7.4612e-39, 7.4612e-39, 7.4612e-39, 7.4612e-39, 7.4612e-39, 7.4612e-39, 7.4612e-39, 7.4612e-39, 7.4612e-39, 7.4612e-39, 7.4612e-39, 7.4612e-39, 7.4612e-39, 1.3691e-13, 7.4612e-39, 1.08823e-12, 7.4612e-39, 8.02537e-10, 7.4612e-39, 7.4612e-39, 7.4612e-39
0.341165, 0, 1.22459e-09, 7.61678e-38, 1.41421, -1.22459e-09, 0, 7.61678e-38, 7.61678e-38, 7.61678e-38, 7.61678e-38, 7.61678e-38, 7.61678e-38, 7.61678e-38, 7.61678e-38, 7.61678e-38, 7.61678e-38, 7.61678e-38, 7.61678e-38, 7.61678e-38, 7.61678e-38, 2.19553e-13, 7.61678e-38, 1.76048e-12, 7.61678e-38, 1.22261e-09, 7.61678e-38, 7.61678e-38, 7.61678e-38
0.349048, 0, 1.85273e-09, 7.06371e-37, 1.41421, -1.85273e-09, 0, 7.06371e-37, 7.06371e-37, 7.06371e-37, 7.06371e-37, 7.06371e-37, 7.06371e-37, 7.06371e-37, 7.06371e-37, 7.06371e-37, 7.06371e-37, 7.06371e-37, 7.06371e-37, 7.06371e-37, 7.06371e-37, 3.51256e-13, 7.06371e-37, 2.83859e-12, 7.06371e-37, 1.84954e-09, 7.06371e-37, 7.06371e-37, 7.06371e-37
0.356931, 0, 2.78361e-09, 5.98401e-36, 1.41421, -2.78361e-09, 0, 5.98401e-36, 5.98401e-36, 5.98401e-36, 5.98401e-36, 5.98401e-36, 5.98401e-36, 5.98401e-36, 5.98401e-36, 5.98401e-36, 5.98401e-36, 5.98401e-36, 5.98401e-36, 5.98401e-36, 5.98401e-36, 5.60916e-13, 5.98401e-36, 4.56339e-12, 5.98401e-36, 2.77848e-09, 5.98401e-36, 5.98401e-36, 5.98401e-36
0.364814, 0, 4.15332e-09, 4.65277e-35, 1.41421, -4.15332e-09, 0, 4.65277e-35, 4.65277e-35, 4.65277e-35, 4.65277e-35, 4.65277e-35, 4.65277e-35, 4.65277e-35, 4.65277e-35, 4.65277e-35, 4.65277e-35, 4.65277e-35, 4.65277e-35, 4.65277e-35, 4.65277e-35, 8.9446e-13, 4.65277e-35, 7.31691e-12, 4.65277e-35, 4.1451e-09, 4.65277e-35, 4.65277e-35, 4.65277e-35
0.372696, 0, 6.15453e-09, 3.33554e-34, 1.41421, -6.15453e-09, 0, 3.33554e-34, 3.33554e-34, 3.33554e-34, 3.33554e-34, 3.33554e-34, 3.33554e-34, 3.33554e-34, 3.33554e-34, 3.33554e-34, 3.33554e-34, 3.33554e-34, 3.33554e-34, 3.33554e-34, 3.33554e-34, 1.42495e-12, 3.33554e-34, 1.17049e-11, 3.33554e-34, 6.1414e-09, 3.33554e-34, 3.33554e-34, 3.33554e-34
0.380579, 0, 9.05789e-09, 2.29433e-33, 1.41421, -9.05789e-09, 0, 2.29433e-33, 2.29433e-33, 2.29433e-33, 2.29433e-33, 2.29433e-33, 2.29433e-33, 2.29433e-33, 2.29433e-33, 2.29433e-33, 2.29433e-33, 2.29433e-33, 2.29433e-33, 2.29433e-33, 2.29433e-33, 2.26867e-12, 2.29433e-33, 1.86867e-11, 2.29433e-33, 9.03693e-09, 2.29433e-33, 2.29433e-33, 2.29433e-33
0.388462, 0, 1.32408e-08, 1.43006e-32, 1.41421, -1.32408e-08, 0, 1.43006e-32, 1.43006e-32, 1.43006e-32, 1.43006e-32, 1.43006e-32, 1.43006e-32, 1.43006e-32, 1.43006e-32, 1.43006e-32, 1.43006e-32, 1.43006e-32, 1.43006e-32, 1.43006e-32, 1.43006e-32, 3.61078e-12, 1.43006e-32, 2.97812e-11, 1.43006e-32, 1.32074e-08, 1.43006e-32, 1.43006e-32, 1.43006e-32
0.396345, 0, 1.92256e-08, 8.71972e-32, 1.41421, -1.92256e-08, 0, 8.71972e-32, 8.71972e-32, 8.71972e-32, 8.71972e-32, 8.71972e-32, 8.71972e-32, 8.71972e-32, 8.71972e-32, 8.71972e-32, 8.71972e-32, 8.71972e-32, 8.71972e-32, 8.71972e-32, 8.71972e-32, 5.74609e-12, 8.71972e-32, 4.73895e-11, 8.71972e-32, 1.91724e-08, 8.71972e-32, 8.71972e-32, 8.71972e-32
0.404228, 0, 2.77298e-08, 4.82621e-31, 1.41421, -2.77298e-08, 0, 4.82621e-31, 4.82621e-31, 4.82621e-31, 4.82621e-31, 4.82621e-31, 4.82621e-31, 4.82621e-31, 4.82621e-31, 4.82621e-31, 4.82621e-31, 4.82621e-31, 4.82621e-31, 4.82621e-31, 4.82621e-31, 9.14383e-12, 4.82621e-31, 7.5305e-11, 4.82621e-31, 2.76453e-08, 4.82621e-31, 4.82621e-31, 4.82621e-31
0.412111, 0, 3.97322e-08, 2.56344e-30, 1.41421, -3.97322e-08, 0, 2.56344e-30, 2.56344e-30, 2.56344e-30, 2.56344e-30, 2.56344e-30, 2.56344e-30, 2.56344e-30, 2.56344e-30, 2.56344e-30, 2.56344e-30, 2.56344e-30, 2.56344e-30, 2.56344e-30, 2.56344e-30, 1.45498e-11, 2.56344e-30, 1.19507e-10, 2.56344e-30, 3.95982e-08, 2.56344e-30, 2.56344e-30, 2.56344e-30
0.419993, 0, 5.65581e-08, 1.28851e-29, 1.41421, -5.65581e-08, 0, 1.28851e-29, 1.28851e-29, 1.28851e-29, 1.28851e-29, 1.28851e-29, 1.28851e-29, 1.28851e-29, 1.28851e-29, 1.28851e-29, 1.28851e-29, 1.28851e-29, 1.28851e-29, 1.28851e-29, 1.28851e-29, 2.31471e-11, 1.28851e-29, 1.89405e-10, 1.28851e-29, 5.63456e-08, 1.28851e-29, 1.28851e-29, 1.28851e-29
0.427876, 0, 7.99896e-08, 6.12171e-29, 1.41421, -7.99896e-08, 0, 6.12171e-29, 6.12171e-29, 6.12171e-29, 6.12171e-29, 6.12171e-29, 6.12171e-29, 6.12171e-29, 6.12171e-29, 6.12171e-29, 6.12171e-29, 6.12171e-29, 6.12171e-29, 6.12171e-29, 6.12171e-29, 3.68086e-11, 6.12171e-29, 2.99759e-10, 6.12171e-29, 7.9653e-08, 6.12171e-29, 6.12171e-29, 6.12171e-29
0.435759, 0, 1.12406e-07, 2.78488e-28, 1.41421, -1.12406e-07, 0, 2.78488e-28, 2.78488e-28, 2.78488e-28, 2.78488e-28, 2.78488e-28, 2.78488e-28, 2.78488e-28, 2.78488e-28, 2.78488e-28, 2.78488e-28, 2.78488e-28, 2.78488e-28, 2.78488e-28, 2.78488e-28, 5.84882e-11, 2.78488e-28, 4.73648e-10, 2.78488e-28, 1.11874e-07, 2.78488e-28, 2.78488e-28, 2.78488e-28
0.443642, 0, 1.56962e-07, 1.20689e-27, 1.41421, -1.56962e-07, 0, 1.20689e-27, 1.20689e-27, 1.20689e-27, 1.20689e-27, 1.20689e-27, 1.20689e-27, 1.20689e-27, 1.20689e-27, 1.20689e-27, 1.20689e-27, 1.20689e-27, 1.20689e-27, 1.20689e-27, 1.20689e-27, 9.28287e-11, 1.20689e-27, 7.47013e-10, 1.20689e-27, 1.56122e-07, 1.20689e-27, 1.20689e-27, 1.20689e-27
0.451525, 0, 2.17814e-07, 4.97814e-27, 1.41421, -2.17814e-07, 0, 4.97814e-27, 4.97814e-27, 4.97814e-27, 4.97814e-27, 4.97814e-27, 4.97814e-27, 4.97814e-27, 4.97814e-27, 4.97814e-27, 4.97814e-27, 4.97814e-27, 4.97814e-27, 4.97814e-27, 4.97814e-27, 1.47091e-10, 4.97814e-27, 1.17554e-09, 4.97814e-27, 2.16491e-07, 4.97814e-27, 4.97814e-27, 4.97814e-27
0.459407, 0, 3.00398e-07, 1.95738e-26, 1.41421, -3.00398e-07, 0, 1.95738e-26, 1.95738e-26, 1.95738e-26, 1.95738e-26, 1.95738e-26, 1.95738e-26, 1.95738e-26, 1.95738e-26, 1.95738e-26, 1.95738e-26, 1.95738e-26, 1.95738e-26, 1.95738e-26, 1.95738e-26, 2.32578e-10, 1.95738e-26, 1.84504e-09, 1.95738e-26, 2.98321e-07, 1.95738e-26, 1.95738e-26, 1.95738e-26
0.46729, 0, 4.11791e-07, 7.34989e-26, 1.41421, -4.11791e-07, 0, 7.34989e-26, 7.34989e-26, 7.34989e-26, 7.34989e-26, 7.34989e-26, 7.34989e-26, 7.34989e-26, 7.34989e-26, 7.03449e-12, 7.34989e-26, 7.34989e-26, 7.34989e-26, 7.34989e-26, 7.34989e-26, 3.66779e-10, 7.34989e-26, 2.88694e-09, 7.34989e-26, 4.0853e-07, 7.34989e-26, 7.34989e-26, 7.34989e-26
0.475173, 0, 5.61121e-07, 2.64115e-25, 1.41421, -5.61121e-07, 0, 2.64115e-25, 2.64115e-25, 2.64115e-25, 2.64115e-25, 2.64115e-25, 2.64115e-25, 2.64115e-25, 2.64115e-25, 2.34314e-11, 2.64115e-25, 2.64115e-25, 2.64115e-25, 2.64115e-25, 2.64115e-25, 5.76596e-10, 2.64115e-25, 4.50111e-09, 2.64115e-25, 5.5602e-07, 2.64115e-25, 2.64115e-25, 2.64115e-25
0.483056, 0, 7.63143e-07, 9.18747e-25, 1.41421, -7.63143e-07, 0, 3.35189e-13, 3.05841e-13, 3.0512e-10, 5.13635e-12, 2.22184e-12, 2.20702e-11, 2.85686e-10, 1.95212e-11, 3.78501e-10, 7.80741e-10, 1.29776e-10, 9.69018e-10, 2.87922e-11, 1.10005e-12, 9.0314e-10, 7.46934e-14, 6.98927e-09, 6.86436e-16, 7.52266e-07, 9.18747e-25, 9.18747e-25, 5.66495e-11
0.490939, 0, 1.03399e-06, 1.99231e-10, 1.41421, -1.03399e-06, 1.99231e-10, 2.00343e-10, 2.00245e-10, 1.21138e-09, 2.16269e-10, 2.06601e-10, 2.72442e-10, 1.14691e-09, 2.63987e-10, 1.39649e-09, 2.78912e-09, 6.29725e-10, 3.41368e-09, 2.94741e-10, 2.0288e-10, 1.60811e-09, 2.00001e-10, 1.10025e-08, 1.99233e-10, 1.01193e-06, 1.99231e-10, 1.99231e-10, 3.87149e-10
0.498822, 0, 1.39755e-06, 6.56096e-10, 1.41421, -1.39755e-06, 6.56096e-10, 6.5896e-10, 6.58709e-10, 3.26338e-09, 6.99987e-10, 6.75082e-10, 8.44688e-10, 3.09731e-09, 8.22907e-10, 3.69257e-09, 7.32761e-09, 1.76504e-09, 8.93645e-09, 9.02128e-10, 6.65496e-10, 2.844e-09, 6.59249e-10, 1.72698e-08, 6.56102e-10, 1.35344e-06, 6.56096e-10, 6.56096e-10, 1.14017e-09
0.506704, 0, 1.88859e-06, 1.68174e-09, 1.41421, -1.88859e-06, 1.68174e-09, 1.68846e-09, 1.68787e-09, 7.80284e-09, 1.78478e-09, 1.72631e-09, 2.1245e-09, 7.41297e-09, 2.07336e-09, 8.75343e-09, 1.73444e-08, 4.28521e-09, 2.11215e-08, 2.25935e-09, 1.70381e-09, 5.06263e-09, 1.69072e-09, 2.70889e-08, 1.68175e-09, 1.80043e-06, 1.68174e-09, 1.68174e-09, 2.8182e-09
0.514587, 0, 2.55914e-06, 3.93363e-09, 1.41421, -2.55914e-06, 3.93363e-09, 3.94866e-09, 3.94735e-09, 1.76214e-08, 4.16405e-09, 4.0333e-09, 4.9237e-09, 1.67496e-08, 4.80936e-09, 1.96618e-08, 3.8958e-08, 9.75541e-09, 4.74042e-08, 5.22526e-09, 3.98298e-09, 9.13032e-09, 3.95603e-09, 4.25549e-08, 3.93366e-09, 2.38264e-06, 3.93363e-09, 3.93363e-09, 6.47495e-09
0.52247, 0, 3.49147e-06, 8.77103e-09, 1.41421, -3.49147e-06, 8.77103e-09, 8.80357e-09, 8.80073e-09, 3.83964e-08, 9.26974e-09, 8.98676e-09, 1.09139e-08, 3.65094e-08, 1.06664e-08, 4.26573e-08, 8.45764e-08, 2.13715e-08, 1.02857e-07, 1.15666e-08, 8.87784e-09, 1.67139e-08, 8.82312e-09, 6.71016e-08, 8.7711e-09, 3.13818e-06, 8.77103e-09, 8.77103e-09, 1.42714e-08
0.530353, 0, 4.82423e-06, 1.8938e-08, 1.41421, -4.82423e-06, 1.8938e-08, 1.90066e-08, 1.90006e-08, 8.14064e-08, 1.99896e-08, 1.93929e-08, 2.34565e-08, 7.74276e-08, 2.29346e-08, 9.35137e-08, 1.78782e-07, 4.55075e-08, 2.17329e-07, 2.48327e-08, 1.91632e-08, 3.10069e-08, 1.90538e-08, 1.06544e-07, 1.89381e-08, 4.11623e-06, 1.8938e-08, 1.8938e-08, 3.05361e-08
0.538236, 0, 6.79047e-06, 3.98519e-08, 1.41421, -6.79047e-06, 3.98519e-08, 3.99933e-08, 3.99809e-08, 1.68552e-07, 4.20184e-08, 4.07891e-08, 4.91611e-08, 1.60355e-07, 4.8086e-08, 2.00421e-07, 3.69169e-07, 9.45914e-08, 4.48585e-07, 5.19965e-08, 4.03159e-08, 5.80783e-08, 4.01013e-08, 1.70403e-07, 3.98522e-08, 5.38146e-06, 3.98519e-08, 3.98519e-08, 6.37467e-08
0.546118, 0, 9.86314e-06, 8.19529e-08, 1.41421, -9.86314e-06, 8.19529e-08, 8.22378e-08, 8.22129e-08, 3.41363e-07, 8.63198e-08, 8.38419e-08, 1.00717e-07, 3.24841e-07, 9.85497e-08, 4.87086e-07, 7.45734e-07, 1.92287e-07, 9.05805e-07, 1.06432e-07, 8.28881e-08, 1.09305e-07, 8.24757e-08, 2.75101e-07, 8.19535e-08, 7.02098e-06, 8.19529e-08, 8.19529e-08, 1.30116e-07
0.554001, 0, 1.47649e-05, 1.64901e-07, 1.41421, -1.47649e-05, 1.64901e-07, 1.65463e-07, 1.65414e-07, 6.76798e-07, 1.73518e-07, 1.68628e-07, 2.01928e-07, 6.44194e-07, 1.97651e-07, 1.07566e-06, 1.47475e-06, 3.82624e-07, 1.79062e-06, 2.13205e-07, 1.66746e-07, 2.05692e-07, 1.65971e-07, 4.4856e-07, 1.64902e-07, 9.15574e-06, 1.64901e-07, 1.64901e-07, 2.59941e-07
0.561884, 0, 2.28239e-05, 3.24853e-07, 1.41421, -2.28239e-05, 3.24853e-07, 3.2594e-07, 3.25845e-07, 1.31415e-06, 3.41507e-07, 3.32057e-07, 3.96412e-07, 1.25114e-06, 3.88147e-07, 2.26259e-06, 2.85626e-06, 7.45626e-07, 3.46671e-06, 4.18206e-07, 3.2842e-07, 3.85301e-07, 3.26998e-07, 7.38347e-07, 3.24855e-07, 1.19591e-05, 3.24853e-07, 3.24853e-07, 5.08528e-07
0.569767, 0, 3.63637e-05, 6.26765e-07, 1.41421, -3.63637e-05, 6.26765e-07, 6.28823e-07, 6.28643e-07, 2.49967e-06, 6.58293e-07, 6.40403e-07, 7.62238e-07, 2.38038e-06, 7.46592e-07, 4.61297e-06, 5.41916e-06, 1.42336e-06, 6.57484e-06, 8.03499e-07, 6.33518e-07, 7.1574e-07, 6.30974e-07, 1.22505e-06, 6.26769e-07, 1.56869e-05, 6.26765e-07, 6.26765e-07, 9.74494e-07
0.57765, 0, 5.93556e-05, 1.1846e-06, 1.41421, -5.93556e-05, 1.1846e-06, 1.18841e-06, 1.18808e-06, 4.65862e-06, 1.24308e-06, 1.20989e-06, 1.43588e-06, 4.43735e-06, 1.40686e-06, 9.13966e-06, 1.00739e-05, 2.66219e-06, 1.22176e-05, 1.51242e-06, 1.19712e-06, 1.31471e-06, 1.19269e-06, 2.04393e-06, 1.18461e-06, 2.07263e-05, 1.1846e-06, 1.1846e-06, 1.8296e-06
0.585532, 0, 9.86592e-05, 2.19359e-06, 1.41421, -9.86592e-05, 2.19359e-06, 2.20053e-06, 2.19992e-06, 8.50813e-06, 2.29989e-06, 2.23957e-06, 2.65034e-06, 8.10594e-06, 2.59759e-06, 1.78088e-05, 1.83512e-05, 4.87934e-06, 2.22477e-05, 2.78946e-06, 2.21636e-06, 2.38263e-06, 2.20884e-06, 3.41911e-06, 2.19361e-06, 2.76725e-05, 2.19359e-06, 2.19359e-06, 3.36597e-06
0.593415, 0, 0.000165771, 3.98032e-06, 1.41421, -0.000165771, 3.98032e-06, 3.99268e-06, 3.9916e-06, 1.5229e-05, 4.16968e-06, 4.06223e-06, 4.79397e-06, 1.45125e-05, 4.7e-06, 3.41765e-05, 3.27633e-05, 8.76467e-06, 3.97044e-05, 5.04178e-06, 4.02088e-06, 4.25324e-06, 4.00851e-06, 5.71616e-06, 3.98035e-06, 3.74469e-05, 3.98032e-06, 3.98032e-06, 6.06878e-06
0.601298, 0, 0.000279663, 7.07809e-06, 1.41421, -0.000279663, 7.07809e-06, 7.09967e-06, 7.09778e-06, 2.67192e-05, 7.40873e-06, 7.22111e-06, 8.49879e-06, 2.54682e-05, 8.33471e-06, 6.45976e-05, 5.73359e-05, 1.5432e-05, 6.94556e-05, 8.9315e-06, 7.1489e-06, 7.46967e-06, 7.12918e-06, 9.52102e-06, 7.07813e-06, 5.1474e-05, 7.07809e-06, 7.07809e-06, 1.07247e-05
0.609181, 0, 0.000471125, 1.23368e-05, 1.41421, -0.000471125, 1.23368e-05, 1.23737e-05, 1.23705e-05, 4.5957e-05, 1.29028e-05, 1.25816e-05, 1.47686e-05, 4.38156e-05, 1.44878e-05, 0.000120248, 9.83641e-05, 2.66364e-05, 0.00011911, 1.55093e-05, 1.2458e-05, 1.28953e-05, 1.24277e-05, 1.57546e-05, 1.23369e-05, 7.19485e-05, 1.23368e-05, 1.23368e-05, 1.85788e-05
0.617064, 0, 0.000789238, 2.10783e-05, 1.41421, -0.000789238, 2.10783e-05, 2.11403e-05, 2.11348e-05, 7.75017e-05, 2.20281e-05, 2.14891e-05, 2.51595e-05, 7.3908e-05, 2.46882e-05, 0.000220426, 0.000165455, 4.50767e-05, 0.000200271, 2.64026e-05, 2.12817e-05, 2.18703e-05, 2.12368e-05, 2.58345e-05, 2.10784e-05, 0.000102188, 2.10783e-05, 2.10783e-05, 3.1554e-05
0.624947, 0, 0.00131087, 3.53075e-05, 1.41421, -0.00131087, 3.53075e-05, 3.54095e-05, 3.54006e-05, 0.000128162, 3.68706e-05, 3.59837e-05, 4.2024e-05, 0.000122248, 4.12483e-05, 0.000397841, 0.000272905, 7.48012e-05, 0.000330202, 4.40696e-05, 3.56423e-05, 3.64246e-05, 3.55789e-05, 4.18953e-05, 3.53077e-05, 0.000147152, 3.53075e-05, 3.53075e-05, 5.25472e-05
0.632829, 0, 0.00215432, 5.79907e-05, 1.41421, -0.00215432, 5.79907e-05, 5.81553e-05, 5.81409e-05, 0.000207856, 6.05135e-05, 5.9082e-05, 6.88309e-05, 0.000198311, 6.75789e-05, 0.000706865, 0.000441465, 0.000121732, 0.000533941, 7.21325e-05, 5.8531e-05, 5.95584e-05, 5.84468e-05, 6.70784e-05, 5.7991e-05, 0.000214116, 5.79907e-05, 5.79907e-05, 8.58151e-05
0.640712, 0, 0.00349839, 9.3405e-05, 1.41421, -0.00349839, 9.3405e-05, 9.36656e-05, 9.36428e-05, 0.000330659, 9.73989e-05, 9.51326e-05, 0.000110566, 0.000315547, 0.000108584, 0.00123609, 0.000700488, 0.000194315, 0.000846889, 0.000115793, 9.42604e-05, 9.55946e-05, 9.41576e-05, 0.000105897, 9.34055e-05, 0.000313537, 9.3405e-05, 9.3405e-05, 0.000137454
0.648595, 0, 0.00560852, 0.000147557, 1.41421, -0.00560852, 0.000147557, 0.000147962, 0.000147926, 0.00051603, 0.00015376, 0.00015024, 0.00017421, 0.000492561, 0.000171131, 0.0021269, 0.0010904, 0.000304279, 0.00131778, 0.000182327, 0.000148885, 0.000150602, 0.000148776, 0.000164677, 0.000147558, 0.000460124, 0.000147557, 0.000147557, 0.00021597
0.656478, 0, 0.00887181, 0.000228662, 1.41421, -0.00887181, 0.000228662, 0.000229279, 0.000229225, 0.000790171, 0.000238115, 0.000232751, 0.000269278, 0.000754407, 0.000264587, 0.00360017, 0.00166545, 0.000467487, 0.00201194, 0.000281648, 0.000230687, 0.000232879, 0.000230603, 0.000252061, 0.000228664, 0.000674091, 0.000228662, 0.000228662, 0.000332916
0.664361, 0, 0.0138424, 0.000347651, 1.41421, -0.0138424, 0.000347651, 0.000348574, 0.000348493, 0.00118738, 0.000361787, 0.000353766, 0.000408391, 0.00113389, 0.000401376, 0.00599338, 0.00249633, 0.00070481, 0.00301451, 0.000426889, 0.000350679, 0.00035347, 0.000350684, 0.000379545, 0.000347653, 0.000982616, 0.000347651, 0.000347651, 0.000503562
0.672243, 0, 0.0212986, 0.000518651, 1.41421, -0.0212986, 0.000518651, 0.000520005, 0.000519886, 0.00175127, 0.000539401, 0.000527627, 0.00060781, 0.00167276, 0.000597513, 0.00981036, 0.00367265, 0.00104292, 0.00443328, 0.000634962, 0.000523096, 0.000526649, 0.00052331, 0.000561994, 0.000518654, 0.00142135, 0.000518651, 0.000518651, 0.000747512
0.680126, 0, 0.0323127, 0.000759387, 1.41421, -0.0323127, 0.000759387, 0.000761338, 0.000761167, 0.00253567, 0.000789288, 0.000772321, 0.000887871, 0.00242254, 0.000873032, 0.0157856, 0.0053045, 0.00151489, 0.00640062, 0.000926996, 0.000765793, 0.000770345, 0.00076642, 0.000818089, 0.000759391, 0.00203598, 0.000759387, 0.000759387, 0.0010892
0.688009, 0, 0.048332, 0.00109141, 1.41421, -0.048332, 0.00109141, 0.00109417, 0.00109393, 0.00360491, 0.00113372, 0.00110971, 0.00127322, 0.00344482, 0.00125222, 0.0249637, 0.00752287, 0.00216047, 0.00907395, 0.00132858, 0.00110048, 0.00110637, 0.00110185, 0.00117058, 0.00109142, 0.00288369, 0.00109141, 0.00109141, 0.00155812
0.695892, 0, 0.0712682, 0.00154005, 1.41421, -0.0712682, 0.00154005, 0.00154388, 0.00154355, 0.00503325, 0.00159885, 0.00156548, 0.00179272, 0.00481076, 0.00176354, 0.0387916, 0.0104783, 0.0030258, 0.012634, 0.00186965, 0.00155265, 0.00156039, 0.00155528, 0.00164627, 0.00154005, 0.00403438, 0.00154005, 0.00154005, 0.00218869
0.703775, 0, 0.103589, 0.00213395, 1.41421, -0.103589, 0.00213395, 0.00213918, 0.00213873, 0.00690311, 0.00221423, 0.00216867, 0.00247891, 0.00659935, 0.00243907, 0.0592196, 0.014337, 0.0041624, 0.0172801, 0.00258392, 0.00215116, 0.00216152, 0.00215582, 0.00227556, 0.00213396, 0.0055717, 0.00213395, 0.00213395, 0.00301957
0.711657, 0, 0.148402, 0.00290426, 1.41421, -0.148402, 0.00290426, 0.00291129, 0.00291067, 0.00930227, 0.00301196, 0.00295085, 0.00336705, 0.00889477, 0.0033136, 0.088802, 0.019275, 0.00562551, 0.0232234, 0.00350789, 0.00292737, 0.00294146, 0.00293518, 0.00309164, 0.00290427, 0.00759385, 0.00290426, 0.00290426, 0.00409246
0.71954, 0, 0.209517, 0.00388319, 1.41421, -0.209517, 0.00388319, 0.00389246, 0.00389165, 0.0123194, 0.00402521, 0.00394462, 0.00449341, 0.0117821, 0.00442293, 0.130782, 0.0254688, 0.00747133, 0.0306753, 0.00467906, 0.00391369, 0.00393314, 0.00392622, 0.00412896, 0.00388321, 0.0102143, 0.00388319, 0.00388319, 0.0054501
0.727423, 0, 0.291465, 0.00510211, 1.41421, -0.291465, 0.00510211, 0.00511412, 0.00511307, 0.0160383, 0.00528621, 0.00518174, 0.00589315, 0.0153417, 0.00580179, 0.189138, 0.0330841, 0.00975356, 0.0398339, 0.00613372, 0.00514169, 0.00516882, 0.00516106, 0.00542122, 0.00510213, 0.0135626, 0.00510211, 0.00510211, 0.00713371
0.735306, 2, 0.399458, 0.0065892, 2, 1.60054, 0.0065892, 0.00660452, 0.00660318, 0.0205316, 0.00682391, 0.00669073, 0.00759769, 0.0196435, 0.00748122, 0.268581, 0.0422625, 0.0125193, 0.0508682, 0.00790419, 0.00663975, 0.0066778, 0.00666881, 0.00699894, 0.00658924, 0.0177866, 0.0065892, 0.0065892, 0.00917991
0.743189, 2, 0.539262, 0.00836692, 2, 1.46074, 0.00836692, 0.00838613, 0.00838445, 0.0258533, 0.00866129, 0.00849426, 0.00963176, 0.0247396, 0.00948568, 0.374455, 0.0531072, 0.0158044, 0.0639013, 0.0100158, 0.00843047, 0.00848385, 0.00847293, 0.0088866, 0.00836696, 0.0230552, 0.00836692, 0.00836692, 0.0116173
0.751072, 4, 0.716953, 0.0104491, 2.44949, 3.28305, 0.0104491, 0.0104728, 0.0104708, 0.0320319, 0.0108124, 0.0106063, 0.0120103, 0.0306573, 0.01183, 0.512525, 0.065669, 0.0196289, 0.0789931, 0.0124837, 0.0105278, 0.0106024, 0.0105885, 0.0110996, 0.0104492, 0.0295644, 0.0104491, 0.0104491, 0.014463
0.758954, 0, 0.938572, 0.0128387, 1.41421, -0.938572, 0.0128387, 0.0128675, 0.012865, 0.0390643, 0.0132802, 0.0130297, 0.0147357, 0.0373939, 0.0145166, 0.688651, 0.0799351, 0.0239932, 0.0961274, 0.0153101, 0.0129348, 0.0130383, 0.0130197, 0.0136416, 0.0128388, 0.0375455, 0.0128387, 0.0128387, 0.0177195
0.766837, 2, 1.20964, 0.0155257, 2, 0.790365, 0.0155257, 0.0155601, 0.0155571, 0.0469109, 0.016054, 0.0157542, 0.0177959, 0.0449119, 0.0175337, 0.908307, 0.0958197, 0.0288747, 0.115201, 0.0184817, 0.0156415, 0.0157835, 0.0157582, 0.0165021, 0.0155257, 0.0472773, 0.0155257, 0.0155257, 0.0213725
0.77472, 8, 1.53456, 0.0184858, 3.16228, 6.46544, 0.0184858, 0.0185265, 0.0185229, 0.0554945, 0.0191088, 0.0187553, 0.0211628, 0.0531373, 0.0208536, 1.17599, 0.113162, 0.0342266, 0.13602, 0.0219689, 0.0186237, 0.0188167, 0.0187821, 0.0196552, 0.0184859, 0.0591015, 0.0184858, 0.0184858, 0.0253898
0.782603, 2, 1.91597, 0.0216807, 2, 0.0840309, 0.0216807, 0.021728, 0.0217238, 0.0646999, 0.0224049, 0.021994, 0.0247924, 0.0619599, 0.0244331, 1.49453, 0.131727, 0.039978, 0.158304, 0.0257255, 0.0218432, 0.0221023, 0.0220558, 0.0230593, 0.0216808, 0.0734395, 0.0216807, 0.0216807, 0.0297215
0.790486, 2, 2.35406, 0.0250589, 2, -0.354061, 0.0250589, 0.025113, 0.0251083, 0.0743788, 0.0258891, 0.025418, 0.0286263, 0.0712375, 0.0282143, 1.86436, 0.151213, 0.046036, 0.181692, 0.0296898, 0.0252486, 0.0255925, 0.0255322, 0.026658, 0.025059, 0.0908101, 0.0250589, 0.0250589, 0.034302
0.798368, 2, 2.84597, 0.028558, 2, -0.845972, 0.028558, 0.0286193, 0.0286139, 0.0843565, 0.0294973, 0.0289643, 0.032594, 0.0808025, 0.0321279, 2.28288, 0.171271, 0.0522906, 0.205766, 0.0337878, 0.0287782, 0.0292296, 0.0291557, 0.0303825, 0.0285581, 0.111844, 0.028558, 0.028558, 0.0390538
0.806251, 4, 3.38529, 0.0321082, 2.44949, 0.614707, 0.0321082, 0.0321766, 0.0321706, 0.0944407, 0.0331575, 0.0325621, 0.0366169, 0.0904706, 0.0360961, 2.74389, 0.191516, 0.0586199, 0.230068, 0.0379364, 0.0323627, 0.0329492, 0.032867, 0.0341552, 0.0321083, 0.13729, 0.0321082, 0.0321082, 0.0438921
0.814134, 2, 3.96188, 0.0356364, 2, -1.96188, 0.0356364, 0.035712, 0.0357054, 0.104434, 0.0367945, 0.0361374, 0.0406127, 0.100052, 0.040038, 3.23736, 0.211554, 0.0648977, 0.254127, 0.0420487, 0.0359305, 0.0366856, 0.0366093, 0.0378947, 0.0356365, 0.168008, 0.0356364, 0.0356364, 0.0487315
0.822017, 2, 4.56192, 0.0390709, 2, -2.56192, 0.0390709, 0.0391534, 0.0391461, 0.114143, 0.0403346, 0.0396175, 0.044501, 0.109361, 0.0438739, 3.74945, 0.231003, 0.0710009, 0.277488, 0.0460388, 0.0394114, 0.0403762, 0.0403363, 0.0415202, 0.039071, 0.204943, 0.0390709, 0.0390709, 0.0534924
0.8299, 6, 5.16839, 0.0423457, 2.82843, 0.831613, 0.0423457, 0.0424348, 0.042427, 0.123392, 0.0437101, 0.0429359, 0.0482081, 0.11823, 0.047531, 4.26297, 0.249516, 0.076817, 0.299738, 0.0498274, 0.0427423, 0.0439671, 0.0440208, 0.0449573, 0.0423459, 0.249081, 0.0423457, 0.0423457, 0.058108
0.837783, 6, 5.76189, 0.045405, 2.82843, 0.238114, 0.045405, 0.0455002, 0.0454919, 0.132034, 0.0468633, 0.0460358, 0.0516711, 0.126516, 0.0509474, 4.7582, 0.266797, 0.0822505, 0.320525, 0.0533459, 0.0458708, 0.0474177, 0.0476642, 0.0481426, 0.0454052, 0.301371, 0.045405, 0.045405, 0.0625311
0.845665, 2, 6.32178, 0.048206, 2, -4.32178, 0.048206, 0.0483068, 0.0482979, 0.139952, 0.0497504, 0.0488741, 0.0548422, 0.134108, 0.0540758, 5.21414, 0.282618, 0.087228, 0.339578, 0.0565406, 0.0487589, 0.0507048, 0.0513076, 0.0510274, 0.0482062, 0.362632, 0.048206, 0.048206, 0.0667392
0.853548, 6, 6.82755, 0.0507211, 2.82843, -0.827555, 0.0507211, 0.0508269, 0.0508176, 0.14707, 0.052343, 0.0514227, 0.0576903, 0.140934, 0.0568854, 5.60993, 0.296824, 0.091701, 0.356713, 0.0593746, 0.0513851, 0.053825, 0.0550416, 0.0535803, 0.0507213, 0.433431, 0.0507211, 0.0507211, 0.0707401
0.861431, 2, 7.26039, 0.0529389, 2, -5.26039, 0.0529389, 0.0530492, 0.0530396, 0.153352, 0.0546293, 0.0536701, 0.0602021, 0.146956, 0.0593632, 5.9265, 0.309339, 0.0956472, 0.371836, 0.0618293, 0.0537456, 0.0567961, 0.0590178, 0.0557887, 0.0529392, 0.513955, 0.0529389, 0.0529389, 0.0745754
0.869314, 8, 7.60451, 0.0548637, 3.16228, 0.395489, 0.0548637, 0.0549778, 0.0549678, 0.158797, 0.0566133, 0.0556205, 0.0623814, 0.152177, 0.0615132, 6.1481, 0.320158, 0.0990693, 0.384941, 0.0639036, 0.0558535, 0.0596557, 0.0634574, 0.0576577, 0.0548639, 0.603885, 0.0548637, 0.0548637, 0.0783243
0.877197, 10, 7.84845, 0.0565134, 3.4641, 2.15155, 0.0565133, 0.0566308, 0.0566205, 0.16344, 0.0583133, 0.057292, 0.0642477, 0.156629, 0.0633544, 6.26367, 0.32934, 0.101992, 0.396097, 0.0656126, 0.0577378, 0.0624596, 0.0686598, 0.0592091, 0.0565136, 0.702282, 0.0565134, 0.0565134, 0.0821068
0.885079, 4, 7.98594, 0.0579174, 2.44949, -3.98594, 0.0579174, 0.0580376, 0.0580271, 0.167342, 0.0597594, 0.0587142, 0.0658324, 0.160372, 0.0649182, 6.26777, 0.336999, 0.104459, 0.405434, 0.0669852, 0.0594399, 0.0652763, 0.0750061, 0.0604776, 0.0579176, 0.807514, 0.0579174, 0.0579174, 0.0860875
0.892962, 0, 8.01629, 0.0591135, 1.41421, -8.01629, 0.0591135, 0.0592359, 0.0592252, 0.170584, 0.06099, 0.0599252, 0.0671765, 0.163484, 0.0662453, 6.1611, 0.343283, 0.106525, 0.413129, 0.0680605, 0.0610115, 0.0681826, 0.0829581, 0.0615083, 0.0591137, 0.917234, 0.0591135, 0.0591135, 0.0904807
0.900845, 6, 7.94435, 0.0601442, 2.82843, -1.94435, 0.0601442, 0.0602685, 0.0602576, 0.17326, 0.0620484, 0.0609679, 0.0683262, 0.166055, 0.0673812, 5.95035, 0.34837, 0.108255, 0.419385, 0.068885, 0.0625099, 0.0712551, 0.0930494, 0.0623516, 0.0601445, 1.02842, 0.0601442, 0.0601442, 0.0955568
0.908728, 10, 7.77996, 0.0610538, 3.4641, 2.22004, 0.0610538, 0.0611795, 0.0611685, 0.175468, 0.0629798, 0.0618869, 0.0693297, 0.168181, 0.0683739, 5.64766, 0.352445, 0.109717, 0.424419, 0.0695086, 0.0639955, 0.0745637, 0.105866, 0.0630601, 0.061054, 1.13748, 0.0610538, 0.0610538, 0.101649
0.916611, 4, 7.53701, 0.0618852, 2.44949, -3.53701, 0.0618852, 0.062012, 0.0620009, 0.177306, 0.0638282, 0.0627257, 0.0702339, 0.169955, 0.0692697, 5.2695, 0.355692, 0.110977, 0.428447, 0.0699824, 0.0655279, 0.0781631, 0.122016, 0.0636848, 0.0618855, 1.24046, 0.0618852, 0.0618852, 0.109164
0.924494, 2, 7.23223, 0.0626779, 2, -5.23223, 0.0626779, 0.0628055, 0.0627944, 0.178865, 0.0646338, 0.0635239, 0.071082, 0.171465, 0.0701114, 4.83531, 0.358286, 0.112095, 0.431671, 0.0703558, 0.0671642, 0.0820857, 0.142087, 0.0642723, 0.0626782, 1.33324, 0.0626779, 0.0626779, 0.118586
0.932376, 6, 6.88388, 0.063466, 2.82843, -0.883883, 0.063466, 0.0635943, 0.0635831, 0.180225, 0.0654315, 0.0643163, 0.0719115, 0.172788, 0.0709361, 4.36594, 0.360385, 0.113127, 0.434276, 0.0706744, 0.0689544, 0.0863357, 0.166587, 0.064863, 0.0634663, 1.41186, 0.063466, 0.063466, 0.130483
0.940259, 8, 6.51039, 0.0642774, 3.16228, 1.48961, 0.0642773, 0.0644061, 0.0643948, 0.181456, 0.0662499, 0.0651306, 0.0727532, 0.173992, 0.0717743, 3.88209, 0.362124, 0.114117, 0.43642, 0.0709792, 0.0709435, 0.0908844, 0.195882, 0.0654891, 0.0642776, 1.47279, 0.0642774, 0.0642774, 0.145505
0.948142, 2, 6.12919, 0.0651331, 2, -4.12919, 0.065133, 0.0652622, 0.0652509, 0.182614, 0.0671108, 0.0659886, 0.0736308, 0.175131, 0.0726494, 3.40297, 0.363616, 0.115101, 0.438235, 0.0713057, 0.0731696, 0.0956699, 0.230125, 0.0661751, 0.0651334, 1.51321, 0.0651331, 0.0651331, 0.164375
0.956025, 10, 5.75577, 0.0660478, 3.4641, 4.24423, 0.0660477, 0.0661771, 0.0661658, 0.183742, 0.0680291, 0.0669048, 0.074561, 0.176246, 0.0735778, 2.94519, 0.364953, 0.116106, 0.439829, 0.0716835, 0.0756648, 0.100597, 0.269187, 0.0669374, 0.0660481, 1.53122, 0.0660478, 0.0660478, 0.187864
0.963908, 6, 5.40303, 0.06703, 2.82843, 0.596967, 0.0670299, 0.0671595, 0.0671482, 0.184873, 0.0690138, 0.0678882, 0.075554, 0.177367, 0.0745695, 2.52204, 0.366202, 0.117152, 0.441282, 0.0721371, 0.0784581, 0.105545, 0.312601, 0.0677854, 0.0670303, 1.52605, 0.06703, 0.06703, 0.216751
0.97179, 2, 5.08086, 0.0680832, 2, -3.08086, 0.068083, 0.0682128, 0.0682015, 0.186028, 0.0700687, 0.0689421, 0.0766145, 0.178515, 0.0756292, 2.14308, 0.367414, 0.118248, 0.442656, 0.0726863, 0.0815796, 0.11037, 0.359527, 0.068722, 0.0680835, 1.49808, 0.0680832, 0.0680832, 0.251776
0.979673, 6, 4.79606, 0.0692065, 2.82843, 1.20394, 0.0692062, 0.0693362, 0.0693248, 0.187219, 0.0711931, 0.0700659, 0.0777427, 0.179702, 0.0767568, 1.81419, 0.368625, 0.1194, 0.443994, 0.0733467, 0.0850683, 0.11492, 0.408746, 0.0697455, 0.0692068, 1.44884, 0.0692065, 0.0692065, 0.293562
0.987556, 0, 4.55246, 0.0703958, 1.41421, -4.55246, 0.0703953, 0.0705255, 0.0705141, 0.188453, 0.0723832, 0.0712555, 0.0789352, 0.180934, 0.077949, 1.53775, 0.369854, 0.120609, 0.445322, 0.0741317, 0.0889843, 0.119047, 0.458691, 0.0708502, 0.0703961, 1.38086, 0.0703958, 0.0703958, 0.342535
0.995439, 2, 4.35118, 0.0716447, 2, -2.35118, 0.071644, 0.0717744, 0.071763, 0.189731, 0.0736325, 0.0725046, 0.0801862, 0.182209, 0.0791997, 1.31317, 0.371115, 0.12187, 0.446658, 0.0750529, 0.0934285, 0.122612, 0.507517, 0.072028, 0.0716449, 1.29749, 0.0716447, 0.0716447, 0.398836
1.00332, 6, 4.19103, 0.0729453, 2.82843, 1.80897, 0.0729445, 0.0730751, 0.0730637, 0.19105, 0.0749335, 0.0738054, 0.0814882, 0.183527, 0.0805015, 1.13741, 0.372412, 0.123178, 0.448009, 0.0761224, 0.0985744, 0.125505, 0.553212, 0.0732692, 0.0729456, 1.20267, 0.0729453, 0.0729453, 0.462235
1.0112, 12, 4.06901, 0.0742892, 3.74166, 7.93099, 0.074288, 0.0744189, 0.0744076, 0.192405, 0.0762775, 0.0751493, 0.0828328, 0.184882, 0.0818461, 1.0057, 0.373744, 0.124527, 0.449377, 0.0773535, 0.104714, 0.127648, 0.593728, 0.0745634, 0.0742894, 1.10059, 0.0742892, 0.0742892, 0.532052
1.01909, 6, 3.98075, 0.0756673, 2.82843, 2.01925, 0.0756657, 0.0757971, 0.0757857, 0.19379, 0.0776558, 0.0765275, 0.0842115, 0.186267, 0.0832247, 0.912055, 0.375108, 0.125908, 0.450758, 0.078763, 0.112329, 0.129004, 0.62714, 0.0759003, 0.0756676, 0.995428, 0.0756673, 0.0756673, 0.607111
1.02697, 14, 3.92112, 0.077071, 4, 10.0789, 0.0770689, 0.0772008, 0.0771894, 0.195198, 0.0790596, 0.0779312, 0.0856155, 0.187674, 0.0846287, 0.849898, 0.376497, 0.127314, 0.452145, 0.080372, 0.122192, 0.129577, 0.651803, 0.0772695, 0.0770713, 0.891106, 0.077071, 0.077071, 0.685725
1.03485, 4, 3.88473, 0.0784919, 2.44949, 0.115266, 0.078489, 0.0786216, 0.0786103, 0.196621, 0.0804804, 0.0793521, 0.0870365, 0.189097, 0.0860497, 0.812488, 0.377905, 0.128736, 0.453526, 0.0822073, 0.13551, 0.129413, 0.666484, 0.0786614, 0.0784921, 0.791061, 0.0784919, 0.0784919, 0.765726
1.04274, 10, 3.86661, 0.0799219, 3.4641, 6.13339, 0.079918, 0.0800517, 0.0800403, 0.198053, 0.0819105, 0.0807821, 0.0884666, 0.190529, 0.0874798, 0.7933, 0.379324, 0.130166, 0.454891, 0.0843028, 0.154119, 0.128591, 0.670479, 0.080067, 0.0799221, 0.698105, 0.0799219, 0.0799219, 0.844542
1.05062, 6, 3.86274, 0.0813536, 2.82843, 2.13726, 0.0813484, 0.0814833, 0.081472, 0.199485, 0.0833422, 0.0822138, 0.0898984, 0.191961, 0.0889115, 0.786308, 0.380747, 0.131598, 0.456222, 0.0866998, 0.180733, 0.127219, 0.663662, 0.0814781, 0.0813538, 0.614337, 0.0813536, 0.0813536, 0.919326
1.0585, 4, 3.87079, 0.0827796, 2.44949, 0.129213, 0.0827729, 0.0829094, 0.082898, 0.200912, 0.0847682, 0.0836398, 0.0913245, 0.193388, 0.0903376, 0.786184, 0.382167, 0.133024, 0.457501, 0.0894472, 0.219261, 0.125422, 0.646503, 0.0828865, 0.0827799, 0.541128, 0.0827796, 0.0827796, 0.987119
1.06638, 8, 3.89077, 0.0841929, 3.16228, 4.10923, 0.0841841, 0.0843227, 0.0843113, 0.202325, 0.0861815, 0.0850531, 0.0927378, 0.194801, 0.0917509, 0.788426, 0.383575, 0.134438, 0.458706, 0.0926013, 0.275174, 0.123332, 0.620016, 0.0842848, 0.0841932, 0.479157, 0.0841929, 0.0841929, 1.04505
1.07427, 10, 3.92569, 0.0855863, 3.4641, 6.07431, 0.0855747, 0.0857161, 0.0857047, 0.203719, 0.087575, 0.0864465, 0.0941312, 0.196195, 0.0931443, 0.789436, 0.384965, 0.135831, 0.45981, 0.0962251, 0.355923, 0.121077, 0.585666, 0.0856653, 0.0855866, 0.428491, 0.0855863, 0.0855863, 1.09052
1.08215, 4, 3.98218, 0.0869524, 2.44949, 0.0178249, 0.0869373, 0.0870821, 0.0870708, 0.205085, 0.088941, 0.0878126, 0.0954973, 0.197561, 0.0945104, 0.786538, 0.386329, 0.137197, 0.460782, 0.100387, 0.47135, 0.118774, 0.545245, 0.0870202, 0.0869526, 0.388695, 0.0869524, 0.0869524, 1.12144
1.09003, 2, 4.07094, 0.088283, 2, -2.07094, 0.0882635, 0.0884128, 0.0884014, 0.206416, 0.0902716, 0.0891432, 0.0968279, 0.198892, 0.095841, 0.777962, 0.387658, 0.138528, 0.461588, 0.105158, 0.634063, 0.116523, 0.500716, 0.0883412, 0.0882833, 0.358948, 0.088283, 0.088283, 1.13634
1.09792, 4, 4.20705, 0.0895694, 2.44949, -0.207049, 0.0895443, 0.0896991, 0.0896878, 0.207702, 0.091558, 0.0904296, 0.0981143, 0.200178, 0.0971274, 0.762777, 0.388943, 0.139814, 0.46219, 0.110611, 0.859674, 0.1144, 0.454066, 0.0896192, 0.0895696, 0.338171, 0.0895694, 0.0895694, 1.13454
1.1058, 6, 4.40989, 0.0908014, 2.82843, 1.59011, 0.0907693, 0.0909312, 0.0909198, 0.208934, 0.0927901, 0.0916616, 0.0993463, 0.20141, 0.0983594, 0.740802, 0.390174, 0.141046, 0.462546, 0.116817, 1.16683, 0.112457, 0.407165, 0.0908441, 0.0908017, 0.325133, 0.0908014, 0.0908014, 1.11614
1.11368, 2, 4.7027, 0.0919679, 2, -2.7027, 0.091927, 0.0920977, 0.0920864, 0.210101, 0.0939566, 0.0928282, 0.100513, 0.202577, 0.099526, 0.712481, 0.39134, 0.142213, 0.462614, 0.123842, 1.57693, 0.110722, 0.361651, 0.0920043, 0.0919682, 0.318553, 0.0919679, 0.0919679, 1.08209
1.12156, 8, 5.11164, 0.0930561, 3.16228, 2.88836, 0.0930041, 0.0931859, 0.0931745, 0.211189, 0.0950447, 0.0939163, 0.101601, 0.203665, 0.100614, 0.678746, 0.392428, 0.143301, 0.462353, 0.131747, 2.11335, 0.109204, 0.318854, 0.093087, 0.0930564, 0.317168, 0.0930561, 0.0930561, 1.03403
1.12945, 8, 5.66429, 0.0940514, 3.16228, 2.33571, 0.0939857, 0.0941811, 0.0941698, 0.212184, 0.09604, 0.0949116, 0.102596, 0.20466, 0.101609, 0.640858, 0.393424, 0.144296, 0.461725, 0.140583, 2.80026, 0.10789, 0.279749, 0.0940776, 0.0940516, 0.319795, 0.0940514, 0.0940514, 0.974213
1.13733, 8, 6.38755, 0.0949375, 3.16228, 1.61245, 0.094855, 0.0950673, 0.0950559, 0.21307, 0.0969261, 0.0957977, 0.103482, 0.205546, 0.102496, 0.600263, 0.39431, 0.145183, 0.460702, 0.150388, 3.6608, 0.106755, 0.244954, 0.0949597, 0.0949378, 0.325358, 0.0949375, 0.0949375, 0.905316
1.14521, 12, 7.30505, 0.0956966, 3.74166, 4.69495, 0.0955933, 0.0958264, 0.095815, 0.21383, 0.0976853, 0.0965568, 0.104242, 0.206305, 0.103255, 0.558448, 0.395069, 0.145942, 0.459267, 0.161193, 4.71479, 0.105761, 0.214748, 0.0957153, 0.0956969, 0.332913, 0.0956966, 0.0956966, 0.830226
1.1531, 8, 8.43411, 0.0963093, 3.16228, -0.434108, 0.0961806, 0.0964391, 0.0964277, 0.214442, 0.098298, 0.0971696, 0.104854, 0.206918, 0.103867, 0.51682, 0.395681, 0.146554, 0.457423, 0.17301, 5.97594, 0.104866, 0.189126, 0.096325, 0.0963096, 0.341648, 0.0963093, 0.0963093, 0.751863
1.16098, 8, 9.78274, 0.0967551, 3.16228, -1.78274, 0.0965955, 0.0968849, 0.0968735, 0.214888, 0.0987437, 0.0976153, 0.1053, 0.207364, 0.104313, 0.476612, 0.396127, 0.147, 0.455192, 0.185843, 7.44909, 0.104021, 0.167848, 0.0967683, 0.0967554, 0.350876, 0.0967551, 0.0967551, 0.672975
1.16886, 6, 11.3466, 0.0970127, 2.82843, -5.34656, 0.0968155, 0.0971425, 0.0971311, 0.215146, 0.0990013, 0.0978729, 0.105558, 0.207621, 0.104571, 0.438817, 0.396385, 0.147258, 0.45263, 0.199684, 9.12723, 0.103178, 0.150514, 0.0970236, 0.097013, 0.360026, 0.0970127, 0.0970127, 0.596004
1.17674, 16, 13.1064, 0.0970609, 4.24264, 2.89358, 0.0968184, 0.0971907, 0.0971793, 0.215194, 0.0990495, 0.0979211, 0.105606, 0.20767, 0.104619, 0.40416, 0.396433, 0.147306, 0.449824, 0.21452, 10.9893, 0.102289, 0.136622, 0.09707, 0.0970612, 0.368623, 0.0970609, 0.0970609, 0.522967
1.18463, 28, 15.027, 0.0968794, 5.47723, 12.973, 0.0965825, 0.0970092, 0.0969978, 0.215012, 0.098868, 0.0977396, 0.105424, 0.207488, 0.104437, 0.373091, 0.396251, 0.147124, 0.446905, 0.230339, 12.9986, 0.101312, 0.125624, 0.0968869, 0.0968797, 0.376275, 0.0968794, 0.0968794, 0.455395
1.19251, 12, 17.0564, 0.0964497, 3.74166, -5.05639, 0.0960877, 0.0965795, 0.0965682, 0.214583, 0.0984384, 0.09731, 0.104995, 0.207058, 0.104008, 0.345801, 0.395822, 0.146695, 0.444048, 0.247138, 15.1028, 0.100206, 0.116973, 0.0964559, 0.09645, 0.382652, 0.0964497, 0.0964497, 0.394316
1.20039, 18, 19.128, 0.0957564, 4.47214, -1.12797, 0.0953166, 0.0958861, 0.0958748, 0.213889, 0.097745, 0.0966166, 0.104301, 0.206365, 0.103315, 0.322262, 0.395128, 0.146001, 0.441483, 0.264944, 17.2352, 0.0989384, 0.110156, 0.0957614, 0.0957566, 0.387482, 0.0957564, 0.0957564, 0.340279
1.20827, 18, 21.1629, 0.0947879, 4.47214, -3.16289, 0.0942558, 0.0949177, 0.0949063, 0.212921, 0.0967765, 0.0956481, 0.103333, 0.205397, 0.102346, 0.302275, 0.39416, 0.145033, 0.439498, 0.283834, 19.3171, 0.0974814, 0.104717, 0.094792, 0.0947882, 0.390534, 0.0947879, 0.0947879, 0.293411
1.21616, 16, 23.0751, 0.0935381, 4.24264, -7.0751, 0.0928968, 0.0936679, 0.0936565, 0.211671, 0.0955268, 0.0943983, 0.102083, 0.204147, 0.101097, 0.285514, 0.39291, 0.143783, 0.438441, 0.303987, 21.2632, 0.0958161, 0.100267, 0.0935415, 0.0935384, 0.391621, 0.0935381, 0.0935381, 0.253489
1.22404, 30, 24.7771, 0.0920071, 5.65685, 5.22288, 0.0912368, 0.0921368, 0.0921255, 0.21014, 0.0939957, 0.0928673, 0.100552, 0.202616, 0.0995668, 0.271581, 0.391378, 0.142252, 0.438729, 0.325743, 22.9865, 0.0939317, 0.0964893, 0.0920098, 0.0920073, 0.3906, 0.0920071, 0.0920071, 0.220028
1.23192, 26, 26.1865, 0.0902018, 5.2915, -0.186537, 0.08928, 0.0903315, 0.0903202, 0.208334, 0.0921904, 0.091062, 0.0987466, 0.20081, 0.0977628, 0.26005, 0.389573, 0.140447, 0.440844, 0.349709, 24.4051, 0.0918259, 0.0931364, 0.0902039, 0.090202, 0.387373, 0.0902018, 0.0902018, 0.192372
1.23981, 26, 27.2329, 0.088137, 5.2915, -1.23286, 0.0870376, 0.0882668, 0.0882554, 0.206269, 0.0901256, 0.0889972, 0.0966819, 0.198745, 0.0957002, 0.250497, 0.387507, 0.138382, 0.445339, 0.376917, 25.4483, 0.0895058, 0.0900257, 0.0881387, 0.0881373, 0.381897, 0.088137, 0.088137, 0.169772
1.24769, 34, 27.8636, 0.0858353, 6, 6.13636, 0.0845282, 0.0859651, 0.0859537, 0.203967, 0.0878239, 0.0866955, 0.0943801, 0.196443, 0.0934021, 0.24253, 0.385205, 0.13608, 0.45283, 0.409054, 26.0629, 0.0869872, 0.0870301, 0.0858367, 0.0858356, 0.374189, 0.0858353, 0.0858353, 0.151454
1.25557, 24, 28.0493, 0.083327, 5.09902, -4.04935, 0.081778, 0.0834568, 0.0834454, 0.201458, 0.0853156, 0.0841872, 0.0918718, 0.193934, 0.0908996, 0.235808, 0.382694, 0.133571, 0.463996, 0.448793, 26.2171, 0.0842951, 0.0840702, 0.0833281, 0.0833273, 0.364332, 0.083327, 0.083327, 0.136671
1.26345, 26, 27.7866, 0.0806497, 5.2915, -1.78656, 0.0788194, 0.0807794, 0.0807681, 0.19878, 0.0826383, 0.0815099, 0.0891944, 0.191256, 0.0882313, 0.230043, 0.380014, 0.130893, 0.47957, 0.50026, 25.9039, 0.081462, 0.0811041, 0.0806505, 0.0806499, 0.352481, 0.0806497, 0.0806497, 0.124743
1.27134, 26, 27.0992, 0.077847, 5.2915, -1.09919, 0.0756907, 0.0779768, 0.0779654, 0.195975, 0.0798356, 0.0787072, 0.0863916, 0.188451, 0.0854429, 0.22501, 0.377206, 0.128089, 0.500321, 0.569647, 25.141, 0.0785277, 0.0781202, 0.0778477, 0.0778473, 0.338857, 0.077847, 0.077847, 0.115079
1.27922, 20, 26.0374, 0.0749677, 4.69042, -6.03745, 0.0724343, 0.0750975, 0.0750861, 0.193092, 0.0769562, 0.0758279, 0.0835121, 0.185569, 0.0825855, 0.220537, 0.374318, 0.125208, 0.52705, 0.666023, 23.9694, 0.0755371, 0.0751292, 0.0749682, 0.074968, 0.323745, 0.0749677, 0.0749677, 0.107184
1.2871, 28, 24.6753, 0.0720641, 5.47723, 3.32475, 0.0690958, 0.0721939, 0.0721825, 0.190183, 0.0740525, 0.0729242, 0.0806081, 0.182661, 0.0797149, 0.216504, 0.371401, 0.122302, 0.56056, 0.802322, 22.4499, 0.0725397, 0.072158, 0.0720645, 0.0720644, 0.307482, 0.0720641, 0.0720641, 0.100661
1.29499, 28, 23.1061, 0.0691903, 5.47723, 4.89387, 0.0657216, 0.0693201, 0.0693087, 0.187301, 0.0711786, 0.0700504, 0.0777338, 0.17978, 0.07689, 0.212833, 0.368506, 0.119424, 0.601645, 0.996508, 20.6574, 0.0695868, 0.069244, 0.0691906, 0.0691906, 0.290446, 0.0691903, 0.0691903, 0.0952042
1.30287, 22, 21.4383, 0.0664005, 4.89898, 0.561705, 0.0623573, 0.0665302, 0.0665188, 0.184499, 0.0683885, 0.0672604, 0.0749431, 0.176979, 0.0741718, 0.209477, 0.365683, 0.116627, 0.651062, 1.27287, 18.6753, 0.0667304, 0.0664306, 0.0664007, 0.0664007, 0.27303, 0.0664005, 0.0664005, 0.090587
1.31075, 28, 19.7897, 0.0637472, 5.47723, 8.21034, 0.0590465, 0.0638769, 0.0638656, 0.181827, 0.065735, 0.0646071, 0.0722887, 0.174309, 0.0716219, 0.206416, 0.362981, 0.113964, 0.709509, 1.6633, 16.589, 0.0640213, 0.0637639, 0.0637474, 0.0637475, 0.255634, 0.0637472, 0.0637472, 0.086648
1.31863, 26, 18.2829, 0.06128, 5.2915, 7.71711, 0.0558283, 0.0614097, 0.0613984, 0.179332, 0.0632674, 0.0621397, 0.0698197, 0.171817, 0.0693017, 0.203644, 0.360441, 0.111482, 0.777609, 2.20846, 14.4798, 0.0615072, 0.0612891, 0.0612802, 0.0612803, 0.238634, 0.06128, 0.06128, 0.0832773
1.32652, 14, 17.0413, 0.0590441, 4, -3.04128, 0.0527369, 0.0591737, 0.0591624, 0.177056, 0.0610308, 0.0599035, 0.0675812, 0.169545, 0.0672724, 0.201167, 0.3581, 0.109225, 0.855884, 2.95852, 12.4204, 0.059232, 0.059049, 0.0590442, 0.0590444, 0.222372, 0.0590441, 0.0590441, 0.0804044
1.3344, 24, 16.1851, 0.0570792, 5.09902, 7.81488, 0.0497999, 0.0572088, 0.0571974, 0.175033, 0.0590649, 0.0579382, 0.0656126, 0.167529, 0.0655949, 0.198995, 0.355985, 0.10723, 0.944751, 3.9733, 10.4706, 0.0572341, 0.0570817, 0.0570793, 0.0570795, 0.207138, 0.0570792, 0.0570792, 0.077986
1.34228, 18, 15.8289, 0.0554192, 4.47214, 2.17114, 0.0470383, 0.0555487, 0.0555374, 0.173293, 0.0574037, 0.0562777, 0.0639476, 0.165798, 0.0643308, 0.197138, 0.354116, 0.10553, 1.0445, 5.32131, 8.67613, 0.0555467, 0.0554206, 0.0554193, 0.0554195, 0.193161, 0.0554192, 0.0554192, 0.0759977
1.35017, 22, 16.0781, 0.054092, 4.89898, 5.92187, 0.0444658, 0.0542213, 0.05421, 0.171856, 0.0560746, 0.0549497, 0.0626132, 0.164373, 0.0635441, 0.195604, 0.352503, 0.104148, 1.1553, 7.07758, 7.0674, 0.0541965, 0.0540926, 0.054092, 0.0540922, 0.180604, 0.054092, 0.054092, 0.0744264
1.35805, 20, 17.0268, 0.0531192, 4.69042, 2.97317, 0.0420892, 0.0532483, 0.053237, 0.170735, 0.0550994, 0.0539759, 0.061631, 0.16327, 0.0633042, 0.194397, 0.351146, 0.103104, 1.27718, 9.31986, 5.66052, 0.0532046, 0.0531195, 0.0531192, 0.0531194, 0.169562, 0.0531192, 0.0531192, 0.0732655
1.36593, 22, 18.7533, 0.0525171, 4.89898, 3.24674, 0.0399087, 0.052646, 0.0526347, 0.169938, 0.0544941, 0.0533725, 0.0610164, 0.162495, 0.0636891, 0.193516, 0.350036, 0.10241, 1.41007, 12.1232, 4.45887, 0.0525867, 0.0525172, 0.0525171, 0.0525173, 0.160068, 0.0525171, 0.0525171, 0.0725113
1.37381, 34, 21.3156, 0.0522969, 6, 12.6844, 0.0379184, 0.0524255, 0.0524143, 0.169465, 0.0542699, 0.0531506, 0.0607801, 0.16205, 0.0647905, 0.192958, 0.349158, 0.102075, 1.55378, 15.5528, 3.4556, 0.0523534, 0.052297, 0.0522969, 0.0522972, 0.152097, 0.0522969, 0.0522969, 0.0721605
1.3817, 28, 24.7462, 0.052466, 5.47723, 3.25384, 0.036108, 0.0525941, 0.052583, 0.169312, 0.0544337, 0.0533174, 0.0609286, 0.161934, 0.0667186, 0.192712, 0.348489, 0.102105, 1.70804, 19.656, 2.63618, 0.0525116, 0.052466, 0.052466, 0.0524662, 0.145584, 0.052466, 0.052466, 0.0722101
1.38958, 36, 29.0449, 0.0530285, 6.16441, 6.95507, 0.0344628, 0.0531562, 0.0531451, 0.169473, 0.0549897, 0.0538773, 0.0614654, 0.16214, 0.0696085, 0.192769, 0.348005, 0.102502, 1.87251, 24.4524, 1.98116, 0.0530653, 0.0530285, 0.0530285, 0.0530288, 0.140427, 0.0530285, 0.0530285, 0.0726563
1.39746, 50, 34.1735, 0.0539868, 7.2111, 15.8265, 0.0329657, 0.0541139, 0.0541029, 0.169938, 0.05594, 0.0548322, 0.0623922, 0.162661, 0.0736257, 0.193114, 0.347679, 0.103271, 2.0468, 29.9263, 1.46846, 0.0540163, 0.0539868, 0.0539868, 0.0539871, 0.136506, 0.0539868, 0.0539868, 0.0734953
1.40535, 58, 40.0493, 0.0553423, 7.74597, 17.9507, 0.031598, 0.0554687, 0.0554578, 0.170699, 0.0572858, 0.0561837, 0.0637096, 0.163489, 0.0789708, 0.193736, 0.347486, 0.104417, 2.2305, 36.0182, 1.07544, 0.0553658, 0.0553423, 0.0553423, 0.0553426, 0.13369, 0.0553423, 0.0553423, 0.0747236
1.41323, 42, 46.5419, 0.0570962, 6.63325, -4.54194, 0.0303403, 0.0572216, 0.0572109, 0.171749, 0.0590282, 0.0579328, 0.0654185, 0.164619, 0.0858822, 0.194627, 0.347409, 0.10595, 2.42323, 42.6195, 0.780372, 0.0571149, 0.0570962, 0.0570962, 0.0570964, 0.13185, 0.0570962, 0.0570962, 0.0763386
1.42111, 52, 53.4734, 0.0592505, 7.34847, -1.47342, 0.0291739, 0.059375, 0.0593644, 0.173086, 0.0611693, 0.0600816, 0.0675205, 0.166048, 0.0946361, 0.195781, 0.347434, 0.107883, 2.62466, 49.5725, 0.563446, 0.0592653, 0.0592505, 0.0592505, 0.0592508, 0.130867, 0.0592505, 0.0592505, 0.07834
1.42899, 56, 60.6214, 0.0618089, 7.61577, -4.62143, 0.0280809, 0.0619322, 0.0619218, 0.174711, 0.0637125, 0.0626336, 0.0700192, 0.167779, 0.105541, 0.1972, 0.347563, 0.11024, 2.83458, 56.672, 0.40739, 0.0618206, 0.0618089, 0.0618089, 0.0618092, 0.130636, 0.0618089, 0.0618089, 0.0807296
1.43688, 54, 67.7278, 0.0647769, 7.48331, -13.7278, 0.0270458, 0.0648989, 0.0648886, 0.176632, 0.0666634, 0.0655945, 0.0729202, 0.169819, 0.118925, 0.198892, 0.347807, 0.11305, 3.05298, 63.6741, 0.297682, 0.064786, 0.0647769, 0.0647769, 0.0647771, 0.13107, 0.0647769, 0.0647769, 0.0835124
1.44476, 44, 74.5112, 0.0681622, 6.78233, -30.5112, 0.0260549, 0.0682828, 0.0682727, 0.178865, 0.0700301, 0.068972, 0.0762319, 0.172182, 0.13512, 0.200874, 0.348192, 0.116351, 3.28017, 70.3087, 0.222513, 0.0681693, 0.0681622, 0.0681622, 0.0681625, 0.132105, 0.0681622, 0.0681622, 0.0866966
1.45264, 120, 80.6843, 0.0719756, 11.0454, 39.3157, 0.0250972, 0.0720946, 0.0720847, 0.181432, 0.0738231, 0.0727768, 0.0799655, 0.17489, 0.154434, 0.203169, 0.34876, 0.120191, 3.517, 76.2968, 0.172566, 0.0719811, 0.0719756, 0.0719756, 0.0719758, 0.133698, 0.0719756, 0.0719756, 0.0902942
1.46052, 84, 85.9728, 0.0762301, 9.27362, -1.97276, 0.0241642, 0.0763475, 0.0763378, 0.184362, 0.0780561, 0.0770224, 0.0841353, 0.17797, 0.177122, 0.20581, 0.349565, 0.124627, 3.76518, 81.3688, 0.140698, 0.0762343, 0.0762301, 0.0762301, 0.0762303, 0.135824, 0.0762301, 0.0762301, 0.0943208
1.46841, 84, 90.1353, 0.0809418, 9.27362, -6.13531, 0.0232499, 0.0810574, 0.081048, 0.18769, 0.0827453, 0.0817247, 0.0887585, 0.181455, 0.203343, 0.208837, 0.350676, 0.129723, 4.02782, 85.2857, 0.121577, 0.0809451, 0.0809418, 0.0809418, 0.080942, 0.138477, 0.0809418, 0.0809418, 0.0987952
1.47629, 90, 92.9837, 0.0861296, 9.59166, -2.9837, 0.0223503, 0.0862435, 0.0862343, 0.191459, 0.08791, 0.0869028, 0.0938555, 0.185384, 0.233125, 0.212298, 0.35217, 0.135552, 4.31031, 87.8575, 0.11132, 0.0861321, 0.0861296, 0.0861296, 0.0861298, 0.141666, 0.0861296, 0.0861296, 0.10374
1.48417, 84, 94.3985, 0.0918154, 9.27362, -10.3985, 0.021463, 0.0919274, 0.0919185, 0.195715, 0.0935726, 0.0925789, 0.0994498, 0.189801, 0.266331, 0.216243, 0.354133, 0.14219, 4.6216, 88.9585, 0.107175, 0.0918172, 0.0918154, 0.0918154, 0.0918156, 0.145412, 0.0918154, 0.0918154, 0.109182
1.49206, 96, 94.3412, 0.0980241, 9.8995, 1.65878, 0.0205873, 0.0981344, 0.0981257, 0.200507, 0.0997582, 0.0987779, 0.105568, 0.194754, 0.302623, 0.220727, 0.356654, 0.149722, 4.97622, 88.5379, 0.107236, 0.0980255, 0.0980241, 0.0980241, 0.0980243, 0.149748, 0.0980241, 0.0980241, 0.115148
1.49994, 92, 92.8607, 0.104784, 9.69536, -0.860664, 0.0197231, 0.104892, 0.104884, 0.205888, 0.106495, 0.105528, 0.112239, 0.200291, 0.341449, 0.225809, 0.359825, 0.15823, 5.39712, 86.6232, 0.110219, 0.104785, 0.104784, 0.104784, 0.104784, 0.154712, 0.104784, 0.104784, 0.121673
1.50782, 104, 90.094, 0.112126, 10.2956, 13.906, 0.018871, 0.112233, 0.112225, 0.211912, 0.113817, 0.112862, 0.119498, 0.206464, 0.382045, 0.231546, 0.363735, 0.167801, 5.91979, 83.3176, 0.11528, 0.112127, 0.112126, 0.112126, 0.112127, 0.160346, 0.112126, 0.112126, 0.12879
1.5157, 86, 86.2633, 0.120087, 9.38083, -0.263275, 0.0180317, 0.120192, 0.120184, 0.218632, 0.121757, 0.120814, 0.127379, 0.213325, 0.423447, 0.237997, 0.368468, 0.17852, 6.59778, 78.791, 0.121888, 0.120087, 0.120087, 0.120087, 0.120087, 0.166699, 0.120087, 0.120087, 0.136539
1.52359, 86, 81.6678, 0.128704, 9.38083, 4.33215, 0.0172062, 0.128808, 0.1288, 0.226103, 0.130356, 0.129424, 0.135923, 0.220925, 0.464543, 0.245219, 0.374103, 0.19047, 7.5101, 73.2651, 0.129716, 0.128705, 0.128704, 0.128704, 0.128704, 0.17382, 0.128704, 0.128704, 0.144961
1.53147, 82, 76.676, 0.138022, 9.16515, 5.32399, 0.0163948, 0.138124, 0.138117, 0.234377, 0.139656, 0.138734, 0.145173, 0.229318, 0.504126, 0.253266, 0.380709, 0.20373, 8.7705, 66.9961, 0.138581, 0.138022, 0.138022, 0.138022, 0.138022, 0.181759, 0.138022, 0.138022, 0.154101
1.53935, 72, 71.7168, 0.148086, 8.60233, 0.283173, 0.0155982, 0.148188, 0.14818, 0.243507, 0.149706, 0.148792, 0.155178, 0.238554, 0.540977, 0.262193, 0.388348, 0.218377, 10.5387, 60.2545, 0.14839, 0.148087, 0.148086, 0.148086, 0.148086, 0.190568, 0.148086, 0.148086, 0.164006
1.54724, 68, 67.2741, 0.158949, 8.3666, 0.725883, 0.0148164, 0.159049, 0.159042, 0.253544, 0.160555, 0.159649, 0.165988, 0.248685, 0.573948, 0.272052, 0.397074, 0.234482, 13.0333, 53.3068, 0.159112, 0.158949, 0.158949, 0.158949, 0.158949, 0.200298, 0.158949, 0.158949, 0.174728
1.55512, 60, 63.8837, 0.170664, 7.87401, -3.88369, 0.0140497, 0.170764, 0.170757, 0.264539, 0.172258, 0.17136, 0.177658, 0.259763, 0.602056, 0.282891, 0.406935, 0.25211, 16.5458, 46.3987, 0.17075, 0.170664, 0.170664, 0.170664, 0.170664, 0.211002, 0.170664, 0.170664, 0.186321
1.563, 80, 62.134, 0.18329, 9.05539, 17.866, 0.0132983, 0.183389, 0.183382, 0.276542, 0.184874, 0.183981, 0.190244, 0.271839, 0.624558, 0.294759, 0.417971, 0.271323, 21.4536, 39.742, 0.183335, 0.18329, 0.18329, 0.18329, 0.18329, 0.222733, 0.18329, 0.18329, 0.198841
1.57088, 96, 62.6686, 0.196887, 9.8995, 33.3314, 0.0125623, 0.196985, 0.196978, 0.289601, 0.198462, 0.197574, 0.203806, 0.284962, 0.641016, 0.307702, 0.430216, 0.292178, 28.2316, 33.506, 0.196909, 0.196887, 0.196887, 0.196887, 0.196887, 0.23554, 0.196887, 0.196887, 0.212346
1.57877, 66, 66.1886, 0.211516, 8.24621, -0.188553, 0.0118424, 0.211614, 0.211607, 0.303764, 0.213084, 0.212201, 0.218406, 0.299183, 0.651341, 0.321764, 0.443705, 0.314725, 37.4582, 27.8138, 0.211528, 0.211516, 0.211516, 0.211516, 0.211517, 0.249477, 0.211516, 0.211516, 0.226896
1.58665, 60, 73.4509, 0.227242, 7.87401, -13.4509, 0.0111394, 0.227339, 0.227332, 0.319076, 0.228803, 0.227924, 0.234105, 0.314552, 0.655799, 0.336987, 0.458467, 0.33901, 49.8136, 22.7421, 0.227248, 0.227242, 0.227242, 0.227242, 0.227242, 0.264593, 0.227242, 0.227242, 0.242552
1.59453, 82, 85.2596, 0.244127, 9.16515, -3.25957, 0.0104545, 0.244224, 0.244217, 0.335583, 0.245682, 0.244806, 0.250966, 0.331117, 0.654996, 0.353413, 0.474531, 0.365075, 66.067, 18.3254, 0.24413, 0.244127, 0.244127, 0.244127, 0.244127, 0.280938, 0.244127, 0.244127, 0.259372
1.60242, 104, 102.444, 0.262234, 10.2956, 1.55593, 0.00978928, 0.26233, 0.262323, 0.353325, 0.263783, 0.26291, 0.269049, 0.348925, 0.649832, 0.371078, 0.491929, 0.392957, 87.0491, 14.5618, 0.262235, 0.262234, 0.262234, 0.262234, 0.262234, 0.29856, 0.262234, 0.262234, 0.277417
1.6103, 114, 125.824, 0.281623, 10.7703, -11.8237, 0.00914541, 0.281718, 0.281712, 0.372344, 0.283166, 0.282297, 0.288415, 0.368026, 0.641434, 0.390017, 0.510696, 0.422688, 113.609, 11.4211, 0.281623, 0.281623, 0.281623, 0.281623, 0.281623, 0.317504, 0.281623, 0.281623, 0.296744
1.61818, 154, 156.151, 0.302351, 12.49, -2.1514, 0.00852491, 0.302446, 0.30244, 0.392673, 0.303887, 0.303022, 0.309117, 0.388465, 0.631072, 0.410261, 0.530867, 0.454296, 146.548, 8.85249, 0.302351, 0.302351, 0.302351, 0.302351, 0.302351, 0.337812, 0.302351, 0.302351, 0.317405
1.62606, 218, 194.048, 0.324473, 14.8324, 23.9517, 0.00792974, 0.324567, 0.324561, 0.414347, 0.326002, 0.325141, 0.331211, 0.410289, 0.62007, 0.431838, 0.552489, 0.487805, 186.551, 6.79262, 0.324473, 0.324473, 0.324473, 0.324473, 0.324473, 0.359525, 0.324473, 0.324473, 0.339451
1.63395, 256, 239.916, 0.348037, 16.0624, 16.0844, 0.00736184, 0.348131, 0.348124, 0.437393, 0.349557, 0.348701, 0.354742, 0.433548, 0.609725, 0.45477, 0.575615, 0.523234, 234.087, 5.17226, 0.348037, 0.348037, 0.348037, 0.348037, 0.348037, 0.382678, 0.348037, 0.348037, 0.362927
1.64183, 272, 293.846, 0.373085, 16.5529, -21.8459, 0.00682294, 0.373178, 0.373172, 0.461833, 0.374595, 0.373745, 0.379751, 0.458294, 0.601226, 0.479074, 0.600306, 0.560594, 289.316, 3.92178, 0.373085, 0.373085, 0.373085, 0.373085, 0.373085, 0.407301, 0.373085, 0.373085, 0.387872
1.64971, 360, 355.536, 0.399649, 19.0263, 4.4639, 0.00631447, 0.399742, 0.399736, 0.487685, 0.401149, 0.400305, 0.40627, 0.484583, 0.595597, 0.504762, 0.626639, 0.599891, 352.002, 2.97517, 0.399649, 0.399649, 0.399649, 0.399649, 0.39965, 0.433415, 0.399649, 0.399649, 0.414316
1.6576, 416, 424.212, 0.427754, 20.445, -8.21243, 0.00583749, 0.427845, 0.427839, 0.514959, 0.429239, 0.428404, 0.434321, 0.512479, 0.593655, 0.531838, 0.6547, 0.641122, 421.429, 2.27272, 0.427754, 0.427754, 0.427754, 0.427754, 0.427754, 0.461035, 0.427754, 0.427754, 0.442278
1.66548, 442, 498.585, 0.457407, 21.0713, -56.5853, 0.00539263, 0.457497, 0.457491, 0.543655, 0.458877, 0.45805, 0.463913, 0.542058, 0.595995, 0.560297, 0.684591, 0.684278, 496.358, 1.7624, 0.457407, 0.457407, 0.457407, 0.457407, 0.457407, 0.490163, 0.457407, 0.457407, 0.471766
1.67336, 582, 576.835, 0.488599, 24.1661, 5.16516, 0.00498008, 0.488688, 0.488682, 0.573764, 0.490051, 0.489235, 0.495035, 0.57341, 0.60298, 0.590122, 0.716424, 0.729326, 575.014, 1.40043, 0.488599, 0.488599, 0.488599, 0.488599, 0.488599, 0.520787, 0.488599, 0.488599, 0.502769
1.68124, 612, 656.66, 0.521303, 24.779, -44.6595, 0.00459953, 0.52139, 0.521384, 0.605262, 0.522735, 0.52193, 0.52766, 0.606646, 0.614763, 0.621286, 0.750322, 0.776228, 655.129, 1.15092, 0.521303, 0.521303, 0.521303, 0.521303, 0.521303, 0.552875, 0.521303, 0.521303, 0.53526
1.68913, 716, 735.353, 0.555462, 26.7955, -19.3534, 0.00425026, 0.555548, 0.555543, 0.638109, 0.556874, 0.556081, 0.561734, 0.641903, 0.631302, 0.653739, 0.786415, 0.82492, 734.027, 0.985267, 0.555462, 0.555462, 0.555462, 0.555462, 0.555462, 0.586375, 0.555462, 0.555462, 0.569185
1.69701, 748, 809.951, 0.590994, 27.3861, -61.9507, 0.00393113, 0.591078, 0.591073, 0.672243, 0.592383, 0.591604, 0.597174, 0.679354, 0.6524, 0.687415, 0.824831, 0.875322, 808.763, 0.881168, 0.590994, 0.590994, 0.590994, 0.590994, 0.590994, 0.621207, 0.590994, 0.590994, 0.604461
1.70489, 870, 877.402, 0.627781, 29.5296, -7.40186, 0.00364069, 0.627863, 0.627858, 0.707579, 0.629145, 0.62838, 0.633863, 0.719224, 0.677729, 0.722219, 0.86569, 0.927331, 876.304, 0.821595, 0.627781, 0.627781, 0.627781, 0.627781, 0.627781, 0.657261, 0.627781, 0.627781, 0.640975
1.71277, 952, 934.78, 0.665667, 30.8869, 17.2205, 0.00337717, 0.665748, 0.665743, 0.744004, 0.667008, 0.666256, 0.671649, 0.761806, 0.706868, 0.758031, 0.909096, 0.980827, 933.735, 0.793777, 0.665667, 0.665667, 0.665667, 0.665667, 0.665667, 0.69439, 0.665667, 0.665667, 0.678578
1.72066, 996, 979.487, 0.70446, 31.5911, 16.5129, 0.00313858, 0.704539, 0.704535, 0.78137, 0.705777, 0.705039, 0.710343, 0.807486, 0.739328, 0.794696, 0.955131, 1.03568, 978.468, 0.78828, 0.70446, 0.70446, 0.70446, 0.70446, 0.70446, 0.732414, 0.70446, 0.70446, 0.71708
1.72854, 926, 1009.46, 0.743929, 30.4631, -83.4603, 0.00292278, 0.744007, 0.744002, 0.819502, 0.745223, 0.744498, 0.749715, 0.856784, 0.774576, 0.832027, 1.00384, 1.09178, 1008.44, 0.798224, 0.743929, 0.743929, 0.743929, 0.743929, 0.743929, 0.771115, 0.743929, 0.743929, 0.756257
1.73642, 1018, 1023.32, 0.783808, 31.9374, -5.32465, 0.00272751, 0.783884, 0.78388, 0.858191, 0.785082, 0.784368, 0.789503, 0.910394, 0.812053, 0.869807, 1.05524, 1.14905, 1022.29, 0.818631, 0.783808, 0.783808, 0.783808, 0.783808, 0.783808, 0.810242, 0.783808, 0.783808, 0.795852
1.74431, 1032, 1020.5, 0.823804, 32.1559, 11.4957, 0.00255047, 0.82388, 0.823875, 0.897203, 0.825061, 0.824356, 0.829418, 0.969258, 0.851196, 0.907793, 1.10929, 1.20753, 1019.44, 0.845918, 0.823804, 0.823804, 0.823804, 0.823804, 0.823804, 0.849516, 0.823804, 0.823804, 0.835577
1.75219, 1020, 1001.26, 0.863606, 31.9687, 18.7385, 0.00238936, 0.863681, 0.863676, 0.936283, 0.864849, 0.864152, 0.86915, 1.03462, 0.89144, 0.94572, 1.16593, 1.26745, 1000.14, 0.87751, 0.863606, 0.863606, 0.863606, 0.863606, 0.863606, 0.88864, 0.863606, 0.863606, 0.875129
1.76007, 960, 966.668, 0.902897, 31.0161, -6.66809, 0.00224193, 0.902972, 0.902967, 0.975163, 0.904132, 0.903439, 0.908387, 1.10813, 0.932239, 0.983316, 1.22505, 1.32933, 965.48, 0.911551, 0.902897, 0.902897, 0.902897, 0.902897, 0.902897, 0.927312, 0.902897, 0.902897, 0.914196
1.76795, 860, 918.511, 0.941375, 29.3598, -58.5106, 0.00210602, 0.941451, 0.941445, 1.01358, 0.942607, 0.941915, 0.946829, 1.19191, 0.973076, 1.02031, 1.28652, 1.39422, 917.232, 0.946707, 0.941375, 0.941375, 0.941375, 0.941375, 0.941375, 0.965239, 0.941375, 0.941375, 0.952483
1.77584, 866, 859.142, 0.978767, 29.4618, 6.85773, 0.00197963, 0.978844, 0.978838, 1.05131, 0.980002, 0.979307, 0.984205, 1.28865, 1.01347, 1.05647, 1.3502, 1.46389, 857.746, 0.982018, 0.978767, 0.978767, 0.978767, 0.978767, 0.978767, 1.00216, 0.978767, 0.978767, 0.989719
1.78372, 854, 791.291, 1.01485, 29.2575, 62.7094, 0.00186092, 1.01493, 1.01493, 1.08812, 1.0161, 1.0154, 1.02029, 1.40165, 1.05301, 1.09159, 1.41596, 1.54122, 789.745, 1.01681, 1.01485, 1.01485, 1.01485, 1.01485, 1.01485, 1.03786, 1.01485, 1.01485, 1.02569
1.7916, 728, 717.859, 1.04948, 27.0185, 10.1414, 0.00174826, 1.04956, 1.04956, 1.12388, 1.05074, 1.05003, 1.05495, 1.53487, 1.09135, 1.12552, 1.48368, 1.63058, 716.124, 1.05065, 1.04948, 1.04948, 1.04948, 1.04948, 1.04948, 1.07219, 1.04948, 1.04948, 1.06024
1.79949, 648, 641.718, 1.08259, 25.4951, 6.28217, 0.00164026, 1.08268, 1.08267, 1.15852, 1.08387, 1.08315, 1.0881, 1.69284, 1.12823, 1.1582, 1.55331, 1.73844, 639.742, 1.08328, 1.08259, 1.08259, 1.08259, 1.08259, 1.08259, 1.10509, 1.08259, 1.08259, 1.09331
1.80737, 602, 565.541, 1.11421, 24.5764, 36.459, 0.00153578, 1.1143, 1.11429, 1.19202, 1.11552, 1.11478, 1.11978, 1.88058, 1.16349, 1.18967, 1.62483, 1.87396, 563.26, 1.11461, 1.11421, 1.11421, 1.11421, 1.11421, 1.11421, 1.13658, 1.11421, 1.11421, 1.12493
1.81525, 536, 491.656, 1.14449, 23.1948, 44.3442, 0.00143397, 1.14458, 1.14457, 1.2245, 1.14582, 1.14506, 1.15014, 2.10339, 1.19709, 1.22003, 1.6983, 2.0498, 488.989, 1.14472, 1.14449, 1.14449, 1.14449, 1.14449, 1.14449, 1.16682, 1.14449, 1.14449, 1.15523
1.82313, 414, 421.953, 1.17365, 20.3961, -7.95282, 0.00133423, 1.17375, 1.17374, 1.25613, 1.17503, 1.17424, 1.1794, 2.36645, 1.22911, 1.24951, 1.77387, 2.28287, 418.796, 1.17378, 1.17365, 1.17365, 1.17365, 1.17365, 1.17365, 1.19602, 1.17365, 1.17365, 1.18446
1.83102, 408, 357.844, 1.20205, 20.2485, 50.1563, 0.00123625, 1.20215, 1.20214, 1.2872, 1.20347, 1.20266, 1.2079, 2.67445, 1.25975, 1.27843, 1.85175, 2.59517, 354.068, 1.20213, 1.20205, 1.20205, 1.20205, 1.20205, 1.20205, 1.22452, 1.20205, 1.20205, 1.21295
1.8389, 322, 300.254, 1.23011, 18, 21.7455, 0.00113993, 1.23021, 1.2302, 1.31807, 1.23156, 1.23073, 1.23607, 3.03102, 1.2893, 1.30717, 1.93222, 3.01444, 295.701, 1.23015, 1.23011, 1.23011, 1.23011, 1.23011, 1.23011, 1.25273, 1.23011, 1.23011, 1.24111
1.84678, 290, 249.667, 1.2583, 17.088, 40.3334, 0.00104544, 1.25841, 1.2584, 1.34913, 1.2598, 1.25894, 1.26438, 3.43815, 1.31818, 1.33621, 2.01561, 3.57458, 244.142, 1.25832, 1.2583, 1.2583, 1.2583, 1.2583, 1.2583, 1.28113, 1.2583, 1.2583, 1.26943
1.85467, 198, 206.176, 1.28715, 14.1421, -8.17625, 0.000953063, 1.28727, 1.28725, 1.38085, 1.28869, 1.28781, 1.29335, 3.89559, 1.34687, 1.36602, 2.10231, 4.3157, 199.449, 1.28716, 1.28715, 1.28715, 1.28715, 1.28715, 1.28715, 1.31023, 1.28715, 1.28715, 1.29841
1.86255, 172, 169.577, 1.31719, 13.1909, 2.42274, 0.000863263, 1.31731, 1.3173, 1.41369, 1.31878, 1.31786, 1.32351, 4.40026, 1.3759, 1.39714, 2.19268, 5.2835, 161.374, 1.3172, 1.31719, 1.31719, 1.31719, 1.31719, 1.31719, 1.34054, 1.31719, 1.31719, 1.32859
1.87043, 180, 139.441, 1.34894, 13.4907, 40.5592, 0.000776565, 1.34906, 1.34904, 1.44812, 1.35056, 1.34962, 1.35537, 4.94592, 1.40583, 1.43008, 2.28712, 6.52789, 129.445, 1.34894, 1.34894, 1.34894, 1.34894, 1.34894, 1.34894, 1.37259, 1.34894, 1.34894, 1.36046
1.87831, 102, 115.197, 1.38286, 10.198, -13.1966, 0.000693537, 1.38299, 1.38297, 1.48456, 1.38452, 1.38356, 1.3894, 5.52284, 1.43722, 1.4653, 2.38597, 8.10065, 103.052, 1.38286, 1.38286, 1.38286, 1.38286, 1.38286, 1.38286, 1.40682, 1.38286, 1.38286, 1.39451
1.8862, 126, 96.1982, 1.41937, 11.3137, 29.8018, 0.000614729, 1.41951, 1.41949, 1.52338, 1.42107, 1.42008, 1.42601, 6.11796, 1.47059, 1.50324, 2.48953, 10.0521, 81.5122, 1.41938, 1.41937, 1.41937, 1.41937, 1.41937, 1.41937, 1.44366, 1.41937, 1.41937, 1.43115
1.89408, 122, 81.7785, 1.45882, 11.1355, 40.2215, 0.000540642, 1.45895, 1.45893, 1.56492, 1.46054, 1.45954, 1.46554, 6.7152, 1.50642, 1.54426, 2.59804, 12.427, 64.1296, 1.45882, 1.45882, 1.45882, 1.45882, 1.45882, 1.45882, 1.48343, 1.45882, 1.45882, 1.4707
1.90196, 86, 71.2875, 1.50144, 9.38083, 14.7125, 0.000471693, 1.50158, 1.50156, 1.6094, 1.5032, 1.50218, 1.50825, 7.29615, 1.5451, 1.58866, 2.71166, 15.2591, 50.2396, 1.50144, 1.50144, 1.50144, 1.50144, 1.50144, 1.50144, 1.5264, 1.50144, 1.50144, 1.51343
1.90985, 56, 64.1149, 1.54742, 7.61577, -8.11485, 0.000408189, 1.54756, 1.54754, 1.657, 1.5492, 1.54816, 1.55429, 7.84105, 1.58695, 1.63664, 2.83048, 18.5657, 39.2345, 1.54742, 1.54742, 1.54742, 1.54742, 1.54742, 1.54742, 1.57272, 1.54742, 1.54742, 1.5595
1.91773, 82, 59.7006, 1.59684, 9.16515, 22.2994, 0.000350316, 1.59698, 1.59696, 1.7078, 1.59863, 1.59759, 1.60377, 8.33002, 1.6322, 1.68835, 2.95454, 22.3424, 30.5788, 1.59684, 1.59684, 1.59684, 1.59684, 1.59684, 1.59684, 1.62249, 1.59684, 1.59684, 1.60899
1.92561, 74, 57.5371, 1.6497, 8.7178, 16.4629, 0.000298136, 1.64985, 1.64982, 1.76183, 1.65152, 1.65046, 1.65668, 8.74434, 1.68098, 1.74386, 3.08378, 26.5575, 23.815, 1.6497, 1.6497, 1.6497, 1.6497, 1.6497, 1.6497, 1.67573, 1.6497, 1.6497, 1.66192
1.93349, 50, 57.1647, 1.70596, 7.2111, -7.16466, 0.000251591, 1.70611, 1.70608, 1.81906, 1.70779, 1.70672, 1.71299, 9.0678, 1.73335, 1.80319, 3.2181, 31.1491, 18.5612, 1.70596, 1.70596, 1.70596, 1.70596, 1.70596, 1.70596, 1.73239, 1.70596, 1.70596, 1.71823
1.94138, 62, 58.1638, 1.76552, 8, 3.83619, 0.000210513, 1.76566, 1.76564, 1.87941, 1.76736, 1.76628, 1.77258, 9.28795, 1.7893, 1.86631, 3.35737, 36.0231, 14.5044, 1.76552, 1.76552, 1.76552, 1.76552, 1.76552, 1.76552, 1.79237, 1.76552, 1.76552, 1.77783
1.94926, 66, 60.1491, 1.82823, 8.24621, 5.85086, 0.000174641, 1.82838, 1.82835, 1.94275, 1.83008, 1.829, 1.83532, 9.39703, 1.84873, 1.93315, 3.50141, 41.0543, 11.3915, 1.82823, 1.82823, 1.82823, 1.82823, 1.82823, 1.82823, 1.85555, 1.82823, 1.82823, 1.84058
1.95714, 72, 62.7639, 1.89394, 8.60233, 9.2361, 0.000143642, 1.89409, 1.89407, 2.00896, 1.8958, 1.89471, 1.90105, 9.3926, 1.91154, 2.00364, 3.65006, 46.0905, 9.02001, 1.89394, 1.89394, 1.89394, 1.89394, 1.89394, 1.89394, 1.92178, 1.89394, 1.89394, 1.90632
1.96502, 72, 65.678, 1.96249, 8.60233, 6.32195, 0.00011713, 1.96264, 1.96261, 2.07789, 1.96435, 1.96326, 1.96961, 9.27768, 1.97756, 2.07766, 3.8031, 50.9591, 7.22908, 1.96249, 1.96249, 1.96249, 1.96249, 1.96249, 1.96249, 1.99091, 1.96249, 1.96249, 1.97489
1.97291, 88, 68.5897, 2.03369, 9.48683, 19.4103, 9.46853e-05, 2.03384, 2.03382, 2.14939, 2.03556, 2.03447, 2.04083, 9.06053, 2.04661, 2.15512, 3.96037, 55.4773, 5.89103, 2.03369, 2.03369, 2.03369, 2.03369, 2.03369, 2.03369, 2.06278, 2.03369, 2.03369, 2.04612
1.98079, 70, 71.2289, 2.1074, 8.48528, -1.2289, 7.58759e-05, 2.10755, 2.10753, 2.22332, 2.10927, 2.10818, 2.11455, 8.75402, 2.11852, 2.2359, 4.12173, 59.4625, 4.90496, 2.1074, 2.1074, 2.1074, 2.1074, 2.1074, 2.1074, 2.13724, 2.1074, 2.1074, 2.11984
1.98867, 66, 73.364, 2.18345, 8.24621, -7.36401, 6.02697e-05, 2.18361, 2.18358, 2.29953, 2.18533, 2.18423, 2.19061, 8.37463, 2.1931, 2.31991, 4.28708, 62.7462, 4.19105, 2.18345, 2.18345, 2.18345, 2.18345, 2.18345, 2.18345, 2.21415, 2.18345, 2.18345, 2.19592
1.99656, 84, 74.8085, 2.26172, 9.27362, 9.19154, 4.7449e-05, 2.26188, 2.26185, 2.37792, 2.2636, 2.2625, 2.26888, 7.94121, 2.27019, 2.40705, 4.45641, 65.1855, 3.68624, 2.26172, 2.26172, 2.26172, 2.26172, 2.26172, 2.26172, 2.2934, 2.26172, 2.26172, 2.27421
2.00444, 56, 75.4271, 2.34208, 7.61577, -19.4271, 3.70204e-05, 2.34223, 2.34221, 2.45836, 2.34396, 2.34286, 2.34924, 7.47369, 2.34961, 2.49722, 4.62986, 66.6746, 3.34088, 2.34208, 2.34208, 2.34208, 2.34208, 2.34208, 2.34208, 2.37488, 2.34208, 2.34208, 2.35459
2.01232, 76, 75.1405, 2.42443, 8.83176, 0.859459, 2.86209e-05, 2.42458, 2.42455, 2.54077, 2.4263, 2.42521, 2.43159, 6.9918, 2.43123, 2.59035, 4.80778, 67.1524, 3.11604, 2.42443, 2.42443, 2.42443, 2.42443, 2.42443, 2.42443, 2.4585, 2.42443, 2.42443, 2.43696
2.0202, 66, 73.9268, 2.50866, 8.24621, -7.92677, 2.19225e-05, 2.50881, 2.50879, 2.62504, 2.51054, 2.50944, 2.51583, 6.51392, 2.51491, 2.68634, 4.99092, 66.608, 2.9814, 2.50866, 2.50866, 2.50866, 2.50866, 2.50866, 2.50866, 2.54417, 2.50866, 2.50866, 2.52124
2.02809, 84, 71.8195, 2.5947, 9.27362, 12.1805, 1.66335e-05, 2.59486, 2.59483, 2.71111, 2.59658, 2.59548, 2.60187, 6.05611, 2.60054, 2.78512, 5.18064, 65.0808, 2.91353, 2.5947, 2.5947, 2.5947, 2.5947, 2.5947, 2.5947, 2.63183, 2.5947, 2.5947, 2.60733
2.03597, 60, 68.9032, 2.68248, 7.87401, -8.9032, 1.24995e-05, 2.68264, 2.68261, 2.79891, 2.68436, 2.68326, 2.68965, 5.63157, 2.68801, 2.88662, 5.37926, 62.6574, 2.89458, 2.68248, 2.68248, 2.68248, 2.68248, 2.68248, 2.68248, 2.72141, 2.68248, 2.68248, 2.69518
2.04385, 68, 65.3046, 2.77194, 8.3666, 2.69536, 9.3008e-06, 2.77209, 2.77207, 2.88838, 2.77382, 2.77272, 2.77911, 5.25016, 2.77724, 2.99076, 5.59072, 59.4641, 2.91107, 2.77194, 2.77194, 2.77194, 2.77194, 2.77194, 2.77194, 2.81287, 2.77194, 2.77194, 2.78472
2.05174, 56, 61.1831, 2.86301, 7.61577, -5.18312, 6.8515e-06, 2.86316, 2.86314, 2.97946, 2.86489, 2.86379, 2.87018, 4.9185, 2.86815, 3.09748, 5.82133, 55.6571, 2.95298, 2.86301, 2.86301, 2.86301, 2.86301, 2.86301, 2.86301, 2.90615, 2.86301, 2.86301, 2.8759
2.05962, 68, 56.7188, 2.95564, 8.3666, 11.2812, 4.99572e-06, 2.9558, 2.95577, 3.0721, 2.95752, 2.95642, 2.96282, 4.64007, 2.96067, 3.2067, 6.08105, 51.4104, 3.01299, 2.95564, 2.95564, 2.95564, 2.95564, 2.95564, 2.95564, 3.00121, 2.95564, 2.95564, 2.96868
2.0675, 56, 52.1018, 3.0498, 7.61577, 3.89816, 3.60464e-06, 3.04995, 3.04993, 3.16626, 3.05168, 3.05058, 3.05697, 4.4156, 3.05474, 3.31836, 6.38527, 46.903, 3.08582, 3.0498, 3.0498, 3.0498, 3.0498, 3.0498, 3.0498, 3.098, 3.0498, 3.0498, 3.06302
2.07538, 50, 47.5226, 3.14544, 7.2111, 2.47741, 2.57326e-06, 3.14559, 3.14557, 3.2619, 3.14732, 3.14622, 3.15261, 4.24364, 3.15032, 3.43241, 6.75715, 42.3074, 3.16774, 3.14544, 3.14544, 3.14544, 3.14544, 3.14544, 3.14544, 3.19651, 3.14544, 3.14544, 3.15889
2.08327, 40, 43.1651, 3.24254, 6.48074, -3.16511, 1.81709e-06, 3.24269, 3.24266, 3.359, 3.24442, 3.24332, 3.24971, 4.12107, 3.24738, 3.5488, 7.2308, 37.7791, 3.25613, 3.24254, 3.24254, 3.24254, 3.24254, 3.24254, 3.24254, 3.2967, 3.24254, 3.24254, 3.25626
2.09115, 30, 39.2035, 3.34107, 5.65685, -9.20353, 1.26896e-06, 3.34122, 3.3412, 3.45753, 3.34295, 3.34185, 3.34824, 4.0437, 3.34589, 3.66748, 7.85537, 33.449, 3.34924, 3.34107, 3.34107, 3.34107, 3.34107, 3.34107, 3.34107, 3.39857, 3.34107, 3.34107, 3.35514
2.09903, 38, 35.8025, 3.44102, 6.32456, 2.19749, 8.7622e-07, 3.44118, 3.44115, 3.55749, 3.4429, 3.4418, 3.4482, 4.00676, 3.44582, 3.78843, 8.7, 29.4186, 3.44586, 3.44102, 3.44102, 3.44102, 3.44102, 3.44102, 3.44102, 3.50209, 3.44102, 3.44102, 3.4555
2.10692, 20, 33.1216, 3.5424, 4.69042, -13.1216, 5.98128e-07, 3.54255, 3.54253, 3.65887, 3.54428, 3.54318, 3.54957, 4.00537, 3.54719, 3.91162, 9.85966, 25.7581, 3.54521, 3.5424, 3.5424, 3.5424, 3.5424, 3.5424, 3.5424, 3.6073, 3.5424, 3.5424, 3.55737
2.1148, 36, 31.3227, 3.64521, 6.16441, 4.67733, 4.03566e-07, 3.64536, 3.64534, 3.76168, 3.64709, 3.64599, 3.65238, 4.03482, 3.64999, 4.03705, 11.4618, 22.5072, 3.64683, 3.64521, 3.64521, 3.64521, 3.64521, 3.64521, 3.64521, 3.71422, 3.64521, 3.64521, 3.66075
2.12268, 28, 30.5802, 3.74947, 5.47723, -2.58021, 2.69093e-07, 3.74962, 3.7496, 3.86593, 3.75135, 3.75025, 3.75664, 4.09088, 3.75424, 4.1647, 13.6728, 19.6784, 3.75038, 3.74947, 3.74947, 3.74947, 3.74947, 3.74947, 3.74947, 3.8229, 3.74947, 3.74947, 3.76568
2.13056, 24, 31.092, 3.8552, 5.09902, -7.09201, 1.77293e-07, 3.85536, 3.85533, 3.97167, 3.85708, 3.85598, 3.86237, 4.16984, 3.85997, 4.2946, 16.7046, 17.2615, 3.85571, 3.8552, 3.8552, 3.8552, 3.8552, 3.8552, 3.8552, 3.93342, 3.8552, 3.8552, 3.87218
2.13845, 48, 33.0897, 3.96244, 7.07107, 14.9103, 1.15404e-07, 3.96259, 3.96257, 4.07891, 3.96432, 3.96322, 3.96961, 4.26861, 3.96721, 4.42675, 20.8193, 15.2294, 3.96272, 3.96244, 3.96244, 3.96244, 3.96244, 3.96244, 3.96244, 4.04589, 3.96244, 3.96244, 3.9803
2.14633, 34, 36.8465, 4.07122, 6, -2.84653, 7.4206e-08, 4.07138, 4.07135, 4.18769, 4.0731, 4.072, 4.0784, 4.38467, 4.07599, 4.56117, 26.3315, 13.5432, 4.07138, 4.07122, 4.07122, 4.07122, 4.07122, 4.07122, 4.07122, 4.16048, 4.07122, 4.07122, 4.09007
2.15421, 52, 42.6806, 4.18159, 7.34847, 9.31937, 4.71296e-08, 4.18174, 4.18172, 4.29805, 4.18347, 4.18237, 4.18876, 4.51597, 4.18635, 4.69789, 33.606, 12.1584, 4.18167, 4.18159, 4.18159, 4.18159, 4.18159, 4.18159, 4.18159, 4.27737, 4.18159, 4.18159, 4.20154
2.1621, 52, 50.9521, 4.29358, 7.34847, 1.04788, 2.9562e-08, 4.29373, 4.29371, 4.41004, 4.29546, 4.29436, 4.30075, 4.66081, 4.29834, 4.83693, 43.0508, 11.0285, 4.29362, 4.29358, 4.29358, 4.29358, 4.29358, 4.29358, 4.29358, 4.39684, 4.29358, 4.29358, 4.31476
2.16998, 58, 62.0503, 4.40722, 7.74597, -4.05032, 1.8312e-08, 4.40737, 4.40735, 4.52368, 4.4091, 4.408, 4.41439, 4.81771, 4.41198, 4.97829, 55.1004, 10.1096, 4.40724, 4.40722, 4.40722, 4.40722, 4.40722, 4.40722, 4.40722, 4.51921, 4.40722, 4.40722, 4.42976
2.17786, 80, 76.3764, 4.52255, 9.05539, 3.62363, 1.12006e-08, 4.5227, 4.52267, 4.63901, 4.52443, 4.52333, 4.52972, 4.98526, 4.52731, 5.12199, 70.197, 9.36198, 4.52256, 4.52255, 4.52255, 4.52255, 4.52255, 4.52255, 4.52255, 4.64494, 4.52255, 4.52255, 4.54656
2.18574, 110, 94.3106, 4.63958, 10.583, 15.6894, 6.76431e-09, 4.63973, 4.63971, 4.75604, 4.64146, 4.64036, 4.64675, 5.16197, 4.64434, 5.26804, 88.7556, 8.75174, 4.63959, 4.63958, 4.63958, 4.63958, 4.63958, 4.63958, 4.63958, 4.77457, 4.63958, 4.63958, 4.6652
2.19363, 146, 116.176, 4.75834, 12.1655, 29.8242, 4.03314e-09, 4.75849, 4.75847, 4.8748, 4.76022, 4.75912, 4.76551, 5.34622, 4.7631, 5.41644, 111.128, 8.25148, 4.75834, 4.75834, 4.75834, 4.75834, 4.75834, 4.75834, 4.75834, 4.90875, 4.75834, 4.75834, 4.78568
2.20151, 114, 142.192, 4.87883, 10.7703, -28.1923, 2.3739e-09, 4.87898, 4.87895, 4.99529, 4.88071, 4.87961, 4.886, 5.53614, 4.88359, 5.56718, 137.556, 7.83983, 4.87883, 4.87883, 4.87883, 4.87883, 4.87883, 4.87883, 4.87883, 5.04831, 4.87883, 4.87883, 4.90802
2.20939, 158, 172.43, 5.00104, 12.6491, -14.4305, 1.37923e-09, 5.00119, 5.00116, 5.1175, 5.00291, 5.00182, 5.00821, 5.7296, 5.00579, 5.72023, 168.127, 7.50083, 5.00104, 5.00104, 5.00104, 5.00104, 5.00104, 5.00104, 5.00104, 5.19419, 5.00104, 5.00104, 5.0322
2.21728, 256, 206.766, 5.12496, 16.0624, 49.2344, 7.9087e-10, 5.12511, 5.12508, 5.24142, 5.12684, 5.12574, 5.13213, 5.92427, 5.12971, 5.87557, 202.731, 7.22289, 5.12496, 5.12496, 5.12496, 5.12496, 5.12496, 5.12496, 5.12496, 5.34748, 5.12496, 5.12496, 5.1582
2.22516, 250, 244.833, 5.25056, 15.8745, 5.1666, 4.47542e-10, 5.25071, 5.25068, 5.36702, 5.25244, 5.25134, 5.25773, 6.11764, 5.25532, 6.03315, 241.011, 6.99784, 5.25056, 5.25056, 5.25056, 5.25056, 5.25056, 5.25056, 5.25056, 5.50938, 5.25056, 5.25056, 5.28599
2.23304, 312, 286.015, 5.37782, 17.72, 25.9849, 2.49905e-10, 5.37797, 5.37795, 5.49428, 5.3797, 5.3786, 5.38499, 6.30713, 5.38258, 6.19294, 282.356, 6.81978, 5.37782, 5.37782, 5.37782, 5.37782, 5.37782, 5.37782, 5.37782, 5.6812, 5.37782, 5.37782, 5.41556
2.24092, 360, 329.418, 5.5067, 19.0263, 30.5821, 1.37681e-10, 5.50685, 5.50683, 5.62317, 5.50858, 5.50748, 5.51387, 6.49023, 5.51146, 6.35489, 325.88, 6.68433, 5.5067, 5.5067, 5.5067, 5.5067, 5.5067, 5.5067, 5.5067, 5.86422, 5.5067, 5.5067, 5.54685
2.24881, 410, 373.894, 5.63716, 20.2978, 36.1057, 7.48418e-11, 5.63731, 5.63729, 5.75362, 5.63904, 5.63794, 5.64433, 6.66465, 5.64192, 6.51894, 370.438, 6.5879, 5.63716, 5.63716, 5.63716, 5.63716, 5.63716, 5.63716, 5.63716, 6.05968, 5.63716, 5.63716, 5.67981
2.25669, 428, 418.081, 5.76916, 20.7364, 9.91873, 4.01207e-11, 5.76931, 5.76928, 5.88562, 5.77104, 5.76994, 5.77633, 6.82845, 5.77392, 6.68506, 414.672, 6.5273, 5.76916, 5.76916, 5.76916, 5.76916, 5.76916, 5.76916, 5.76916, 6.26866, 5.76916, 5.76916, 5.81441
2.26457, 516, 460.456, 5.90262, 22.7596, 55.5439, 2.11941e-11, 5.90277, 5.90274, 6.01908, 5.9045, 5.9034, 5.90979, 6.98013, 5.90738, 6.85315, 457.063, 6.49935, 5.90262, 5.90262, 5.90262, 5.90262, 5.90262, 5.90262, 5.90262, 6.49188, 5.90262, 5.90262, 5.95057
2.27245, 528, 499.435, 6.0375, 23.0217, 28.565, 1.10149e-11, 6.03766, 6.03763, 6.15397, 6.03938, 6.03828, 6.04467, 7.11881, 6.04226, 7.02318, 496.03, 6.50085, 6.0375, 6.0375, 6.0375, 6.0375, 6.0375, 6.0375, 6.0375, 6.72972, 6.0375, 6.0375, 6.08825
2.28034, 536, 533.452, 6.17372, 23.1948, 2.54803, 5.61186e-12, 6.17387, 6.17385, 6.29018, 6.1756, 6.1745, 6.18089, 7.2442, 6.17848, 7.19507, 530.012, 6.52852, 6.17372, 6.17372, 6.17372, 6.17372, 6.17372, 6.17372, 6.17372, 6.9819, 6.17372, 6.17372, 6.22734
2.28822, 576, 561.082, 6.3112, 24.0416, 14.9178, 2.78605e-12, 6.31136, 6.31133, 6.42767, 6.31308, 6.31199, 6.31838, 7.35667, 6.31596, 7.36877, 557.587, 6.57903, 6.3112, 6.3112, 6.3112, 6.3112, 6.3112, 6.3112, 6.3112, 7.24755, 6.3112, 6.3112, 6.36779
2.2961, 566, 581.132, 6.44986, 23.8328, -15.1319, 1.33793e-12, 6.45001, 6.44999, 6.56632, 6.45174, 6.45064, 6.45703, 7.45721, 6.45462, 7.54425, 577.565, 6.64912, 6.44986, 6.44986, 6.44986, 6.44986, 6.44986, 6.44986, 6.44986, 7.525, 6.44986, 6.44986, 6.50949
2.30399, 634, 592.733, 6.58958, 25.219, 41.2672, 6.134e-13, 6.58973, 6.5897, 6.70604, 6.59146, 6.59036, 6.59675, 7.54729, 6.59434, 7.72151, 589.081, 6.73566, 6.58958, 6.58958, 6.58958, 6.58958, 6.58958, 6.58958, 6.58958, 7.81181, 6.58958, 6.58958, 6.65234
2.31187, 616, 595.405, 6.73022, 24.8596, 20.5945, 2.64212e-13, 6.73038, 6.73035, 6.84669, 6.7321, 6.731, 6.73739, 7.62881, 6.73498, 7.90062, 591.659, 6.83575, 6.73022, 6.73022, 6.73022, 6.73022, 6.73022, 6.73022, 6.73022, 8.10473, 6.73022, 6.73022, 6.79619
2.31975, 546, 589.1, 6.87163, 23.4094, -43.1002, 1.04781e-13, 6.87179, 6.87176, 6.9881, 6.87351, 6.87241, 6.8788, 7.7039, 6.87639, 8.08176, 585.254, 6.94674, 6.87163, 6.87163, 6.87163, 6.87163, 6.87163, 6.87163, 6.87163, 8.39986, 6.87163, 6.87163, 6.94089
2.32763, 602, 574.194, 7.01364, 24.5764, 27.8056, 3.87824e-14, 7.01379, 7.01377, 7.13011, 7.01552, 7.01442, 7.02081, 7.77484, 7.0184, 8.2654, 570.246, 7.0663, 7.01364, 7.01364, 7.01364, 7.01364, 7.01364, 7.01364, 7.01364, 8.6928, 7.01364, 7.01364, 7.08627
2.33552, 534, 551.47, 7.15601, 23.1517, -17.4703, 1.2953e-14, 7.15617, 7.15614, 7.27248, 7.15789, 7.15679, 7.16318, 7.84383, 7.16078, 8.45233, 547.42, 7.19239, 7.15601, 7.15601, 7.15601, 7.15601, 7.15601, 7.15601, 7.15601, 8.97879, 7.15601, 7.15601, 7.23208
2.3434, 470, 522.045, 7.29851, 21.7256, -52.0455, 3.83612e-15, 7.29867, 7.29864, 7.41498, 7.30039, 7.2993, 7.30569, 7.91289, 7.30328, 8.64405, 517.895, 7.32327, 7.29851, 7.29851, 7.29851, 7.29851, 7.29851, 7.29851, 7.29851, 9.25306, 7.29851, 7.29851, 7.37811
2.35128, 446, 487.295, 7.44086, 21.166, -41.2953, 9.81244e-16, 7.44101, 7.44099, 7.55732, 7.44274, 7.44164, 7.44803, 7.98375, 7.44563, 8.84306, 483.049, 7.45745, 7.44086, 7.44086, 7.44086, 7.44086, 7.44086, 7.44086, 7.44086, 9.5111, 7.44086, 7.44086, 7.52405
2.35917, 488, 448.75, 7.58275, 22.1359, 39.2498, 2.038e-16, 7.5829, 7.58288, 7.69921, 7.58463, 7.58353, 7.58992, 8.05781, 7.58752, 9.05349, 444.409, 7.59371, 7.58275, 7.58275, 7.58275, 7.58275, 7.58275, 7.58275, 7.58275, 9.74891, 7.58275, 7.58275, 7.6696
2.36705, 370, 407.991, 7.72385, 19.2873, -37.9905, 4.18249e-17, 7.724, 7.72398, 7.84031, 7.72573, 7.72463, 7.73102, 8.13601, 7.72863, 9.28189, 403.552, 7.73098, 7.72385, 7.72385, 7.72385, 7.72385, 7.72385, 7.72385, 7.72385, 9.96331, 7.72385, 7.72385, 7.81444
2.37493, 360, 366.553, 7.86381, 19.0263, -6.55292, 7.49812e-18, 7.86397, 7.86394, 7.98028, 7.86569, 7.8646, 7.87099, 8.21892, 7.8686, 9.53838, 362.005, 7.86838, 7.86381, 7.86381, 7.86381, 7.86381, 7.86381, 7.86381, 7.86382, 10.1522, 7.86381, 7.86381, 7.95821
2.38281, 330, 325.83, 8.00231, 18.2209, 4.17041, 1.16506e-18, 8.00247, 8.00244, 8.11878, 8.00419, 8.00309, 8.00949, 8.30671, 8.00711, 9.83824, 321.145, 8.0052, 8.00231, 8.00231, 8.00231, 8.00231, 8.00231, 8.00231, 8.00231, 10.3144, 8.00231, 8.00231, 8.10059
2.3907, 242, 287.02, 8.13901, 15.6205, -45.0204, 1.53345e-19, 8.13917, 8.13914, 8.25548, 8.14089, 8.1398, 8.14619, 8.39923, 8.14382, 10.2039, 282.148, 8.14081, 8.13901, 8.13901, 8.13901, 8.13901, 8.13901, 8.13901, 8.13902, 10.4504, 8.13901, 8.13901, 8.24123
2.39858, 234, 251.072, 8.27363, 15.3623, -17.0719, 1.54246e-20, 8.27378, 8.27376, 8.3901, 8.27551, 8.27441, 8.28081, 8.49608, 8.27846, 10.6676, 245.929, 8.27473, 8.27363, 8.27363, 8.27363, 8.27363, 8.27363, 8.27363, 8.27363, 10.5615, 8.27363, 8.27363, 8.37985
2.40646, 194, 218.673, 8.40593, 14, -24.673, 4.62062e-22, 8.40609, 8.40606, 8.5224, 8.40781, 8.40671, 8.41311, 8.59669, 8.41078, 11.2746, 213.127, 8.4066, 8.40593, 8.40593, 8.40593, 8.40593, 8.40593, 8.40593, 8.40593, 10.6503, 8.40593, 8.40593, 8.51622
2.41435, 170, 190.255, 8.53574, 13.1149, -20.2545, 1.49734e-23, 8.53589, 8.53587, 8.65221, 8.53762, 8.53652, 8.54292, 8.70036, 8.54062, 12.0868, 184.108, 8.53614, 8.53574, 8.53574, 8.53574, 8.53574, 8.53574, 8.53574, 8.53574, 10.7204, 8.53574, 8.53574, 8.65017
2.42223, 172, 166.016, 8.663, 13.1909, 5.98351, 9.16163e-26, 8.66315, 8.66312, 8.77946, 8.66488, 8.66378, 8.67018, 8.80643, 8.66791, 13.1867, 158.986, 8.66323, 8.663, 8.663, 8.663, 8.663, 8.663, 8.663, 8.663, 10.776, 8.663, 8.663, 8.78161
2.43011, 158, 145.972, 8.78771, 12.6491, 12.0277, 0, 8.78786, 8.78784, 8.90417, 8.78959, 8.78849, 8.7949, 8.91427, 8.79267, 14.6819, 137.663, 8.78784, 8.78771, 8.78771, 8.78771, 8.78771, 8.78771, 8.78771, 8.78771, 10.8222, 8.78771, 8.78771, 8.91058
2.43799, 150, 129.992, 8.91002, 12.3288, 20.0084, 0, 8.91018, 8.91015, 9.02649, 8.9119, 8.9108, 8.91722, 9.02335, 8.91504, 16.7091, 119.866, 8.9101, 8.91002, 8.91002, 8.91002, 8.91002, 8.91002, 8.91002, 8.91002, 10.8644, 8.91002, 8.91002, 9.0372
2.44588, 126, 117.864, 9.03017, 11.3137, 8.13638, 0, 9.03032, 9.0303, 9.14663, 9.03205, 9.03095, 9.03738, 9.13329, 9.03526, 19.4365, 105.212, 9.03021, 9.03017, 9.03017, 9.03017, 9.03017, 9.03017, 9.03017, 9.03017, 10.9088, 9.03017, 9.03017, 9.16172
2.45376, 86, 109.34, 9.14851, 9.38083, -23.3401, 0, 9.14866, 9.14863, 9.26497, 9.15039, 9.14929, 9.15575, 9.24387, 9.15368, 23.0662, 93.2456, 9.14853, 9.14851, 9.14851, 9.14851, 9.14851, 9.14851, 9.14851, 9.14851, 10.962, 9.14851, 9.14851, 9.28448
2.46164, 108, 104.184, 9.26548, 10.4881, 3.81555, 0, 9.26563, 9.2656, 9.38194, 9.26736, 9.26626, 9.27275, 9.35503, 9.27075, 27.8323, 83.4894, 9.26549, 9.26548, 9.26548, 9.26548, 9.26548, 9.26548, 9.26548, 9.26548, 11.0317, 9.26548, 9.26548, 9.40593
2.46953, 108, 102.203, 9.38159, 10.4881, 5.79659, 0, 9.38174, 9.38172, 9.49805, 9.38347, 9.38237, 9.38891, 9.46686, 9.38698, 33.9967, 75.4807, 9.38159, 9.38159, 9.38159, 9.38159, 9.38159, 9.38159, 9.38159, 9.38159, 11.1268, 9.38159, 9.38159, 9.52658
2.47741, 104, 103.267, 9.49741, 10.2956, 0.732895, 0, 9.49756, 9.49754, 9.61387, 9.49929, 9.49819, 9.50481, 9.57955, 9.50295, 41.8403, 68.7992, 9.49741, 9.49741, 9.49741, 9.49741, 9.49741, 9.49741, 9.49741, 9.49741, 11.2583, 9.49741, 9.49741, 9.64699
2.48529, 112, 107.315, 9.61352, 10.6771, 4.6851, 0, 9.61368, 9.61365, 9.72999, 9.6154, 9.6143, 9.62103, 9.69342, 9.61922, 51.6484, 63.0866, 9.61352, 9.61352, 9.61352, 9.61352, 9.61352, 9.61352, 9.61352, 9.61352, 11.4402, 9.61352, 9.61352, 9.76775
2.49317, 102, 114.348, 9.73052, 10.198, -12.3483, 0, 9.73067, 9.73064, 9.84698, 9.7324, 9.7313, 9.73818, 9.80882, 9.7364, 63.6948, 58.054, 9.73052, 9.73052, 9.73052, 9.73052, 9.73052, 9.73052, 9.73052, 9.73052, 11.6903, 9.73052, 9.73052, 9.88946
2.50106, 120, 124.408, 9.84893, 11.0454, -4.40797, 0, 9.84908, 9.84905, 9.96539, 9.85081, 9.84971, 9.85681, 9.9261, 9.85501, 78.2134, 53.4868, 9.84893, 9.84893, 9.84893, 9.84893, 9.84893, 9.84893, 9.84893, 9.84893, 12.0313, 9.84893, 9.84893, 10.0127
2.50894, 140, 137.547, 9.96925, 11.9164, 2.45329, 0, 9.96941, 9.96938, 10.0857, 9.97113, 9.97003, 9.97743, 10.0456, 9.97557, 95.3773, 49.2368, 9.96925, 9.96925, 9.96925, 9.96925, 9.96925, 9.96925, 9.96925, 9.96925, 12.4922, 9.96925, 9.96925, 10.1379
2.51682, 154, 153.788, 10.0919, 12.49, 0.212357, 0, 10.092, 10.092, 10.2084, 10.0938, 10.0927, 10.1005, 10.1677, 10.0985, 115.263, 45.216, 10.0919, 10.0919, 10.0919, 10.0919, 10.0919, 10.0919, 10.0919, 10.0919, 13.1088, 10.0919, 10.0919, 10.2655
2.5247, 192, 173.088, 10.2172, 13.9284, 18.9121, 0, 10.2173, 10.2173, 10.3336, 10.2191, 10.218, 10.2263, 10.2926, 10.224, 137.825, 41.3833, 10.2172, 10.2172, 10.2172, 10.2172, 10.2172, 10.2172, 10.2172, 10.2172, 13.9247, 10.2172, 10.2172, 10.3959
2.53259, 156, 195.303, 10.3453, 12.5698, -39.3027, 0, 10.3455, 10.3454, 10.4618, 10.3472, 10.3461, 10.3552, 10.4205, 10.3525, 162.874, 37.7319, 10.3453, 10.3453, 10.3453, 10.3453, 10.3453, 10.3453, 10.3453, 10.3453, 14.9919, 10.3453, 10.3453, 10.5295
2.54047, 214, 220.148, 10.4764, 14.6969, -6.1479, 0, 10.4766, 10.4766, 10.5929, 10.4783, 10.4772, 10.4874, 10.5514, 10.484, 190.05, 34.2781, 10.4764, 10.4764, 10.4764, 10.4764, 10.4764, 10.4764, 10.4764, 10.4764, 16.3693, 10.4764, 10.4764, 10.6664
2.54835, 212, 247.19, 10.6105, 14.6287, -35.19, 0, 10.6107, 10.6107, 10.727, 10.6124, 10.6113, 10.6229, 10.6854, 10.6184, 218.829, 31.0492, 10.6105, 10.6105, 10.6105, 10.6105, 10.6105, 10.6105, 10.6105, 10.6105, 18.1222, 10.6105, 10.6105, 10.8071
2.55624, 274, 275.829, 10.7476, 16.6132, -1.8288, 0, 10.7478, 10.7477, 10.8641, 10.7495, 10.7484, 10.7618, 10.8224, 10.7559, 248.509, 28.0757, 10.7476, 10.7476, 10.7476, 10.7476, 10.7476, 10.7476, 10.7476, 10.7476, 20.3189, 10.7476, 10.7476, 10.9517
2.56412, 286, 305.32, 10.8875, 16.9706, -19.32, 0, 10.8876, 10.8876, 11.0039, 10.8893, 10.8882, 10.904, 10.9622, 10.8962, 278.25, 25.3836, 10.8875, 10.8875, 10.8875, 10.8875, 10.8875, 10.8875, 10.8875, 10.8875, 23.0281, 10.8875, 10.8875, 11.1009
2.572, 312, 334.788, 11.0299, 17.72, -22.7881, 0, 11.0301, 11.0301, 11.1464, 11.0318, 11.0307, 11.0497, 11.1046, 11.0391, 307.096, 22.9914, 11.0299, 11.0299, 11.0299, 11.0299, 11.0299, 11.0299, 11.0299, 11.0299, 26.3125, 11.0299, 11.0299, 11.2555
2.57988, 366, 363.276, 11.1748, 19.1833, 2.72409, 0, 11.1749, 11.1749, 11.2913, 11.1767, 11.1756, 11.1986, 11.2495, 11.1845, 334.025, 20.9073, 11.1748, 11.1748, 11.1748, 11.1748, 11.1748, 11.1748, 11.1748, 11.1748, 30.2236, 11.1748, 11.1748, 11.4169
2.58777, 418, 389.796, 11.3218, 20.4939, 28.2037, 0, 11.3219, 11.3219, 11.4383, 11.3237, 11.3226, 11.3509, 11.3964, 11.332, 358.018, 19.1285, 11.3218, 11.3218, 11.3218, 11.3218, 11.3218, 11.3218, 11.3218, 11.3218, 34.7952, 11.3218, 11.3218, 11.587
2.59565, 386, 413.383, 11.4706, 19.6977, -27.3829, 0, 11.4708, 11.4708, 11.5871, 11.4725, 11.4714, 11.5064, 11.5453, 11.4813, 378.107, 17.6432, 11.4706, 11.4706, 11.4706, 11.4706, 11.4706, 11.4706, 11.4706, 11.4706, 40.0346, 11.4706, 11.4706, 11.7691
2.60353, 438, 433.163, 11.6211, 20.9762, 4.8374, 0, 11.6212, 11.6212, 11.7375, 11.6229, 11.6218, 11.6654, 11.6957, 11.6323, 393.458, 16.4314, 11.6211, 11.6211, 11.6211, 11.6211, 11.6211, 11.6211, 11.6211, 11.6211, 45.9187, 11.6211, 11.6211, 11.9679
2.61142, 444, 448.401, 11.7728, 21.1187, -4.40085, 0, 11.773, 11.7729, 11.8893, 11.7747, 11.7736, 11.8278, 11.8474, 11.7846, 403.416, 15.4674, 11.7728, 11.7728, 11.7728, 11.7728, 11.7728, 11.7728, 11.7728, 11.7728, 52.3853, 11.7728, 11.7728, 12.19
2.6193, 486, 458.558, 11.9256, 22.0907, 27.4425, 0, 11.9258, 11.9257, 12.0421, 11.9275, 11.9264, 11.9938, 12.0002, 11.938, 407.56, 14.7222, 11.9256, 11.9256, 11.9256, 11.9256, 11.9256, 11.9256, 11.9256, 11.9256, 59.3328, 11.9256, 11.9256, 12.4447
2.62718, 450, 463.314, 12.0792, 21.2603, -13.3142, 0, 12.0794, 12.0793, 12.1957, 12.0811, 12.08, 12.1634, 12.1539, 12.0922, 405.734, 14.1654, 12.0792, 12.0792, 12.0792, 12.0792, 12.0792, 12.0792, 12.0792, 12.0792, 66.6164, 12.0792, 12.0792, 12.7447
2.63506, 456, 462.594, 12.2333, 21.4009, -6.59387, 0, 12.2335, 12.2335, 12.3498, 12.2352, 12.2341, 12.337, 12.308, 12.247, 398.056, 13.767, 12.2333, 12.2333, 12.2333, 12.2333, 12.2333, 12.2333, 12.2333, 12.2333, 74.0529, 12.2333, 12.2333, 13.1064
2.64295, 464, 456.559, 12.3878, 21.587, 7.44052, 0, 12.3879, 12.3879, 12.5043, 12.3897, 12.3886, 12.5144, 12.4625, 12.4022, 384.911, 13.499, 12.3878, 12.3878, 12.3878, 12.3878, 12.3878, 12.3878, 12.3878, 12.3878, 81.4268, 12.3878, 12.3878, 13.5514
2.65083, 456, 445.598, 12.5423, 21.4009, 10.4023, 0, 12.5425, 12.5424, 12.6588, 12.5442, 12.5431, 12.6959, 12.6171, 12.5573, 366.922, 13.3358, 12.5423, 12.5423, 12.5423, 12.5423, 12.5423, 12.5423, 12.5423, 12.5423, 88.4976, 12.5423, 12.5423, 14.1064
2.65871, 450, 430.284, 12.6966, 21.2603, 19.7159, 0, 12.6968, 12.6967, 12.8131, 12.6985, 12.6974, 12.8811, 12.7715, 12.7124, 344.904, 13.255, 12.6966, 12.6966, 12.6966, 12.6966, 12.6966, 12.6966, 12.6966, 12.6966, 95.0159, 12.6966, 12.6966, 14.8041
2.6666, 460, 411.347, 12.8504, 21.4942, 48.6535, 0, 12.8506, 12.8505, 12.9669, 12.8523, 12.8512, 13.07, 12.9255, 12.8669, 319.812, 13.2377, 12.8504, 12.8504, 12.8504, 12.8504, 12.8504, 12.8504, 12.8504, 12.8504, 100.735, 12.8504, 12.8504, 15.6827
2.67448, 446, 389.61, 13.0034, 21.166, 56.39, 0, 13.0036, 13.0036, 13.1199, 13.0053, 13.0042, 13.2618, 13.0786, 13.0207, 292.666, 13.2682, 13.0034, 13.0034, 13.0034, 13.0034, 13.0034, 13.0034, 13.0034, 13.0034, 105.43, 13.0034, 13.0034, 16.7865
2.68236, 416, 365.954, 13.1553, 20.445, 50.0461, 0, 13.1555, 13.1555, 13.2718, 13.1572, 13.1561, 13.456, 13.2307, 13.1733, 264.501, 13.3337, 13.1553, 13.1553, 13.1553, 13.1553, 13.1553, 13.1553, 13.1553, 13.1553, 108.908, 13.1553, 13.1553, 18.1637
2.69024, 408, 341.259, 13.3057, 20.2485, 66.7413, 0, 13.3058, 13.3058, 13.4222, 13.3076, 13.3065, 13.6514, 13.3814, 13.3244, 236.297, 13.4242, 13.3057, 13.3057, 13.3057, 13.3057, 13.3057, 13.3057, 13.3057, 13.3057, 111.03, 13.3057, 13.3057, 19.8652
2.69813, 316, 316.361, 13.4541, 17.8326, -0.361053, 0, 13.4543, 13.4543, 13.5706, 13.456, 13.4549, 13.8467, 13.5302, 13.4737, 208.93, 13.5317, 13.4541, 13.4541, 13.4541, 13.4541, 13.4541, 13.4541, 13.4541, 13.4541, 111.712, 13.4541, 13.4541, 21.942
2.70601, 292, 292.027, 13.6002, 17.1464, -0.0269165, 0, 13.6004, 13.6004, 13.7167, 13.6021, 13.601, 14.0404, 13.6767, 13.6206, 183.144, 13.6503, 13.6002, 13.6002, 13.6002, 13.6002, 13.6002, 13.6002, 13.6002, 13.6002, 110.936, 13.6002, 13.6002, 24.4408
2.71389, 312, 268.911, 13.7435, 17.72, 43.0894, 0, 13.7436, 13.7436, 13.8599, 13.7454, 13.7443, 14.2306, 13.8205, 13.7646, 159.508, 13.7753, 13.7435, 13.7435, 13.7435, 13.7435, 13.7435, 13.7435, 13.7435, 13.7435, 108.752, 13.7435, 13.7435, 27.4009
2.72178, 230, 247.549, 13.8834, 15.2315, -17.549, 0, 13.8836, 13.8836, 13.9999, 13.8853, 13.8842, 14.4154, 13.9612, 13.9054, 138.425, 13.9034, 13.8834, 13.8834, 13.8834, 13.8834, 13.8834, 13.8834, 13.8834, 13.8834, 105.272, 13.8834, 13.8834, 30.8478
2.72966, 218, 228.34, 14.0196, 14.8324, -10.3399, 0, 14.0198, 14.0198, 14.1361, 14.0215, 14.0204, 14.5928, 14.0982, 14.0425, 120.122, 14.032, 14.0196, 14.0196, 14.0196, 14.0196, 14.0196, 14.0196, 14.0196, 14.0196, 100.662, 14.0196, 14.0196, 34.7891
2.73754, 210, 211.543, 14.1516, 14.5602, -1.5433, 0, 14.1518, 14.1518, 14.2681, 14.1535, 14.1524, 14.7609, 14.2312, 14.1754, 104.667, 14.1592, 14.1516, 14.1516, 14.1516, 14.1516, 14.1516, 14.1516, 14.1516, 14.1516, 95.1305, 14.1516, 14.1516, 39.2095
2.74542, 210, 197.282, 14.2791, 14.5602, 12.7177, 0, 14.2792, 14.2792, 14.3955, 14.2809, 14.2798, 14.9178, 14.3598, 14.3037, 91.99, 14.2836, 14.2791, 14.2791, 14.2791, 14.2791, 14.2791, 14.2791, 14.2791, 14.2791, 88.9162, 14.2791, 14.2791, 44.0662
2.75331, 174, 185.549, 14.4016, 13.2665, -11.549, 0, 14.4018, 14.4017, 14.5181, 14.4035, 14.4024, 15.0621, 14.4838, 14.4271, 81.9057, 14.4043, 14.4016, 14.4016, 14.4016, 14.4016, 14.4016, 14.4016, 14.4016, 14.4016, 82.2693, 14.4016, 14.4016, 49.287
2.76119, 176, 176.221, 14.5191, 13.3417, -0.221207, 0, 14.5192, 14.5192, 14.6355, 14.5209, 14.5199, 15.1926, 14.6029, 14.5455, 74.1466, 14.5206, 14.5191, 14.5191, 14.5191, 14.5191, 14.5191, 14.5191, 14.5191, 14.5191, 75.44, 14.5191, 14.5191, 54.768
2.76907, 152, 169.073, 14.6314, 12.4097, -17.0729, 0, 14.6315, 14.6315, 14.7478, 14.6332, 14.6321, 15.3088, 14.717, 14.6587, 68.3861, 14.6323, 14.6314, 14.6314, 14.6314, 14.6314, 14.6314, 14.6314, 14.6314, 14.6314, 68.661, 14.6314, 14.6314, 60.3776
2.77696, 172, 163.799, 14.7385, 13.1909, 8.20125, 0, 14.7387, 14.7386, 14.855, 14.7404, 14.7393, 15.4104, 14.8263, 14.7668, 64.2692, 14.739, 14.7385, 14.7385, 14.7385, 14.7385, 14.7385, 14.7385, 14.7385, 14.7385, 62.1408, 14.7385, 14.7385, 65.9578
2.78484, 190, 160.034, 14.8407, 13.8564, 29.9664, 0, 14.8408, 14.8408, 14.9571, 14.8425, 14.8414, 15.4979, 14.9309, 14.8699, 61.4333, 14.8409, 14.8407, 14.8407, 14.8407, 14.8407, 14.8407, 14.8407, 14.8407, 14.8407, 56.0521, 14.8407, 14.8407, 71.3331
2.79272, 166, 157.377, 14.9381, 12.9615, 8.62283, 0, 14.9382, 14.9382, 15.0545, 14.94, 14.9389, 15.572, 15.031, 14.9683, 59.5294, 14.9382, 14.9381, 14.9381, 14.9381, 14.9381, 14.9381, 14.9381, 14.9381, 14.9381, 50.529, 14.9381, 14.9381, 76.3182
2.8006, 142, 155.419, 15.0311, 12, -13.4193, 0, 15.0313, 15.0313, 15.1476, 15.033, 15.0319, 15.6341, 15.1271, 15.0624, 58.2378, 15.0312, 15.0311, 15.0311, 15.0311, 15.0311, 15.0311, 15.0311, 15.0311, 15.0311, 45.6649, 15.0311, 15.0311, 80.7292
2.80849, 148, 153.764, 15.1202, 12.2474, -5.76366, 0, 15.1203, 15.1203, 15.2367, 15.1221, 15.121, 15.6858, 15.2195, 15.1525, 57.2792, 15.1202, 15.1202, 15.1202, 15.1202, 15.1202, 15.1202, 15.1202, 15.1202, 15.1202, 41.5133, 15.1202, 15.1202, 84.3949
2.81637, 128, 152.05, 15.2057, 11.4018, -24.0502, 0, 15.2058, 15.2058, 15.3222, 15.2076, 15.2065, 15.729, 15.3086, 15.239, 56.4225, 15.2057, 15.2057, 15.2057, 15.2057, 15.2057, 15.2057, 15.2057, 15.2057, 15.2057, 38.0925, 15.2057, 15.2057, 87.1676
2.82425, 174, 149.974, 15.2879, 13.2665, 24.0264, 0, 15.2881, 15.2881, 15.4044, 15.2898, 15.2887, 15.7655, 15.3948, 15.3223, 55.4885, 15.2879, 15.2879, 15.2879, 15.2879, 15.2879, 15.2879, 15.2879, 15.2879, 15.2879, 35.3887, 15.2879, 15.2879, 88.934
2.83213, 144, 147.298, 15.3672, 12.083, -3.29762, 0, 15.3673, 15.3673, 15.4836, 15.369, 15.3679, 15.797, 15.4783, 15.4026, 54.3502, 15.3672, 15.3672, 15.3672, 15.3672, 15.3672, 15.3672, 15.3672, 15.3672, 15.3672, 33.3634, 15.3672, 15.3672, 89.6225
2.84002, 154, 143.863, 15.4434, 12.49, 10.1366, 0, 15.4436, 15.4435, 15.5599, 15.4453, 15.4442, 15.8251, 15.5592, 15.4799, 52.9301, 15.4434, 15.4434, 15.4434, 15.4434, 15.4434, 15.4434, 15.4434, 15.4434, 15.4434, 31.9584, 15.4434, 15.4434, 89.2084
2.8479, 140, 139.592, 15.5164, 11.9164, 0.408096, 0, 15.5166, 15.5166, 15.6329, 15.5183, 15.5172, 15.8508, 15.6371, 15.554, 51.1955, 15.5164, 15.5164, 15.5164, 15.5164, 15.5164, 15.5164, 15.5164, 15.5164, 15.5164, 31.1017, 15.5164, 15.5164, 87.7155
2.85578, 110, 134.481, 15.5858, 10.583, -24.4807, 0, 15.5859, 15.5859, 15.7022, 15.5876, 15.5865, 15.8748, 15.7117, 15.6244, 49.1515, 15.5858, 15.5858, 15.5858, 15.5858, 15.5858, 15.5858, 15.5858, 15.5858, 15.5858, 30.7135, 15.5858, 15.5858, 85.2142
2.86367, 120, 128.595, 15.6505, 11.0454, -8.59512, 0, 15.6506, 15.6506, 15.7669, 15.6524, 15.6513, 15.8971, 15.7819, 15.6903, 46.8333, 15.6505, 15.6505, 15.6505, 15.6505, 15.6505, 15.6505, 15.6505, 15.6505, 15.6505, 30.7097, 15.6505, 15.6505, 81.8157
2.87155, 124, 122.056, 15.7094, 11.225, 1.9443, 0, 15.7095, 15.7095, 15.8259, 15.7113, 15.7102, 15.9172, 15.8466, 15.7503, 44.2978, 15.7094, 15.7094, 15.7094, 15.7094, 15.7094, 15.7094, 15.7094, 15.7094, 15.7094, 31.0066, 15.7094, 15.7094, 77.6647
2.87943, 132, 115.022, 15.7609, 11.5758, 16.9783, 0, 15.7611, 15.7611, 15.8774, 15.7628, 15.7617, 15.9339, 15.9043, 15.803, 41.6147, 15.7609, 15.7609, 15.7609, 15.7609, 15.7609, 15.7609, 15.7609, 15.7609, 15.7609, 31.5234, 15.7609, 15.7609, 72.9277
2.88731, 114, 107.677, 15.8032, 10.7703, 6.32345, 0, 15.8034, 15.8034, 15.9197, 15.8051, 15.804, 15.9455, 15.953, 15.8465, 38.8598, 15.8032, 15.8032, 15.8032, 15.8032, 15.8032, 15.8032, 15.8032, 15.8032, 15.8032, 32.1843, 15.8032, 15.8032, 67.7843
2.8952, 120, 100.209, 15.8342, 11.0454, 19.7907, 0, 15.8343, 15.8343, 15.9506, 15.836, 15.8349, 15.9498, 15.9905, 15.8786, 36.1071, 15.8342, 15.8342, 15.8342, 15.8342, 15.8342, 15.8342, 15.8342, 15.8342, 15.8342, 32.9207, 15.8342, 15.8342, 62.4139
2.90308, 68, 92.8014, 15.8514, 8.3666, -24.8014, 0, 15.8516, 15.8516, 15.9679, 15.8533, 15.8522, 15.9446, 16.0147, 15.897, 33.4241, 15.8514, 15.8514, 15.8514, 15.8514, 15.8514, 15.8514, 15.8514, 15.8514, 15.8514, 33.6718, 15.8514, 15.8514, 56.9869
2.91096, 94, 85.6144, 15.8528, 9.79796, 8.38558, 0, 15.8529, 15.8529, 15.9693, 15.8547, 15.8536, 15.9271, 16.0233, 15.8996, 30.8679, 15.8528, 15.8528, 15.8528, 15.8528, 15.8528, 15.8528, 15.8528, 15.8528, 15.8528, 34.3854, 15.8528, 15.8528, 51.6557
2.91885, 86, 78.7816, 15.836, 9.38083, 7.21844, 0, 15.8362, 15.8362, 15.9525, 15.8379, 15.8368, 15.895, 16.0139, 15.884, 28.4825, 15.836, 15.836, 15.836, 15.836, 15.836, 15.836, 15.836, 15.836, 15.836, 35.0181, 15.836, 15.836, 46.5488
2.92673, 82, 72.403, 15.7992, 9.16515, 9.59695, 0, 15.7993, 15.7993, 15.9157, 15.8011, 15.8, 15.8457, 15.9847, 15.8484, 26.2985, 15.7992, 15.7992, 15.7992, 15.7992, 15.7992, 15.7992, 15.7992, 15.7992, 15.7992, 35.5352, 15.7992, 15.7992, 41.7671
2.93461, 82, 66.5436, 15.7408, 9.16515, 15.4564, 0, 15.741, 15.7409, 15.8573, 15.7427, 15.7416, 15.7775, 15.9342, 15.7913, 24.3327, 15.7408, 15.7408, 15.7408, 15.7408, 15.7408, 15.7408, 15.7408, 15.7408, 15.7408, 35.9104, 15.7408, 15.7408, 37.382
2.94249, 64, 61.2355, 15.6599, 8.12404, 2.76445, 0, 15.66, 15.66, 15.7763, 15.6618, 15.6607, 15.6889, 15.8613, 15.7116, 22.5906, 15.6599, 15.6599, 15.6599, 15.6599, 15.6599, 15.6599, 15.6599, 15.6599, 15.6599, 36.1255, 15.6599, 15.6599, 33.4377
2.95038, 60, 56.4811, 15.5561, 7.87401, 3.51894, 0, 15.5563, 15.5563, 15.6726, 15.558, 15.5569, 15.5793, 15.7659, 15.6091, 21.067, 15.5561, 15.5561, 15.5561, 15.5561, 15.5561, 15.5561, 15.5561, 15.5561, 15.5561, 36.1691, 15.5561, 15.5561, 29.952
2.95826, 56, 52.2581, 15.43, 7.61577, 3.74194, 0, 15.4302, 15.4301, 15.5465, 15.4319, 15.4308, 15.4487, 15.6483, 15.4843, 19.7496, 15.43, 15.43, 15.43, 15.43, 15.43, 15.43, 15.43, 15.43, 15.43, 36.0364, 15.43, 15.43, 26.9215
2.96614, 46, 48.5263, 15.2828, 6.9282, -2.52632, 0, 15.283, 15.2829, 15.3993, 15.2847, 15.2836, 15.2983, 15.5098, 15.3384, 18.6204, 15.2828, 15.2828, 15.2828, 15.2828, 15.2828, 15.2828, 15.2828, 15.2828, 15.2828, 35.7282, 15.2828, 15.2828, 24.3258
2.97403, 42, 45.2337, 15.1165, 6.63325, -3.23368, 0, 15.1166, 15.1166, 15.233, 15.1184, 15.1173, 15.1297, 15.3524, 15.1734, 17.6588, 15.1165, 15.1165, 15.1165, 15.1165, 15.1165, 15.1165, 15.1165, 15.1165, 15.1165, 35.2503, 15.1165, 15.1165, 22.1321
2.98191, 60, 42.3221, 14.9338, 7.87401, 17.6779, 0, 14.934, 14.934, 15.0503, 14.9357, 14.9346, 14.9456, 15.1789, 14.9921, 16.843, 14.9338, 14.9338, 14.9338, 14.9338, 14.9338, 14.9338, 14.9338, 14.9338, 14.9338, 34.6126, 14.9338, 14.9338, 20.2997
2.98979, 32, 39.7326, 14.7382, 5.83095, -7.73261, 0, 14.7383, 14.7383, 14.8546, 14.74, 14.7389, 14.749, 14.9926, 14.7978, 16.1516, 14.7382, 14.7382, 14.7382, 14.7382, 14.7382, 14.7382, 14.7382, 14.7382, 14.7382, 33.8286, 14.7382, 14.7382, 18.7845
2.99767, 36, 37.4097, 14.5333, 6.16441, -1.40969, 0, 14.5334, 14.5334, 14.6497, 14.5351, 14.534, 14.5437, 14.7972, 14.5943, 15.5649, 14.5333, 14.5333, 14.5333, 14.5333, 14.5333, 14.5333, 14.5333, 14.5333, 14.5333, 32.9147, 14.5333, 14.5333, 17.5418
3.00556, 38, 35.304, 14.3231, 6.32456, 2.69603, 0, 14.3233, 14.3233, 14.4396, 14.325, 14.3239, 14.3335, 14.5968, 14.3858, 15.0655, 14.3231, 14.3231, 14.3231, 14.3231, 14.3231, 14.3231, 14.3231, 14.3231, 14.3231, 31.8899, 14.3231, 14.3231, 16.5287
3.01344, 28, 33.3743, 14.1119, 5.47723, -5.37426, 0, 14.112, 14.112, 14.2283, 14.1137, 14.1126, 14.1226, 14.3954, 14.1763, 14.6386, 14.1119, 14.1119, 14.1119, 14.1119, 14.1119, 14.1119, 14.1119, 14.1119, 14.1119, 30.775, 14.1119, 14.1119, 15.7062
3.02132, 24, 31.5883, 13.9033, 5.09902, -7.58829, 0, 13.9035, 13.9035, 14.0198, 13.9052, 13.9041, 13.9148, 14.197, 13.9698, 14.2719, 13.9033, 13.9033, 13.9033, 13.9033, 13.9033, 13.9033, 13.9033, 13.9033, 13.9033, 29.5922, 13.9033, 13.9033, 15.0398
3.02921, 20, 29.9226, 13.7011, 4.69042, -9.92263, 0, 13.7013, 13.7012, 13.8176, 13.703, 13.7019, 13.7137, 14.0051, 13.7702, 13.9554, 13.7011, 13.7011, 13.7011, 13.7011, 13.7011, 13.7011, 13.7011, 13.7011, 13.7011, 28.3645, 13.7011, 13.7011, 14.4999
3.03709, 28, 28.362, 13.5082, 5.47723, -0.362003, 0, 13.5084, 13.5083, 13.6247, 13.5101, 13.509, 13.5222, 13.8226, 13.5806, 13.6812, 13.5082, 13.5082, 13.5082, 13.5082, 13.5082, 13.5082, 13.5082, 13.5082, 13.5082, 27.115, 13.5082, 13.5082, 14.062
3.04497, 28, 26.898, 13.3271, 5.47723, 1.10197, 0, 13.3272, 13.3272, 13.4435, 13.329, 13.3279, 13.3429, 13.6521, 13.4041, 13.4431, 13.3271, 13.3271, 13.3271, 13.3271, 13.3271, 13.3271, 13.3271, 13.3271, 13.3271, 25.8661, 13.3271, 13.3271, 13.7056
3.05285, 18, 25.5278, 13.1594, 4.47214, -7.52776, 0, 13.1596, 13.1595, 13.2759, 13.1613, 13.1602, 13.1776, 13.4953, 13.243, 13.2362, 13.1594, 13.1594, 13.1594, 13.1594, 13.1594, 13.1594, 13.1594, 13.1594, 13.1594, 24.6387, 13.1594, 13.1594, 13.4146
3.06074, 24, 24.2522, 13.0062, 5.09902, -0.25219, 0, 13.0064, 13.0063, 13.1227, 13.0081, 13.007, 13.0271, 13.3531, 13.0994, 13.0563, 13.0062, 13.0062, 13.0062, 13.0062, 13.0062, 13.0062, 13.0062, 13.0062, 13.0062, 23.4521, 13.0062, 13.0062, 13.1759
3.06862, 20, 23.0748, 12.8678, 4.69042, -3.07476, 0, 12.868, 12.868, 12.9843, 12.8697, 12.8686, 12.892, 13.2259, 12.9751, 12.9001, 12.8678, 12.8678, 12.8678, 12.8678, 12.8678, 12.8678, 12.8678, 12.8678, 12.8678, 22.3225, 12.8678, 12.8678, 12.9791
3.0765, 12, 22.0002, 12.7441, 3.74166, -10.0002, 0, 12.7443, 12.7442, 12.8606, 12.746, 12.7449, 12.772, 13.1134, 12.872, 12.7645, 12.7441, 12.7441, 12.7441, 12.7441, 12.7441, 12.7441, 12.7441, 12.7441, 12.7441, 21.2632, 12.7441, 12.7441, 12.8161
3.08438, 20, 21.0336, 12.6343, 4.69042, -1.03363, 0, 12.6345, 12.6344, 12.7508, 12.6362, 12.6351, 12.6665, 13.0151, 12.7926, 12.6471, 12.6343, 12.6343, 12.6343, 12.6343, 12.6343, 12.6343, 12.6343, 12.6343, 12.6343, 20.2842, 12.6343, 12.6343, 12.6802
3.09227, 20, 20.18, 12.5374, 4.69042, -0.18, 0, 12.5376, 12.5376, 12.6539, 12.5393, 12.5382, 12.5744, 12.9299, 12.7399, 12.5453, 12.5374, 12.5374, 12.5374, 12.5374, 12.5374, 12.5374, 12.5374, 12.5374, 12.5374, 19.3919, 12.5374, 12.5374, 12.5664
3.10015, 12, 19.4439, 12.4524, 3.74166, -7.44394, 0, 12.4525, 12.4525, 12.5688, 12.4542, 12.4531, 12.4946, 12.8566, 12.7184, 12.4572, 12.4524, 12.4524, 12.4524, 12.4524, 12.4524, 12.4524, 12.4524, 12.4524, 12.4524, 18.5893, 12.4524, 12.4524, 12.4703
3.10803, 16, 18.8299, 12.3779, 4.24264, -2.82988, 0, 12.378, 12.378, 12.4943, 12.3797, 12.3786, 12.4257, 12.794, 12.7342, 12.3807, 12.3779, 12.3779, 12.3779, 12.3779, 12.3779, 12.3779, 12.3779, 12.3779, 12.3779, 17.8762, 12.3779, 12.3779, 12.3888
3.11592, 10, 18.3425, 12.3128, 3.4641, -8.34253, 0, 12.313, 12.3129, 12.4293, 12.3147, 12.3136, 12.3666, 12.7411, 12.7955, 12.3145, 12.3128, 12.3128, 12.3128, 12.3128, 12.3128, 12.3128, 12.3128, 12.3128, 12.3128, 17.25, 12.3128, 12.3128, 12.3195
3.1238, 14, 17.9874, 12.2563, 4, -3.98736, 0, 12.2564, 12.2564, 12.3728, 12.2582, 12.2571, 12.3162, 12.6968, 12.9132, 12.2573, 12.2563, 12.2563, 12.2563, 12.2563, 12.2563, 12.2563, 12.2563, 12.2563, 12.2563, 16.7057, 12.2563, 12.2563, 12.2603
3.13168, 12, 17.7713, 12.2076, 3.74166, -5.7713, 0, 12.2077, 12.2077, 12.3241, 12.2095, 12.2084, 12.2736, 12.6605, 13.101, 12.2082, 12.2076, 12.2076, 12.2076, 12.2076, 12.2076, 12.2076, 12.2076, 12.2076, 12.2076, 16.2367, 12.2076, 12.2076, 12.2099
3.13956, 6, 17.7032, 12.1663, 2.82843, -11.7032, 0, 12.1664, 12.1664, 12.2828, 12.1682, 12.1671, 12.2383, 12.6317, 13.3754, 12.1666, 12.1663, 12.1663, 12.1663, 12.1663, 12.1663, 12.1663, 12.1663, 12.1663, 12.1663, 15.8356, 12.1663, 12.1663, 12.1676
3.14745, 10, 17.7944, 12.1322, 3.4641, -7.7944, 0, 12.1323, 12.1323, 12.2486, 12.1341, 12.133, 12.2098, 12.6103, 13.756, 12.1324, 12.1322, 12.1322, 12.1322, 12.1322, 12.1322, 12.1322, 12.1322, 12.1322, 12.1322, 15.4944, 12.1322, 12.1322, 12.133
3.15533, 18, 18.0585, 12.1053, 4.47214, -0.0584812, 0, 12.1055, 12.1054, 12.2218, 12.1072, 12.1061, 12.1881, 12.5963, 14.2648, 12.1054, 12.1053, 12.1053, 12.1053, 12.1053, 12.1053, 12.1053, 12.1053, 12.1053, 12.1053, 15.2053, 12.1053, 12.1053, 12.1058
3.16321, 16, 18.5112, 12.0859, 4.24264, -2.51119, 0, 12.0861, 12.0861, 12.2024, 12.0878, 12.0867, 12.1732, 12.5899, 14.9255, 12.086, 12.0859, 12.0859, 12.0859, 12.0859, 12.0859, 12.0859, 12.0859, 12.0859, 12.0859, 14.9607, 12.0859, 12.0859, 12.0862
3.1711, 16, 19.1696, 12.0743, 4.24264, -3.16956, 0, 12.0745, 12.0744, 12.1908, 12.0762, 12.0751, 12.1651, 12.5914, 15.7625, 12.0743, 12.0743, 12.0743, 12.0743, 12.0743, 12.0743, 12.0743, 12.0743, 12.0743, 12.0743, 14.7539, 12.0743, 12.0743, 12.0744
3.17898, 22, 20.0506, 12.0708, 4.89898, 1.94939, 0, 12.071, 12.0709, 12.1873, 12.0727, 12.0716, 12.1642, 12.6013, 16.7994, 12.0708, 12.0708, 12.0708, 12.0708, 12.0708, 12.0708, 12.0708, 12.0708, 12.0708, 12.0708, 14.5787, 12.0708, 12.0708, 12.0709
3.18686, 14, 21.1698, 12.0758, 4, -7.16975, 0, 12.076, 12.0759, 12.1923, 12.0777, 12.0766, 12.1706, 12.6197, 18.0571, 12.0758, 12.0758, 12.0758, 12.0758, 12.0758, 12.0758, 12.0758, 12.0758, 12.0758, 12.0758, 14.4302, 12.0758, 12.0758, 12.0758
3.19474, 24, 22.5384, 12.0895, 5.09902, 1.46164, 0, 12.0897, 12.0896, 12.206, 12.0914, 12.0903, 12.1846, 12.6471, 19.5515, 12.0895, 12.0895, 12.0895, 12.0895, 12.0895, 12.0895, 12.0895, 12.0895, 12.0895, 12.0895, 14.3043, 12.0895, 12.0895, 12.0895
3.20263, 26, 24.162, 12.112, 5.2915, 1.83798, 0, 12.1122, 12.1121, 12.2285, 12.1139, 12.1128, 12.2062, 12.6834, 21.2915, 12.112, 12.112, 12.112, 12.112, 12.112, 12.112, 12.112, 12.112, 12.112, 12.112, 14.1975, 12.112, 12.112, 12.112
3.21051, 30, 26.0374, 12.1433, 5.65685, 3.96263, 0, 12.1435, 12.1434, 12.2598, 12.1452, 12.1441, 12.2355, 12.7286, 23.2764, 12.1433, 12.1433, 12.1433, 12.1433, 12.1433, 12.1433, 12.1433, 12.1433, 12.1433, 12.1433, 14.1074, 12.1433, 12.1434, 12.1433
3.21839, 30, 28.1507, 12.1832, 5.65685, 1.84929, 0, 12.1833, 12.1833, 12.2996, 12.1851, 12.184, 12.2722, 12.7826, 25.494, 12.1832, 12.1832, 12.1832, 12.1832, 12.1832, 12.1832, 12.1832, 12.1832, 12.1832, 12.1832, 14.032, 12.1832, 12.1832, 12.1832
3.22628, 28, 30.4756, 12.2312, 5.47723, -2.47565, 0, 12.2314, 12.2314, 12.3477, 12.2331, 12.232, 12.3162, 12.8449, 27.9189, 12.2312, 12.2312, 12.2312, 12.2312, 12.2312, 12.2312, 12.2312, 12.2312, 12.2312, 12.2312, 13.9698, 12.2312, 12.2313, 12.2312
3.23416, 26, 32.9723, 12.2869, 5.2915, -6.97229, 0, 12.2871, 12.2871, 12.4034, 12.2888, 12.2877, 12.3671, 12.915, 30.5117, 12.2869, 12.2869, 12.2869, 12.2869, 12.2869, 12.2869, 12.2869, 12.2869, 12.2869, 12.2869, 13.9198, 12.2869, 12.2871, 12.2869
3.24204, 26, 35.5872, 12.3496, 5.2915, -9.5872, 0, 12.3497, 12.3497, 12.466, 12.3515, 12.3504, 12.4243, 12.9923, 33.2188, 12.3496, 12.3496, 12.3496, 12.3496, 12.3496, 12.3496, 12.3496, 12.3496, 12.3496, 12.3496, 13.881, 12.3496, 12.3498, 12.3496
3.24992, 48, 38.2539, 12.4184, 7.07107, 9.74609, 0, 12.4185, 12.4185, 12.5348, 12.4203, 12.4192, 12.4872, 13.0758, 35.9735, 12.4184, 12.4184, 12.4184, 12.4184, 12.4184, 12.4184, 12.4184, 12.4184, 12.4184, 12.4184, 13.8528, 12.4184, 12.4187, 12.4184
3.25781, 44, 40.8959, 12.4925, 6.78233, 3.10406, 0, 12.4926, 12.4926, 12.6089, 12.4944, 12.4933, 12.5551, 13.1648, 38.699, 12.4925, 12.4925, 12.4925, 12.4925, 12.4925, 12.4925, 12.4925, 12.4925, 12.4925, 12.4925, 13.8346, 12.4925, 12.493, 12.4925
3.26569, 36, 43.4288, 12.5709, 6.16441, -7.42882, 0, 12.5711, 12.571, 12.6874, 12.5728, 12.5717, 12.6273, 13.2582, 41.3102, 12.5709, 12.5709, 12.5709, 12.5709, 12.5709, 12.5709, 12.5709, 12.5709, 12.5709, 12.5709, 13.8257, 12.5709, 12.5717, 12.5709
3.27357, 70, 45.7655, 12.6527, 8.48528, 24.2345, 0, 12.6529, 12.6529, 12.7692, 12.6546, 12.6535, 12.703, 13.3552, 43.7195, 12.6527, 12.6527, 12.6527, 12.6527, 12.6527, 12.6527, 12.6527, 12.6527, 12.6527, 12.6527, 13.8255, 12.6527, 12.6539, 12.6527
3.28146, 64, 47.8202, 12.737, 8.12404, 16.1798, 0, 12.7371, 12.7371, 12.8534, 12.7389, 12.7378, 12.7813, 13.4547, 45.8409, 12.737, 12.737, 12.737, 12.737, 12.737, 12.737, 12.737, 12.737, 12.737, 12.737, 13.8331, 12.737, 12.7386, 12.737
3.28934, 58, 49.5142, 12.8227, 7.74597, 8.48576, 0, 12.8228, 12.8228, 12.9391, 12.8246, 12.8235, 12.8615, 13.5558, 47.5952, 12.8227, 12.8227, 12.8227, 12.8227, 12.8227, 12.8227, 12.8227, 12.8227, 12.8227, 12.8227, 13.848, 12.8227, 12.825, 12.8227
3.29722, 64, 50.7805, 12.9089, 8.12404, 13.2195, 0, 12.9091, 12.9091, 13.0254, 12.9108, 12.9097, 12.9427, 13.6577, 48.9151, 12.9089, 12.9089, 12.9089, 12.9089, 12.9089, 12.9089, 12.9089, 12.9089, 12.9089, 12.9089, 13.8691, 12.9089, 12.9122, 12.9089
3.3051, 38, 51.568, 12.9949, 6.32456, -13.568, 0, 12.995, 12.995, 13.1113, 12.9968, 12.9957, 13.024, 13.7593, 49.7498, 12.9949, 12.9949, 12.9949, 12.9949, 12.9949, 12.9949, 12.9949, 12.9949, 12.9949, 12.9949, 13.8955, 12.9949, 12.9995, 12.9949
3.31299, 62, 51.8457, 13.0797, 8, 10.1543, 0, 13.0799, 13.0799, 13.1962, 13.0816, 13.0805, 13.1048, 13.86, 50.0681, 13.0797, 13.0797, 13.0797, 13.0797, 13.0797, 13.0797, 13.0797, 13.0797, 13.0797, 13.0797, 13.9262, 13.0797, 13.086, 13.0797
3.32087, 54, 51.6038, 13.1628, 7.48331, 2.39619, 0, 13.1629, 13.1629, 13.2792, 13.1646, 13.1635, 13.1843, 13.9591, 49.8606, 13.1628, 13.1628, 13.1628, 13.1628, 13.1628, 13.1628, 13.1628, 13.1628, 13.1628, 13.1628, 13.9603, 13.1628, 13.1712, 13.1628
3.32875, 46, 50.8552, 13.2434, 6.9282, -4.85516, 0, 13.2435, 13.2435, 13.3598, 13.2453, 13.2442, 13.2619, 14.0559, 49.1402, 13.2434, 13.2434, 13.2434, 13.2434, 13.2434, 13.2434, 13.2434, 13.2434, 13.2434, 13.2434, 13.9968, 13.2434, 13.2545, 13.2434
3.33663, 60, 49.6337, 13.3211, 7.87401, 10.3663, 0, 13.3213, 13.3212, 13.4376, 13.323, 13.3219, 13.337, 14.15, 47.9412, 13.3211, 13.3211, 13.3211, 13.3211, 13.3211, 13.3211, 13.3211, 13.3211, 13.3211, 13.3211, 14.0348, 13.3211, 13.3356, 13.3211
3.34452, 66, 47.9922, 13.3955, 8.24621, 18.0078, 0, 13.3957, 13.3957, 13.512, 13.3974, 13.3963, 13.4094, 14.2412, 46.3169, 13.3955, 13.3955, 13.3955, 13.3955, 13.3955, 13.3955, 13.3955, 13.3955, 13.3955, 13.3955, 14.0733, 13.3955, 13.4142, 13.3955
3.3524, 56, 45.9989, 13.4665, 7.61577, 10.0011, 0, 13.4666, 13.4666, 13.583, 13.4684, 13.4673, 13.4786, 14.3294, 44.3355, 13.4665, 13.4665, 13.4665, 13.4665, 13.4665, 13.4665, 13.4665, 13.4665, 13.4665, 13.4665, 14.1118, 13.4665, 13.4902, 13.4665
3.36028, 48, 43.7329, 13.5339, 7.07107, 4.26715, 0, 13.534, 13.534, 13.6503, 13.5357, 13.5347, 13.5446, 14.4147, 42.0766, 13.5339, 13.5339, 13.5339, 13.5339, 13.5339, 13.5339, 13.5339, 13.5339, 13.5339, 13.5339, 14.1495, 13.5339, 13.5634, 13.5339
3.36817, 38, 41.2788, 13.5977, 6.32456, -3.27882, 0, 13.5979, 13.5979, 13.7142, 13.5996, 13.5985, 13.6075, 14.4977, 39.6249, 13.5977, 13.5977, 13.5977, 13.5977, 13.5977, 13.5977, 13.5977, 13.5977, 13.5977, 13.5977, 14.1861, 13.5977, 13.6341, 13.5977
3.37605, 44, 38.7233, 13.6583, 6.78233, 5.27668, 0, 13.6585, 13.6585, 13.7748, 13.6602, 13.6592, 13.6673, 14.5793, 37.0667, 13.6583, 13.6583, 13.6583, 13.6583, 13.6583, 13.6583, 13.6583, 13.6583, 13.6583, 13.6583, 14.2214, 13.6583, 13.7025, 13.6583
3.38393, 32, 36.1491, 13.716, 5.83095, -4.14913, 0, 13.7162, 13.7162, 13.8325, 13.7179, 13.7169, 13.7244, 14.6613, 34.484, 13.716, 13.716, 13.716, 13.716, 13.716, 13.716, 13.716, 13.716, 13.716, 13.716, 14.2553, 13.716, 13.7689, 13.716
3.39181, 50, 33.6327, 13.7713, 7.2111, 16.3673, 0, 13.7715, 13.7715, 13.8878, 13.7732, 13.7722, 13.7793, 14.746, 31.9518, 13.7713, 13.7713, 13.7713, 13.7713, 13.7713, 13.7713, 13.7713, 13.7713, 13.7713, 13.7713, 14.2878, 13.7713, 13.8336, 13.7713
3.3997, 30, 31.2412, 13.8248, 5.65685, -1.24115, 0, 13.825, 13.825, 13.9413, 13.8267, 13.8257, 13.8325, 14.8373, 29.5345, 13.8248, 13.8248, 13.8248, 13.8248, 13.8248, 13.8248, 13.8248, 13.8248, 13.8248, 13.8248, 14.3194, 13.8248, 13.8972, 13.8248
3.40758, 26, 29.0313, 13.8772, 5.2915, -3.03128, 0, 13.8774, 13.8774, 13.9937, 13.8791, 13.8782, 13.8848, 14.9409, 27.2845, 13.8772, 13.8772, 13.8772, 13.8772, 13.8772, 13.8772, 13.8772, 13.8772, 13.8772, 13.8772, 14.3504, 13.8772, 13.9602, 13.8772
3.41546, 12, 27.0497, 13.9293, 3.74166, -15.0497, 0, 13.9294, 13.9294, 14.0458, 13.9312, 13.9303, 13.9368, 15.0651, 25.2411, 13.9293, 13.9293, 13.9293, 13.9293, 13.9293, 13.9293, 13.9293, 13.9293, 13.9293, 13.9293, 14.3813, 13.9293, 14.0229, 13.9293
3.42335, 16, 25.3338, 13.9817, 4.24264, -9.33383, 0, 13.9819, 13.9819, 14.0982, 13.9836, 13.9828, 13.9892, 15.2223, 23.4307, 13.9817, 13.9817, 13.9817, 13.9817, 13.9817, 13.9817, 13.9817, 13.9817, 13.9817, 13.9817, 14.4129, 13.9817, 14.086, 13.9817
3.43123, 16, 23.915, 14.0353, 4.24264, -7.91502, 0, 14.0355, 14.0354, 14.1518, 14.0372, 14.0365, 14.0428, 15.4304, 21.8679, 14.0353, 14.0353, 14.0353, 14.0353, 14.0353, 14.0353, 14.0353, 14.0353, 14.0353, 14.0353, 14.4456, 14.0353, 14.1497, 14.0353
3.43911, 20, 22.8218, 14.0907, 4.69042, -2.82177, 0, 14.0909, 14.0908, 14.2072, 14.0926, 14.0921, 14.0983, 15.715, 20.5567, 14.0907, 14.0907, 14.0907, 14.0907, 14.0907, 14.0907, 14.0907, 14.0907, 14.0907, 14.0907, 14.4801, 14.0907, 14.2145, 14.0907
3.44699, 20, 22.0848, 14.1485, 4.69042, -2.08481, 0, 14.1487, 14.1487, 14.265, 14.1504, 14.1501, 14.1563, 16.1124, 19.4925, 14.1485, 14.1485, 14.1485, 14.1485, 14.1485, 14.1485, 14.1485, 14.1485, 14.1485, 14.1485, 14.5171, 14.1485, 14.2806, 14.1485
3.45488, 18, 21.7424, 14.2093, 4.47214, -3.74244, 0, 14.2095, 14.2095, 14.3258, 14.2112, 14.2111, 14.2173, 16.6728, 18.664, 14.2093, 14.2093, 14.2093, 14.2093, 14.2093, 14.2093, 14.2093, 14.2093, 14.2093, 14.2093, 14.557, 14.2093, 14.3482, 14.2093
3.46276, 8, 21.8467, 14.2734, 3.16228, -13.8467, 0, 14.2736, 14.2736, 14.3899, 14.2753, 14.2756, 14.2816, 17.4654, 18.055, 14.2734, 14.2734, 14.2734, 14.2734, 14.2734, 14.2734, 14.2734, 14.2734, 14.2734, 14.2734, 14.6004, 14.2734, 14.4174, 14.2734
3.47064, 16, 22.4702, 14.3411, 4.24264, -6.47021, 0, 14.3413, 14.3413, 14.4576, 14.343, 14.3438, 14.3495, 18.5825, 17.6458, 14.3411, 14.3411, 14.3411, 14.3411, 14.3411, 14.3411, 14.3411, 14.3411, 14.3411, 14.3411, 14.6474, 14.3411, 14.4883, 14.3411
3.47853, 10, 23.7131, 14.4126, 3.4641, -13.7131, 0, 14.4127, 14.4127, 14.529, 14.4145, 14.4157, 14.4212, 20.146, 17.415, 14.4126, 14.4126, 14.4126, 14.4126, 14.4126, 14.4126, 14.4126, 14.4126, 14.4126, 14.4126, 14.6984, 14.4126, 14.561, 14.4126
3.48641, 36, 25.7097, 14.4877, 6.16441, 10.2903, 0, 14.4879, 14.4879, 14.6042, 14.4896, 14.4916, 14.4966, 22.3128, 17.3399, 14.4877, 14.4877, 14.4877, 14.4877, 14.4877, 14.4877, 14.4877, 14.4877, 14.4877, 14.4877, 14.7535, 14.4877, 14.6353, 14.4877
3.49429, 18, 28.6354, 14.5665, 4.47214, -10.6354, 0, 14.5667, 14.5666, 14.683, 14.5684, 14.5713, 14.5756, 25.2809, 17.3977, 14.5665, 14.5665, 14.5665, 14.5665, 14.5665, 14.5665, 14.5665, 14.5665, 14.5665, 14.5665, 14.8126, 14.5665, 14.7111, 14.5665
3.50217, 34, 32.7117, 14.6487, 6, 1.28826, 0, 14.6488, 14.6488, 14.7652, 14.6506, 14.6546, 14.6581, 29.2938, 17.5658, 14.6487, 14.6487, 14.6487, 14.6487, 14.6487, 14.6487, 14.6487, 14.6487, 14.6487, 14.6487, 14.8756, 14.6487, 14.7885, 14.6487
3.51006, 34, 38.209, 14.734, 6, -4.20895, 0, 14.7342, 14.7342, 14.8505, 14.7359, 14.7414, 14.7438, 34.6436, 17.822, 14.734, 14.734, 14.734, 14.734, 14.734, 14.734, 14.734, 14.734, 14.734, 14.734, 14.9425, 14.734, 14.8674, 14.734
3.51794, 32, 45.4481, 14.8222, 5.83095, -13.4481, 0, 14.8224, 14.8223, 14.9387, 14.8241, 14.8313, 14.8322, 41.6722, 18.1445, 14.8222, 14.8222, 14.8222, 14.8222, 14.8222, 14.8222, 14.8222, 14.8222, 14.8222, 14.8222, 15.0128, 14.8222, 14.9476, 14.8222
3.52582, 60, 54.7947, 14.9128, 7.87401, 5.20533, 0, 14.913, 14.913, 15.0293, 14.9147, 14.9239, 14.9232, 50.7654, 18.5122, 14.9128, 14.9128, 14.9128, 14.9128, 14.9128, 14.9128, 14.9128, 14.9128, 14.9128, 14.9128, 15.0864, 14.9128, 15.0291, 14.9128
3.53371, 64, 66.6537, 15.0056, 8.12404, -2.65369, 0, 15.0057, 15.0057, 15.122, 15.0074, 15.0191, 15.0162, 62.3478, 18.905, 15.0056, 15.0056, 15.0056, 15.0056, 15.0056, 15.0056, 15.0056, 15.0056, 15.0056, 15.0056, 15.1629, 15.0056, 15.1119, 15.0056
3.54159, 76, 81.4501, 15.1, 8.83176, -5.45007, 0, 15.1002, 15.1002, 15.2165, 15.1019, 15.1164, 15.1111, 76.8626, 19.3035, 15.1, 15.1, 15.1, 15.1, 15.1, 15.1, 15.1, 15.1, 15.1, 15.1, 15.242, 15.1, 15.1959, 15.1
3.54947, 130, 99.6136, 15.1959, 11.4891, 30.3864, 0, 15.1961, 15.196, 15.3124, 15.1978, 15.2157, 15.2073, 94.7568, 19.69, 15.1959, 15.1959, 15.1959, 15.1959, 15.1959, 15.1959, 15.1959, 15.1959, 15.1959, 15.1959, 15.3235, 15.1959, 15.2813, 15.1959
3.55735, 130, 121.544, 15.2929, 11.4891, 8.45576, 0, 15.2931, 15.2931, 15.4094, 15.2948, 15.3164, 15.3047, 116.446, 20.0481, 15.2929, 15.2929, 15.2929, 15.2929, 15.2929, 15.2929, 15.2929, 15.2929, 15.2929, 15.2929, 15.4071, 15.2929, 15.3678, 15.2929
3.56524, 148, 147.583, 15.3908, 12.2474, 0.41745, 0, 15.391, 15.391, 15.5073, 15.3927, 15.4185, 15.403, 142.285, 20.3637, 15.3908, 15.3908, 15.3908, 15.3908, 15.3908, 15.3908, 15.3908, 15.3908, 15.3908, 15.3908, 15.4925, 15.3908, 15.4557, 15.3908
3.57312, 198, 177.973, 15.4894, 14.1421, 20.0269, 0, 15.4896, 15.4895, 15.6059, 15.4913, 15.5218, 15.5019, 172.528, 20.6253, 15.4894, 15.4894, 15.4894, 15.4894, 15.4894, 15.4894, 15.4894, 15.4894, 15.4894, 15.4894, 15.5796, 15.4894, 15.5448, 15.4894
3.581, 234, 212.814, 15.5885, 15.3623, 21.1858, 0, 15.5887, 15.5887, 15.705, 15.5904, 15.6259, 15.6014, 207.283, 20.8241, 15.5885, 15.5885, 15.5885, 15.5885, 15.5885, 15.5885, 15.5885, 15.5885, 15.5885, 15.5885, 15.6682, 15.5885, 15.6352, 15.5885
3.58889, 290, 252.033, 15.6881, 17.088, 37.9671, 0, 15.6883, 15.6883, 15.8046, 15.69, 15.7308, 15.7015, 246.483, 20.9547, 15.6881, 15.6881, 15.6881, 15.6881, 15.6881, 15.6881, 15.6881, 15.6881, 15.6881, 15.6881, 15.7582, 15.6881, 15.7269, 15.6881
3.59677, 318, 295.332, 15.7882, 17.8885, 22.668, 0, 15.7883, 15.7883, 15.9046, 15.79, 15.8363, 15.8019, 289.832, 21.0149, 15.7882, 15.7882, 15.7882, 15.7882, 15.7882, 15.7882, 15.7882, 15.7882, 15.7882, 15.7882, 15.8494, 15.7882, 15.82, 15.7882
3.60465, 388, 342.184, 15.8886, 19.7484, 45.8155, 0, 15.8887, 15.8887, 16.0051, 15.8905, 15.9423, 15.9027, 336.802, 21.0057, 15.8886, 15.8886, 15.8886, 15.8886, 15.8886, 15.8886, 15.8886, 15.8886, 15.8886, 15.8886, 15.942, 15.8886, 15.9143, 15.8886
3.61253, 404, 391.801, 15.9895, 20.1494, 12.1993, 0, 15.9896, 15.9896, 16.1059, 15.9914, 16.0487, 16.004, 386.6, 20.9313, 15.9895, 15.9895, 15.9895, 15.9895, 15.9895, 15.9895, 15.9895, 15.9895, 15.9895, 15.9895, 16.0358, 15.9895, 16.01, 15.9895
3.62042, 424, 443.146, 16.0908, 20.6398, -19.1458, 0, 16.091, 16.091, 16.2073, 16.0927, 16.1553, 16.1058, 438.184, 20.7988, 16.0908, 16.0908, 16.0908, 16.0908, 16.0908, 16.0908, 16.0908, 16.0908, 16.0908, 16.0908, 16.1308, 16.0908, 16.107, 16.0908
3.6283, 540, 494.964, 16.1928, 23.2809, 45.0357, 0, 16.1929, 16.1929, 16.3093, 16.1947, 16.2622, 16.2082, 490.29, 20.617, 16.1928, 16.1928, 16.1928, 16.1928, 16.1928, 16.1928, 16.1928, 16.1928, 16.1928, 16.1928, 16.2272, 16.1928, 16.2053, 16.1928
3.63618, 582, 545.807, 16.2954, 24.1661, 36.1928, 0, 16.2955, 16.2955, 16.4118, 16.2973, 16.369, 16.3113, 541.459, 20.3966, 16.2954, 16.2954, 16.2954, 16.2954, 16.2954, 16.2954, 16.2954, 16.2954, 16.2954, 16.2954, 16.3248, 16.2954, 16.305, 16.2954
3.64406, 650, 594.116, 16.3987, 25.5343, 55.8837, 0, 16.3988, 16.3988, 16.5151, 16.4006, 16.4759, 16.415, 590.121, 20.1491, 16.3987, 16.3987, 16.3987, 16.3987, 16.3987, 16.3987, 16.3987, 16.3987, 16.3987, 16.3987, 16.4237, 16.3987, 16.406, 16.3987
3.65195, 666, 638.279, 16.5028, 25.8457, 27.7209, 0, 16.5029, 16.5029, 16.6192, 16.5047, 16.5828, 16.5196, 634.654, 19.886, 16.5028, 16.5028, 16.5028, 16.5028, 16.5028, 16.5028, 16.5028, 16.5028, 16.5028, 16.5028, 16.524, 16.5028, 16.5082, 16.5028
3.65983, 730, 676.738, 16.6077, 27.0555, 53.2623, 0, 16.6079, 16.6078, 16.7242, 16.6096, 16.6895, 16.625, 673.487, 19.6186, 16.6077, 16.6077, 16.6077, 16.6077, 16.6077, 16.6077, 16.6077, 16.6077, 16.6077, 16.6077, 16.6257, 16.6077, 16.6117, 16.6077
3.66771, 776, 708.062, 16.7135, 27.8927, 67.938, 0, 16.7137, 16.7137, 16.83, 16.7154, 16.7961, 16.7313, 705.181, 19.3569, 16.7135, 16.7135, 16.7135, 16.7135, 16.7135, 16.7135, 16.7135, 16.7135, 16.7135, 16.7135, 16.7286, 16.7135, 16.7164, 16.7135
3.6756, 792, 731.05, 16.8203, 28.178, 60.9501, 0, 16.8204, 16.8204, 16.9367, 16.8221, 16.9026, 16.8385, 728.526, 19.1099, 16.8203, 16.8203, 16.8203, 16.8203, 16.8203, 16.8203, 16.8203, 16.8203, 16.8203, 16.8203, 16.8329, 16.8203, 16.8223, 16.8203
3.68348, 678, 744.802, 16.9279, 26.0768, -66.8023, 0, 16.9281, 16.9281, 17.0444, 16.9298, 17.0089, 16.9467, 742.615, 18.8846, 16.9279, 16.9279, 16.9279, 16.9279, 16.9279, 16.9279, 16.9279, 16.9279, 16.9279, 16.9279, 16.9385, 16.9279, 16.9294, 16.9279
3.69136, 774, 748.776, 17.0365, 27.8568, 25.2242, 0, 17.0367, 17.0366, 17.153, 17.0384, 17.1152, 17.0558, 746.9, 18.6863, 17.0365, 17.0365, 17.0365, 17.0365, 17.0365, 17.0365, 17.0365, 17.0365, 17.0365, 17.0365, 17.0453, 17.0365, 17.0376, 17.0365
3.69924, 686, 742.826, 17.146, 26.2298, -56.8257, 0, 17.1462, 17.1461, 17.2625, 17.1479, 17.2215, 17.1658, 741.231, 18.5185, 17.146, 17.146, 17.146, 17.146, 17.146, 17.146, 17.146, 17.146, 17.146, 17.146, 17.1533, 17.146, 17.1467, 17.146
3.70713, 704, 727.21, 17.2564, 26.5707, -23.2098, 0, 17.2565, 17.2565, 17.3729, 17.2583, 17.3279, 17.2767, 725.866, 18.383, 17.2564, 17.2564, 17.2564, 17.2564, 17.2564, 17.2564, 17.2564, 17.2564, 17.2564, 17.2564, 17.2623, 17.2564, 17.2569, 17.2564
3.71501, 700, 702.572, 17.3676, 26.4953, -2.57245, 0, 17.3678, 17.3677, 17.4841, 17.3695, 17.4344, 17.3885, 701.448, 18.2801, 17.3676, 17.3676, 17.3676, 17.3676, 17.3676, 17.3676, 17.3676, 17.3676, 17.3676, 17.3676, 17.3725, 17.3676, 17.3679, 17.3676
3.72289, 676, 669.899, 17.4796, 26.0384, 6.10089, 0, 17.4798, 17.4797, 17.5961, 17.4815, 17.5413, 17.501, 668.964, 18.2089, 17.4796, 17.4796, 17.4796, 17.4796, 17.4796, 17.4796, 17.4796, 17.4796, 17.4796, 17.4796, 17.4836, 17.4796, 17.4798, 17.4796
3.73078, 620, 630.454, 17.5924, 24.9399, -10.4536, 0, 17.5925, 17.5925, 17.7088, 17.5942, 17.6486, 17.6143, 629.678, 18.1675, 17.5924, 17.5924, 17.5924, 17.5924, 17.5924, 17.5924, 17.5924, 17.5924, 17.5924, 17.5924, 17.5956, 17.5924, 17.5925, 17.5924
3.73866, 568, 585.689, 17.7058, 23.8747, -17.6893, 0, 17.706, 17.706, 17.8223, 17.7077, 17.7564, 17.7283, 585.047, 18.1535, 17.7058, 17.7058, 17.7058, 17.7058, 17.7058, 17.7058, 17.7058, 17.7058, 17.7058, 17.7058, 17.7084, 17.7058, 17.7059, 17.7058
3.74654, 572, 537.178, 17.8199, 23.9583, 34.8219, 0, 17.8201, 17.8201, 17.9364, 17.8218, 17.8649, 17.843, 536.646, 18.1637, 17.8199, 17.8199, 17.8199, 17.8199, 17.8199, 17.8199, 17.8199, 17.8199, 17.8199, 17.8199, 17.822, 17.8199, 17.82, 17.8199
3.75442, 476, 486.498, 17.9347, 21.8632, -10.4984, 0, 17.9348, 17.9348, 18.0511, 17.9365, 17.9741, 17.9583, 486.054, 18.1952, 17.9347, 17.9347, 17.9347, 17.9347, 17.9347, 17.9347, 17.9347, 17.9347, 17.9347, 17.9347, 17.9363, 17.9347, 17.9347, 17.9347
3.76231, 462, 435.176, 18.0499, 21.5407, 26.8242, 0, 18.0501, 18.0501, 18.1664, 18.0518, 18.0842, 18.0741, 434.802, 18.2449, 18.0499, 18.0499, 18.0499, 18.0499, 18.0499, 18.0499, 18.0499, 18.0499, 18.0499, 18.0499, 18.0513, 18.0499, 18.05, 18.0499
3.77019, 374, 384.595, 18.1657, 19.3907, -10.5952, 0, 18.1659, 18.1659, 18.2822, 18.1676, 18.1951, 18.1905, 384.277, 18.3097, 18.1657, 18.1657, 18.1657, 18.1657, 18.1657, 18.1657, 18.1657, 18.1657, 18.1657, 18.1657, 18.1668, 18.1657, 18.1658, 18.1657
3.77807, 332, 335.956, 18.282, 18.2757, -3.95557, 0, 18.2822, 18.2821, 18.3985, 18.2839, 18.3069, 18.3074, 335.681, 18.3869, 18.282, 18.282, 18.282, 18.282, 18.282, 18.282, 18.282, 18.282, 18.282, 18.282, 18.2829, 18.282, 18.2821, 18.282
3.78596, 324, 290.233, 18.3987, 18.0555, 33.7665, 0, 18.3989, 18.3989, 18.5152, 18.4006, 18.4195, 18.4247, 289.992, 18.4742, 18.3987, 18.3987, 18.3987, 18.3987, 18.3987, 18.3987, 18.3987, 18.3987, 18.3987, 18.3987, 18.3994, 18.3987, 18.3988, 18.3987
3.79384, 258, 248.161, 18.5159, 16.1245, 9.83936, 0, 18.516, 18.516, 18.6323, 18.5178, 18.5331, 18.5424, 247.944, 18.5694, 18.5159, 18.5159, 18.5159, 18.5159, 18.5159, 18.5159, 18.5159, 18.5159, 18.5159, 18.5159, 18.5164, 18.5159, 18.516, 18.5159
3.80172, 230, 210.239, 18.6334, 15.2315, 19.7608, 0, 18.6335, 18.6335, 18.7498, 18.6353, 18.6475, 18.6605, 210.041, 18.6709, 18.6334, 18.6334, 18.6334, 18.6334, 18.6334, 18.6334, 18.6334, 18.6334, 18.6334, 18.6334, 18.6338, 18.6334, 18.6336, 18.6334
3.8096, 208, 176.739, 18.7512, 14.4914, 31.2607, 0, 18.7513, 18.7513, 18.8677, 18.7531, 18.7626, 18.779, 176.555, 18.7771, 18.7512, 18.7512, 18.7512, 18.7512, 18.7512, 18.7512, 18.7512, 18.7512, 18.7512, 18.7512, 18.7515, 18.7512, 18.7515, 18.7512
3.81749, 144, 147.744, 18.8692, 12.083, -3.74377, 0, 18.8694, 18.8694, 18.9857, 18.8711, 18.8784, 18.8976, 147.569, 18.8869, 18.8692, 18.8692, 18.8692, 18.8692, 18.8692, 18.8692, 18.8692, 18.8692, 18.8692, 18.8692, 18.8695, 18.8692, 18.8697, 18.8692
3.82537, 138, 123.171, 18.9874, 11.8322, 14.8289, 0, 18.9876, 18.9876, 19.1039, 18.9893, 18.9948, 19.0165, 123.003, 18.9994, 18.9874, 18.9874, 18.9874, 18.9874, 18.9874, 18.9874, 18.9874, 18.9874, 18.9874, 18.9874, 18.9876, 18.9874, 18.9881, 18.9874
3.83325, 104, 102.818, 19.1056, 10.2956, 1.18176, 0, 19.1058, 19.1058, 19.2221, 19.1076, 19.1115, 19.1353, 102.655, 19.1136, 19.1056, 19.1056, 19.1056, 19.1056, 19.1056, 19.1056, 19.1056, 19.1056, 19.1056, 19.1056, 19.1058, 19.1056, 19.1066, 19.1056
3.84113, 96, 86.3986, 19.2238, 9.8995, 9.60138, 0, 19.2239, 19.2239, 19.3402, 19.2257, 19.2284, 19.2541, 86.2382, 19.229, 19.2238, 19.2238, 19.2238, 19.2238, 19.2238, 19.2238, 19.2238, 19.2238, 19.2238, 19.2238, 19.2239, 19.2238, 19.2252, 19.2238
3.84902, 78, 73.5739, 19.3415, 8.94427, 4.42612, 0, 19.3417, 19.3417, 19.458, 19.3435, 19.3452, 19.3725, 73.415, 19.3449, 19.3415, 19.3415, 19.3415, 19.3415, 19.3415, 19.3415, 19.3415, 19.3415, 19.3415, 19.3415, 19.3416, 19.3415, 19.3436, 19.3415
3.8569, 84, 63.9885, 19.4587, 9.27362, 20.0115, 0, 19.4589, 19.4589, 19.5752, 19.4607, 19.4616, 19.4904, 63.8302, 19.4609, 19.4587, 19.4587, 19.4587, 19.4587, 19.4587, 19.4587, 19.4587, 19.4587, 19.4587, 19.4587, 19.4588, 19.4587, 19.4616, 19.4587
3.86478, 68, 57.287, 19.575, 8.3666, 10.713, 0, 19.5752, 19.5752, 19.6915, 19.5771, 19.5774, 19.6073, 57.1282, 19.5764, 19.575, 19.575, 19.575, 19.575, 19.575, 19.575, 19.575, 19.575, 19.575, 19.575, 19.5751, 19.575, 19.579, 19.575
3.87267, 80, 53.1342, 19.69, 9.05539, 26.8658, 0, 19.6901, 19.6901, 19.8065, 19.6921, 19.6919, 19.7229, 52.9743, 19.6908, 19.69, 19.69, 19.69, 19.69, 19.69, 19.69, 19.69, 19.69, 19.69, 19.69, 19.69, 19.69, 19.6954, 19.69
3.88055, 62, 51.222, 19.8032, 8, 10.778, 0, 19.8033, 19.8033, 19.9196, 19.8054, 19.8047, 19.8368, 51.06, 19.8037, 19.8032, 19.8032, 19.8032, 19.8032, 19.8032, 19.8032, 19.8032, 19.8032, 19.8032, 19.8032, 19.8032, 19.8032, 19.8104, 19.8032
3.88843, 56, 51.2726, 19.9139, 7.61577, 4.72743, 0, 19.914, 19.914, 20.0303, 19.9162, 19.9152, 19.9482, 51.1079, 19.9142, 19.9139, 19.9139, 19.9139, 19.9139, 19.9139, 19.9139, 19.9139, 19.9139, 19.9139, 19.9139, 19.9139, 19.9139, 19.9235, 19.9139
3.89631, 66, 53.037, 20.0215, 8.24621, 12.963, 0, 20.0217, 20.0216, 20.138, 20.024, 20.0226, 20.0565, 52.8689, 20.0217, 20.0215, 20.0215, 20.0215, 20.0215, 20.0215, 20.0215, 20.0215, 20.0215, 20.0215, 20.0215, 20.0215, 20.0215, 20.034, 20.0215
3.9042, 56, 56.2887, 20.1252, 7.61577, -0.288727, 0, 20.1254, 20.1253, 20.2417, 20.128, 20.1262, 20.1609, 56.1163, 20.1253, 20.1252, 20.1252, 20.1252, 20.1252, 20.1252, 20.1252, 20.1252, 20.1252, 20.1252, 20.1252, 20.1252, 20.1252, 20.1413, 20.1252
3.91208, 44, 60.8158, 20.2241, 6.78233, -16.8158, 0, 20.2242, 20.2242, 20.3406, 20.2272, 20.225, 20.2604, 60.6382, 20.2242, 20.2241, 20.2241, 20.2241, 20.2241, 20.2241, 20.2241, 20.2241, 20.2241, 20.2241, 20.2241, 20.2241, 20.2241, 20.2446, 20.2241
3.91996, 62, 66.412, 20.3172, 8, -4.41204, 0, 20.3173, 20.3173, 20.4336, 20.3207, 20.318, 20.3542, 66.2282, 20.3172, 20.3172, 20.3172, 20.3172, 20.3172, 20.3172, 20.3172, 20.3172, 20.3172, 20.3172, 20.3172, 20.3172, 20.3172, 20.3429, 20.3172
3.92785, 56, 72.8687, 20.4035, 7.61577, -16.8687, 0, 20.4036, 20.4036, 20.5199, 20.4075, 20.4043, 20.4412, 72.6777, 20.4035, 20.4035, 20.4035, 20.4035, 20.4035, 20.4035, 20.4035, 20.4035, 20.4035, 20.4035, 20.4035, 20.4035, 20.4035, 20.4352, 20.4035
3.93573, 88, 79.9681, 20.4819, 9.48683, 8.03188, 0, 20.482, 20.482, 20.5983, 20.4866, 20.4827, 20.5203, 79.7687, 20.4819, 20.4819, 20.4819, 20.4819, 20.4819, 20.4819, 20.4819, 20.4819, 20.4819, 20.4819, 20.4819, 20.4819, 20.4819, 20.5206, 20.4819
3.94361, 76, 87.4794, 20.5514, 8.83176, -11.4794, 0, 20.5515, 20.5515, 20.6678, 20.557, 20.5521, 20.5905, 87.2706, 20.5514, 20.5514, 20.5514, 20.5514, 20.5514, 20.5514, 20.5514, 20.5514, 20.5514, 20.5514, 20.5514, 20.5514, 20.5514, 20.5979, 20.5514
3.95149, 76, 95.1583, 20.611, 8.83176, -19.1583, 0, 20.6111, 20.6111, 20.7274, 20.6177, 20.6117, 20.6508, 94.9389, 20.611, 20.611, 20.611, 20.611, 20.611, 20.611, 20.611, 20.611, 20.611, 20.611, 20.611, 20.611, 20.611, 20.6662, 20.611
3.95938, 66, 102.749, 20.6598, 8.24621, -36.7489, 0, 20.66, 20.66, 20.7763, 20.668, 20.6606, 20.7004, 102.518, 20.6598, 20.6598, 20.6598, 20.6598, 20.6598, 20.6598, 20.6598, 20.6598, 20.6598, 20.6598, 20.6598, 20.6598, 20.6598, 20.7245, 20.6598
3.96726, 82, 109.991, 20.6973, 9.16515, -27.9906, 0, 20.6974, 20.6974, 20.8137, 20.7073, 20.6981, 20.7386, 109.747, 20.6973, 20.6973, 20.6973, 20.6973, 20.6973, 20.6973, 20.6973, 20.6973, 20.6973, 20.6973, 20.6973, 20.6973, 20.6973, 20.7719, 20.6973
3.97514, 110, 116.626, 20.7228, 10.583, -6.62583, 0, 20.723, 20.723, 20.8393, 20.7352, 20.7237, 20.7649, 116.369, 20.7228, 20.7228, 20.7228, 20.7228, 20.7228, 20.7228, 20.7228, 20.7228, 20.7228, 20.7228, 20.7228, 20.7228, 20.7228, 20.8079, 20.7228
3.98303, 128, 122.411, 20.7364, 11.4018, 5.58919, 0, 20.7365, 20.7365, 20.8528, 20.7515, 20.7372, 20.7791, 122.14, 20.7364, 20.7364, 20.7364, 20.7364, 20.7364, 20.7364, 20.7364, 20.7364, 20.7364, 20.7364, 20.7364, 20.7364, 20.7364, 20.8319, 20.7364
3.99091, 104, 127.127, 20.7379, 10.2956, -23.1272, 0, 20.7381, 20.7381, 20.8544, 20.7565, 20.7388, 20.7815, 126.841, 20.7379, 20.7379, 20.7379, 20.7379, 20.7379, 20.7379, 20.7379, 20.7379, 20.7379, 20.7379, 20.7379, 20.7379, 20.7379, 20.8439, 20.7379
3.99879, 96, 130.593, 20.7281, 9.8995, -34.5931, 0, 20.7282, 20.7282, 20.8446, 20.7509, 20.729, 20.7724, 130.292, 20.7281, 20.7281, 20.7281, 20.7281, 20.7281, 20.7281, 20.7281, 20.7281, 20.7281, 20.7281, 20.7281, 20.7281, 20.7281, 20.844, 20.7281
4.00667, 72, 132.673, 20.7076, 8.60233, -60.6733, 0, 20.7078, 20.7078, 20.8241, 20.7354, 20.7086, 20.7526, 132.358, 20.7076, 20.7076, 20.7076, 20.7076, 20.7076, 20.7076, 20.7076, 20.7076, 20.7076, 20.7076, 20.7076, 20.7076, 20.7076, 20.8328, 20.7076
4.01456, 148, 133.287, 20.6777, 12.2474, 14.7132, 0, 20.6779, 20.6778, 20.7942, 20.7114, 20.6788, 20.7235, 132.956, 20.6777, 20.6777, 20.6777, 20.6777, 20.6777, 20.6777, 20.6777, 20.6777, 20.6777, 20.6777, 20.6777, 20.6777, 20.6777, 20.811, 20.6777
4.02244, 132, 132.411, 20.6399, 11.5758, -0.411011, 0, 20.64, 20.64, 20.7563, 20.6805, 20.6411, 20.6864, 132.066, 20.6399, 20.6399, 20.6399, 20.6399, 20.6399, 20.6399, 20.6399, 20.6399, 20.6399, 20.6399, 20.6399, 20.6399, 20.6399, 20.7799, 20.6399
4.03032, 128, 130.083, 20.5958, 11.4018, -2.08301, 0, 20.596, 20.5959, 20.7123, 20.6444, 20.5972, 20.6431, 129.724, 20.5958, 20.5958, 20.5958, 20.5958, 20.5958, 20.5958, 20.5958, 20.5958, 20.5958, 20.5958, 20.5958, 20.5958, 20.5958, 20.741, 20.5958
4.03821, 118, 126.397, 20.5475, 10.9545, -8.39651, 0, 20.5477, 20.5477, 20.664, 20.6052, 20.5491, 20.5956, 126.024, 20.5475, 20.5475, 20.5475, 20.5475, 20.5475, 20.5475, 20.5475, 20.5475, 20.5475, 20.5475, 20.5475, 20.5475, 20.5475, 20.6961, 20.5475
4.04609, 102, 121.495, 20.4971, 10.198, -19.4954, 0, 20.4973, 20.4973, 20.6136, 20.5649, 20.4989, 20.546, 121.11, 20.4971, 20.4971, 20.4971, 20.4971, 20.4971, 20.4971, 20.4971, 20.4971, 20.4971, 20.4971, 20.4971, 20.4971, 20.4971, 20.6472, 20.4971
4.05397, 108, 115.564, 20.4468, 10.4881, -7.56441, 0, 20.4469, 20.4469, 20.5632, 20.5256, 20.4488, 20.4964, 115.168, 20.4468, 20.4468, 20.4468, 20.4468, 20.4468, 20.4468, 20.4468, 20.4468, 20.4468, 20.4468, 20.4468, 20.4468, 20.4468, 20.5963, 20.4468
4.06185, 104, 108.818, 20.3985, 10.2956, -4.81767, 0, 20.3987, 20.3987, 20.515, 20.4893, 20.4009, 20.449, 108.41, 20.3985, 20.3985, 20.3985, 20.3985, 20.3985, 20.3985, 20.3985, 20.3985, 20.3985, 20.3985, 20.3985, 20.3985, 20.3985, 20.5456, 20.3985
4.06974, 72, 101.486, 20.3544, 8.60233, -29.4859, 0, 20.3546, 20.3546, 20.4709, 20.458, 20.3572, 20.4057, 101.069, 20.3544, 20.3544, 20.3544, 20.3544, 20.3544, 20.3544, 20.3544, 20.3544, 20.3544, 20.3544, 20.3544, 20.3544, 20.3544, 20.4972, 20.3544
4.07762, 74, 93.8036, 20.3163, 8.7178, -19.8036, 0, 20.3165, 20.3164, 20.4328, 20.4331, 20.3195, 20.3684, 93.3782, 20.3163, 20.3163, 20.3163, 20.3163, 20.3163, 20.3163, 20.3163, 20.3163, 20.3163, 20.3163, 20.3163, 20.3163, 20.3163, 20.4531, 20.3163
4.0855, 90, 85.9971, 20.2857, 9.59166, 4.00288, 0, 20.2858, 20.2858, 20.4021, 20.4159, 20.2893, 20.3386, 85.5643, 20.2857, 20.2857, 20.2857, 20.2857, 20.2857, 20.2857, 20.2857, 20.2857, 20.2857, 20.2857, 20.2857, 20.2857, 20.2857, 20.415, 20.2857
4.09338, 74, 78.2741, 20.2638, 8.7178, -4.27412, 0, 20.264, 20.264, 20.3803, 20.4074, 20.268, 20.3175, 77.8352, 20.2638, 20.2638, 20.2638, 20.2638, 20.2638, 20.2638, 20.2638, 20.2638, 20.2638, 20.2638, 20.2638, 20.2638, 20.2638, 20.3845, 20.2638
4.10127, 78, 70.8145, 20.2517, 8.94427, 7.1855, 0, 20.2519, 20.2518, 20.3682, 20.4083, 20.2565, 20.3062, 70.3707, 20.2517, 20.2517, 20.2517, 20.2517, 20.2517, 20.2517, 20.2517, 20.2517, 20.2517, 20.2517, 20.2517, 20.2517, 20.2517, 20.3629, 20.2517
4.10915, 38, 63.7678, 20.2499, 6.32456, -25.7678, 0, 20.2501, 20.25, 20.3664, 20.4186, 20.2553, 20.3053, 63.3205, 20.2499, 20.2499, 20.2499, 20.2499, 20.2499, 20.2499, 20.2499, 20.2499, 20.2499, 20.2499, 20.2499, 20.2499, 20.2499, 20.351, 20.2499
4.11703, 46, 57.247, 20.2587, 6.9282, -11.247, 0, 20.2589, 20.2589, 20.3752, 20.4384, 20.2648, 20.3149, 56.7976, 20.2587, 20.2587, 20.2587, 20.2587, 20.2587, 20.2587, 20.2587, 20.2587, 20.2587, 20.2587, 20.2587, 20.2587, 20.2587, 20.3495, 20.2587
4.12492, 44, 51.3284, 20.2782, 6.78233, -7.32845, 0, 20.2783, 20.2783, 20.3946, 20.4673, 20.285, 20.3352, 50.8783, 20.2782, 20.2782, 20.2782, 20.2782, 20.2782, 20.2782, 20.2782, 20.2782, 20.2782, 20.2782, 20.2782, 20.2782, 20.2782, 20.3587, 20.2782
4.1328, 34, 46.0568, 20.3079, 6, -12.0568, 0, 20.3081, 20.3081, 20.4244, 20.5046, 20.3154, 20.3659, 45.6074, 20.3079, 20.3079, 20.3079, 20.3079, 20.3079, 20.3079, 20.3079, 20.3079, 20.3079, 20.3079, 20.3079, 20.3079, 20.3079, 20.3785, 20.3079
4.14068, 44, 41.4452, 20.3475, 6.78233, 2.55481, 0, 20.3477, 20.3477, 20.464, 20.5496, 20.3558, 20.4063, 40.9983, 20.3475, 20.3475, 20.3475, 20.3475, 20.3475, 20.3475, 20.3475, 20.3475, 20.3475, 20.3475, 20.3475, 20.3475, 20.3475, 20.4086, 20.3475
4.14856, 20, 37.4808, 20.3963, 4.69042, -17.4808, 0, 20.3965, 20.3965, 20.5128, 20.6015, 20.4053, 20.4561, 37.0379, 20.3963, 20.3963, 20.3963, 20.3963, 20.3963, 20.3963, 20.3963, 20.3963, 20.3963, 20.3963, 20.3963, 20.3963, 20.3963, 20.4487, 20.3963
4.15645, 34, 34.1312, 20.4536, 6, -0.131241, 0, 20.4537, 20.4537, 20.57, 20.6594, 20.4631, 20.5143, 33.694, 20.4536, 20.4536, 20.4536, 20.4536, 20.4536, 20.4536, 20.4536, 20.4536, 20.4536, 20.4536, 20.4536, 20.4536, 20.4536, 20.4981, 20.4536
4.16433, 24, 31.3496, 20.5184, 5.09902, -7.34963, 0, 20.5185, 20.5185, 20.6349, 20.7223, 20.5285, 20.5801, 30.9195, 20.5184, 20.5184, 20.5184, 20.5184, 20.5184, 20.5184, 20.5184, 20.5184, 20.5184, 20.5184, 20.5184, 20.5184, 20.5184, 20.556, 20.5184
4.17221, 20, 29.0792, 20.5899, 4.69042, -9.07915, 0, 20.59, 20.59, 20.7063, 20.7896, 20.6005, 20.6528, 28.6574, 20.5899, 20.5899, 20.5899, 20.5899, 20.5899, 20.5899, 20.5899, 20.5899, 20.5899, 20.5899, 20.5899, 20.5899, 20.5899, 20.6216, 20.5899
4.1801, 42, 27.2579, 20.6672, 6.63325, 14.7421, 0, 20.6674, 20.6673, 20.7837, 20.8604, 20.6783, 20.7315, 26.8457, 20.6672, 20.6672, 20.6672, 20.6672, 20.6672, 20.6672, 20.6672, 20.6672, 20.6672, 20.6672, 20.6672, 20.6672, 20.6672, 20.6942, 20.6672
4.18798, 20, 25.8238, 20.7495, 4.69042, -5.82375, 0, 20.7497, 20.7497, 20.866, 20.9341, 20.7609, 20.8155, 25.4219, 20.7495, 20.7495, 20.7495, 20.7495, 20.7495, 20.7495, 20.7495, 20.7495, 20.7495, 20.7495, 20.7495, 20.7495, 20.7495, 20.7728, 20.7495
4.19586, 22, 24.7165, 20.8361, 4.89898, -2.71654, 0, 20.8362, 20.8362, 20.9526, 21.0104, 20.8477, 20.9043, 24.3251, 20.8361, 20.8361, 20.8361, 20.8361, 20.8361, 20.8361, 20.8361, 20.8361, 20.8361, 20.8361, 20.8361, 20.8361, 20.8361, 20.8567, 20.8361
4.20374, 22, 23.8803, 20.9262, 4.89898, -1.88029, 0, 20.9263, 20.9263, 21.0426, 21.0888, 20.9378, 20.9975, 23.499, 20.9262, 20.9262, 20.9262, 20.9262, 20.9262, 20.9262, 20.9262, 20.9262, 20.9262, 20.9262, 20.9262, 20.9262, 20.9262, 20.9452, 20.9262
4.21163, 14, 23.2651, 21.0192, 4, -9.26513, 0, 21.0194, 21.0193, 21.1357, 21.1691, 21.0308, 21.095, 22.8926, 21.0192, 21.0192, 21.0192, 21.0192, 21.0192, 21.0192, 21.0192, 21.0192, 21.0192, 21.0192, 21.0192, 21.0192, 21.0192, 21.0377, 21.0192
4.21951, 30, 22.8279, 21.1146, 5.65685, 7.17209, 0, 21.1148, 21.1147, 21.2311, 21.2511, 21.126, 21.197, 22.4618, 21.1146, 21.1146, 21.1146, 21.1146, 21.1146, 21.1146, 21.1146, 21.1146, 21.1146, 21.1146, 21.1146, 21.1146, 21.1146, 21.1337, 21.1146
4.22739, 16, 22.5323, 21.212, 4.24264, -6.53231, 0, 21.2121, 21.2121, 21.3285, 21.3348, 21.223, 21.3042, 22.1687, 21.212, 21.212, 21.212, 21.212, 21.212, 21.212, 21.212, 21.212, 21.212, 21.212, 21.212, 21.212, 21.212, 21.2327, 21.212
4.23528, 18, 22.3489, 21.3109, 4.47214, -4.34888, 0, 21.3111, 21.311, 21.4274, 21.4202, 21.3216, 21.4179, 21.9819, 21.3109, 21.3109, 21.3109, 21.3109, 21.3109, 21.3109, 21.3109, 21.3109, 21.3109, 21.3109, 21.3109, 21.3109, 21.3109, 21.3343, 21.3109
4.24316, 24, 22.2548, 21.4111, 5.09902, 1.74522, 0, 21.4113, 21.4112, 21.5276, 21.5072, 21.4213, 21.5401, 21.8759, 21.4111, 21.4111, 21.4111, 21.4111, 21.4111, 21.4111, 21.4111, 21.4111, 21.4111, 21.4111, 21.4111, 21.4111, 21.4111, 21.4381, 21.4111
4.25104, 14, 22.2333, 21.5124, 4, -8.23328, 0, 21.5125, 21.5125, 21.6289, 21.5958, 21.5219, 21.6739, 21.8303, 21.5124, 21.5124, 21.5124, 21.5124, 21.5124, 21.5124, 21.5124, 21.5124, 21.5124, 21.5124, 21.5124, 21.5124, 21.5124, 21.544, 21.5124
4.25892, 16, 22.2733, 21.6144, 4.24264, -6.27334, 0, 21.6146, 21.6146, 21.731, 21.6861, 21.6234, 21.8238, 21.8293, 21.6144, 21.6144, 21.6144, 21.6144, 21.6144, 21.6144, 21.6144, 21.6144, 21.6144, 21.6144, 21.6144, 21.6144, 21.6144, 21.6517, 21.6144
4.26681, 16, 22.3693, 21.7172, 4.24264, -6.36931, 0, 21.7174, 21.7173, 21.8338, 21.7781, 21.7255, 21.9962, 21.8606, 21.7172, 21.7172, 21.7172, 21.7172, 21.7172, 21.7172, 21.7172, 21.7172, 21.7172, 21.7172, 21.7172, 21.7172, 21.7172, 21.7609, 21.7172
4.27469, 20, 22.5207, 21.8206, 4.69042, -2.52065, 0, 21.8207, 21.8207, 21.9372, 21.8718, 21.8282, 22.1994, 21.9151, 21.8206, 21.8206, 21.8206, 21.8206, 21.8206, 21.8206, 21.8206, 21.8206, 21.8206, 21.8206, 21.8206, 21.8206, 21.8206, 21.8716, 21.8206
4.28257, 28, 22.7319, 21.9244, 5.47723, 5.26813, 0, 21.9246, 21.9245, 22.0411, 21.967, 21.9313, 22.4448, 21.9859, 21.9244, 21.9244, 21.9244, 21.9244, 21.9244, 21.9244, 21.9244, 21.9244, 21.9244, 21.9244, 21.9244, 21.9244, 21.9244, 21.9835, 21.9244
4.29046, 28, 23.0127, 22.0287, 5.47723, 4.98732, 0, 22.0289, 22.0288, 22.1456, 22.0638, 22.035, 22.747, 22.0683, 22.0287, 22.0287, 22.0287, 22.0287, 22.0287, 22.0287, 22.0287, 22.0287, 22.0287, 22.0287, 22.0287, 22.0287, 22.0287, 22.0963, 22.0287
4.29834, 34, 23.3779, 22.1334, 6, 10.6221, 0, 22.1335, 22.1335, 22.2504, 22.162, 22.139, 23.1245, 22.1585, 22.1334, 22.1334, 22.1334, 22.1334, 22.1334, 22.1334, 22.1334, 22.1334, 22.1334, 22.1334, 22.1334, 22.1334, 22.1334, 22.21, 22.1334
4.30622, 28, 23.848, 22.2384, 5.47723, 4.15197, 0, 22.2385, 22.2385, 22.3557, 22.2615, 22.2434, 23.6005, 22.2542, 22.2384, 22.2384, 22.2384, 22.2384, 22.2384, 22.2384, 22.2384, 22.2384, 22.2384, 22.2384, 22.2384, 22.2384, 22.2384, 22.3243, 22.2384
4.3141, 18, 24.4491, 22.3437, 4.47214, -6.44909, 0, 22.3439, 22.3439, 22.4614, 22.3623, 22.3483, 24.203, 22.3535, 22.3437, 22.3437, 22.3437, 22.3437, 22.3437, 22.3437, 22.3437, 22.3437, 22.3437, 22.3437, 22.3437, 22.3437, 22.3437, 22.4389, 22.3437
4.32199, 22, 25.2129, 22.4494, 4.89898, -3.21289, 0, 22.4496, 22.4495, 22.5677, 22.4643, 22.4535, 24.9652, 22.4554, 22.4494, 22.4494, 22.4494, 22.4494, 22.4494, 22.4494, 22.4494, 22.4494, 22.4494, 22.4494, 22.4494, 22.4494, 22.4494, 22.5536, 22.4494
4.32987, 28, 26.1767, 22.5554, 5.47723, 1.82334, 0, 22.5555, 22.5555, 22.6744, 22.5672, 22.559, 25.9253, 22.559, 22.5554, 22.5554, 22.5554, 22.5554, 22.5554, 22.5554, 22.5554, 22.5554, 22.5554, 22.5554, 22.5554, 22.5554, 22.5554, 22.6682, 22.5554
4.33775, 24, 27.3826, 22.6616, 5.09902, -3.3826, 0, 22.6617, 22.6617, 22.7818, 22.671, 22.6649, 27.1265, 22.6638, 22.6616, 22.6616, 22.6616, 22.6616, 22.6616, 22.6616, 22.6616, 22.6616, 22.6616, 22.6616, 22.6616, 22.6616, 22.6616, 22.7824, 22.6616
4.34564, 30, 28.8772, 22.7681, 5.65685, 1.12284, 0, 22.7683, 22.7682, 22.8899, 22.7757, 22.7711, 28.6155, 22.7694, 22.7681, 22.7681, 22.7681, 22.7681, 22.7681, 22.7681, 22.7681, 22.7681, 22.7681, 22.7681, 22.7681, 22.7681, 22.7681, 22.8959, 22.7681
4.35352, 32, 30.7086, 22.8749, 5.83095, 1.29136, 0, 22.8751, 22.875, 22.9988, 22.881, 22.8776, 30.4412, 22.8757, 22.8749, 22.8749, 22.8749, 22.8749, 22.8749, 22.8749, 22.8749, 22.8749, 22.8749, 22.8749, 22.8749, 22.8749, 22.8749, 23.0087, 22.8749
4.3614, 32, 32.9256, 22.982, 5.83095, -0.925636, 0, 22.9821, 22.9821, 23.1089, 22.9869, 22.9845, 32.6522, 22.9824, 22.982, 22.982, 22.982, 22.982, 22.982, 22.982, 22.982, 22.982, 22.982, 22.982, 22.982, 22.982, 22.982, 23.1204, 22.982
4.36928, 22, 35.5743, 23.0893, 4.89898, -13.5743, 0, 23.0895, 23.0895, 23.2203, 23.0934, 23.0917, 35.2948, 23.0896, 23.0893, 23.0893, 23.0893, 23.0893, 23.0893, 23.0893, 23.0893, 23.0893, 23.0893, 23.0893, 23.0893, 23.0893, 23.0893, 23.231, 23.0893
4.37717, 34, 38.6944, 23.1969, 6, -4.69442, 0, 23.1971, 23.1971, 23.3334, 23.2004, 23.1991, 38.4084, 23.1971, 23.1969, 23.1969, 23.1969, 23.1969, 23.1969, 23.1969, 23.1969, 23.1969, 23.1969, 23.1969, 23.1969, 23.1969, 23.1969, 23.3404, 23.1969
4.38505, 34, 42.3152, 23.3048, 6, -8.31515, 0, 23.305, 23.305, 23.4487, 23.3078, 23.3069, 42.0221, 23.3049, 23.3048, 23.3048, 23.3048, 23.3048, 23.3048, 23.3048, 23.3048, 23.3048, 23.3048, 23.3048, 23.3048, 23.3048, 23.3048, 23.4485, 23.3048
4.39293, 56, 46.4517, 23.413, 7.61577, 9.54833, 0, 23.4131, 23.4131, 23.5668, 23.4156, 23.415, 46.1503, 23.413, 23.413, 23.413, 23.413, 23.413, 23.413, 23.413, 23.413, 23.413, 23.413, 23.413, 23.413, 23.413, 23.413, 23.5555, 23.413
4.40082, 42, 51.1017, 23.5214, 6.63325, -9.10172, 0, 23.5215, 23.5215, 23.6885, 23.5238, 23.5234, 50.7901, 23.5214, 23.5214, 23.5214, 23.5214, 23.5214, 23.5214, 23.5214, 23.5214, 23.5214, 23.5214, 23.5214, 23.5214, 23.5214, 23.5214, 23.6612, 23.5214
4.4087, 64, 56.2394, 23.63, 8.12404, 7.76055, 0, 23.6302, 23.6302, 23.8146, 23.6323, 23.632, 55.9145, 23.6301, 23.63, 23.63, 23.63, 23.63, 23.63, 23.63, 23.63, 23.63, 23.63, 23.63, 23.63, 23.63, 23.63, 23.7659, 23.63
4.41658, 62, 61.8153, 23.739, 8, 0.184746, 0, 23.7391, 23.7391, 23.9465, 23.7411, 23.7409, 61.4726, 23.739, 23.739, 23.739, 23.739, 23.739, 23.739, 23.739, 23.739, 23.739, 23.739, 23.739, 23.739, 23.739, 23.739, 23.8697, 23.739
4.42446, 72, 67.7524, 23.8482, 8.60233, 4.24759, 0, 23.8483, 23.8483, 24.0857, 23.8502, 23.8501, 67.386, 23.8482, 23.8482, 23.8482, 23.8482, 23.8482, 23.8482, 23.8482, 23.8482, 23.8482, 23.8482, 23.8482, 23.8482, 23.8482, 23.8482, 23.9728, 23.8482
4.43235, 68, 73.9492, 23.9576, 8.3666, -5.9492, 0, 23.9578, 23.9578, 24.234, 23.9596, 23.9596, 73.5508, 23.9576, 23.9576, 23.9576, 23.9576, 23.9576, 23.9576, 23.9576, 23.9576, 23.9576, 23.9576, 23.9576, 23.9576, 23.9576, 23.9576, 24.0754, 23.9576
4.44023, 76, 80.2769, 24.0673, 8.83176, -4.27692, 0, 24.0675, 24.0675, 24.3939, 24.0693, 24.0693, 79.8359, 24.0673, 24.0673, 24.0673, 24.0673, 24.0673, 24.0673, 24.0673, 24.0673, 24.0673, 24.0673, 24.0673, 24.0673, 24.0673, 24.0673, 24.1776, 24.0673
4.44811, 80, 86.5868, 24.1773, 9.05539, -6.58685, 0, 24.1774, 24.1774, 24.568, 24.1792, 24.1793, 86.0894, 24.1773, 24.1773, 24.1773, 24.1773, 24.1773, 24.1773, 24.1773, 24.1773, 24.1773, 24.1773, 24.1773, 24.1773, 24.1773, 24.1773, 24.2798, 24.1773
4.45599, 92, 92.7161, 24.2875, 9.69536, -0.716125, 0, 24.2877, 24.2877, 24.7598, 24.2895, 24.2896, 92.1451, 24.2875, 24.2875, 24.2875, 24.2875, 24.2875, 24.2875, 24.2875, 24.2875, 24.2875, 24.2875, 24.2875, 24.2875, 24.2875, 24.2875, 24.382, 24.2875
4.46388, 108, 98.4911, 24.398, 10.4881, 9.50886, 0, 24.3981, 24.3981, 24.9731, 24.4, 24.4001, 97.8251, 24.398, 24.398, 24.398, 24.398, 24.398, 24.398, 24.398, 24.398, 24.398, 24.398, 24.398, 24.398, 24.398, 24.398, 24.4846, 24.398
4.47176, 130, 103.74, 24.5087, 11.4891, 26.2596, 0, 24.5089, 24.5088, 25.2122, 24.5107, 24.5108, 102.953, 24.5087, 24.5087, 24.5087, 24.5087, 24.5087, 24.5087, 24.5087, 24.5087, 24.5087, 24.5087, 24.5087, 24.5087, 24.5087, 24.5087, 24.5877, 24.5087
4.47964, 122, 108.301, 24.6197, 11.1355, 13.6991, 0, 24.6198, 24.6198, 25.4823, 24.6217, 24.6218, 107.362, 24.6197, 24.6197, 24.6197, 24.6197, 24.6197, 24.6197, 24.6197, 24.6197, 24.6197, 24.6197, 24.6197, 24.6197, 24.6197, 24.6197, 24.6915, 24.6197
4.48753, 124, 112.03, 24.7308, 11.225, 11.9703, 0, 24.731, 24.731, 25.7886, 24.7329, 24.733, 110.902, 24.7308, 24.7308, 24.7308, 24.7308, 24.7308, 24.7308, 24.7308, 24.7308, 24.7308, 24.7308, 24.7308, 24.7308, 24.7308, 24.7308, 24.796, 24.7308
4.49541, 110, 114.809, 24.8423, 10.583, -4.80943, 0, 24.8424, 24.8424, 26.1368, 24.8444, 24.8445, 113.451, 24.8423, 24.8423, 24.8423, 24.8423, 24.8423, 24.8423, 24.8423, 24.8423, 24.8423, 24.8423, 24.8423, 24.8423, 24.8423, 24.8423, 24.9015, 24.8423
4.50329, 136, 116.558, 24.9539, 11.7473, 19.4422, 0, 24.9541, 24.954, 26.5327, 24.9561, 24.9562, 114.92, 24.9539, 24.9539, 24.9539, 24.9539, 24.9539, 24.9539, 24.9539, 24.9539, 24.9539, 24.9539, 24.9539, 24.9539, 24.9539, 24.9539, 25.008, 24.9539
4.51117, 110, 117.232, 25.0658, 10.583, -7.23184, 0, 25.066, 25.0659, 26.982, 25.0681, 25.0681, 115.261, 25.0658, 25.0658, 25.0658, 25.0658, 25.0658, 25.0658, 25.0658, 25.0658, 25.0658, 25.0658, 25.0658, 25.0658, 25.0658, 25.0658, 25.1155, 25.0658
4.51906, 170, 116.83, 25.1779, 13.1149, 53.17, 0, 25.1781, 25.178, 27.4895, 25.1803, 25.1803, 114.467, 25.1779, 25.1779, 25.1779, 25.1779, 25.1779, 25.1779, 25.1779, 25.1779, 25.1779, 25.1779, 25.1779, 25.1779, 25.1779, 25.1779, 25.224, 25.1779
4.52694, 124, 115.393, 25.2902, 11.225, 8.60728, 0, 25.2904, 25.2904, 28.0593, 25.2927, 25.2926, 112.575, 25.2902, 25.2902, 25.2902, 25.2902, 25.2902, 25.2902, 25.2902, 25.2902, 25.2902, 25.2902, 25.2902, 25.2902, 25.2902, 25.2902, 25.3335, 25.2902
4.53482, 124, 112.999, 25.4027, 11.225, 11.001, 0, 25.4029, 25.4029, 28.694, 25.4054, 25.4052, 109.661, 25.4027, 25.4027, 25.4027, 25.4027, 25.4027, 25.4027, 25.4027, 25.4027, 25.4027, 25.4027, 25.4027, 25.4027, 25.4027, 25.4027, 25.444, 25.4027
4.54271, 130, 109.761, 25.5155, 11.4891, 20.2385, 0, 25.5156, 25.5156, 29.3944, 25.5183, 25.518, 105.837, 25.5155, 25.5155, 25.5155, 25.5155, 25.5155, 25.5155, 25.5155, 25.5155, 25.5155, 25.5155, 25.5155, 25.5155, 25.5155, 25.5155, 25.5553, 25.5155
4.55059, 126, 105.819, 25.6284, 11.3137, 20.1812, 0, 25.6286, 25.6285, 30.1587, 25.6314, 25.631, 101.244, 25.6284, 25.6284, 25.6284, 25.6284, 25.6284, 25.6284, 25.6284, 25.6284, 25.6284, 25.6284, 25.6284, 25.6284, 25.6284, 25.6284, 25.6675, 25.6284
4.55847, 114, 101.328, 25.7416, 10.7703, 12.6724, 0, 25.7417, 25.7417, 30.9825, 25.7448, 25.7441, 96.0418, 25.7416, 25.7416, 25.7416, 25.7416, 25.7416, 25.7416, 25.7416, 25.7416, 25.7416, 25.7416, 25.7416, 25.7416, 25.7416, 25.7416, 25.7803, 25.7416
4.56635, 96, 96.4511, 25.8549, 9.8995, -0.451111, 0, 25.855, 25.855, 31.8583, 25.8584, 25.8575, 90.4024, 25.8549, 25.8549, 25.8549, 25.8549, 25.8549, 25.8549, 25.8549, 25.8549, 25.8549, 25.8549, 25.8549, 25.8549, 25.8549, 25.8549, 25.8937, 25.8549
4.57424, 78, 91.3537, 25.9684, 8.94427, -13.3537, 0, 25.9686, 25.9685, 32.7753, 25.9723, 25.9711, 84.5008, 25.9684, 25.9684, 25.9684, 25.9684, 25.9684, 25.9684, 25.9684, 25.9684, 25.9684, 25.9684, 25.9684, 25.9684, 25.9684, 25.9684, 26.0075, 25.9684
4.58212, 86, 86.1886, 26.0821, 9.38083, -0.188622, 0, 26.0823, 26.0822, 33.7194, 26.0865, 26.0848, 78.5045, 26.0821, 26.0821, 26.0821, 26.0821, 26.0821, 26.0821, 26.0821, 26.0821, 26.0821, 26.0821, 26.0821, 26.0821, 26.0821, 26.0821, 26.1216, 26.0821
4.59, 84, 81.0932, 26.196, 9.27362, 2.90681, 0, 26.1962, 26.1961, 34.6738, 26.2009, 26.1988, 72.5676, 26.196, 26.196, 26.196, 26.196, 26.196, 26.196, 26.196, 26.196, 26.196, 26.196, 26.196, 26.196, 26.196, 26.196, 26.2358, 26.196
4.59789, 82, 76.1825, 26.3101, 9.16515, 5.81752, 0, 26.3102, 26.3102, 35.6189, 26.3156, 26.3129, 66.8249, 26.3101, 26.3101, 26.3101, 26.3101, 26.3101, 26.3101, 26.3101, 26.3101, 26.3101, 26.3101, 26.3101, 26.3101, 26.3101, 26.3101, 26.3502, 26.3101
4.60577, 80, 71.5465, 26.4243, 9.05539, 8.45352, 0, 26.4245, 26.4245, 36.5334, 26.4306, 26.4272, 61.3878, 26.4243, 26.4243, 26.4243, 26.4243, 26.4243, 26.4243, 26.4243, 26.4243, 26.4243, 26.4243, 26.4243, 26.4243, 26.4243, 26.4243, 26.4645, 26.4243
4.61365, 60, 67.249, 26.5387, 7.87401, -7.24897, 0, 26.5389, 26.5389, 37.3948, 26.5459, 26.5417, 56.3427, 26.5387, 26.5387, 26.5387, 26.5387, 26.5387, 26.5387, 26.5387, 26.5387, 26.5387, 26.5387, 26.5387, 26.5387, 26.5387, 26.5387, 26.5787, 26.5387
4.62153, 76, 63.3268, 26.6534, 8.83176, 12.6732, 0, 26.6535, 26.6535, 38.181, 26.6615, 26.6563, 51.7485, 26.6534, 26.6534, 26.6534, 26.6534, 26.6534, 26.6534, 26.6534, 26.6534, 26.6534, 26.6534, 26.6534, 26.6534, 26.6534, 26.6534, 26.6927, 26.6534
4.62942, 60, 59.7949, 26.7681, 7.87401, 0.205074, 0, 26.7683, 26.7683, 38.8706, 26.7773, 26.7711, 47.6415, 26.7681, 26.7681, 26.7681, 26.7681, 26.7681, 26.7681, 26.7681, 26.7681, 26.7681, 26.7681, 26.7681, 26.7681, 26.7681, 26.7681, 26.8066, 26.7681
4.6373, 58, 56.647, 26.8831, 7.74597, 1.35298, 0, 26.8832, 26.8832, 39.4447, 26.8935, 26.8861, 44.0344, 26.8831, 26.8831, 26.8831, 26.8831, 26.8831, 26.8831, 26.8831, 26.8831, 26.8831, 26.8831, 26.8831, 26.8831, 26.8831, 26.8831, 26.9203, 26.8831
4.64518, 68, 53.8614, 26.9982, 8.3666, 14.1386, 0, 26.9983, 26.9983, 39.8877, 27.01, 27.0013, 40.9211, 26.9982, 26.9982, 26.9982, 26.9982, 26.9982, 26.9982, 26.9982, 26.9982, 26.9982, 26.9982, 26.9982, 26.9982, 26.9982, 26.9982, 27.0338, 26.9982
4.65306, 52, 51.4052, 27.1134, 7.34847, 0.594765, 0, 27.1136, 27.1136, 40.1879, 27.1267, 27.1166, 38.2804, 27.1134, 27.1134, 27.1134, 27.1134, 27.1134, 27.1134, 27.1134, 27.1134, 27.1134, 27.1134, 27.1134, 27.1134, 27.1134, 27.1134, 27.1471, 27.1134
4.66095, 26, 49.2391, 27.2288, 5.2915, -23.2391, 0, 27.229, 27.229, 40.3386, 27.2437, 27.2321, 36.0794, 27.2288, 27.2288, 27.2288, 27.2288, 27.2288, 27.2288, 27.2288, 27.2288, 27.2288, 27.2288, 27.2288, 27.2288, 27.2288, 27.2288, 27.2604, 27.2288
4.66883, 52, 47.3215, 27.3444, 7.34847, 4.67853, 0, 27.3446, 27.3446, 40.3386, 27.3609, 27.3477, 34.2781, 27.3444, 27.3444, 27.3444, 27.3444, 27.3444, 27.3444, 27.3444, 27.3444, 27.3444, 27.3444, 27.3444, 27.3444, 27.3444, 27.3444, 27.3736, 27.3444
4.67671, 46, 45.6114, 27.4602, 6.9282, 0.388573, 0, 27.4603, 27.4603, 40.1914, 27.4784, 27.4635, 32.8317, 27.4602, 27.4602, 27.4602, 27.4602, 27.4602, 27.4602, 27.4602, 27.4602, 27.4602, 27.4602, 27.4602, 27.4602, 27.4602, 27.4602, 27.4869, 27.4602
4.6846, 34, 44.0727, 27.576, 6, -10.0727, 0, 27.5762, 27.5761, 39.9061, 27.596, 27.5794, 31.6949, 27.576, 27.576, 27.576, 27.576, 27.576, 27.576, 27.576, 27.576, 27.576, 27.576, 27.576, 27.576, 27.576, 27.576, 27.6002, 27.576
4.69248, 38, 42.6745, 27.692, 6.32456, -4.67448, 0, 27.6922, 27.6922, 39.4963, 27.7137, 27.6954, 30.8232, 27.692, 27.692, 27.692, 27.692, 27.692, 27.692, 27.692, 27.692, 27.692, 27.692, 27.692, 27.692, 27.692, 27.692, 27.7136, 27.692
4.70036, 42, 41.3927, 27.8081, 6.63325, 0.60725, 0, 27.8083, 27.8083, 38.9792, 27.8315, 27.8116, 30.1755, 27.8081, 27.8081, 27.8081, 27.8081, 27.8081, 27.8081, 27.8081, 27.8081, 27.8081, 27.8081, 27.8081, 27.8081, 27.8081, 27.8081, 27.8273, 27.8081
4.70824, 42, 40.2107, 27.9244, 6.63325, 1.7893, 0, 27.9246, 27.9245, 38.375, 27.9492, 27.9279, 29.7147, 27.9244, 27.9244, 27.9244, 27.9244, 27.9244, 27.9244, 27.9244, 27.9244, 27.9244, 27.9244, 27.9244, 27.9244, 27.9244, 27.9244, 27.9412, 27.9244
4.71613, 44, 39.1183, 28.0408, 6.78233, 4.88169, 0, 28.0409, 28.0409, 37.7056, 28.067, 28.0443, 29.4087, 28.0408, 28.0408, 28.0408, 28.0408, 28.0408, 28.0408, 28.0408, 28.0408, 28.0408, 28.0408, 28.0408, 28.0408, 28.0408, 28.0408, 28.0554, 28.0408
4.72401, 24, 38.1117, 28.1572, 5.09902, -14.1117, 0, 28.1573, 28.1573, 36.9937, 28.1846, 28.1608, 29.2311, 28.1572, 28.1572, 28.1572, 28.1572, 28.1572, 28.1572, 28.1572, 28.1572, 28.1572, 28.1572, 28.1572, 28.1572, 28.1572, 28.1572, 28.1699, 28.1572
4.73189, 26, 37.1916, 28.2737, 5.2915, -11.1916, 0, 28.2739, 28.2739, 36.2613, 28.3021, 28.2774, 29.1606, 28.2737, 28.2737, 28.2737, 28.2737, 28.2737, 28.2737, 28.2737, 28.2737, 28.2737, 28.2737, 28.2737, 28.2737, 28.2737, 28.2737, 28.2848, 28.2737
4.73978, 32, 36.3631, 28.3903, 5.83095, -4.36306, 0, 28.3905, 28.3905, 35.5293, 28.4195, 28.3941, 29.1812, 28.3903, 28.3903, 28.3903, 28.3903, 28.3903, 28.3903, 28.3903, 28.3903, 28.3903, 28.3903, 28.3903, 28.3903, 28.3903, 28.3903, 28.4, 28.3903
4.74766, 40, 35.6334, 28.507, 6.48074, 4.36665, 0, 28.5071, 28.5071, 34.8165, 28.5365, 28.5108, 29.2816, 28.507, 28.507, 28.507, 28.507, 28.507, 28.507, 28.507, 28.507, 28.507, 28.507, 28.507, 28.507, 28.507, 28.507, 28.5156, 28.507
4.75554, 34, 35.0113, 28.6237, 6, -1.01126, 0, 28.6238, 28.6238, 34.1385, 28.6533, 28.6275, 29.4546, 28.6237, 28.6237, 28.6237, 28.6237, 28.6237, 28.6237, 28.6237, 28.6237, 28.6237, 28.6237, 28.6237, 28.6237, 28.6237, 28.6237, 28.6316, 28.6237
4.76342, 26, 34.506, 28.7403, 5.2915, -8.50602, 0, 28.7405, 28.7404, 33.5084, 28.7698, 28.7442, 29.6967, 28.7403, 28.7403, 28.7403, 28.7403, 28.7403, 28.7403, 28.7403, 28.7403, 28.7403, 28.7403, 28.7403, 28.7403, 28.7403, 28.7403, 28.7479, 28.7403
4.77131, 30, 34.1264, 28.8569, 5.65685, -4.12643, 0, 28.8571, 28.857, 32.9354, 28.886, 28.8609, 30.007, 28.8569, 28.8569, 28.8569, 28.8569, 28.8569, 28.8569, 28.8569, 28.8569, 28.8569, 28.8569, 28.8569, 28.8569, 28.8569, 28.8569, 28.8645, 28.8569
4.77919, 40, 33.8802, 28.9734, 6.48074, 6.11982, 0, 28.9736, 28.9735, 32.426, 29.0018, 28.9774, 30.387, 28.9734, 28.9734, 28.9734, 28.9734, 28.9734, 28.9734, 28.9734, 28.9734, 28.9734, 28.9734, 28.9734, 28.9734, 28.9734, 28.9734, 28.9814, 28.9734
4.78707, 20, 33.7732, 29.0898, 4.69042, -13.7732, 0, 29.0899, 29.0899, 31.9832, 29.1172, 29.0939, 30.8392, 29.0898, 29.0898, 29.0898, 29.0898, 29.0898, 29.0898, 29.0898, 29.0898, 29.0898, 29.0898, 29.0898, 29.0898, 29.0898, 29.0898, 29.0986, 29.0898
4.79496, 34, 33.8094, 29.2059, 6, 0.190613, 0, 29.2061, 29.206, 31.6078, 29.2321, 29.21, 31.3668, 29.2059, 29.2059, 29.2059, 29.2059, 29.2059, 29.2059, 29.2059, 29.2059, 29.2059, 29.2059, 29.2059, 29.2059, 29.2059, 29.2059, 29.216, 29.2059
4.80284, 28, 33.99, 29.3218, 5.47723, -5.98997, 0, 29.3219, 29.3219, 31.2979, 29.3466, 29.3259, 31.9728, 29.3218, 29.3218, 29.3218, 29.3218, 29.3218, 29.3218, 29.3218, 29.3218, 29.3218, 29.3218, 29.3218, 29.3218, 29.3218, 29.3218, 29.3335, 29.3218
4.81072, 18, 34.3133, 29.4372, 4.47214, -16.3133, 0, 29.4374, 29.4373, 31.0501, 29.4606, 29.4415, 32.6587, 29.4372, 29.4372, 29.4372, 29.4372, 29.4372, 29.4372, 29.4372, 29.4372, 29.4372, 29.4372, 29.4372, 29.4372, 29.4372, 29.4372, 29.4511, 29.4372
4.8186, 28, 34.7746, 29.5522, 5.47723, -6.77457, 0, 29.5523, 29.5523, 30.8596, 29.574, 29.5565, 33.4244, 29.5522, 29.5522, 29.5522, 29.5522, 29.5522, 29.5522, 29.5522, 29.5522, 29.5522, 29.5522, 29.5522, 29.5522, 29.5522, 29.5522, 29.5686, 29.5522
4.82649, 46, 35.3655, 29.6665, 6.9282, 10.6345, 0, 29.6667, 29.6667, 30.7206, 29.6867, 29.6709, 34.2672, 29.6665, 29.6665, 29.6665, 29.6665, 29.6665, 29.6665, 29.6665, 29.6665, 29.6665, 29.6665, 29.6665, 29.6665, 29.6665, 29.6665, 29.6859, 29.6665
4.83437, 30, 36.074, 29.7802, 5.65685, -6.07404, 0, 29.7803, 29.7803, 30.6272, 29.7988, 29.7846, 35.181, 29.7802, 29.7802, 29.7802, 29.7802, 29.7802, 29.7802, 29.7802, 29.7802, 29.7802, 29.7802, 29.7802, 29.7802, 29.7802, 29.7802, 29.8029, 29.7802
4.84225, 24, 36.8847, 29.8929, 5.09902, -12.8847, 0, 29.8931, 29.8931, 30.573, 29.91, 29.8974, 36.1565, 29.8929, 29.8929, 29.8929, 29.8929, 29.8929, 29.8929, 29.8929, 29.8929, 29.8929, 29.8929, 29.8929, 29.8929, 29.8929, 29.8929, 29.9194, 29.8929
4.85014, 32, 37.7781, 30.0047, 5.83095, -5.77814, 0, 30.0049, 30.0048, 30.552, 30.0202, 30.0093, 37.18, 30.0047, 30.0047, 30.0047, 30.0047, 30.0047, 30.0047, 30.0047, 30.0047, 30.0047, 30.0047, 30.0047, 30.0047, 30.0047, 30.0047, 30.0352, 30.0047
4.85802, 30, 38.7316, 30.1154, 5.65685, -8.73155, 0, 30.1155, 30.1155, 30.5585, 30.1295, 30.12, 38.2346, 30.1154, 30.1154, 30.1154, 30.1154, 30.1154, 30.1154, 30.1154, 30.1154, 30.1154, 30.1154, 30.1154, 30.1154, 30.1154, 30.1154, 30.1502, 30.1154
4.8659, 38, 39.7193, 30.2248, 6.32456, -1.71926, 0, 30.2249, 30.2249, 30.5873, 30.2376, 30.2294, 39.2996, 30.2248, 30.2248, 30.2248, 30.2248, 30.2248, 30.2248, 30.2248, 30.2248, 30.2248, 30.2248, 30.2248, 30.2248, 30.2248, 30.2248, 30.2641, 30.2248
4.87378, 38, 40.7132, 30.3328, 6.32456, -2.71323, 0, 30.3329, 30.3329, 30.6339, 30.3444, 30.3375, 40.3514, 30.3328, 30.3328, 30.3328, 30.3328, 30.3328, 30.3328, 30.3328, 30.3328, 30.3328, 30.3328, 30.3328, 30.3328, 30.3328, 30.3328, 30.3767, 30.3328
4.88167, 26, 41.6841, 30.4393, 5.2915, -15.6841, 0, 30.4395, 30.4394, 30.6944, 30.4499, 30.4441, 41.3648, 30.4393, 30.4393, 30.4393, 30.4393, 30.4393, 30.4393, 30.4393, 30.4393, 30.4393, 30.4393, 30.4393, 30.4393, 30.4393, 30.4393, 30.4879, 30.4393
4.88955, 22, 42.6019, 30.5443, 4.89898, -20.6019, 0, 30.5444, 30.5444, 30.7653, 30.554, 30.5491, 42.313, 30.5443, 30.5443, 30.5443, 30.5443, 30.5443, 30.5443, 30.5443, 30.5443, 30.5443, 30.5443, 30.5443, 30.5443, 30.5443, 30.5443, 30.5974, 30.5443
4.89743, 30, 43.4381, 30.6476, 5.65685, -13.4381, 0, 30.6478, 30.6478, 30.8439, 30.6566, 30.6525, 43.1703, 30.6476, 30.6476, 30.6476, 30.6476, 30.6476, 30.6476, 30.6476, 30.6476, 30.6476, 30.6476, 30.6476, 30.6476, 30.6476, 30.6476, 30.705, 30.6476
4.90531, 44, 44.1657, 30.7494, 6.78233, -0.165676, 0, 30.7496, 30.7495, 30.9281, 30.7577, 30.7544, 43.9121, 30.7494, 30.7494, 30.7494, 30.7494, 30.7494, 30.7494, 30.7494, 30.7494, 30.7494, 30.7494, 30.7494, 30.7494, 30.7494, 30.7494, 30.8108, 30.7494
4.9132, 40, 44.7614, 30.8496, 6.48074, -4.76141, 0, 30.8497, 30.8497, 31.0162, 30.8573, 30.8546, 44.5169, 30.8496, 30.8496, 30.8496, 30.8496, 30.8496, 30.8496, 30.8496, 30.8496, 30.8496, 30.8496, 30.8496, 30.8496, 30.8496, 30.8496, 30.9145, 30.8496
4.92108, 34, 45.2065, 30.9483, 6, -11.2065, 0, 30.9484, 30.9484, 31.1068, 30.9556, 30.9533, 44.9674, 30.9483, 30.9483, 30.9483, 30.9483, 30.9483, 30.9483, 30.9483, 30.9483, 30.9483, 30.9483, 30.9483, 30.9483, 30.9483, 30.9483, 31.0161, 30.9483
4.92896, 50, 45.4878, 31.0455, 7.2111, 4.51225, 0, 31.0457, 31.0457, 31.1989, 31.0525, 31.0507, 45.2517, 31.0455, 31.0455, 31.0455, 31.0455, 31.0455, 31.0455, 31.0455, 31.0455, 31.0455, 31.0455, 31.0455, 31.0455, 31.0455, 31.0455, 31.1158, 31.0455
4.93685, 38, 45.5979, 31.1415, 6.32456, -7.59795, 0, 31.1417, 31.1417, 31.2921, 31.1483, 31.1467, 45.3632, 31.1415, 31.1415, 31.1415, 31.1415, 31.1415, 31.1415, 31.1415, 31.1415, 31.1415, 31.1415, 31.1415, 31.1415, 31.1415, 31.1415, 31.2135, 31.1415
4.94473, 42, 45.5365, 31.2365, 6.63325, -3.53646, 0, 31.2367, 31.2366, 31.3857, 31.2431, 31.2418, 45.3022, 31.2365, 31.2365, 31.2365, 31.2365, 31.2365, 31.2365, 31.2365, 31.2365, 31.2365, 31.2365, 31.2365, 31.2365, 31.2365, 31.2365, 31.3095, 31.2365
4.95261, 28, 45.3089, 31.3307, 5.47723, -17.3089, 0, 31.3308, 31.3308, 31.4797, 31.3371, 31.336, 45.0747, 31.3307, 31.3307, 31.3307, 31.3307, 31.3307, 31.3307, 31.3307, 31.3307, 31.3307, 31.3307, 31.3307, 31.3307, 31.3307, 31.3307, 31.4039, 31.3307
4.96049, 26, 44.9271, 31.4242, 5.2915, -18.9271, 0, 31.4244, 31.4244, 31.574, 31.4306, 31.4296, 44.6927, 31.4242, 31.4242, 31.4242, 31.4242, 31.4242, 31.4242, 31.4242, 31.4242, 31.4242, 31.4242, 31.4242, 31.4242, 31.4242, 31.4242, 31.4969, 31.4242
4.96838, 34, 44.4079, 31.5175, 6, -10.4079, 0, 31.5176, 31.5176, 31.6685, 31.5238, 31.5229, 44.1733, 31.5175, 31.5175, 31.5175, 31.5175, 31.5175, 31.5175, 31.5175, 31.5175, 31.5175, 31.5175, 31.5175, 31.5175, 31.5175, 31.5175, 31.589, 31.5175
4.97626, 42, 43.7723, 31.6107, 6.63325, -1.77232, 0, 31.6108, 31.6108, 31.7635, 31.617, 31.6162, 43.5378, 31.6107, 31.6107, 31.6107, 31.6107, 31.6107, 31.6107, 31.6107, 31.6107, 31.6107, 31.6107, 31.6107, 31.6107, 31.6107, 31.6107, 31.6803, 31.6107
4.98414, 34, 43.0446, 31.7041, 6, -9.04456, 0, 31.7043, 31.7042, 31.859, 31.7104, 31.7097, 42.8104, 31.7041, 31.7041, 31.7041, 31.7041, 31.7041, 31.7041, 31.7041, 31.7041, 31.7041, 31.7041, 31.7041, 31.7041, 31.7041, 31.7041, 31.7712, 31.7041
4.99203, 50, 42.2504, 31.798, 7.2111, 7.74965, 0, 31.7982, 31.7981, 31.9553, 31.8044, 31.8037, 42.0167, 31.798, 31.798, 31.798, 31.798, 31.798, 31.798, 31.798, 31.798, 31.798, 31.798, 31.798, 31.798, 31.798, 31.798, 31.8621, 31.798
4.99991, 30, 41.4158, 31.8926, 5.65685, -11.4158, 0, 31.8928, 31.8928, 32.0525, 31.899, 31.8983, 41.183, 31.8926, 31.8926, 31.8926, 31.8926, 31.8926, 31.8926, 31.8926, 31.8926, 31.8926, 31.8926, 31.8926, 31.8926, 31.8926, 31.8926, 31.9532, 31.8926
5.00779, 34, 40.5662, 31.9881, 6, -6.56624, 0, 31.9883, 31.9882, 32.1508, 31.9946, 31.9939, 40.3342, 31.9881, 31.9881, 31.9881, 31.9881, 31.9881, 31.9881, 31.9881, 31.9881, 31.9881, 31.9881, 31.9881, 31.9881, 31.9881, 31.9881, 32.0449, 31.9881
5.01567, 24, 39.7249, 32.0847, 5.09902, -15.7249, 0, 32.0849, 32.0848, 32.2504, 32.0913, 32.0905, 39.4938, 32.0847, 32.0847, 32.0847, 32.0847, 32.0847, 32.0847, 32.0847, 32.0847, 32.0847, 32.0847, 32.0847, 32.0847, 32.0847, 32.0847, 32.1375, 32.0847
5.02356, 34, 38.9123, 32.1824, 6, -4.91235, 0, 32.1826, 32.1826, 32.3514, 32.1891, 32.1884, 38.682, 32.1824, 32.1824, 32.1824, 32.1824, 32.1824, 32.1824, 32.1824, 32.1824, 32.1824, 32.1824, 32.1824, 32.1824, 32.1824, 32.1824, 32.231, 32.1824
5.03144, 28, 38.1457, 32.2815, 5.47723, -10.1457, 0, 32.2816, 32.2816, 32.454, 32.2882, 32.2874, 37.9159, 32.2815, 32.2815, 32.2815, 32.2815, 32.2815, 32.2815, 32.2815, 32.2815, 32.2815, 32.2815, 32.2815, 32.2815, 32.2815, 32.2815, 32.3258, 32.2815
5.03932, 38, 37.4384, 32.3818, 6.32456, 0.56155, 0, 32.3819, 32.3819, 32.5582, 32.3886, 32.3879, 37.2088, 32.3818, 32.3818, 32.3818, 32.3818, 32.3818, 32.3818, 32.3818, 32.3818, 32.3818, 32.3818, 32.3818, 32.3818, 32.3818, 32.3818, 32.422, 32.3818
5.04721, 24, 36.8002, 32.4834, 5.09902, -12.8002, 0, 32.4836, 32.4836, 32.664, 32.4903, 32.4896, 36.5701, 32.4834, 32.4834, 32.4834, 32.4834, 32.4834, 32.4834, 32.4834, 32.4834, 32.4834, 32.4834, 32.4834, 32.4834, 32.4834, 32.4834, 32.5195, 32.4834
5.05509, 38, 36.2369, 32.5864, 6.32456, 1.76311, 0, 32.5865, 32.5865, 32.7717, 32.5934, 32.5926, 36.0057, 32.5864, 32.5864, 32.5864, 32.5864, 32.5864, 32.5864, 32.5864, 32.5864, 32.5864, 32.5864, 32.5864, 32.5864, 32.5864, 32.5864, 32.6186, 32.5864
5.06297, 28, 35.7512, 32.6905, 5.47723, -7.75122, 0, 32.6906, 32.6906, 32.8812, 32.6976, 32.6969, 35.5181, 32.6905, 32.6905, 32.6905, 32.6905, 32.6905, 32.6905, 32.6905, 32.6905, 32.6905, 32.6905, 32.6905, 32.6905, 32.6905, 32.6905, 32.7192, 32.6905
5.07085, 16, 35.343, 32.7958, 4.24264, -19.343, 0, 32.7959, 32.7959, 32.9926, 32.803, 32.8023, 35.1067, 32.7958, 32.7958, 32.7958, 32.7958, 32.7958, 32.7958, 32.7958, 32.7958, 32.7958, 32.7958, 32.7958, 32.7958, 32.7958, 32.7958, 32.8212, 32.7958
5.07874, 28, 35.0095, 32.9021, 5.47723, -7.00953, 0, 32.9022, 32.9022, 33.106, 32.9094, 32.9089, 34.7687, 32.9021, 32.9021, 32.9021, 32.9021, 32.9021, 32.9021, 32.9021, 32.9021, 32.9021, 32.9021, 32.9021, 32.9021, 32.9021, 32.9021, 32.9246, 32.9021
5.08662, 32, 34.7466, 33.0093, 5.83095, -2.7466, 0, 33.0095, 33.0094, 33.2215, 33.0167, 33.0164, 34.4996, 33.0093, 33.0093, 33.0093, 33.0093, 33.0093, 33.0093, 33.0093, 33.0093, 33.0093, 33.0093, 33.0093, 33.0093, 33.0093, 33.0093, 33.0293, 33.0093
5.0945, 22, 34.5486, 33.1173, 4.89898, -12.5486, 0, 33.1175, 33.1175, 33.3393, 33.1248, 33.1249, 34.2933, 33.1173, 33.1173, 33.1173, 33.1173, 33.1173, 33.1173, 33.1173, 33.1173, 33.1173, 33.1173, 33.1173, 33.1173, 33.1173, 33.1173, 33.1353, 33.1173
5.10239, 38, 34.4093, 33.226, 6.32456, 3.59068, 0, 33.2262, 33.2262, 33.4596, 33.2337, 33.2344, 34.1432, 33.226, 33.226, 33.226, 33.226, 33.226, 33.226, 33.226, 33.226, 33.226, 33.226, 33.226, 33.226, 33.226, 33.226, 33.2423, 33.226
5.11027, 32, 34.3223, 33.3353, 5.83095, -2.32226, 0, 33.3354, 33.3354, 33.5827, 33.343, 33.3447, 34.0424, 33.3353, 33.3353, 33.3353, 33.3353, 33.3353, 33.3353, 33.3353, 33.3353, 33.3353, 33.3353, 33.3353, 33.3353, 33.3353, 33.3353, 33.3503, 33.3353
5.11815, 18, 34.2811, 33.4449, 4.47214, -16.2811, 0, 33.4451, 33.4451, 33.7089, 33.4528, 33.456, 33.9838, 33.4449, 33.4449, 33.4449, 33.4449, 33.4449, 33.4449, 33.4449, 33.4449, 33.4449, 33.4449, 33.4449, 33.4449, 33.4449, 33.4449, 33.4591, 33.4449
5.12603, 18, 34.2801, 33.555, 4.47214, -16.2801, 0, 33.5551, 33.5551, 33.8387, 33.5629, 33.5684, 33.9609, 33.555, 33.555, 33.555, 33.555, 33.555, 33.555, 33.555, 33.555, 33.555, 33.555, 33.555, 33.555, 33.555, 33.555, 33.5688, 33.555
5.13392, 12, 34.3139, 33.6652, 3.74166, -22.3139, 0, 33.6654, 33.6653, 33.9725, 33.6733, 33.6822, 33.9675, 33.6652, 33.6652, 33.6652, 33.6652, 33.6652, 33.6652, 33.6652, 33.6652, 33.6652, 33.6652, 33.6652, 33.6652, 33.6652, 33.6652, 33.679, 33.6652
5.1418, 24, 34.3781, 33.7756, 5.09902, -10.3781, 0, 33.7757, 33.7757, 34.1109, 33.7837, 33.7977, 33.9981, 33.7756, 33.7756, 33.7756, 33.7756, 33.7756, 33.7756, 33.7756, 33.7756, 33.7756, 33.7756, 33.7756, 33.7756, 33.7756, 33.7756, 33.7897, 33.7756
5.14968, 22, 34.4693, 33.886, 4.89898, -12.4693, 0, 33.8862, 33.8862, 34.2543, 33.8943, 33.9157, 34.0479, 33.886, 33.886, 33.886, 33.886, 33.886, 33.886, 33.886, 33.886, 33.886, 33.886, 33.886, 33.886, 33.886, 33.886, 33.9008, 33.886
5.15757, 26, 34.5849, 33.9965, 5.2915, -8.58494, 0, 33.9966, 33.9966, 34.4035, 34.0049, 34.037, 34.113, 33.9965, 33.9965, 33.9965, 33.9965, 33.9965, 33.9965, 33.9965, 33.9965, 33.9965, 33.9965, 33.9965, 33.9965, 33.9965, 33.9965, 34.0122, 33.9965
5.16545, 26, 34.7234, 34.1069, 5.2915, -8.72341, 0, 34.107, 34.107, 34.5589, 34.1154, 34.1628, 34.1897, 34.1069, 34.1069, 34.1069, 34.1069, 34.1069, 34.1069, 34.1069, 34.1069, 34.1069, 34.1069, 34.1069, 34.1069, 34.1069, 34.1069, 34.1239, 34.1069
5.17333, 26, 34.884, 34.2172, 5.2915, -8.884, 0, 34.2173, 34.2173, 34.721, 34.2258, 34.2946, 34.2754, 34.2172, 34.2172, 34.2172, 34.2172, 34.2172, 34.2172, 34.2172, 34.2172, 34.2172, 34.2172, 34.2172, 34.2172, 34.2172, 34.2172, 34.2356, 34.2172
5.18121, 28, 35.067, 34.3273, 5.47723, -7.06699, 0, 34.3274, 34.3274, 34.8903, 34.336, 34.4345, 34.3678, 34.3273, 34.3273, 34.3273, 34.3273, 34.3273, 34.3273, 34.3273, 34.3273, 34.3273, 34.3273, 34.3273, 34.3273, 34.3273, 34.3273, 34.3473, 34.3273
5.1891, 32, 35.2735, 34.4373, 5.83095, -3.27347, 0, 34.4374, 34.4374, 35.0668, 34.4461, 34.5851, 34.4651, 34.4373, 34.4373, 34.4373, 34.4373, 34.4373, 34.4373, 34.4373, 34.4373, 34.4373, 34.4373, 34.4373, 34.4373, 34.4373, 34.4373, 34.4591, 34.4373
5.19698, 16, 35.5053, 34.547, 4.24264, -19.5053, 0, 34.5471, 34.5471, 35.2507, 34.5559, 34.7497, 34.5659, 34.547, 34.547, 34.547, 34.547, 34.547, 34.547, 34.547, 34.547, 34.547, 34.547, 34.547, 34.547, 34.547, 34.547, 34.5707, 34.547
5.20486, 18, 35.7652, 34.6565, 4.47214, -17.7652, 0, 34.6567, 34.6566, 35.4418, 34.6656, 34.9321, 34.6692, 34.6565, 34.6565, 34.6565, 34.6565, 34.6565, 34.6565, 34.6565, 34.6565, 34.6565, 34.6565, 34.6565, 34.6565, 34.6565, 34.6565, 34.6822, 34.6565
5.21274, 24, 36.0565, 34.7657, 5.09902, -12.0565, 0, 34.7659, 34.7659, 35.6395, 34.7749, 35.1371, 34.7742, 34.7657, 34.7657, 34.7657, 34.7657, 34.7657, 34.7657, 34.7657, 34.7657, 34.7657, 34.7657, 34.7657, 34.7657, 34.7657, 34.7657, 34.7935, 34.7657
5.22063, 30, 36.3833, 34.8747, 5.65685, -6.38332, 0, 34.8749, 34.8749, 35.8429, 34.884, 35.3701, 34.8803, 34.8747, 34.8747, 34.8747, 34.8747, 34.8747, 34.8747, 34.8747, 34.8747, 34.8747, 34.8747, 34.8747, 34.8747, 34.8747, 34.8747, 34.9047, 34.8747
5.22851, 20, 36.7501, 34.9834, 4.69042, -16.7501, 0, 34.9836, 34.9836, 36.0508, 34.9928, 35.6373, 34.987, 34.9834, 34.9834, 34.9834, 34.9834, 34.9834, 34.9834, 34.9834, 34.9834, 34.9834, 34.9834, 34.9834, 34.9834, 34.9834, 34.9834, 35.0156, 34.9834
5.23639, 20, 37.162, 35.0918, 4.69042, -17.162, 0, 35.092, 35.092, 36.2619, 35.1014, 35.9454, 35.0942, 35.0918, 35.0918, 35.0918, 35.0918, 35.0918, 35.0918, 35.0918, 35.0918, 35.0918, 35.0918, 35.0918, 35.0918, 35.0918, 35.0918, 35.1263, 35.0918
5.24428, 34, 37.6241, 35.2, 6, -3.62412, 0, 35.2001, 35.2001, 36.4741, 35.2096, 36.3017, 35.2014, 35.2, 35.2, 35.2, 35.2, 35.2, 35.2, 35.2, 35.2, 35.2, 35.2, 35.2, 35.2, 35.2, 35.2, 35.2369, 35.2
5.25216, 36, 38.1417, 35.3077, 6.16441, -2.14172, 0, 35.3079, 35.3079, 36.6853, 35.3175, 36.7136, 35.3087, 35.3077, 35.3077, 35.3077, 35.3077, 35.3077, 35.3077, 35.3077, 35.3077, 35.3077, 35.3077, 35.3077, 35.3077, 35.3077, 35.3077, 35.3474, 35.3077
5.26004, 30, 38.7197, 35.4152, 5.65685, -8.71974, 0, 35.4154, 35.4153, 36.8933, 35.4251, 37.1883, 35.4158, 35.4152, 35.4152, 35.4152, 35.4152, 35.4152, 35.4152, 35.4152, 35.4152, 35.4152, 35.4152, 35.4152, 35.4152, 35.4152, 35.4152, 35.4578, 35.4152
5.26792, 22, 39.3625, 35.5223, 4.89898, -17.3625, 0, 35.5225, 35.5225, 37.0956, 35.5323, 37.7328, 35.5227, 35.5223, 35.5223, 35.5223, 35.5223, 35.5223, 35.5223, 35.5223, 35.5223, 35.5223, 35.5223, 35.5223, 35.5223, 35.5223, 35.5223, 35.5682, 35.5223
5.27581, 28, 40.0732, 35.6291, 5.47723, -12.0732, 0, 35.6293, 35.6293, 37.2896, 35.6392, 38.3525, 35.6294, 35.6291, 35.6291, 35.6291, 35.6291, 35.6291, 35.6291, 35.6291, 35.6291, 35.6291, 35.6291, 35.6291, 35.6291, 35.6291, 35.6291, 35.6788, 35.6291
5.28369, 20, 40.8535, 35.7356, 4.69042, -20.8535, 0, 35.7357, 35.7357, 37.473, 35.7458, 39.0515, 35.7357, 35.7356, 35.7356, 35.7356, 35.7356, 35.7356, 35.7356, 35.7356, 35.7356, 35.7356, 35.7356, 35.7356, 35.7356, 35.7356, 35.7356, 35.7895, 35.7356
5.29157, 38, 41.7032, 35.8417, 6.32456, -3.70321, 0, 35.8418, 35.8418, 37.6435, 35.852, 39.8317, 35.8417, 35.8417, 35.8417, 35.8417, 35.8417, 35.8417, 35.8417, 35.8417, 35.8417, 35.8417, 35.8417, 35.8417, 35.8417, 35.8417, 35.8417, 35.9006, 35.8417
5.29946, 36, 42.6196, 35.9474, 6.16441, -6.61959, 0, 35.9475, 35.9475, 37.7994, 35.9578, 40.6921, 35.9474, 35.9474, 35.9474, 35.9474, 35.9474, 35.9474, 35.9474, 35.9474, 35.9474, 35.9474, 35.9474, 35.9474, 35.9474, 35.9474, 35.9474, 36.012, 35.9474
5.30734, 40, 43.597, 36.0527, 6.48074, -3.597, 0, 36.0528, 36.0528, 37.9391, 36.0633, 41.6285, 36.0527, 36.0527, 36.0527, 36.0527, 36.0527, 36.0527, 36.0527, 36.0527, 36.0527, 36.0527, 36.0527, 36.0527, 36.0527, 36.0527, 36.0527, 36.1239, 36.0527
5.31522, 38, 44.6267, 36.1576, 6.32456, -6.62669, 0, 36.1578, 36.1578, 38.0616, 36.1684, 42.633, 36.1577, 36.1576, 36.1576, 36.1576, 36.1576, 36.1576, 36.1576, 36.1576, 36.1576, 36.1576, 36.1576, 36.1576, 36.1576, 36.1576, 36.1576, 36.2364, 36.1576
5.3231, 42, 45.6964, 36.2622, 6.63325, -3.69643, 0, 36.2623, 36.2623, 38.1665, 36.273, 43.6938, 36.2622, 36.2622, 36.2622, 36.2622, 36.2622, 36.2622, 36.2622, 36.2622, 36.2622, 36.2622, 36.2622, 36.2622, 36.2622, 36.2622, 36.2622, 36.3494, 36.2622
5.33099, 48, 46.7908, 36.3663, 7.07107, 1.20924, 0, 36.3665, 36.3664, 38.2539, 36.3773, 44.7954, 36.3663, 36.3663, 36.3663, 36.3663, 36.3663, 36.3663, 36.3663, 36.3663, 36.3663, 36.3663, 36.3663, 36.3663, 36.3663, 36.3663, 36.3663, 36.4629, 36.3663
5.33887, 58, 47.8907, 36.47, 7.74597, 10.1093, 0, 36.4702, 36.4702, 38.3244, 36.4811, 45.9181, 36.47, 36.47, 36.47, 36.47, 36.47, 36.47, 36.47, 36.47, 36.47, 36.47, 36.47, 36.47, 36.47, 36.47, 36.47, 36.5769, 36.47
5.34675, 52, 48.9751, 36.5733, 7.34847, 3.02491, 0, 36.5735, 36.5734, 38.3793, 36.5845, 47.0397, 36.5733, 36.5733, 36.5733, 36.5733, 36.5733, 36.5733, 36.5733, 36.5733, 36.5733, 36.5733, 36.5733, 36.5733, 36.5733, 36.5733, 36.5733, 36.6913, 36.5733
5.35464, 44, 50.0202, 36.6761, 6.78233, -6.02018, 0, 36.6763, 36.6763, 38.4201, 36.6875, 48.1349, 36.6761, 36.6761, 36.6761, 36.6761, 36.6761, 36.6761, 36.6761, 36.6761, 36.6761, 36.6761, 36.6761, 36.6761, 36.6761, 36.6761, 36.6761, 36.8058, 36.6761
5.36252, 56, 51.0013, 36.7785, 7.61577, 4.9987, 0, 36.7787, 36.7786, 38.4489, 36.79, 49.1773, 36.7785, 36.7785, 36.7785, 36.7785, 36.7785, 36.7785, 36.7785, 36.7785, 36.7785, 36.7785, 36.7785, 36.7785, 36.7785, 36.7785, 36.7785, 36.9204, 36.7785
5.3704, 70, 51.8936, 36.8804, 8.48528, 18.1064, 0, 36.8806, 36.8806, 38.468, 36.892, 50.1399, 36.8804, 36.8804, 36.8804, 36.8804, 36.8804, 36.8804, 36.8804, 36.8804, 36.8804, 36.8804, 36.8804, 36.8804, 36.8804, 36.8804, 36.8804, 37.0347, 36.8804
5.37828, 62, 52.6731, 36.9819, 8, 9.3269, 0, 36.982, 36.982, 38.4798, 36.9936, 50.9967, 36.9819, 36.9819, 36.9819, 36.9819, 36.9819, 36.9819, 36.9819, 36.9819, 36.9819, 36.9819, 36.9819, 36.9819, 36.9819, 36.9819, 36.9819, 37.1483, 36.9819
5.38617, 74, 53.3183, 37.0829, 8.7178, 20.6817, 0, 37.083, 37.083, 38.4868, 37.0947, 51.724, 37.0829, 37.0829, 37.0829, 37.0829, 37.0829, 37.0829, 37.0829, 37.0829, 37.0829, 37.0829, 37.0829, 37.0829, 37.0829, 37.0829, 37.0829, 37.2611, 37.0829
5.39405, 66, 53.8108, 37.1833, 8.24621, 12.1892, 0, 37.1834, 37.1834, 38.4913, 37.1952, 52.3012, 37.1833, 37.1833, 37.1833, 37.1833, 37.1833, 37.1833, 37.1833, 37.1833, 37.1833, 37.1833, 37.1833, 37.1833, 37.1833, 37.1833, 37.1833, 37.3725, 37.1833
5.40193, 46, 54.1367, 37.2833, 6.9282, -8.13671, 0, 37.2834, 37.2834, 38.4958, 37.2953, 52.7128, 37.2833, 37.2833, 37.2833, 37.2833, 37.2833, 37.2833, 37.2833, 37.2833, 37.2833, 37.2833, 37.2833, 37.2833, 37.2833, 37.2833, 37.2833, 37.4823, 37.2833
5.40981, 66, 54.2875, 37.3827, 8.24621, 11.7125, 0, 37.3829, 37.3829, 38.502, 37.3949, 52.9483, 37.3827, 37.3827, 37.3827, 37.3827, 37.3827, 37.3827, 37.3827, 37.3827, 37.3827, 37.3827, 37.3827, 37.3827, 37.3827, 37.3827, 37.3827, 37.5901, 37.3827
5.4177, 56, 54.26, 37.4816, 7.61577, 1.74004, 0, 37.4818, 37.4818, 38.5119, 37.494, 53.0032, 37.4816, 37.4816, 37.4816, 37.4816, 37.4816, 37.4816, 37.4816, 37.4816, 37.4816, 37.4816, 37.4816, 37.4816, 37.4816, 37.4816, 37.4816, 37.6955, 37.4816
5.42558, 66, 54.0573, 37.58, 8.24621, 11.9427, 0, 37.5802, 37.5802, 38.5266, 37.5925, 52.8795, 37.58, 37.58, 37.58, 37.58, 37.58, 37.58, 37.58, 37.58, 37.58, 37.58, 37.58, 37.58, 37.58, 37.58, 37.58, 37.7984, 37.58
5.43346, 50, 53.6882, 37.6779, 7.2111, -3.68816, 0, 37.678, 37.678, 38.5475, 37.6905, 52.5851, 37.6779, 37.6779, 37.6779, 37.6779, 37.6779, 37.6779, 37.6779, 37.6779, 37.6779, 37.6779, 37.6779, 37.6779, 37.6779, 37.6779, 37.6779, 37.8985, 37.6779
5.44135, 50, 53.1667, 37.7752, 7.2111, -3.16674, 0, 37.7753, 37.7753, 38.5749, 37.7879, 52.1335, 37.7752, 37.7752, 37.7752, 37.7752, 37.7752, 37.7752, 37.7752, 37.7752, 37.7752, 37.7752, 37.7752, 37.7752, 37.7752, 37.7752, 37.7752, 37.9956, 37.7752
5.44923, 68, 52.512, 37.8719, 8.3666, 15.488, 0, 37.872, 37.872, 38.6095, 37.8847, 51.5432, 37.8719, 37.8719, 37.8719, 37.8719, 37.8719, 37.8719, 37.8719, 37.8719, 37.8719, 37.8719, 37.8719, 37.8719, 37.8719, 37.8719, 37.8719, 38.0899, 37.8719
5.45711, 56, 51.746, 37.968, 7.61577, 4.25396, 0, 37.9682, 37.9682, 38.6512, 37.981, 50.8364, 37.968, 37.968, 37.968, 37.968, 37.968, 37.968, 37.968, 37.968, 37.968, 37.968, 37.968, 37.968, 37.968, 37.968, 37.968, 38.1812, 37.968
5.46499, 56, 50.8939, 38.0636, 7.61577, 5.10613, 0, 38.0638, 38.0638, 38.7, 38.0767, 50.0379, 38.0636, 38.0636, 38.0636, 38.0636, 38.0636, 38.0636, 38.0636, 38.0636, 38.0636, 38.0636, 38.0636, 38.0636, 38.0636, 38.0636, 38.0636, 38.2698, 38.0636
5.47288, 46, 49.9817, 38.1586, 6.9282, -3.98172, 0, 38.1588, 38.1588, 38.7554, 38.1719, 49.1741, 38.1586, 38.1586, 38.1586, 38.1586, 38.1586, 38.1586, 38.1586, 38.1586, 38.1586, 38.1586, 38.1586, 38.1586, 38.1586, 38.1586, 38.1586, 38.3558, 38.1586
5.48076, 50, 49.0356, 38.253, 7.2111, 0.964428, 0, 38.2531, 38.2532, 38.8169, 38.2664, 48.2713, 38.253, 38.253, 38.253, 38.253, 38.253, 38.253, 38.253, 38.253, 38.253, 38.253, 38.253, 38.253, 38.253, 38.253, 38.253, 38.4395, 38.253
5.48864, 48, 48.0805, 38.3467, 7.07107, -0.0804977, 0, 38.3469, 38.347, 38.8841, 38.3603, 47.3548, 38.3467, 38.3467, 38.3467, 38.3467, 38.3467, 38.3467, 38.3467, 38.3467, 38.3467, 38.3467, 38.3467, 38.3467, 38.3467, 38.3467, 38.3467, 38.5212, 38.3467
5.49653, 50, 47.1394, 38.4399, 7.2111, 2.86057, 0, 38.4401, 38.4402, 38.9561, 38.4536, 46.4477, 38.4399, 38.4399, 38.4399, 38.4399, 38.4399, 38.4399, 38.4399, 38.4399, 38.4399, 38.4399, 38.4399, 38.4399, 38.4399, 38.4399, 38.4399, 38.6012, 38.4399
5.50441, 46, 46.2326, 38.5324, 6.9282, -0.232628, 0, 38.5326, 38.5328, 39.0324, 38.5462, 45.5708, 38.5324, 38.5324, 38.5324, 38.5324, 38.5324, 38.5324, 38.5324, 38.5324, 38.5324, 38.5324, 38.5324, 38.5324, 38.5324, 38.5324, 38.5324, 38.68, 38.5324
5.51229, 34, 45.3766, 38.6243, 6, -11.3766, 0, 38.6244, 38.6247, 39.1122, 38.6383, 44.7407, 38.6243, 38.6243, 38.6243, 38.6243, 38.6243, 38.6243, 38.6243, 38.6243, 38.6243, 38.6243, 38.6243, 38.6243, 38.6243, 38.6243, 38.6243, 38.7577, 38.6243
5.52017, 48, 44.5845, 38.7155, 7.07107, 3.41553, 0, 38.7156, 38.716, 39.1948, 38.7296, 43.9708, 38.7155, 38.7155, 38.7155, 38.7155, 38.7155, 38.7155, 38.7155, 38.7155, 38.7155, 38.7155, 38.7155, 38.7155, 38.7155, 38.7155, 38.7155, 38.8348, 38.7155
5.52806, 40, 43.8656, 38.806, 6.48074, -3.86559, 0, 38.8061, 38.8066, 39.2799, 38.8204, 43.2709, 38.806, 38.806, 38.806, 38.806, 38.806, 38.806, 38.806, 38.806, 38.806, 38.806, 38.806, 38.806, 38.806, 38.806, 38.806, 38.9116, 38.806
5.53594, 42, 43.2255, 38.8958, 6.63325, -1.2255, 0, 38.896, 38.8966, 39.3667, 38.9105, 42.6466, 38.8958, 38.8958, 38.8958, 38.8958, 38.8958, 38.8958, 38.8958, 38.8958, 38.8958, 38.8958, 38.8958, 38.8958, 38.8958, 38.8958, 38.8958, 38.9883, 38.8958
5.54382, 36, 42.6666, 38.985, 6.16441, -6.66663, 0, 38.9851, 38.9859, 39.4548, 39.0001, 42.1005, 38.985, 38.985, 38.985, 38.985, 38.985, 38.985, 38.985, 38.985, 38.985, 38.985, 38.985, 38.985, 38.985, 38.985, 38.985, 39.0651, 38.985
5.55171, 46, 42.1884, 39.0734, 6.9282, 3.81155, 0, 39.0736, 39.0746, 39.5438, 39.089, 41.6325, 39.0734, 39.0734, 39.0734, 39.0734, 39.0734, 39.0734, 39.0734, 39.0734, 39.0734, 39.0734, 39.0734, 39.0734, 39.0734, 39.0734, 39.0734, 39.1422, 39.0734
5.55959, 40, 41.7882, 39.1612, 6.48074, -1.78825, 0, 39.1613, 39.1625, 39.6334, 39.1775, 41.2397, 39.1612, 39.1612, 39.1612, 39.1612, 39.1612, 39.1612, 39.1612, 39.1612, 39.1612, 39.1612, 39.1612, 39.1612, 39.1612, 39.1612, 39.1612, 39.2197, 39.1612
5.56747, 36, 41.4613, 39.2482, 6.16441, -5.46131, 0, 39.2483, 39.2498, 39.7233, 39.2656, 40.9177, 39.2482, 39.2482, 39.2482, 39.2482, 39.2482, 39.2482, 39.2482, 39.2482, 39.2482, 39.2482, 39.2482, 39.2482, 39.2482, 39.2482, 39.2482, 39.2976, 39.2482
5.57535, 18, 41.2018, 39.3345, 4.47214, -23.2018, 0, 39.3347, 39.3365, 39.8132, 39.3534, 40.6605, 39.3345, 39.3345, 39.3345, 39.3345, 39.3345, 39.3345, 39.3345, 39.3345, 39.3345, 39.3345, 39.3345, 39.3345, 39.3345, 39.3345, 39.3345, 39.376, 39.3345
5.58324, 28, 41.0032, 39.42, 5.47723, -13.0032, 0, 39.4202, 39.4224, 39.903, 39.4413, 40.4617, 39.42, 39.42, 39.42, 39.42, 39.42, 39.42, 39.42, 39.42, 39.42, 39.42, 39.42, 39.42, 39.42, 39.42, 39.42, 39.4549, 39.42
5.59112, 26, 40.8587, 39.5048, 5.2915, -14.8587, 0, 39.505, 39.5077, 39.9924, 39.5296, 40.314, 39.5048, 39.5048, 39.5048, 39.5048, 39.5048, 39.5048, 39.5048, 39.5048, 39.5048, 39.5048, 39.5048, 39.5048, 39.5048, 39.5048, 39.5048, 39.5341, 39.5048
5.599, 28, 40.7616, 39.5889, 5.47723, -12.7616, 0, 39.589, 39.5922, 40.0815, 39.6189, 40.2106, 39.5889, 39.5889, 39.5889, 39.5889, 39.5889, 39.5889, 39.5889, 39.5889, 39.5889, 39.5889, 39.5889, 39.5889, 39.5889, 39.5889, 39.5889, 39.6137, 39.5889
5.60689, 34, 40.7059, 39.6721, 6, -6.70587, 0, 39.6723, 39.6761, 40.17, 39.7099, 40.1447, 39.6721, 39.6721, 39.6721, 39.6721, 39.6721, 39.6721, 39.6721, 39.6721, 39.6721, 39.6721, 39.6721, 39.6721, 39.6721, 39.6721, 39.6721, 39.6936, 39.6721
5.61477, 36, 40.6861, 39.7546, 6.16441, -4.68611, 0, 39.7548, 39.7592, 40.258, 39.8038, 40.1099, 39.7546, 39.7546, 39.7546, 39.7546, 39.7546, 39.7546, 39.7546, 39.7546, 39.7546, 39.7546, 39.7546, 39.7546, 39.7546, 39.7546, 39.7546, 39.7736, 39.7546
5.62265, 14, 40.6981, 39.8363, 4, -26.6981, 0, 39.8365, 39.8416, 40.3453, 39.9021, 40.1006, 39.8363, 39.8363, 39.8363, 39.8363, 39.8363, 39.8363, 39.8363, 39.8363, 39.8363, 39.8363, 39.8363, 39.8363, 39.8363, 39.8363, 39.8363, 39.8537, 39.8363
5.63053, 16, 40.7388, 39.9172, 4.24264, -24.7388, 0, 39.9174, 39.9233, 40.4319, 40.0068, 40.1117, 39.9172, 39.9172, 39.9172, 39.9172, 39.9172, 39.9172, 39.9172, 39.9172, 39.9172, 39.9172, 39.9172, 39.9172, 39.9172, 39.9172, 39.9172, 39.9337, 39.9172
5.63842, 22, 40.8066, 39.9973, 4.89898, -18.8066, 0, 39.9975, 40.0042, 40.5179, 40.1209, 40.1391, 39.9973, 39.9973, 39.9973, 39.9973, 39.9973, 39.9973, 39.9973, 39.9973, 39.9973, 39.9973, 39.9973, 39.9973, 39.9973, 39.9973, 39.9973, 40.0136, 39.9973
5.6463, 10, 40.9014, 40.0766, 3.4641, -30.9014, 0, 40.0767, 40.0843, 40.603, 40.248, 40.1791, 40.0766, 40.0766, 40.0766, 40.0766, 40.0766, 40.0766, 40.0766, 40.0766, 40.0766, 40.0766, 40.0766, 40.0766, 40.0766, 40.0766, 40.0766, 40.0932, 40.0766
5.65418, 22, 41.0252, 40.155, 4.89898, -19.0252, 0, 40.1551, 40.1636, 40.6874, 40.393, 40.2286, 40.155, 40.155, 40.155, 40.155, 40.155, 40.155, 40.155, 40.155, 40.155, 40.155, 40.155, 40.155, 40.155, 40.155, 40.155, 40.1724, 40.155
5.66207, 28, 41.1814, 40.2326, 5.47723, -13.1814, 0, 40.2327, 40.2421, 40.771, 40.5619, 40.2854, 40.2326, 40.2326, 40.2326, 40.2326, 40.2326, 40.2326, 40.2326, 40.2326, 40.2326, 40.2326, 40.2326, 40.2326, 40.2326, 40.2326, 40.2326, 40.2512, 40.2326
5.66995, 18, 41.376, 40.3093, 4.47214, -23.376, 0, 40.3095, 40.3197, 40.8538, 40.7627, 40.3475, 40.3093, 40.3093, 40.3093, 40.3093, 40.3093, 40.3093, 40.3093, 40.3093, 40.3093, 40.3093, 40.3093, 40.3093, 40.3093, 40.3093, 40.3093, 40.3294, 40.3093
5.67783, 26, 41.6168, 40.3851, 5.2915, -15.6168, 0, 40.3853, 40.3964, 40.9357, 41.0048, 40.4135, 40.3851, 40.3851, 40.3851, 40.3851, 40.3851, 40.3851, 40.3851, 40.3851, 40.3851, 40.3851, 40.3851, 40.3851, 40.3851, 40.3851, 40.3851, 40.4069, 40.3851
5.68571, 14, 41.9142, 40.4601, 4, -27.9142, 0, 40.4603, 40.4721, 41.0168, 41.2996, 40.4823, 40.4601, 40.4601, 40.4601, 40.4601, 40.4601, 40.4601, 40.4601, 40.4601, 40.4601, 40.4601, 40.4601, 40.4601, 40.4601, 40.4601, 40.4601, 40.4836, 40.4601
5.6936, 30, 42.281, 40.5342, 5.65685, -12.281, 0, 40.5344, 40.5469, 41.0971, 41.6609, 40.5532, 40.5342, 40.5342, 40.5342, 40.5342, 40.5342, 40.5342, 40.5342, 40.5342, 40.5342, 40.5342, 40.5342, 40.5342, 40.5342, 40.5342, 40.5342, 40.5596, 40.5342
5.70148, 20, 42.7324, 40.6074, 4.69042, -22.7324, 0, 40.6075, 40.6207, 41.1764, 42.1043, 40.6258, 40.6074, 40.6074, 40.6074, 40.6074, 40.6074, 40.6074, 40.6074, 40.6074, 40.6074, 40.6074, 40.6074, 40.6074, 40.6074, 40.6074, 40.6074, 40.6345, 40.6074
5.70936, 32, 43.2858, 40.6796, 5.83095, -11.2858, 0, 40.6798, 40.6934, 41.2549, 42.6476, 40.6999, 40.6796, 40.6796, 40.6796, 40.6796, 40.6796, 40.6796, 40.6796, 40.6796, 40.6796, 40.6796, 40.6796, 40.6796, 40.6796, 40.6796, 40.6796, 40.7084, 40.6796
5.71725, 36, 43.9608, 40.751, 6.16441, -7.96083, 0, 40.7511, 40.7651, 41.3325, 43.3103, 40.7755, 40.751, 40.751, 40.751, 40.751, 40.751, 40.751, 40.751, 40.751, 40.751, 40.751, 40.751, 40.751, 40.751, 40.751, 40.751, 40.7812, 40.751
5.72513, 24, 44.7782, 40.8214, 5.09902, -20.7782, 0, 40.8215, 40.8358, 41.4091, 44.1131, 40.8527, 40.8214, 40.8214, 40.8214, 40.8214, 40.8214, 40.8214, 40.8214, 40.8214, 40.8214, 40.8214, 40.8214, 40.8214, 40.8214, 40.8214, 40.8214, 40.8528, 40.8214
5.73301, 54, 45.7597, 40.8908, 7.48331, 8.24028, 0, 40.8909, 40.9053, 41.4848, 45.0774, 40.932, 40.8908, 40.8908, 40.8908, 40.8908, 40.8908, 40.8908, 40.8908, 40.8908, 40.8908, 40.8908, 40.8908, 40.8908, 40.8908, 40.8908, 40.8908, 40.9232, 40.8908
5.74089, 34, 46.927, 40.9592, 6, -12.927, 0, 40.9594, 40.9737, 41.5596, 46.2244, 41.0139, 40.9592, 40.9592, 40.9592, 40.9592, 40.9592, 40.9592, 40.9592, 40.9592, 40.9592, 40.9592, 40.9592, 40.9592, 40.9592, 40.9592, 40.9592, 40.9923, 40.9592
5.74878, 40, 48.3001, 41.0267, 6.48074, -8.3001, 0, 41.0269, 41.0409, 41.6334, 47.5732, 41.0991, 41.0267, 41.0267, 41.0267, 41.0267, 41.0267, 41.0267, 41.0267, 41.0267, 41.0267, 41.0267, 41.0267, 41.0267, 41.0267, 41.0267, 41.0267, 41.0601, 41.0267
5.75666, 48, 49.8965, 41.0932, 7.07107, -1.89654, 0, 41.0934, 41.107, 41.7063, 49.1408, 41.1885, 41.0932, 41.0932, 41.0932, 41.0932, 41.0932, 41.0932, 41.0932, 41.0932, 41.0932, 41.0932, 41.0932, 41.0932, 41.0932, 41.0932, 41.0932, 41.1266, 41.0932
5.76454, 54, 51.7295, 41.1587, 7.48331, 2.27053, 0, 41.1589, 41.172, 41.7781, 50.9391, 41.283, 41.1587, 41.1587, 41.1587, 41.1587, 41.1587, 41.1587, 41.1587, 41.1587, 41.1587, 41.1587, 41.1587, 41.1587, 41.1587, 41.1587, 41.1587, 41.1918, 41.1587
5.77242, 40, 53.8062, 41.2232, 6.48074, -13.8062, 0, 41.2234, 41.2359, 41.849, 52.9745, 41.3837, 41.2232, 41.2232, 41.2232, 41.2232, 41.2232, 41.2232, 41.2232, 41.2232, 41.2232, 41.2232, 41.2232, 41.2232, 41.2232, 41.2232, 41.2232, 41.2558, 41.2232
5.78031, 48, 56.126, 41.2866, 7.07107, -8.12604, 0, 41.2868, 41.2987, 41.9189, 55.2448, 41.4916, 41.2866, 41.2866, 41.2866, 41.2866, 41.2866, 41.2866, 41.2866, 41.2866, 41.2866, 41.2866, 41.2866, 41.2866, 41.2866, 41.2866, 41.2866, 41.3185, 41.2866
5.78819, 48, 58.68, 41.3491, 7.07107, -10.68, 0, 41.3492, 41.3603, 41.9877, 57.7401, 41.6079, 41.3491, 41.3491, 41.3491, 41.3491, 41.3491, 41.3491, 41.3491, 41.3491, 41.3491, 41.3491, 41.3491, 41.3491, 41.3491, 41.3491, 41.3491, 41.38, 41.3491
5.79607, 60, 61.4485, 41.4105, 7.87401, -1.44847, 0, 41.4106, 41.4209, 42.0556, 60.4396, 41.7337, 41.4105, 41.4105, 41.4105, 41.4105, 41.4105, 41.4105, 41.4105, 41.4105, 41.4105, 41.4105, 41.4105, 41.4105, 41.4105, 41.4105, 41.4105, 41.4405, 41.4105
5.80396, 62, 64.4006, 41.4708, 8, -2.40058, 0, 41.471, 41.4804, 42.1224, 63.3112, 41.8698, 41.4708, 41.4708, 41.4708, 41.4708, 41.4708, 41.4708, 41.4708, 41.4708, 41.4708, 41.4708, 41.4708, 41.4708, 41.4708, 41.4708, 41.4708, 41.5, 41.4708
5.81184, 50, 67.4943, 41.5302, 7.2111, -17.4943, 0, 41.5303, 41.5388, 42.1882, 66.3123, 42.0171, 41.5302, 41.5302, 41.5302, 41.5302, 41.5302, 41.5302, 41.5302, 41.5302, 41.5302, 41.5302, 41.5302, 41.5302, 41.5302, 41.5302, 41.5302, 41.5585, 41.5302
5.81972, 68, 70.6774, 41.5884, 8.3666, -2.67736, 0, 41.5886, 41.5962, 42.253, 69.3897, 42.1758, 41.5884, 41.5884, 41.5884, 41.5884, 41.5884, 41.5884, 41.5884, 41.5884, 41.5884, 41.5884, 41.5884, 41.5884, 41.5884, 41.5884, 41.5884, 41.6162, 41.5884
5.8276, 78, 73.8871, 41.6457, 8.94427, 4.11293, 0, 41.6458, 41.6526, 42.3167, 72.4808, 42.3463, 41.6457, 41.6457, 41.6457, 41.6457, 41.6457, 41.6457, 41.6457, 41.6457, 41.6457, 41.6457, 41.6457, 41.6457, 41.6457, 41.6457, 41.6457, 41.6733, 41.6457
5.83549, 70, 77.0523, 41.7019, 8.48528, -7.05227, 0, 41.702, 41.708, 42.3795, 75.5146, 42.5279, 41.7019, 41.7019, 41.7019, 41.7019, 41.7019, 41.7019, 41.7019, 41.7019, 41.7019, 41.7019, 41.7019, 41.7019, 41.7019, 41.7019, 41.7019, 41.7297, 41.7019
5.84337, 92, 80.0974, 41.7571, 9.69536, 11.9026, 0, 41.7573, 41.7624, 42.4413, 78.4164, 42.7199, 41.7571, 41.7571, 41.7571, 41.7571, 41.7571, 41.7571, 41.7571, 41.7571, 41.7571, 41.7571, 41.7571, 41.7571, 41.7571, 41.7571, 41.7571, 41.7857, 41.7571
5.85125, 90, 82.9437, 41.8114, 9.59166, 7.05628, 0, 41.8115, 41.816, 42.5022, 81.1089, 42.9208, 41.8114, 41.8114, 41.8114, 41.8114, 41.8114, 41.8114, 41.8114, 41.8114, 41.8114, 41.8114, 41.8114, 41.8114, 41.8114, 41.8114, 41.8114, 41.8413, 41.8114
5.85914, 84, 85.5131, 41.8647, 9.27362, -1.51305, 0, 41.8649, 41.8687, 42.5621, 83.5159, 43.1286, 41.8647, 41.8647, 41.8647, 41.8647, 41.8647, 41.8647, 41.8647, 41.8647, 41.8647, 41.8647, 41.8647, 41.8647, 41.8647, 41.8647, 41.8647, 41.8966, 41.8647
5.86702, 104, 87.7321, 41.9172, 10.2956, 16.2679, 0, 41.9174, 41.9205, 42.6213, 85.5667, 43.3406, 41.9172, 41.9172, 41.9172, 41.9172, 41.9172, 41.9172, 41.9172, 41.9172, 41.9172, 41.9172, 41.9172, 41.9172, 41.9172, 41.9172, 41.9172, 41.9518, 41.9172
5.8749, 96, 89.536, 41.9689, 9.8995, 6.46399, 0, 41.9691, 41.9717, 42.6796, 87.1995, 43.5538, 41.9689, 41.9689, 41.9689, 41.9689, 41.9689, 41.9689, 41.9689, 41.9689, 41.9689, 41.9689, 41.9689, 41.9689, 41.9689, 41.9689, 41.9689, 42.0068, 41.9689
5.88278, 88, 90.8708, 42.0199, 9.48683, -2.87076, 0, 42.02, 42.0222, 42.7373, 88.3641, 43.7647, 42.0199, 42.0199, 42.0199, 42.0199, 42.0199, 42.0199, 42.0199, 42.0199, 42.0199, 42.0199, 42.0199, 42.0199, 42.0199, 42.0199, 42.0199, 42.0619, 42.0199
5.89067, 104, 91.6965, 42.0702, 10.2956, 12.3035, 0, 42.0704, 42.0722, 42.7943, 89.0245, 43.9693, 42.0702, 42.0702, 42.0702, 42.0702, 42.0702, 42.0702, 42.0702, 42.0702, 42.0702, 42.0702, 42.0702, 42.0702, 42.0702, 42.0702, 42.0702, 42.117, 42.0702
5.89855, 92, 91.9899, 42.1201, 9.69536, 0.0100708, 0, 42.1202, 42.1217, 42.8509, 89.1616, 44.1637, 42.1201, 42.1201, 42.1201, 42.1201, 42.1201, 42.1201, 42.1201, 42.1201, 42.1201, 42.1201, 42.1201, 42.1201, 42.1201, 42.1201, 42.1201, 42.1721, 42.1201
5.90643, 114, 91.745, 42.1696, 10.7703, 22.255, 0, 42.1697, 42.1709, 42.9072, 88.7736, 44.344, 42.1696, 42.1696, 42.1696, 42.1696, 42.1696, 42.1696, 42.1696, 42.1696, 42.1696, 42.1696, 42.1696, 42.1696, 42.1696, 42.1696, 42.1696, 42.2275, 42.1696
5.91432, 106, 90.9734, 42.2189, 10.3923, 15.0266, 0, 42.219, 42.2199, 42.9634, 87.8761, 44.5064, 42.2189, 42.2189, 42.2189, 42.2189, 42.2189, 42.2189, 42.2189, 42.2189, 42.2189, 42.2189, 42.2189, 42.2189, 42.2189, 42.2189, 42.2189, 42.2829, 42.2189
5.9222, 88, 89.7039, 42.2681, 9.48683, -1.70393, 0, 42.2682, 42.269, 43.0194, 86.5015, 44.6477, 42.2681, 42.2681, 42.2681, 42.2681, 42.2681, 42.2681, 42.2681, 42.2681, 42.2681, 42.2681, 42.2681, 42.2681, 42.2681, 42.2681, 42.2681, 42.3385, 42.2681
5.93008, 104, 87.9802, 42.3174, 10.2956, 16.0198, 0, 42.3176, 42.3182, 43.0757, 84.6965, 44.7651, 42.3174, 42.3174, 42.3174, 42.3174, 42.3174, 42.3174, 42.3174, 42.3174, 42.3174, 42.3174, 42.3174, 42.3174, 42.3174, 42.3174, 42.3174, 42.3943, 42.3174
5.93796, 108, 85.8594, 42.3671, 10.4881, 22.1406, 0, 42.3672, 42.3677, 43.1323, 82.5208, 44.8565, 42.3671, 42.3671, 42.3671, 42.3671, 42.3671, 42.3671, 42.3671, 42.3671, 42.3671, 42.3671, 42.3671, 42.3671, 42.3671, 42.3671, 42.3671, 42.4503, 42.3671
5.94585, 82, 83.4086, 42.4173, 9.16515, -1.40857, 0, 42.4174, 42.4178, 43.1895, 80.0428, 44.921, 42.4173, 42.4173, 42.4173, 42.4173, 42.4173, 42.4173, 42.4173, 42.4173, 42.4173, 42.4173, 42.4173, 42.4173, 42.4173, 42.4173, 42.4173, 42.5064, 42.4173
5.95373, 78, 80.7007, 42.4681, 8.94427, -2.70071, 0, 42.4683, 42.4685, 43.2475, 77.3361, 44.9582, 42.4681, 42.4681, 42.4681, 42.4681, 42.4681, 42.4681, 42.4681, 42.4681, 42.4681, 42.4681, 42.4681, 42.4681, 42.4681, 42.4681, 42.4681, 42.5627, 42.4681
5.96161, 88, 77.8124, 42.5199, 9.48683, 10.1876, 0, 42.52, 42.5203, 43.3064, 74.4771, 44.9688, 42.5199, 42.5199, 42.5199, 42.5199, 42.5199, 42.5199, 42.5199, 42.5199, 42.5199, 42.5199, 42.5199, 42.5199, 42.5199, 42.5199, 42.5199, 42.6192, 42.5199
5.9695, 88, 74.8203, 42.5727, 9.48683, 13.1797, 0, 42.5728, 42.573, 43.3666, 71.5408, 44.9545, 42.5727, 42.5727, 42.5727, 42.5727, 42.5727, 42.5727, 42.5727, 42.5727, 42.5727, 42.5727, 42.5727, 42.5727, 42.5727, 42.5727, 42.5727, 42.6759, 42.5727
5.97738, 60, 71.7969, 42.6267, 7.87401, -11.7969, 0, 42.6269, 42.627, 43.4282, 68.5979, 44.9175, 42.6267, 42.6267, 42.6267, 42.6267, 42.6267, 42.6267, 42.6267, 42.6267, 42.6267, 42.6267, 42.6267, 42.6267, 42.6267, 42.6267, 42.6267, 42.7328, 42.6267
5.98526, 58, 68.8084, 42.6821, 7.74597, -10.8084, 0, 42.6823, 42.6824, 43.4915, 65.7117, 44.8611, 42.6821, 42.6821, 42.6821, 42.6821, 42.6821, 42.6821, 42.6821, 42.6821, 42.6821, 42.6821, 42.6821, 42.6821, 42.6821, 42.6821, 42.6821, 42.7901, 42.6821
5.99314, 64, 65.9138, 42.7391, 8.12404, -1.9138, 0, 42.7392, 42.7393, 43.5567, 62.9374, 44.7888, 42.7391, 42.7391, 42.7391, 42.7391, 42.7391, 42.7391, 42.7391, 42.7391, 42.7391, 42.7391, 42.7391, 42.7391, 42.7391, 42.7391, 42.7391, 42.8476, 42.7391
6.00103, 54, 63.1621, 42.7976, 7.48331, -9.16213, 0, 42.7977, 42.7978, 43.6242, 60.3201, 44.7046, 42.7976, 42.7976, 42.7976, 42.7976, 42.7976, 42.7976, 42.7976, 42.7976, 42.7976, 42.7976, 42.7976, 42.7976, 42.7976, 42.7976, 42.7976, 42.9056, 42.7976
6.00891, 60, 60.5917, 42.8577, 7.87401, -0.591671, 0, 42.8579, 42.858, 43.6945, 57.8936, 44.6125, 42.8577, 42.8577, 42.8577, 42.8577, 42.8577, 42.8577, 42.8577, 42.8577, 42.8577, 42.8577, 42.8577, 42.8577, 42.8577, 42.8577, 42.8577, 42.964, 42.8577
6.01679, 64, 58.2308, 42.9196, 8.12404, 5.76917, 0, 42.9198, 42.9199, 43.7682, 55.6816, 44.5165, 42.9196, 42.9196, 42.9196, 42.9196, 42.9196, 42.9196, 42.9196, 42.9196, 42.9196, 42.9196, 42.9196, 42.9196, 42.9196, 42.9196, 42.9196, 43.0231, 42.9196
6.02467, 54, 56.0984, 42.9832, 7.48331, -2.09841, 0, 42.9833, 42.9834, 43.8463, 53.6979, 44.4205, 42.9832, 42.9832, 42.9832, 42.9832, 42.9832, 42.9832, 42.9832, 42.9832, 42.9832, 42.9832, 42.9832, 42.9832, 42.9832, 42.9832, 42.9832, 43.0827, 42.9832
6.03256, 44, 54.2042, 43.0483, 6.78233, -10.2042, 0, 43.0485, 43.0486, 43.9305, 51.9473, 44.328, 43.0483, 43.0483, 43.0483, 43.0483, 43.0483, 43.0483, 43.0483, 43.0483, 43.0483, 43.0483, 43.0483, 43.0483, 43.0483, 43.0483, 43.0483, 43.1431, 43.0483
6.04044, 34, 52.5504, 43.1151, 6, -18.5504, 0, 43.1153, 43.1154, 44.0229, 50.4261, 44.2419, 43.1151, 43.1151, 43.1151, 43.1151, 43.1151, 43.1151, 43.1151, 43.1151, 43.1151, 43.1151, 43.1151, 43.1151, 43.1151, 43.1151, 43.1151, 43.2044, 43.1151
6.04832, 40, 51.1342, 43.1834, 6.48074, -11.1342, 0, 43.1835, 43.1836, 44.1273, 49.1252, 44.1648, 43.1834, 43.1834, 43.1834, 43.1834, 43.1834, 43.1834, 43.1834, 43.1834, 43.1834, 43.1834, 43.1834, 43.1834, 43.1834, 43.1834, 43.1834, 43.2666, 43.1834
6.05621, 44, 49.9493, 43.253, 6.78233, -5.94932, 0, 43.2531, 43.2532, 44.2493, 48.0303, 44.0986, 43.253, 43.253, 43.253, 43.253, 43.253, 43.253, 43.253, 43.253, 43.253, 43.253, 43.253, 43.253, 43.253, 43.253, 43.253, 43.3297, 43.253
6.06409, 44, 48.9881, 43.3238, 6.78233, -4.98809, 0, 43.324, 43.3241, 44.3972, 47.1237, 44.0444, 43.3238, 43.3238, 43.3238, 43.3238, 43.3238, 43.3238, 43.3238, 43.3238, 43.3238, 43.3238, 43.3238, 43.3238, 43.3238, 43.3238, 43.3238, 43.3938, 43.3238
6.07197, 38, 48.2449, 43.3957, 6.32456, -10.2449, 0, 43.3958, 43.3959, 44.5836, 46.3858, 44.0032, 43.3957, 43.3957, 43.3957, 43.3957, 43.3957, 43.3957, 43.3957, 43.3957, 43.3957, 43.3957, 43.3957, 43.3957, 43.3957, 43.3957, 43.3957, 43.4589, 43.3957
6.07985, 42, 47.7185, 43.4684, 6.63325, -5.71854, 0, 43.4686, 43.4687, 44.827, 45.7962, 43.975, 43.4684, 43.4684, 43.4684, 43.4684, 43.4684, 43.4684, 43.4684, 43.4684, 43.4684, 43.4684, 43.4684, 43.4684, 43.4684, 43.4684, 43.4684, 43.5251, 43.4684
6.08774, 44, 47.4162, 43.5418, 6.78233, -3.41623, 0, 43.542, 43.5421, 45.1545, 45.3349, 43.9598, 43.5418, 43.5418, 43.5418, 43.5418, 43.5418, 43.5418, 43.5418, 43.5418, 43.5418, 43.5418, 43.5418, 43.5418, 43.5418, 43.5418, 43.5418, 43.5921, 43.5418
6.09562, 26, 47.3572, 43.6158, 5.2915, -21.3572, 0, 43.6159, 43.616, 45.6047, 44.9823, 43.9569, 43.6158, 43.6158, 43.6158, 43.6158, 43.6158, 43.6158, 43.6158, 43.6158, 43.6158, 43.6158, 43.6158, 43.6158, 43.6158, 43.6158, 43.6158, 43.6602, 43.6158
6.1035, 24, 47.578, 43.69, 5.09902, -23.578, 0, 43.6902, 43.6903, 46.2327, 44.7205, 43.9654, 43.69, 43.69, 43.69, 43.69, 43.69, 43.69, 43.69, 43.69, 43.69, 43.69, 43.69, 43.69, 43.69, 43.69, 43.69, 43.729, 43.69
6.11139, 36, 48.1386, 43.7644, 6.16441, -12.1386, 0, 43.7646, 43.7647, 47.1149, 44.5334, 43.9844, 43.7644, 43.7644, 43.7644, 43.7644, 43.7644, 43.7644, 43.7644, 43.7644, 43.7644, 43.7644, 43.7644, 43.7644, 43.7644, 43.7644, 43.7644, 43.7987, 43.7644
6.11927, 38, 49.1295, 43.8388, 6.32456, -11.1295, 0, 43.839, 43.8391, 48.3572, 44.4067, 44.0127, 43.8388, 43.8388, 43.8388, 43.8388, 43.8388, 43.8388, 43.8388, 43.8388, 43.8388, 43.8388, 43.8388, 43.8388, 43.8388, 43.8388, 43.8388, 43.869, 43.8388
6.12715, 38, 50.6811, 43.9131, 6.32456, -12.6811, 0, 43.9132, 43.9133, 50.1028, 44.3282, 44.049, 43.9131, 43.9131, 43.9131, 43.9131, 43.9131, 43.9131, 43.9131, 43.9131, 43.9131, 43.9131, 43.9131, 43.9131, 43.9131, 43.9131, 43.9131, 43.9399, 43.9131
6.13503, 48, 52.9734, 43.987, 7.07107, -4.97336, 0, 43.9871, 43.9873, 52.5431, 44.2874, 44.0921, 43.987, 43.987, 43.987, 43.987, 43.987, 43.987, 43.987, 43.987, 43.987, 43.987, 43.987, 43.987, 43.987, 43.987, 43.987, 44.0113, 43.987
6.14292, 50, 56.2487, 44.0605, 7.2111, -6.24869, 0, 44.0606, 44.0607, 55.9298, 44.2758, 44.1409, 44.0605, 44.0605, 44.0605, 44.0605, 44.0605, 44.0605, 44.0605, 44.0605, 44.0605, 44.0605, 44.0605, 44.0605, 44.0605, 44.0605, 44.0605, 44.0831, 44.0605
6.1508, 64, 60.8266, 44.1334, 8.12404, 3.17341, 0, 44.1335, 44.1337, 60.5905, 44.2863, 44.1943, 44.1334, 44.1334, 44.1334, 44.1334, 44.1334, 44.1334, 44.1334, 44.1334, 44.1334, 44.1334, 44.1334, 44.1334, 44.1334, 44.1334, 44.1334, 44.1552, 44.1334
6.15868, 66, 67.1163, 44.2056, 8.24621, -1.11633, 0, 44.2058, 44.2059, 66.9406, 44.3134, 44.2513, 44.2056, 44.2056, 44.2056, 44.2056, 44.2056, 44.2056, 44.2056, 44.2056, 44.2056, 44.2056, 44.2056, 44.2056, 44.2056, 44.2056, 44.2056, 44.2275, 44.2056
6.16656, 76, 75.6343, 44.2771, 8.83176, 0.365685, 0, 44.2773, 44.2774, 75.5018, 44.3527, 44.311, 44.2771, 44.2771, 44.2771, 44.2771, 44.2771, 44.2771, 44.2771, 44.2771, 44.2771, 44.2771, 44.2771, 44.2771, 44.2771, 44.2771, 44.2771, 44.2998, 44.2771
6.17445, 98, 87.0205, 44.3479, 10, 10.9795, 0, 44.348, 44.3481, 86.9179, 44.4008, 44.3727, 44.3479, 44.3479, 44.3479, 44.3479, 44.3479, 44.3479, 44.3479, 44.3479, 44.3479, 44.3479, 44.3479, 44.3479, 44.3479, 44.3479, 44.3479, 44.3722, 44.3479
6.18233, 94, 102.05, 44.4177, 9.79796, -8.04981, 0, 44.4178, 44.418, 101.967, 44.4551, 44.4357, 44.4177, 44.4177, 44.4177, 44.4177, 44.4177, 44.4177, 44.4177, 44.4177, 44.4177, 44.4177, 44.4177, 44.4177, 44.4177, 44.4177, 44.4177, 44.4446, 44.4177
6.19021, 152, 121.64, 44.4866, 12.4097, 30.3598, 0, 44.4868, 44.4869, 121.569, 44.5138, 44.4996, 44.4866, 44.4866, 44.4866, 44.4866, 44.4866, 44.4866, 44.4866, 44.4866, 44.4866, 44.4866, 44.4866, 44.4866, 44.4866, 44.4866, 44.4866, 44.5169, 44.4866
6.1981, 186, 146.86, 44.5546, 13.7113, 39.1395, 0, 44.5547, 44.5549, 146.796, 44.5754, 44.5638, 44.5546, 44.5546, 44.5546, 44.5546, 44.5546, 44.5546, 44.5546, 44.5546, 44.5546, 44.5546, 44.5546, 44.5546, 44.5546, 44.5546, 44.5546, 44.5889, 44.5546
6.20598, 182, 178.932, 44.6215, 13.5647, 3.06821, 0, 44.6217, 44.6218, 178.868, 44.6392, 44.628, 44.6215, 44.6215, 44.6215, 44.6215, 44.6215, 44.6215, 44.6215, 44.6215, 44.6215, 44.6215, 44.6215, 44.6215, 44.6215, 44.6215, 44.6215, 44.6606, 44.6215
6.21386, 236, 219.198, 44.6874, 15.4272, 16.8024, 0, 44.6876, 44.6878, 219.131, 44.7046, 44.6919, 44.6874, 44.6874, 44.6874, 44.6874, 44.6874, 44.6874, 44.6874, 44.6874, 44.6874, 44.6874, 44.6874, 44.6874, 44.6874, 44.6874, 44.6874, 44.7319, 44.6874
6.22174, 312, 269.111, 44.7523, 17.72, 42.8889, 0, 44.7525, 44.7526, 269.038, 44.7713, 44.7554, 44.7523, 44.7523, 44.7523, 44.7523, 44.7523, 44.7523, 44.7523, 44.7523, 44.7523, 44.7523, 44.7523, 44.7523, 44.7523, 44.7523, 44.7523, 44.8028, 44.7523
6.22963, 366, 330.199, 44.8162, 19.1833, 35.8015, 0, 44.8163, 44.8165, 330.116, 44.8395, 44.8183, 44.8162, 44.8162, 44.8162, 44.8162, 44.8162, 44.8162, 44.8162, 44.8162, 44.8162, 44.8162, 44.8162, 44.8162, 44.8162, 44.8162, 44.8162, 44.873, 44.8162
6.23751, 476, 403.991, 44.8789, 21.8632, 72.0089, 0, 44.8791, 44.8793, 403.895, 44.9094, 44.8804, 44.8789, 44.8789, 44.8789, 44.8789, 44.8789, 44.8789, 44.8789, 44.8789, 44.8789, 44.8789, 44.8789, 44.8789, 44.8789, 44.8789, 44.8789, 44.9425, 44.8789
6.24539, 536, 491.944, 44.9406, 23.1948, 44.0559, 0, 44.9408, 44.9409, 491.831, 44.9817, 44.9416, 44.9406, 44.9406, 44.9406, 44.9406, 44.9406, 44.9406, 44.9406, 44.9406, 44.9406, 44.9406, 44.9406, 44.9406, 44.9406, 44.9406, 44.9406, 45.0111, 44.9406
6.25328, 610, 595.367, 45.0012, 24.7386, 14.6326, 0, 45.0014, 45.0015, 595.233, 45.0573, 45.0018, 45.0012, 45.0012, 45.0012, 45.0012, 45.0012, 45.0012, 45.0012, 45.0012, 45.0012, 45.0012, 45.0012, 45.0012, 45.0012, 45.0012, 45.0012, 45.0786, 45.0012
6.26116, 730, 715.343, 45.0607, 27.0555, 14.6573, 0, 45.0609, 45.0611, 715.181, 45.1372, 45.0611, 45.0607, 45.0607, 45.0607, 45.0607, 45.0607, 45.0607, 45.0607, 45.0607, 45.0607, 45.0607, 45.0607, 45.0607, 45.0607, 45.0607, 45.0607, 45.145, 45.0607
6.26904, 926, 852.549, 45.1191, 30.4631, 73.4513, 0, 45.1193, 45.1195, 852.353, 45.2229, 45.1194, 45.1191, 45.1191, 45.1191, 45.1191, 45.1191, 45.1191, 45.1191, 45.1191, 45.1191, 45.1191, 45.1191, 45.1191, 45.1191, 45.1191, 45.1191, 45.21, 45.1191
6.27692, 1074, 1007.21, 45.1764, 32.8024, 66.7878, 0, 45.1766, 45.1768, 1006.97, 45.3161, 45.1766, 45.1764, 45.1764, 45.1764, 45.1764, 45.1764, 45.1764, 45.1764, 45.1764, 45.1764, 45.1764, 45.1764, 45.1764, 45.1764, 45.1764, 45.1764, 45.2735, 45.1764
6.28481, 1184, 1179, 45.2327, 34.4384, 4.99524, 0, 45.2328, 45.233, 1178.72, 45.4189, 45.2328, 45.2327, 45.2327, 45.2327, 45.2327, 45.2327, 45.2327, 45.2327, 45.2327, 45.2327, 45.2327, 45.2327, 45.2327, 45.2327, 45.2327, 45.2327, 45.3353, 45.2327
6.29269, 1490, 1366.92, 45.2878, 38.6264, 123.084, 0, 45.288, 45.2882, 1366.56, 45.5336, 45.2879, 45.2878, 45.2878, 45.2878, 45.2878, 45.2878, 45.2878, 45.2878, 45.2878, 45.2878, 45.2878, 45.2878, 45.2878, 45.2878, 45.2878, 45.2878, 45.3953, 45.2878
6.30057, 1630, 1569.17, 45.3418, 40.398, 60.8273, 0, 45.342, 45.3422, 1568.74, 45.663, 45.3419, 45.3418, 45.3418, 45.3418, 45.3418, 45.3418, 45.3418, 45.3418, 45.3418, 45.3418, 45.3418, 45.3418, 45.3418, 45.3418, 45.3418, 45.3418, 45.4533, 45.3418
6.30846, 1786, 1783.25, 45.3947, 42.2847, 2.75183, 0, 45.3949, 45.3951, 1782.72, 45.81, 45.3947, 45.3947, 45.3947, 45.3947, 45.3947, 45.3947, 45.3947, 45.3947, 45.3947, 45.3947, 45.3947, 45.3947, 45.3947, 45.3947, 45.3947, 45.3947, 45.5093, 45.3947
6.31634, 1928, 2005.89, 45.4465, 43.9318, -77.8873, 0, 45.4466, 45.4469, 2005.24, 45.9775, 45.4465, 45.4465, 45.4465, 45.4465, 45.4465, 45.4465, 45.4465, 45.4465, 45.4465, 45.4465, 45.4465, 45.4465, 45.4465, 45.4465, 45.4465, 45.4465, 45.5632, 45.4465
6.32422, 2304, 2233.03, 45.4971, 48.0208, 70.9712, 0, 45.4972, 45.4975, 2232.24, 46.1689, 45.4971, 45.4971, 45.4971, 45.4971, 45.4971, 45.4971, 45.4971, 45.4971, 45.4971, 45.4971, 45.4971, 45.4971, 45.4971, 45.4971, 45.4971, 45.4971, 45.6149, 45.4971
6.3321, 2486, 2460.02, 45.5466, 49.8799, 25.981, 0, 45.5467, 45.547, 2459.06, 46.3871, 45.5466, 45.5466, 45.5466, 45.5466, 45.5466, 45.5466, 45.5466, 45.5466, 45.5466, 45.5466, 45.5466, 45.5466, 45.5466, 45.5466, 45.5466, 45.5466, 45.6644, 45.5466
6.33999, 2734, 2681.74, 45.5948, 52.3068, 52.2568, 0, 45.595, 45.5953, 2680.59, 46.635, 45.5948, 45.5948, 45.5948, 45.5948, 45.5948, 45.5948, 45.5948, 45.5948, 45.5948, 45.5948, 45.5948, 45.5948, 45.5948, 45.5948, 45.5948, 45.5948, 45.7117, 45.5948
6.34787, 2996, 2892.75, 45.6419, 54.754, 103.254, 0, 45.6421, 45.6425, 2891.36, 46.9151, 45.6419, 45.6419, 45.6419, 45.6419, 45.6419, 45.6419, 45.6419, 45.6419, 45.6419, 45.6419, 45.6419, 45.6419, 45.6419, 45.6419, 45.6419, 45.6419, 45.7568, 45.6419
6.35575, 3148, 3087.46, 45.6878, 56.1249, 60.5432, 0, 45.6879, 45.6883, 3085.8, 47.2291, 45.6878, 45.6878, 45.6878, 45.6878, 45.6878, 45.6878, 45.6878, 45.6878, 45.6878, 45.6878, 45.6878, 45.6878, 45.6878, 45.6878, 45.6878, 45.6878, 45.7997, 45.6878
6.36364, 3278, 3260.48, 45.7323, 57.2713, 17.5161, 0, 45.7325, 45.733, 3258.53, 47.5779, 45.7323, 45.7323, 45.7323, 45.7323, 45.7323, 45.7323, 45.7323, 45.7323, 45.7323, 45.7323, 45.7323, 45.7323, 45.7323, 45.7323, 45.7323, 45.7323, 45.8405, 45.7323
6.37152, 3246, 3406.85, 45.7755, 56.9912, -160.854, 0, 45.7757, 45.7762, 3404.56, 47.9613, 45.7755, 45.7755, 45.7755, 45.7755, 45.7755, 45.7755, 45.7755, 45.7755, 45.7755, 45.7755, 45.7755, 45.7755, 45.7755, 45.7755, 45.7755, 45.7755, 45.8792, 45.7755
6.3794, 3430, 3522.17, 45.8173, 58.5833, -92.1748, 0, 45.8175, 45.8181, 3519.51, 48.3778, 45.8173, 45.8173, 45.8173, 45.8173, 45.8173, 45.8173, 45.8173, 45.8173, 45.8173, 45.8173, 45.8173, 45.8173, 45.8173, 45.8173, 45.8173, 45.8173, 45.916, 45.8173
6.38728, 3660, 3602.94, 45.8577, 60.5145, 57.0598, 0, 45.8579, 45.8585, 3599.88, 48.8242, 45.8577, 45.8577, 45.8577, 45.8577, 45.8577, 45.8577, 45.8577, 45.8577, 45.8577, 45.8577, 45.8577, 45.8577, 45.8577, 45.8577, 45.8577, 45.8577, 45.9507, 45.8577
6.39517, 3662, 3646.68, 45.8965, 60.531, 15.3191, 0, 45.8967, 45.8974, 3643.19, 49.2962, 45.8965, 45.8965, 45.8965, 45.8965, 45.8965, 45.8965, 45.8965, 45.8965, 45.8965, 45.8965, 45.8965, 45.8965, 45.8965, 45.8965, 45.8965, 45.8965, 45.9836, 45.8965
6.40305, 3558, 3652.06, 45.9338, 59.6657, -94.063, 0, 45.9339, 45.9347, 3648.13, 49.7874, 45.9338, 45.9338, 45.9338, 45.9338, 45.9338, 45.9338, 45.9338, 45.9338, 45.9338, 45.9338, 45.9338, 45.9338, 45.9338, 45.9338, 45.9338, 45.9338, 46.0147, 45.9338
6.41093, 3568, 3618.99, 45.9693, 59.7495, -50.9917, 0, 45.9695, 45.9704, 3614.59, 50.2902, 45.9693, 45.9693, 45.9693, 45.9693, 45.9693, 45.9693, 45.9693, 45.9693, 45.9693, 45.9693, 45.9693, 45.9693, 45.9693, 45.9693, 45.9693, 45.9693, 46.0439, 45.9693
6.41882, 3634, 3548.6, 46.0031, 60.2993, 85.4004, 0, 46.0032, 46.0042, 3543.74, 50.7953, 46.0031, 46.0031, 46.0031, 46.0031, 46.0031, 46.0031, 46.0031, 46.0031, 46.0031, 46.0031, 46.0031, 46.0031, 46.0031, 46.0031, 46.0031, 46.0031, 46.0713, 46.0031
6.4267, 3386, 3443.16, 46.035, 58.2065, -57.1602, 0, 46.0351, 46.0362, 3437.84, 51.2926, 46.035, 46.035, 46.035, 46.035, 46.035, 46.035, 46.035, 46.035, 46.035, 46.035, 46.035, 46.035, 46.035, 46.035, 46.035, 46.035, 46.097, 46.035
6.43458, 3508, 3306.02, 46.0649, 59.2453, 201.981, 0, 46.0651, 46.0663, 3300.26, 51.7707, 46.0649, 46.0649, 46.0649, 46.0649, 46.0649, 46.0649, 46.0649, 46.0649, 46.0649, 46.0649, 46.0649, 46.0649, 46.0649, 46.0649, 46.0649, 46.0649, 46.1209, 46.0649
6.44246, 3104, 3141.37, 46.0929, 55.7315, -37.3735, 0, 46.093, 46.0944, 3135.2, 52.2183, 46.0929, 46.0929, 46.0929, 46.0929, 46.0929, 46.0929, 46.0929, 46.0929, 46.0929, 46.0929, 46.0929, 46.0929, 46.0929, 46.0929, 46.0929, 46.0929, 46.1431, 46.0929
6.45035, 2904, 2954.04, 46.1187, 53.9073, -50.0371, 0, 46.1189, 46.1204, 2947.49, 52.624, 46.1187, 46.1187, 46.1187, 46.1187, 46.1187, 46.1187, 46.1187, 46.1187, 46.1187, 46.1187, 46.1187, 46.1187, 46.1187, 46.1187, 46.1187, 46.1187, 46.1635, 46.1187
6.45823, 2698, 2749.31, 46.1425, 51.9615, -51.3081, 0, 46.1427, 46.1442, 2742.43, 52.9769, 46.1425, 46.1425, 46.1425, 46.1425, 46.1425, 46.1425, 46.1425, 46.1425, 46.1425, 46.1425, 46.1425, 46.1425, 46.1425, 46.1425, 46.1425, 46.1425, 46.1822, 46.1425
6.46611, 2526, 2532.61, 46.1641, 50.2792, -6.61328, 0, 46.1643, 46.166, 2525.47, 53.2673, 46.1641, 46.1641, 46.1641, 46.1641, 46.1641, 46.1641, 46.1641, 46.1641, 46.1641, 46.1641, 46.1641, 46.1641, 46.1641, 46.1641, 46.1641, 46.1641, 46.1991, 46.1641
6.47399, 2430, 2309.35, 46.1836, 49.3153, 120.651, 0, 46.1837, 46.1855, 2302.01, 53.4871, 46.1836, 46.1836, 46.1836, 46.1836, 46.1836, 46.1836, 46.1836, 46.1836, 46.1836, 46.1836, 46.1836, 46.1836, 46.1836, 46.1836, 46.1836, 46.1836, 46.2143, 46.1836
6.48188, 2086, 2084.58, 46.2009, 45.6946, 1.41943, 0, 46.2011, 46.2029, 2077.12, 53.6303, 46.2009, 46.2009, 46.2009, 46.2009, 46.2009, 46.2009, 46.2009, 46.2009, 46.2009, 46.2009, 46.2009, 46.2009, 46.2009, 46.2009, 46.2009, 46.2009, 46.2279, 46.2009
6.48976, 1914, 1863.01, 46.2162, 43.7721, 50.9933, 0, 46.2164, 46.2183, 1855.5, 53.6929, 46.2162, 46.2162, 46.2162, 46.2162, 46.2162, 46.2162, 46.2162, 46.2162, 46.2162, 46.2162, 46.2162, 46.2162, 46.2162, 46.2162, 46.2162, 46.2162, 46.2398, 46.2162
6.49764, 1738, 1648.68, 46.2295, 41.7133, 89.3213, 0, 46.2296, 46.2316, 1641.21, 53.6739, 46.2295, 46.2295, 46.2295, 46.2295, 46.2295, 46.2295, 46.2295, 46.2295, 46.2295, 46.2295, 46.2295, 46.2295, 46.2295, 46.2295, 46.2295, 46.2295, 46.2503, 46.2295
6.50553, 1478, 1444.97, 46.2409, 38.4708, 33.0262, 0, 46.241, 46.2431, 1437.62, 53.5744, 46.2409, 46.2409, 46.2409, 46.2409, 46.2409, 46.2409, 46.2409, 46.2409, 46.2409, 46.2409, 46.2409, 46.2409, 46.2409, 46.2409, 46.2409, 46.2409, 46.2593, 46.2409
6.51341, 1314, 1254.53, 46.2505, 36.2767, 59.4666, 0, 46.2507, 46.2528, 1247.37, 53.3982, 46.2505, 46.2505, 46.2505, 46.2505, 46.2505, 46.2505, 46.2505, 46.2505, 46.2505, 46.2505, 46.2505, 46.2505, 46.2505, 46.2505, 46.2505, 46.2505, 46.2669, 46.2505
6.52129, 1218, 1079.25, 46.2586, 34.9285, 138.747, 0, 46.2588, 46.2609, 1072.34, 53.1514, 46.2586, 46.2586, 46.2586, 46.2586, 46.2586, 46.2586, 46.2586, 46.2586, 46.2586, 46.2586, 46.2586, 46.2586, 46.2586, 46.2586, 46.2586, 46.2586, 46.2735, 46.2586
6.52917, 920, 920.324, 46.2652, 30.3645, -0.323853, 0, 46.2654, 46.2675, 913.731, 52.8422, 46.2652, 46.2652, 46.2652, 46.2652, 46.2652, 46.2652, 46.2652, 46.2652, 46.2652, 46.2652, 46.2652, 46.2652, 46.2652, 46.2652, 46.2652, 46.2652, 46.2789, 46.2652
6.53706, 786, 778.246, 46.2706, 28.0713, 7.7536, 0, 46.2708, 46.2729, 772.022, 52.48, 46.2706, 46.2706, 46.2706, 46.2706, 46.2706, 46.2706, 46.2706, 46.2706, 46.2706, 46.2706, 46.2706, 46.2706, 46.2706, 46.2706, 46.2706, 46.2706, 46.2835, 46.2706
6.54494, 662, 653.004, 46.275, 25.7682, 8.99628, 0, 46.2752, 46.2773, 647.188, 52.0758, 46.275, 46.275, 46.275, 46.275, 46.275, 46.275, 46.275, 46.275, 46.275, 46.275, 46.275, 46.275, 46.275, 46.275, 46.275, 46.275, 46.2874, 46.275
6.55282, 660, 544.068, 46.2786, 25.7294, 115.932, 0, 46.2788, 46.2808, 538.691, 51.6407, 46.2786, 46.2786, 46.2786, 46.2786, 46.2786, 46.2786, 46.2786, 46.2786, 46.2786, 46.2786, 46.2786, 46.2786, 46.2786, 46.2786, 46.2786, 46.2786, 46.2907, 46.2786
6.56071, 450, 450.545, 46.2816, 21.2603, -0.545319, 0, 46.2818, 46.2837, 445.626, 51.1862, 46.2816, 46.2816, 46.2816, 46.2816, 46.2816, 46.2816, 46.2816, 46.2816, 46.2816, 46.2816, 46.2816, 46.2816, 46.2816, 46.2816, 46.2816, 46.2816, 46.2937, 46.2816
6.56859, 448, 371.275, 46.2841, 21.2132, 76.7247, 0, 46.2843, 46.2861, 366.821, 50.7235, 46.2841, 46.2841, 46.2841, 46.2841, 46.2841, 46.2841, 46.2841, 46.2841, 46.2841, 46.2841, 46.2841, 46.2841, 46.2841, 46.2841, 46.2841, 46.2841, 46.2964, 46.2841
6.57647, 340, 304.92, 46.2864, 18.4932, 35.0803, 0, 46.2866, 46.2883, 300.929, 50.2627, 46.2864, 46.2864, 46.2864, 46.2864, 46.2864, 46.2864, 46.2864, 46.2864, 46.2864, 46.2864, 46.2864, 46.2864, 46.2864, 46.2864, 46.2864, 46.2864, 46.2991, 46.2864
6.58435, 254, 250.055, 46.2886, 16, 3.94537, 0, 46.2888, 46.2904, 246.515, 49.8131, 46.2886, 46.2886, 46.2886, 46.2886, 46.2886, 46.2886, 46.2886, 46.2886, 46.2886, 46.2886, 46.2886, 46.2886, 46.2886, 46.2886, 46.2886, 46.2886, 46.3017, 46.2886
6.59224, 226, 205.225, 46.2908, 15.0997, 20.7749, 0, 46.291, 46.2925, 202.118, 49.3823, 46.2908, 46.2908, 46.2908, 46.2908, 46.2908, 46.2908, 46.2908, 46.2908, 46.2908, 46.2908, 46.2908, 46.2908, 46.2908, 46.2908, 46.2908, 46.2908, 46.3044, 46.2908
6.60012, 162, 169.034, 46.2931, 12.8062, -7.03372, 0, 46.2934, 46.2948, 166.334, 48.9768, 46.2931, 46.2931, 46.2931, 46.2931, 46.2931, 46.2931, 46.2931, 46.2931, 46.2931, 46.2931, 46.2931, 46.2931, 46.2931, 46.2931, 46.2931, 46.2931, 46.3073, 46.2931
6.608, 138, 140.153, 46.2957, 11.8322, -2.15289, 0, 46.2959, 46.2972, 137.831, 48.6012, 46.2957, 46.2957, 46.2957, 46.2957, 46.2957, 46.2957, 46.2957, 46.2957, 46.2957, 46.2957, 46.2957, 46.2957, 46.2957, 46.2957, 46.2957, 46.2957, 46.3105, 46.2957
6.61589, 94, 117.37, 46.2986, 9.79796, -23.3695, 0, 46.2988, 46.3, 115.392, 48.2587, 46.2986, 46.2986, 46.2986, 46.2986, 46.2986, 46.2986, 46.2986, 46.2986, 46.2986, 46.2986, 46.2986, 46.2986, 46.2986, 46.2986, 46.2986, 46.2986, 46.3138, 46.2986
6.62377, 112, 99.599, 46.3017, 10.6771, 12.401, 0, 46.302, 46.303, 97.9323, 47.951, 46.3017, 46.3017, 46.3017, 46.3017, 46.3017, 46.3017, 46.3017, 46.3017, 46.3017, 46.3017, 46.3017, 46.3017, 46.3017, 46.3017, 46.3017, 46.3017, 46.3174, 46.3017
6.63165, 104, 85.8928, 46.3051, 10.2956, 18.1072, 0, 46.3054, 46.3063, 84.5016, 47.6787, 46.3051, 46.3051, 46.3051, 46.3051, 46.3051, 46.3051, 46.3051, 46.3051, 46.3051, 46.3051, 46.3051, 46.3051, 46.3051, 46.3051, 46.3051, 46.3051, 46.3211, 46.3051
6.63953, 92, 75.4382, 46.3088, 9.69536, 16.5618, 0, 46.3091, 46.3099, 74.2882, 47.4409, 46.3088, 46.3088, 46.3088, 46.3088, 46.3088, 46.3088, 46.3088, 46.3088, 46.3088, 46.3088, 46.3088, 46.3088, 46.3088, 46.3088, 46.3088, 46.3088, 46.3251, 46.3088
6.64742, 56, 67.5491, 46.3127, 7.61577, -11.5491, 0, 46.3131, 46.3137, 66.6076, 47.2363, 46.3127, 46.3127, 46.3127, 46.3127, 46.3127, 46.3127, 46.3127, 46.3127, 46.3127, 46.3127, 46.3127, 46.3127, 46.3127, 46.3127, 46.3127, 46.3127, 46.3291, 46.3127
6.6553, 38, 61.6613, 46.3167, 6.32456, -23.6613, 0, 46.3172, 46.3177, 60.8976, 47.0625, 46.3167, 46.3167, 46.3167, 46.3167, 46.3167, 46.3167, 46.3167, 46.3167, 46.3167, 46.3167, 46.3167, 46.3167, 46.3167, 46.3167, 46.3167, 46.3167, 46.3331, 46.3167
6.66318, 54, 57.3135, 46.3208, 7.48331, -3.31353, 0, 46.3215, 46.3218, 56.6996, 46.9169, 46.3208, 46.3208, 46.3208, 46.3208, 46.3208, 46.3208, 46.3208, 46.3208, 46.3208, 46.3208, 46.3208, 46.3208, 46.3208, 46.3208, 46.3208, 46.3208, 46.3371, 46.3208
6.67107, 62, 54.137, 46.325, 8, 7.86299, 0, 46.3257, 46.3259, 53.6478, 46.7966, 46.325, 46.325, 46.325, 46.325, 46.325, 46.325, 46.325, 46.325, 46.325, 46.325, 46.325, 46.325, 46.325, 46.325, 46.325, 46.325, 46.341, 46.325
6.67895, 40, 51.8407, 46.3291, 6.48074, -11.8407, 0, 46.33, 46.3299, 51.4542, 46.6984, 46.3291, 46.3291, 46.3291, 46.3291, 46.3291, 46.3291, 46.3291, 46.3291, 46.3291, 46.3291, 46.3291, 46.3291, 46.3291, 46.3291, 46.3291, 46.3291, 46.3447, 46.3291
6.68683, 28, 50.1984, 46.3331, 5.47723, -22.1984, 0, 46.3341, 46.3338, 49.8953, 46.6193, 46.3331, 46.3331, 46.3331, 46.3331, 46.3331, 46.3331, 46.3331, 46.3331, 46.3331, 46.3331, 46.3331, 46.3331, 46.3331, 46.3331, 46.3331, 46.3331, 46.3481, 46.3331
6.69471, 40, 49.0369, 46.3368, 6.48074, -9.03688, 0, 46.3381, 46.3376, 48.8008, 46.5565, 46.3368, 46.3368, 46.3368, 46.3368, 46.3368, 46.3368, 46.3368, 46.3368, 46.3368, 46.3368, 46.3368, 46.3368, 46.3368, 46.3368, 46.3368, 46.3368, 46.3512, 46.3368
6.7026, 38, 48.225, 46.3402, 6.32456, -10.225, 0, 46.3417, 46.3409, 48.0422, 46.5071, 46.3402, 46.3402, 46.3402, 46.3402, 46.3402, 46.3402, 46.3402, 46.3402, 46.3402, 46.3402, 46.3402, 46.3402, 46.3402, 46.3402, 46.3402, 46.3402, 46.3539, 46.3402
6.71048, 34, 47.6657, 46.3433, 6, -13.6657, 0, 46.3451, 46.344, 47.5248, 46.4687, 46.3433, 46.3433, 46.3433, 46.3433, 46.3433, 46.3433, 46.3433, 46.3433, 46.3433, 46.3433, 46.3433, 46.3433, 46.3433, 46.3433, 46.3433, 46.3433, 46.3562, 46.3433
6.71836, 44, 47.288, 46.3459, 6.78233, -3.28796, 0, 46.3481, 46.3466, 47.1797, 46.4393, 46.3459, 46.3459, 46.3459, 46.3459, 46.3459, 46.3459, 46.3459, 46.3459, 46.3459, 46.3459, 46.3459, 46.3459, 46.3459, 46.3459, 46.3459, 46.3459, 46.3579, 46.3459
6.72624, 32, 47.0412, 46.3481, 5.83095, -15.0412, 0, 46.3507, 46.3487, 46.9579, 46.4169, 46.3481, 46.3481, 46.3481, 46.3481, 46.3481, 46.3481, 46.3481, 46.3481, 46.3481, 46.3481, 46.3481, 46.3481, 46.3481, 46.3481, 46.3481, 46.3481, 46.3592, 46.3481
6.73413, 26, 46.8905, 46.3497, 5.2915, -20.8905, 0, 46.3527, 46.3503, 46.8263, 46.3999, 46.3497, 46.3497, 46.3497, 46.3497, 46.3497, 46.3497, 46.3497, 46.3497, 46.3497, 46.3497, 46.3497, 46.3497, 46.3497, 46.3497, 46.3497, 46.3497, 46.3599, 46.3497
6.74201, 28, 46.8136, 46.3507, 5.47723, -18.8136, 0, 46.3543, 46.3513, 46.7637, 46.387, 46.3507, 46.3507, 46.3507, 46.3507, 46.3507, 46.3507, 46.3507, 46.3507, 46.3507, 46.3507, 46.3507, 46.3507, 46.3507, 46.3507, 46.3507, 46.3507, 46.36, 46.3507
6.74989, 26, 46.7979, 46.3511, 5.2915, -20.7979, 0, 46.3553, 46.3517, 46.7587, 46.377, 46.3511, 46.3511, 46.3511, 46.3511, 46.3511, 46.3511, 46.3511, 46.3511, 46.3511, 46.3511, 46.3511, 46.3511, 46.3511, 46.3511, 46.3511, 46.3511, 46.3595, 46.3511
6.75778, 28, 46.8396, 46.3509, 5.47723, -18.8396, 0, 46.3558, 46.3515, 46.8082, 46.3692, 46.3509, 46.3509, 46.3509, 46.3509, 46.3509, 46.3509, 46.3509, 46.3509, 46.3509, 46.3509, 46.3509, 46.3509, 46.3509, 46.3509, 46.3509, 46.3509, 46.3584, 46.3509
6.76566, 40, 46.9422, 46.35, 6.48074, -6.94221, 0, 46.3556, 46.3506, 46.9164, 46.3628, 46.35, 46.35, 46.35, 46.35, 46.35, 46.35, 46.35, 46.35, 46.35, 46.35, 46.35, 46.35, 46.35, 46.35, 46.35, 46.35, 46.3566, 46.35
6.77354, 38, 47.117, 46.3484, 6.32456, -9.11695, 0, 46.3548, 46.349, 47.0951, 46.3573, 46.3484, 46.3484, 46.3484, 46.3484, 46.3484, 46.3484, 46.3484, 46.3484, 46.3484, 46.3484, 46.3484, 46.3484, 46.3484, 46.3484, 46.3484, 46.3484, 46.3542, 46.3484
6.78142, 36, 47.383, 46.3461, 6.16441, -11.383, 0, 46.3534, 46.3467, 47.3638, 46.3522, 46.3461, 46.3461, 46.3461, 46.3461, 46.3461, 46.3461, 46.3461, 46.3461, 46.3461, 46.3461, 46.3461, 46.3461, 46.3461, 46.3461, 46.3461, 46.3461, 46.3512, 46.3461
6.78931, 36, 47.7683, 46.343, 6.16441, -11.7683, 0, 46.3512, 46.3437, 47.7509, 46.3472, 46.343, 46.343, 46.343, 46.343, 46.343, 46.343, 46.343, 46.343, 46.343, 46.343, 46.343, 46.343, 46.343, 46.343, 46.343, 46.343, 46.3475, 46.343
6.79719, 32, 48.3113, 46.3392, 5.83095, -16.3113, 0, 46.3483, 46.3398, 48.2949, 46.342, 46.3392, 46.3392, 46.3392, 46.3392, 46.3392, 46.3392, 46.3392, 46.3392, 46.3392, 46.3392, 46.3392, 46.3392, 46.3392, 46.3392, 46.3392, 46.3392, 46.343, 46.3392
6.80507, 42, 49.0623, 46.3345, 6.63325, -7.06226, 0, 46.3447, 46.3352, 49.0464, 46.3364, 46.3345, 46.3345, 46.3345, 46.3345, 46.3345, 46.3345, 46.3345, 46.3345, 46.3345, 46.3345, 46.3345, 46.3345, 46.3345, 46.3345, 46.3345, 46.3345, 46.3378, 46.3345
6.81296, 40, 50.0856, 46.329, 6.48074, -10.0856, 0, 46.3401, 46.3297, 50.0698, 46.3303, 46.329, 46.329, 46.329, 46.329, 46.329, 46.329, 46.329, 46.329, 46.329, 46.329, 46.329, 46.329, 46.329, 46.329, 46.329, 46.329, 46.3318, 46.329
6.82084, 54, 51.4614, 46.3226, 7.48331, 2.53862, 0, 46.3347, 46.3233, 51.4456, 46.3234, 46.3226, 46.3226, 46.3226, 46.3226, 46.3226, 46.3226, 46.3226, 46.3226, 46.3226, 46.3226, 46.3226, 46.3226, 46.3226, 46.3226, 46.3226, 46.3226, 46.3249, 46.3226
6.82872, 58, 53.2881, 46.3152, 7.74597, 4.71185, 0, 46.3282, 46.3158, 53.2721, 46.3157, 46.3152, 46.3152, 46.3152, 46.3152, 46.3152, 46.3152, 46.3152, 46.3152, 46.3152, 46.3152, 46.3152, 46.3152, 46.3152, 46.3152, 46.3152, 46.3152, 46.3171, 46.3152
6.8366, 48, 55.684, 46.3066, 7.07107, -7.68395, 0, 46.3204, 46.3072, 55.6675, 46.3069, 46.3066, 46.3066, 46.3066, 46.3066, 46.3066, 46.3066, 46.3066, 46.3066, 46.3066, 46.3066, 46.3066, 46.3066, 46.3066, 46.3066, 46.3066, 46.3066, 46.3081, 46.3066
6.84449, 66, 58.788, 46.2966, 8.24621, 7.21196, 0, 46.3113, 46.2973, 58.7712, 46.2968, 46.2966, 46.2966, 46.2966, 46.2966, 46.2966, 46.2966, 46.2966, 46.2966, 46.2966, 46.2966, 46.2966, 46.2966, 46.2966, 46.2966, 46.2966, 46.2966, 46.2979, 46.2966
6.85237, 76, 62.761, 46.2851, 8.83176, 13.239, 0, 46.3005, 46.2858, 62.7438, 46.2853, 46.2851, 46.2851, 46.2851, 46.2851, 46.2851, 46.2851, 46.2851, 46.2851, 46.2851, 46.2851, 46.2851, 46.2851, 46.2851, 46.2851, 46.2851, 46.2851, 46.2861, 46.2851
6.86025, 70, 67.7838, 46.2717, 8.48528, 2.21616, 0, 46.2876, 46.2724, 67.7663, 46.2718, 46.2717, 46.2717, 46.2717, 46.2717, 46.2717, 46.2717, 46.2717, 46.2717, 46.2717, 46.2717, 46.2717, 46.2717, 46.2717, 46.2717, 46.2717, 46.2717, 46.2725, 46.2717
6.86814, 84, 74.0575, 46.2559, 9.27362, 9.94252, 0, 46.2724, 46.2566, 74.0397, 46.256, 46.2559, 46.2559, 46.2559, 46.2559, 46.2559, 46.2559, 46.2559, 46.2559, 46.2559, 46.2559, 46.2559, 46.2559, 46.2559, 46.2559, 46.2559, 46.2559, 46.2566, 46.2559
6.87602, 86, 81.7953, 46.2373, 9.38083, 4.20465, 0, 46.254, 46.238, 81.7774, 46.2373, 46.2373, 46.2373, 46.2373, 46.2373, 46.2373, 46.2373, 46.2373, 46.2373, 46.2373, 46.2373, 46.2373, 46.2373, 46.2373, 46.2373, 46.2373, 46.2373, 46.2378, 46.2373
6.8839, 104, 91.2209, 46.215, 10.2956, 12.7791, 0, 46.2319, 46.2157, 91.2028, 46.215, 46.215, 46.215, 46.215, 46.215, 46.215, 46.215, 46.215, 46.215, 46.215, 46.215, 46.215, 46.215, 46.215, 46.215, 46.215, 46.215, 46.2154, 46.215
6.89178, 132, 102.558, 46.1882, 11.5758, 29.4424, 0, 46.2051, 46.1889, 102.54, 46.1882, 46.1882, 46.1882, 46.1882, 46.1882, 46.1882, 46.1882, 46.1882, 46.1882, 46.1882, 46.1882, 46.1882, 46.1882, 46.1882, 46.1882, 46.1882, 46.1882, 46.1885, 46.1882
6.89967, 132, 116.019, 46.1558, 11.5758, 15.981, 0, 46.1725, 46.1565, 116.001, 46.1558, 46.1558, 46.1558, 46.1558, 46.1558, 46.1558, 46.1558, 46.1558, 46.1558, 46.1558, 46.1558, 46.1558, 46.1558, 46.1558, 46.1558, 46.1558, 46.1558, 46.156, 46.1558
6.90755, 154, 131.797, 46.1163, 12.49, 22.2034, 0, 46.1328, 46.117, 131.779, 46.1163, 46.1163, 46.1163, 46.1163, 46.1163, 46.1163, 46.1163, 46.1163, 46.1163, 46.1163, 46.1163, 46.1163, 46.1163, 46.1163, 46.1163, 46.1163, 46.1163, 46.1165, 46.1163
6.91543, 134, 150.045, 46.0681, 11.6619, -16.0449, 0, 46.0841, 46.0688, 150.028, 46.0681, 46.0681, 46.0681, 46.0681, 46.0681, 46.0681, 46.0681, 46.0681, 46.0681, 46.0681, 46.0681, 46.0681, 46.0681, 46.0681, 46.0681, 46.0681, 46.0681, 46.0683, 46.0681
6.92332, 180, 170.867, 46.0093, 13.4907, 9.13261, 0, 46.0247, 46.01, 170.851, 46.0093, 46.0093, 46.0093, 46.0093, 46.0093, 46.0093, 46.0093, 46.0093, 46.0093, 46.0093, 46.0093, 46.0093, 46.0093, 46.0093, 46.0093, 46.0093, 46.0093, 46.0094, 46.0093
6.9312, 224, 194.3, 45.9375, 15.0333, 29.7, 0, 45.9522, 45.9382, 194.284, 45.9375, 45.9375, 45.9375, 45.9375, 45.9375, 45.9375, 45.9375, 45.9375, 45.9375, 45.9375, 45.9375, 45.9375, 45.9375, 45.9375, 45.9375, 45.9375, 45.9375, 45.9376, 45.9375
6.93908, 240, 220.297, 45.85, 15.5563, 19.7034, 0, 45.864, 45.8508, 220.282, 45.85, 45.85, 45.85, 45.85, 45.85, 45.85, 45.85, 45.85, 45.85, 45.85, 45.85, 45.85, 45.85, 45.85, 45.85, 45.85, 45.85, 45.8501, 45.85
6.94696, 228, 248.716, 45.7439, 15.1658, -20.7162, 0, 45.757, 45.7446, 248.702, 45.7439, 45.7439, 45.7439, 45.7439, 45.7439, 45.7439, 45.7439, 45.7439, 45.7439, 45.7439, 45.7439, 45.7439, 45.7439, 45.7439, 45.7439, 45.7439, 45.7439, 45.7439, 45.7439
6.95485, 272, 279.313, 45.6158, 16.5529, -7.31284, 0, 45.6279, 45.6165, 279.3, 45.6158, 45.6158, 45.6158, 45.6158, 45.6158, 45.6158, 45.6158, 45.6158, 45.6158, 45.6158, 45.6158, 45.6158, 45.6158, 45.6158, 45.6158, 45.6158, 45.6158, 45.6158, 45.6158
6.96273, 274, 311.729, 45.462, 16.6132, -37.7294, 0, 45.4732, 45.4628, 311.717, 45.462, 45.462, 45.462, 45.462, 45.462, 45.462, 45.462, 45.462, 45.462, 45.462, 45.462, 45.462, 45.462, 45.462, 45.462, 45.462, 45.462, 45.4621, 45.462
6.97061, 322, 345.498, 45.2788, 18, -23.4976, 0, 45.289, 45.2795, 345.487, 45.2788, 45.2788, 45.2788, 45.2788, 45.2788, 45.2788, 45.2788, 45.2788, 45.2788, 45.2788, 45.2788, 45.2788, 45.2788, 45.2788, 45.2788, 45.2788, 45.2788, 45.2788, 45.2788
6.9785, 420, 380.043, 45.062, 20.5426, 39.9571, 0, 45.0713, 45.0628, 380.033, 45.062, 45.062, 45.062, 45.062, 45.062, 45.062, 45.062, 45.062, 45.062, 45.062, 45.062, 45.062, 45.062, 45.062, 45.062, 45.062, 45.062, 45.062, 45.062
6.98638, 418, 414.697, 44.8077, 20.4939, 3.30286, 0, 44.816, 44.8085, 414.688, 44.8077, 44.8077, 44.8077, 44.8077, 44.8077, 44.8077, 44.8077, 44.8077, 44.8077, 44.8077, 44.8077, 44.8077, 44.8077, 44.8077, 44.8077, 44.8077, 44.8077, 44.8077, 44.8077
6.99426, 456, 448.716, 44.5119, 21.4009, 7.28381, 0, 44.5192, 44.5127, 448.708, 44.5119, 44.5119, 44.5119, 44.5119, 44.5119, 44.5119, 44.5119, 44.5119, 44.5119, 44.5119, 44.5119, 44.5119, 44.5119, 44.5119, 44.5119, 44.5119, 44.5119, 44.5119, 44.5119
7.00214, 424, 480.99, 43.8552, 20.6398, -56.9897, 0, 43.8616, 43.8559, 480.982, 43.8552, 43.8552, 43.8552, 43.8552, 43.8552, 43.8552, 43.8552, 43.8552, 43.8552, 43.8552, 43.8552, 43.8552, 43.8552, 43.8552, 43.8552, 43.8552, 43.8552, 43.8552, 43.8552
7.01003, 506, 510.805, 42.9383, 22.5389, -4.80524, 0, 42.944, 42.9391, 510.799, 42.9383, 42.9383, 42.9383, 42.9383, 42.9383, 42.9383, 42.9383, 42.9383, 42.9383, 42.9383, 42.9383, 42.9383, 42.9383, 42.9383, 42.9383, 42.9383, 42.9383, 42.9383, 42.9383
7.01791, 458, 537.622, 42.0229, 21.4476, -79.622, 0, 42.0278, 42.0237, 537.616, 42.0229, 42.0229, 42.0229, 42.0229, 42.0229, 42.0229, 42.0229, 42.0229, 42.0229, 42.0229, 42.0229, 42.0229, 42.0229, 42.0229, 42.0229, 42.0229, 42.0229, 42.0229, 42.0229
7.02579, 498, 560.65, 41.0752, 22.3607, -62.6496, 0, 41.0794, 41.076, 560.645, 41.0752, 41.0752, 41.0752, 41.0752, 41.0752, 41.0752, 41.0752, 41.0752, 41.0752, 41.0752, 41.0752, 41.0752, 41.0752, 41.0752, 41.0752, 41.0752, 41.0752, 41.0752, 41.0752
7.03367, 552, 579.214, 40.0983, 23.5372, -27.2144, 0, 40.1019, 40.0991, 579.21, 40.0983, 40.0983, 40.0983, 40.0983, 40.0983, 40.0983, 40.0983, 40.0983, 40.0983, 40.0983, 40.0983, 40.0983, 40.0983, 40.0983, 40.0983, 40.0983, 40.0983, 40.0983, 40.0983
7.04156, 546, 592.755, 39.0964, 23.4094, -46.7552, 0, 39.0994, 39.0972, 592.751, 39.0964, 39.0964, 39.0964, 39.0964, 39.0964, 39.0964, 39.0964, 39.0964, 39.0964, 39.0964, 39.0964, 39.0964, 39.0964, 39.0964, 39.0964, 39.0964, 39.0964, 39.0964, 39.0964
7.04944, 528, 600.851, 38.0745, 23.0217, -72.8509, 0, 38.0771, 38.0753, 600.847, 38.0745, 38.0745, 38.0745, 38.0745, 38.0745, 38.0745, 38.0745, 38.0745, 38.0745, 38.0745, 38.0745, 38.0745, 38.0745, 38.0745, 38.0745, 38.0745, 38.0745, 38.0745, 38.0745
7.05732, 512, 603.241, 37.0388, 22.6716, -91.2411, 0, 37.041, 37.0396, 603.238, 37.0388, 37.0388, 37.0388, 37.0388, 37.0388, 37.0388, 37.0388, 37.0388, 37.0388, 37.0388, 37.0388, 37.0388, 37.0388, 37.0388, 37.0388, 37.0388, 37.0388, 37.0388, 37.0388
7.06521, 524, 599.839, 35.9961, 22.9347, -75.8387, 0, 35.998, 35.997, 599.836, 35.9961, 35.9961, 35.9961, 35.9961, 35.9961, 35.9961, 35.9961, 35.9961, 35.9961, 35.9961, 35.9961, 35.9961, 35.9961, 35.9961, 35.9961, 35.9961, 35.9961, 35.9962, 35.9961
7.07309, 540, 590.734, 34.9541, 23.2809, -50.7339, 0, 34.9556, 34.9549, 590.732, 34.9541, 34.9541, 34.9541, 34.9541, 34.9541, 34.9541, 34.9541, 34.9541, 34.9541, 34.9541, 34.9541, 34.9541, 34.9541, 34.9541, 34.9541, 34.9541, 34.9541, 34.9541, 34.9541
7.08097, 548, 576.19, 33.9205, 23.4521, -28.1902, 0, 33.9218, 33.9214, 576.188, 33.9205, 33.9205, 33.9205, 33.9205, 33.9205, 33.9205, 33.9205, 33.9205, 33.9205, 33.9205, 33.9205, 33.9205, 33.9205, 33.9205, 33.9205, 33.9205, 33.9205, 33.9206, 33.9205
7.08885, 484, 556.628, 32.9026, 22.0454, -72.6279, 0, 32.9037, 32.9035, 556.626, 32.9026, 32.9026, 32.9026, 32.9026, 32.9026, 32.9026, 32.9026, 32.9026, 32.9026, 32.9026, 32.9026, 32.9026, 32.9026, 32.9026, 32.9026, 32.9026, 32.9026, 32.9026, 32.9026
7.09674, 488, 532.606, 31.9077, 22.1359, -44.6063, 0, 31.9087, 31.9087, 532.604, 31.9077, 31.9077, 31.9077, 31.9077, 31.9077, 31.9077, 31.9077, 31.9077, 31.9077, 31.9077, 31.9077, 31.9077, 31.9077, 31.9077, 31.9077, 31.9077, 31.9077, 31.9078, 31.9077
7.10462, 498, 504.795, 30.9433, 22.3607, -6.79477, 0, 30.944, 30.9442, 504.793, 30.9433, 30.9433, 30.9433, 30.9433, 30.9433, 30.9433, 30.9433, 30.9433, 30.9433, 30.9433, 30.9433, 30.9433, 30.9433, 30.9433, 30.9433, 30.9433, 30.9433, 30.9434, 30.9433
7.1125, 492, 473.941, 30.0159, 22.2261, 18.0589, 0, 30.0165, 30.0169, 473.939, 30.0159, 30.0159, 30.0159, 30.0159, 30.0159, 30.0159, 30.0159, 30.0159, 30.0159, 30.0159, 30.0159, 30.0159, 30.0159, 30.0159, 30.0159, 30.0159, 30.0159, 30.016, 30.0159
7.12039, 420, 440.838, 29.1311, 20.5426, -20.838, 0, 29.1317, 29.1323, 440.836, 29.1311, 29.1311, 29.1311, 29.1311, 29.1311, 29.1311, 29.1311, 29.1311, 29.1311, 29.1311, 29.1311, 29.1311, 29.1311, 29.1311, 29.1311, 29.1311, 29.1311, 29.1314, 29.1311
7.12827, 350, 406.288, 28.2937, 18.7617, -56.2885, 0, 28.2943, 28.295, 406.286, 28.2937, 28.2937, 28.2937, 28.2937, 28.2937, 28.2937, 28.2937, 28.2937, 28.2937, 28.2937, 28.2937, 28.2937, 28.2937, 28.2937, 28.2937, 28.2937, 28.2937, 28.294, 28.2937
7.13615, 360, 371.075, 27.5072, 19.0263, -11.0745, 0, 27.5077, 27.5088, 371.072, 27.5072, 27.5072, 27.5072, 27.5072, 27.5072, 27.5072, 27.5072, 27.5072, 27.5072, 27.5072, 27.5072, 27.5072, 27.5072, 27.5072, 27.5072, 27.5072, 27.5072, 27.5077, 27.5072
7.14403, 320, 335.927, 26.7732, 17.9444, -15.9274, 0, 26.7736, 26.7751, 335.924, 26.7732, 26.7732, 26.7732, 26.7732, 26.7732, 26.7732, 26.7732, 26.7732, 26.7732, 26.7732, 26.7732, 26.7732, 26.7732, 26.7732, 26.7732, 26.7732, 26.7732, 26.7738, 26.7732
7.15192, 252, 301.506, 26.0923, 15.9374, -49.5056, 0, 26.0927, 26.0946, 301.502, 26.0923, 26.0923, 26.0923, 26.0923, 26.0923, 26.0923, 26.0923, 26.0923, 26.0923, 26.0923, 26.0923, 26.0923, 26.0923, 26.0923, 26.0923, 26.0923, 26.0923, 26.0931, 26.0923
7.1598, 220, 268.377, 25.4637, 14.8997, -48.3767, 0, 25.4641, 25.4667, 268.372, 25.4637, 25.4637, 25.4637, 25.4637, 25.4637, 25.4637, 25.4637, 25.4637, 25.4637, 25.4637, 25.4637, 25.4637, 25.4637, 25.4637, 25.4637, 25.4637, 25.4637, 25.4648, 25.4637
7.16768, 204, 237.006, 24.8857, 14.3527, -33.006, 0, 24.886, 24.8897, 237, 24.8857, 24.8857, 24.8857, 24.8857, 24.8857, 24.8857, 24.8857, 24.8857, 24.8857, 24.8857, 24.8857, 24.8857, 24.8857, 24.8857, 24.8857, 24.8857, 24.8857, 24.8872, 24.8857
7.17557, 244, 207.752, 24.3557, 15.6844, 36.2484, 0, 24.3561, 24.3612, 207.744, 24.3557, 24.3557, 24.3557, 24.3557, 24.3557, 24.3557, 24.3557, 24.3557, 24.3557, 24.3557, 24.3557, 24.3557, 24.3557, 24.3557, 24.3557, 24.3557, 24.3557, 24.3577, 24.3557
7.18345, 142, 180.864, 23.8701, 12, -38.8643, 0, 23.8705, 23.8776, 180.854, 23.8701, 23.8701, 23.8701, 23.8701, 23.8701, 23.8701, 23.8701, 23.8701, 23.8701, 23.8701, 23.8701, 23.8701, 23.8701, 23.8701, 23.8701, 23.8701, 23.8701, 23.8728, 23.8701
7.19133, 152, 156.492, 23.4248, 12.4097, -4.49213, 0, 23.4251, 23.4351, 156.478, 23.4248, 23.4248, 23.4248, 23.4248, 23.4248, 23.4248, 23.4248, 23.4248, 23.4248, 23.4248, 23.4248, 23.4248, 23.4248, 23.4248, 23.4248, 23.4248, 23.4248, 23.4282, 23.4248
7.19921, 114, 134.697, 23.0155, 10.7703, -20.697, 0, 23.0159, 23.0298, 134.678, 23.0155, 23.0155, 23.0155, 23.0155, 23.0155, 23.0155, 23.0155, 23.0155, 23.0155, 23.0155, 23.0155, 23.0155, 23.0155, 23.0155, 23.0155, 23.0155, 23.0155, 23.0199, 23.0155
7.2071, 120, 115.451, 22.637, 11.0454, 4.5486, 0, 22.6374, 22.6568, 115.426, 22.637, 22.637, 22.637, 22.637, 22.637, 22.637, 22.637, 22.637, 22.637, 22.637, 22.637, 22.637, 22.637, 22.637, 22.637, 22.637, 22.637, 22.6426, 22.637
7.21498, 76, 98.6681, 22.2845, 8.83176, -22.6681, 0, 22.2849, 22.3117, 98.6336, 22.2845, 22.2845, 22.2845, 22.2845, 22.2845, 22.2845, 22.2845, 22.2845, 22.2845, 22.2845, 22.2845, 22.2845, 22.2845, 22.2845, 22.2845, 22.2845, 22.2845, 22.2915, 22.2845
7.22286, 100, 84.2072, 21.9535, 10.0995, 15.7928, 0, 21.9539, 21.9906, 84.1611, 21.9535, 21.9535, 21.9535, 21.9535, 21.9535, 21.9535, 21.9535, 21.9535, 21.9535, 21.9535, 21.9535, 21.9535, 21.9535, 21.9535, 21.9535, 21.9535, 21.9535, 21.9622, 21.9535
7.23075, 66, 71.892, 21.6399, 8.24621, -5.892, 0, 21.6402, 21.6902, 71.8306, 21.6399, 21.6399, 21.6399, 21.6399, 21.6399, 21.6399, 21.6399, 21.6399, 21.6399, 21.6399, 21.6399, 21.6399, 21.6399, 21.6399, 21.6399, 21.6399, 21.6399, 21.6505, 21.6399
7.23863, 52, 61.5221, 21.34, 7.34847, -9.52211, 0, 21.3404, 21.4078, 61.4409, 21.34, 21.34, 21.34, 21.34, 21.34, 21.34, 21.34, 21.34, 21.34, 21.34, 21.34, 21.34, 21.34, 21.34, 21.34, 21.34, 21.34, 21.353, 21.34
7.24651, 40, 52.8844, 21.05, 6.48074, -12.8844, 0, 21.0504, 21.1406, 52.7777, 21.05, 21.05, 21.05, 21.05, 21.05, 21.05, 21.05, 21.05, 21.05, 21.05, 21.05, 21.05, 21.05, 21.05, 21.05, 21.05, 21.05, 21.0656, 21.05
7.25439, 26, 45.7655, 20.7661, 5.2915, -19.7655, 0, 20.7665, 20.8861, 45.6265, 20.7661, 20.7661, 20.7661, 20.7661, 20.7661, 20.7661, 20.7661, 20.7661, 20.7661, 20.7661, 20.7661, 20.7661, 20.7661, 20.7661, 20.7661, 20.7661, 20.7661, 20.7848, 20.7661
7.26228, 42, 39.9563, 20.4856, 6.63325, 2.04373, 0, 20.486, 20.643, 39.7765, 20.4856, 20.4856, 20.4856, 20.4856, 20.4856, 20.4856, 20.4856, 20.4856, 20.4856, 20.4856, 20.4856, 20.4856, 20.4856, 20.4856, 20.4856, 20.4856, 20.4856, 20.5076, 20.4856
7.27016, 24, 35.262, 20.2065, 5.09902, -11.262, 0, 20.2069, 20.4111, 35.0312, 20.2065, 20.2065, 20.2065, 20.2065, 20.2065, 20.2065, 20.2065, 20.2065, 20.2065, 20.2065, 20.2065, 20.2065, 20.2065, 20.2065, 20.2065, 20.2065, 20.2065, 20.2322, 20.2065
7.27804, 40, 31.5037, 19.9271, 6.48074, 8.49631, 0, 19.9275, 20.1905, 31.2102, 19.9271, 19.9271, 19.9271, 19.9271, 19.9271, 19.9271, 19.9271, 19.9271, 19.9271, 19.9271, 19.9271, 19.9271, 19.9271, 19.9271, 19.9271, 19.9271, 19.9271, 19.9568, 19.9271
7.28592, 20, 28.5207, 19.6454, 4.69042, -8.52074, 0, 19.6458, 19.9812, 28.1505, 19.6454, 19.6454, 19.6454, 19.6454, 19.6454, 19.6454, 19.6454, 19.6454, 19.6454, 19.6454, 19.6454, 19.6454, 19.6454, 19.6454, 19.6454, 19.6454, 19.6454, 19.6794, 19.6454
7.29381, 22, 26.1729, 19.3602, 4.89898, -4.17287, 0, 19.3606, 19.7842, 25.71, 19.3602, 19.3602, 19.3602, 19.3602, 19.3602, 19.3602, 19.3602, 19.3602, 19.3602, 19.3602, 19.3602, 19.3602, 19.3602, 19.3602, 19.3602, 19.3602, 19.3602, 19.3988, 19.3602
7.30169, 14, 24.4723, 19.2034, 4, -10.4723, 0, 19.2038, 19.7333, 23.8987, 19.2034, 19.2034, 19.2034, 19.2034, 19.2034, 19.2034, 19.2034, 19.2034, 19.2034, 19.2034, 19.2034, 19.2034, 19.2034, 19.2034, 19.2034, 19.2034, 19.2034, 19.2466, 19.2034
7.30957, 16, 23.228, 19.0847, 4.24264, -7.22795, 0, 19.0851, 19.7406, 22.5237, 19.0847, 19.0847, 19.0847, 19.0847, 19.0847, 19.0847, 19.0847, 19.0847, 19.0847, 19.0847, 19.0847, 19.0847, 19.0847, 19.0847, 19.0847, 19.0847, 19.0847, 19.1326, 19.0847
7.31746, 28, 22.2574, 18.9055, 5.47723, 5.74264, 0, 18.9059, 19.7094, 21.4005, 18.9055, 18.9055, 18.9055, 18.9055, 18.9055, 18.9055, 18.9055, 18.9055, 18.9055, 18.9055, 18.9055, 18.9055, 18.9055, 18.9055, 18.9055, 18.9055, 18.9055, 18.9582, 18.9055
7.32534, 16, 21.5531, 18.7273, 4.24264, -5.55312, 0, 18.7277, 19.7026, 20.5202, 18.7273, 18.7273, 18.7273, 18.7273, 18.7273, 18.7273, 18.7273, 18.7273, 18.7273, 18.7273, 18.7273, 18.7273, 18.7273, 18.7273, 18.7273, 18.7273, 18.7273, 18.7845, 18.7273
7.33322, 18, 21.0792, 18.5693, 4.47214, -3.07921, 0, 18.5698, 19.741, 19.8456, 18.5693, 18.5693, 18.5693, 18.5693, 18.5693, 18.5693, 18.5693, 18.5693, 18.5693, 18.5693, 18.5693, 18.5693, 18.5693, 18.5693, 18.5693, 18.5693, 18.5693, 18.6309, 18.5693
7.3411, 16, 20.7686, 18.4092, 4.24264, -4.7686, 0, 18.4096, 19.8026, 19.3091, 18.4092, 18.4092, 18.4092, 18.4092, 18.4092, 18.4092, 18.4092, 18.4092, 18.4092, 18.4092, 18.4092, 18.4092, 18.4092, 18.4092, 18.4092, 18.4092, 18.4092, 18.4748, 18.4092
7.34899, 26, 20.5859, 18.2469, 5.2915, 5.41408, 0, 18.2473, 19.8877, 18.8755, 18.2469, 18.2469, 18.2469, 18.2469, 18.2469, 18.2469, 18.2469, 18.2469, 18.2469, 18.2469, 18.2469, 18.2469, 18.2469, 18.2469, 18.2469, 18.2469, 18.2469, 18.3161, 18.2469
7.35687, 18, 20.5028, 18.0823, 4.47214, -2.50283, 0, 18.0828, 19.9952, 18.5173, 18.0823, 18.0823, 18.0823, 18.0823, 18.0823, 18.0823, 18.0823, 18.0823, 18.0823, 18.0823, 18.0823, 18.0823, 18.0823, 18.0823, 18.0823, 18.0823, 18.0823, 18.1546, 18.0823
7.36475, 12, 20.4969, 17.9158, 3.74166, -8.49695, 0, 17.9163, 20.1237, 18.2141, 17.9158, 17.9158, 17.9158, 17.9158, 17.9158, 17.9158, 17.9158, 17.9158, 17.9158, 17.9158, 17.9158, 17.9158, 17.9158, 17.9158, 17.9158, 17.9158, 17.9158, 17.9905, 17.9158
7.37264, 20, 20.5494, 17.747, 4.69042, -0.549353, 0, 17.7475, 20.27, 17.9496, 17.747, 17.747, 17.747, 17.747, 17.747, 17.747, 17.747, 17.747, 17.747, 17.747, 17.747, 17.747, 17.747, 17.747, 17.747, 17.747, 17.747, 17.8234, 17.747
7.38052, 34, 20.6447, 17.576, 6, 13.3553, 0, 17.5765, 20.4306, 17.7123, 17.576, 17.576, 17.576, 17.576, 17.576, 17.576, 17.576, 17.576, 17.576, 17.576, 17.576, 17.576, 17.576, 17.576, 17.576, 17.576, 17.576, 17.6534, 17.576
7.3884, 18, 20.7702, 17.4037, 4.47214, -2.77016, 0, 17.4041, 20.6013, 17.4945, 17.4037, 17.4037, 17.4037, 17.4037, 17.4037, 17.4037, 17.4037, 17.4037, 17.4037, 17.4037, 17.4037, 17.4037, 17.4037, 17.4037, 17.4037, 17.4037, 17.4037, 17.4812, 17.4037
7.39628, 36, 20.915, 17.2311, 6.16441, 15.085, 0, 17.2315, 20.7776, 17.2911, 17.2311, 17.2311, 17.2311, 17.2311, 17.2311, 17.2311, 17.2311, 17.2311, 17.2311, 17.2311, 17.2311, 17.2311, 17.2311, 17.2311, 17.2311, 17.2311, 17.2311, 17.308, 17.2311
7.40417, 16, 21.0677, 17.0578, 4.24264, -5.06771, 0, 17.0583, 20.9524, 17.0971, 17.0578, 17.0578, 17.0578, 17.0578, 17.0578, 17.0578, 17.0578, 17.0578, 17.0578, 17.0578, 17.0578, 17.0578, 17.0578, 17.0578, 17.0578, 17.0578, 17.0578, 17.1335, 17.0578
7.41205, 30, 21.218, 16.884, 5.65685, 8.78202, 0, 16.8845, 21.1185, 16.9095, 16.884, 16.884, 16.884, 16.884, 16.884, 16.884, 16.884, 16.884, 16.884, 16.884, 16.884, 16.884, 16.884, 16.884, 16.884, 16.884, 16.884, 16.9576, 16.884
7.41993, 18, 21.3567, 16.7104, 4.47214, -3.35667, 0, 16.7108, 21.269, 16.7268, 16.7104, 16.7104, 16.7104, 16.7104, 16.7104, 16.7104, 16.7104, 16.7104, 16.7104, 16.7104, 16.7104, 16.7104, 16.7104, 16.7104, 16.7104, 16.7104, 16.7104, 16.7813, 16.7104
7.42782, 22, 21.4751, 16.5375, 4.89898, 0.524853, 0, 16.538, 21.3966, 16.5479, 16.5375, 16.5375, 16.5375, 16.5375, 16.5375, 16.5375, 16.5375, 16.5375, 16.5375, 16.5375, 16.5375, 16.5375, 16.5375, 16.5375, 16.5375, 16.5375, 16.5375, 16.6051, 16.5375
7.4357, 8, 21.5641, 16.3646, 3.16228, -13.5641, 0, 16.3651, 21.4932, 16.3712, 16.3646, 16.3646, 16.3646, 16.3646, 16.3646, 16.3646, 16.3646, 16.3646, 16.3646, 16.3646, 16.3646, 16.3646, 16.3646, 16.3646, 16.3646, 16.3646, 16.3646, 16.4285, 16.3646
7.44358, 30, 21.6162, 16.1922, 5.65685, 8.38376, 0, 16.1927, 21.5519, 16.1963, 16.1922, 16.1922, 16.1922, 16.1922, 16.1922, 16.1922, 16.1922, 16.1922, 16.1922, 16.1922, 16.1922, 16.1922, 16.1922, 16.1922, 16.1922, 16.1922, 16.1922, 16.2519, 16.1922
7.45146, 18, 21.6254, 16.0207, 4.47214, -3.62537, 0, 16.0212, 21.567, 16.0233, 16.0207, 16.0207, 16.0207, 16.0207, 16.0207, 16.0207, 16.0207, 16.0207, 16.0207, 16.0207, 16.0207, 16.0207, 16.0207, 16.0207, 16.0207, 16.0207, 16.0207, 16.076, 16.0207
7.45935, 44, 21.5865, 15.8506, 6.78233, 22.4135, 0, 15.851, 21.5337, 15.8521, 15.8506, 15.8506, 15.8506, 15.8506, 15.8506, 15.8506, 15.8506, 15.8506, 15.8506, 15.8506, 15.8506, 15.8506, 15.8506, 15.8506, 15.8506, 15.8506, 15.8506, 15.9013, 15.8506
7.46723, 28, 21.4948, 15.6808, 5.47723, 6.50524, 0, 15.6813, 21.4472, 15.6817, 15.6808, 15.6808, 15.6808, 15.6808, 15.6808, 15.6808, 15.6808, 15.6808, 15.6808, 15.6808, 15.6808, 15.6808, 15.6808, 15.6808, 15.6808, 15.6808, 15.6808, 15.7269, 15.6808
7.47511, 26, 21.3482, 15.5119, 5.2915, 4.65177, 0, 15.5124, 21.3056, 15.5125, 15.5119, 15.5119, 15.5119, 15.5119, 15.5119, 15.5119, 15.5119, 15.5119, 15.5119, 15.5119, 15.5119, 15.5119, 15.5119, 15.5119, 15.5119, 15.5119, 15.5119, 15.5535, 15.5119
7.483, 12, 21.146, 15.3438, 3.74166, -9.146, 0, 15.3443, 21.1081, 15.3441, 15.3438, 15.3438, 15.3438, 15.3438, 15.3438, 15.3438, 15.3438, 15.3438, 15.3438, 15.3438, 15.3438, 15.3438, 15.3438, 15.3438, 15.3438, 15.3438, 15.3438, 15.3809, 15.3438
7.49088, 26, 20.8887, 15.176, 5.2915, 5.11132, 0, 15.1765, 20.8551, 15.1762, 15.176, 15.176, 15.176, 15.176, 15.176, 15.176, 15.176, 15.176, 15.176, 15.176, 15.176, 15.176, 15.176, 15.176, 15.176, 15.176, 15.176, 15.2088, 15.176
7.49876, 18, 20.5794, 15.0091, 4.47214, -2.57944, 0, 15.0096, 20.55, 15.0092, 15.0091, 15.0091, 15.0091, 15.0091, 15.0091, 15.0091, 15.0091, 15.0091, 15.0091, 15.0091, 15.0091, 15.0091, 15.0091, 15.0091, 15.0091, 15.0091, 15.0091, 15.038, 15.0091
7.50664, 32, 20.2229, 14.8437, 5.83095, 11.7771, 0, 14.8442, 20.1971, 14.8438, 14.8437, 14.8437, 14.8437, 14.8437, 14.8437, 14.8437, 14.8437, 14.8437, 14.8437, 14.8437, 14.8437, 14.8437, 14.8437, 14.8437, 14.8437, 14.8437, 14.8437, 14.8689, 14.8437
7.51453, 32, 19.8233, 14.6787, 5.83095, 12.1767, 0, 14.6792, 19.8008, 14.6787, 14.6787, 14.6787, 14.6787, 14.6787, 14.6787, 14.6787, 14.6787, 14.6787, 14.6787, 14.6787, 14.6787, 14.6787, 14.6787, 14.6787, 14.6787, 14.6787, 14.6787, 14.7006, 14.6787
7.52241, 26, 19.3875, 14.5145, 5.2915, 6.61255, 0, 14.5151, 19.3679, 14.5146, 14.5145, 14.5145, 14.5145, 14.5145, 14.5145, 14.5145, 14.5145, 14.5145, 14.5145, 14.5145, 14.5145, 14.5145, 14.5145, 14.5145, 14.5145, 14.5145, 14.5145, 14.5336, 14.5145
7.53029, 26, 18.9227, 14.3514, 5.2915, 7.07732, 0, 14.3519, 18.9056, 14.3514, 14.3514, 14.3514, 14.3514, 14.3514, 14.3514, 14.3514, 14.3514, 14.3514, 14.3514, 14.3514, 14.3514, 14.3514, 14.3514, 14.3514, 14.3514, 14.3514, 14.3514, 14.368, 14.3514
7.53817, 24, 18.4359, 14.1886, 5.09902, 5.56415, 0, 14.1891, 18.4208, 14.1886, 14.1886, 14.1886, 14.1886, 14.1886, 14.1886, 14.1886, 14.1886, 14.1886, 14.1886, 14.1886, 14.1886, 14.1886, 14.1886, 14.1886, 14.1886, 14.1886, 14.1886, 14.2031, 14.1886
7.54606, 16, 17.9352, 14.0267, 4.24264, -1.93519, 0, 14.0273, 17.9218, 14.0267, 14.0267, 14.0267, 14.0267, 14.0267, 14.0267, 14.0267, 14.0267, 14.0267, 14.0267, 14.0267, 14.0267, 14.0267, 14.0267, 14.0267, 14.0267, 14.0267, 14.0267, 14.0396, 14.0267
7.55394, 26, 17.4288, 13.8663, 5.2915, 8.57124, 0, 13.8668, 17.4166, 13.8663, 13.8663, 13.8663, 13.8663, 13.8663, 13.8663, 13.8663, 13.8663, 13.8663, 13.8663, 13.8663, 13.8663, 13.8663, 13.8663, 13.8663, 13.8663, 13.8663, 13.8663, 13.8779, 13.8663
7.56182, 18, 16.9225, 13.7063, 4.47214, 1.07748, 0, 13.7069, 16.9112, 13.7063, 13.7063, 13.7063, 13.7063, 13.7063, 13.7063, 13.7063, 13.7063, 13.7063, 13.7063, 13.7063, 13.7063, 13.7063, 13.7063, 13.7063, 13.7063, 13.7063, 13.7063, 13.7171, 13.7063
7.56971, 14, 16.4234, 13.5473, 4, -2.42339, 0, 13.5478, 16.4126, 13.5473, 13.5473, 13.5473, 13.5473, 13.5473, 13.5473, 13.5473, 13.5473, 13.5473, 13.5473, 13.5473, 13.5473, 13.5473, 13.5473, 13.5473, 13.5473, 13.5473, 13.5473, 13.5575, 13.5473
7.57759, 16, 15.9371, 13.3893, 4.24264, 0.0629301, 0, 13.3898, 15.9265, 13.3893, 13.3893, 13.3893, 13.3893, 13.3893, 13.3893, 13.3893, 13.3893, 13.3893, 13.3893, 13.3893, 13.3893, 13.3893, 13.3893, 13.3893, 13.3893, 13.3893, 13.3893, 13.3993, 13.3893
7.58547, 14, 15.4676, 13.2317, 4, -1.46763, 0, 13.2323, 15.4569, 13.2317, 13.2317, 13.2317, 13.2317, 13.2317, 13.2317, 13.2317, 13.2317, 13.2317, 13.2317, 13.2317, 13.2317, 13.2317, 13.2317, 13.2317, 13.2317, 13.2317, 13.2317, 13.2419, 13.2317
7.59335, 10, 15.0191, 13.0751, 3.4641, -5.0191, 0, 13.0757, 15.008, 13.0751, 13.0751, 13.0751, 13.0751, 13.0751, 13.0751, 13.0751, 13.0751, 13.0751, 13.0751, 13.0751, 13.0751, 13.0751, 13.0751, 13.0751, 13.0751, 13.0751, 13.0751, 13.0856, 13.0751
7.60124, 22, 14.5946, 12.9199, 4.89898, 7.40543, 0, 12.9205, 14.5828, 12.9199, 12.9199, 12.9199, 12.9199, 12.9199, 12.9199, 12.9199, 12.9199, 12.9199, 12.9199, 12.9199, 12.9199, 12.9199, 12.9199, 12.9199, 12.9199, 12.9199, 12.9199, 12.9311, 12.9199
7.60912, 6, 14.1948, 12.7651, 2.82843, -8.19485, 0, 12.7657, 14.1822, 12.7651, 12.7651, 12.7651, 12.7651, 12.7651, 12.7651, 12.7651, 12.7651, 12.7651, 12.7651, 12.7651, 12.7651, 12.7651, 12.7651, 12.7651, 12.7651, 12.7651, 12.7651, 12.7772, 12.7651
7.617, 14, 13.8211, 12.6113, 4, 0.178924, 0, 12.612, 13.8074, 12.6113, 12.6113, 12.6113, 12.6113, 12.6113, 12.6113, 12.6113, 12.6113, 12.6113, 12.6113, 12.6113, 12.6113, 12.6113, 12.6113, 12.6113, 12.6113, 12.6113, 12.6113, 12.6244, 12.6113
7.62489, 20, 13.4734, 12.4586, 4.69042, 6.52655, 0, 12.4593, 13.4586, 12.4586, 12.4586, 12.4586, 12.4586, 12.4586, 12.4586, 12.4586, 12.4586, 12.4586, 12.4586, 12.4586, 12.4586, 12.4586, 12.4586, 12.4586, 12.4586, 12.4586, 12.4586, 12.4728, 12.4586
7.63277, 10, 13.1507, 12.3065, 3.4641, -3.15067, 0, 12.3072, 13.1346, 12.3065, 12.3065, 12.3065, 12.3065, 12.3065, 12.3065, 12.3065, 12.3065, 12.3065, 12.3065, 12.3065, 12.3065, 12.3065, 12.3065, 12.3065, 12.3065, 12.3065, 12.3065, 12.3219, 12.3065
7.64065, 18, 12.852, 12.1553, 4.47214, 5.14804, 0, 12.156, 12.8345, 12.1553, 12.1553, 12.1553, 12.1553, 12.1553, 12.1553, 12.1553, 12.1553, 12.1553, 12.1553, 12.1553, 12.1553, 12.1553, 12.1553, 12.1553, 12.1553, 12.1553, 12.1553, 12.172, 12.1553
7.64853, 30, 12.576, 12.0054, 5.65685, 17.424, 0, 12.0062, 12.5573, 12.0054, 12.0054, 12.0054, 12.0054, 12.0054, 12.0054, 12.0054, 12.0054, 12.0054, 12.0054, 12.0054, 12.0054, 12.0054, 12.0054, 12.0054, 12.0054, 12.0054, 12.0054, 12.0234, 12.0054
7.65642, 12, 12.3203, 11.8561, 3.74166, -0.320293, 0, 11.8569, 12.3002, 11.8561, 11.8561, 11.8561, 11.8561, 11.8561, 11.8561, 11.8561, 11.8561, 11.8561, 11.8561, 11.8561, 11.8561, 11.8561, 11.8561, 11.8561, 11.8561, 11.8561, 11.8561, 11.8753, 11.8561
7.6643, 4, 12.0831, 11.7077, 2.44949, -8.08308, 0, 11.7086, 12.0618, 11.7077, 11.7077, 11.7077, 11.7077, 11.7077, 11.7077, 11.7077, 11.7077, 11.7077, 11.7077, 11.7077, 11.7077, 11.7077, 11.7077, 11.7077, 11.7077, 11.7077, 11.7077, 11.728, 11.7077
7.67218, 12, 11.8625, 11.5604, 3.74166, 0.137473, 0, 11.5614, 11.8401, 11.5604, 11.5604, 11.5604, 11.5604, 11.5604, 11.5604, 11.5604, 11.5604, 11.5604, 11.5604, 11.5604, 11.5604, 11.5604, 11.5604, 11.5604, 11.5604, 11.5604, 11.5604, 11.5819, 11.5604
7.68007, 16, 11.656, 11.4138, 4.24264, 4.34398, 0, 11.4148, 11.6326, 11.4138, 11.4138, 11.4138, 11.4138, 11.4138, 11.4138, 11.4138, 11.4138, 11.4138, 11.4138, 11.4138, 11.4138, 11.4138, 11.4138, 11.4138, 11.4138, 11.4138, 11.4138, 11.4362, 11.4138
7.68795, 26, 11.4619, 11.2681, 5.2915, 14.5381, 0, 11.2692, 11.4377, 11.2681, 11.2681, 11.2681, 11.2681, 11.2681, 11.2681, 11.2681, 11.2681, 11.2681, 11.2681, 11.2681, 11.2681, 11.2681, 11.2681, 11.2681, 11.2681, 11.2681, 11.2681, 11.2912, 11.2681
7.69583, 6, 11.2787, 11.1237, 2.82843, -5.27872, 0, 11.1249, 11.2539, 11.1237, 11.1237, 11.1237, 11.1237, 11.1237, 11.1237, 11.1237, 11.1237, 11.1237, 11.1237, 11.1237, 11.1237, 11.1237, 11.1237, 11.1237, 11.1237, 11.1237, 11.1237, 11.1473, 11.1237
7.70371, 10, 11.1042, 10.9799, 3.4641, -1.10417, 0, 10.9812, 11.0789, 10.9799, 10.9799, 10.9799, 10.9799, 10.9799, 10.9799, 10.9799, 10.9799, 10.9799, 10.9799, 10.9799, 10.9799, 10.9799, 10.9799, 10.9799, 10.9799, 10.9799, 10.9799, 11.0038, 10.9799
7.7116, 22, 10.9371, 10.837, 4.89898, 11.0629, 0, 10.8384, 10.9117, 10.837, 10.837, 10.837, 10.837, 10.837, 10.837, 10.837, 10.837, 10.837, 10.837, 10.837, 10.837, 10.837, 10.837, 10.837, 10.837, 10.837, 10.837, 10.861, 10.837
7.71948, 8, 10.7765, 10.6953, 3.16228, -2.77646, 0, 10.6968, 10.7511, 10.6953, 10.6953, 10.6953, 10.6953, 10.6953, 10.6953, 10.6953, 10.6953, 10.6953, 10.6953, 10.6953, 10.6953, 10.6953, 10.6953, 10.6953, 10.6953, 10.6953, 10.6953, 10.7192, 10.6953
7.72736, 6, 10.6207, 10.5544, 2.82843, -4.62072, 0, 10.556, 10.5956, 10.5544, 10.5544, 10.5544, 10.5544, 10.5544, 10.5544, 10.5544, 10.5544, 10.5544, 10.5544, 10.5544, 10.5544, 10.5544, 10.5544, 10.5544, 10.5544, 10.5544, 10.5544, 10.5779, 10.5544
7.73525, 8, 10.4692, 10.4143, 3.16228, -2.46919, 0, 10.416, 10.4445, 10.4143, 10.4143, 10.4143, 10.4143, 10.4143, 10.4143, 10.4143, 10.4143, 10.4143, 10.4143, 10.4143, 10.4143, 10.4143, 10.4143, 10.4143, 10.4143, 10.4143, 10.4143, 10.4372, 10.4143
7.74313, 16, 10.3214, 10.2754, 4.24264, 5.67863, 0, 10.2773, 10.2974, 10.2754, 10.2754, 10.2754, 10.2754, 10.2754, 10.2754, 10.2754, 10.2754, 10.2754, 10.2754, 10.2754, 10.2754, 10.2754, 10.2754, 10.2754, 10.2754, 10.2754, 10.2754, 10.2976, 10.2754
7.75101, 6, 10.1762, 10.1372, 2.82843, -4.17619, 0, 10.1392, 10.1531, 10.1372, 10.1372, 10.1372, 10.1372, 10.1372, 10.1372, 10.1372, 10.1372, 10.1372, 10.1372, 10.1372, 10.1372, 10.1372, 10.1372, 10.1372, 10.1372, 10.1372, 10.1372, 10.1584, 10.1372
7.75889, 20, 10.0334, 10, 4.69042, 9.96658, 0, 10.0021, 10.0113, 10, 10, 10, 10, 10, 10, 10, 10, 10, 10, 10, 10, 10, 10, 10, 10, 10, 10, 10.02, 10
7.76678, 8, 10.029, 10, 3.16228, -2.029, 0, 10.0022, 10.008, 10, 10, 10, 10, 10, 10, 10, 10, 10, 10, 10, 10, 10, 10, 10, 10, 10, 10, 10.0188, 10
7.77466, 14, 10.0315, 10.0061, 4, 3.96847, 0, 10.0084, 10.0117, 10.0061, 10.0061, 10.0061, 10.0061, 10.0061, 10.0061, 10.0061, 10.0061, 10.0061, 10.0061, 10.0061, 10.0061, 10.0061, 10.0061, 10.0061, 10.0061, 10.0061, 10.0061, 10.0236, 10.0061
7.78254, 8, 10.0346, 10.0122, 3.16228, -2.03461, 0, 10.0146, 10.0161, 10.0122, 10.0122, 10.0122, 10.0122, 10.0122, 10.0122, 10.0122, 10.0122, 10.0122, 10.0122, 10.0122, 10.0122, 10.0122, 10.0122, 10.0122, 10.0122, 10.0122, 10.0122, 10.0283, 10.0122
7.79042, 8, 10.0382, 10.0182, 3.16228, -2.03816, 0, 10.0207, 10.021, 10.0182, 10.0182, 10.0182, 10.0182, 10.0182, 10.0182, 10.0182, 10.0182, 10.0182, 10.0182, 10.0182, 10.0182, 10.0182, 10.0182, 10.0182, 10.0182, 10.0182, 10.0182, 10.0329, 10.0182
7.79831, 8, 10.0421, 10.0244, 3.16228, -2.04214, 0, 10.0269, 10.0262, 10.0244, 10.0244, 10.0244, 10.0244, 10.0244, 10.0244, 10.0244, 10.0244, 10.0244, 10.0244, 10.0244, 10.0244, 10.0244, 10.0244, 10.0244, 10.0244, 10.0244, 10.0244, 10.0377, 10.0244
7.80619, 8, 10.0464, 10.0304, 3.16228, -2.04635, 0, 10.033, 10.0317, 10.0304, 10.0304, 10.0304, 10.0304, 10.0304, 10.0304, 10.0304, 10.0304, 10.0304, 10.0304, 10.0304, 10.0304, 10.0304, 10.0304, 10.0304, 10.0304, 10.0304, 10.0304, 10.0424, 10.0304
7.81407, 24, 10.0506, 10.0363, 5.09902, 13.9494, 0, 10.039, 10.0372, 10.0363, 10.0363, 10.0363, 10.0363, 10.0363, 10.0363, 10.0363, 10.0363, 10.0363, 10.0363, 10.0363, 10.0363, 10.0363, 10.0363, 10.0363, 10.0363, 10.0363, 10.0363, 10.047, 10.0363
7.82196, 12, 10.0548, 10.0418, 3.74166, 1.9452, 0, 10.0445, 10.0425, 10.0418, 10.0418, 10.0418, 10.0418, 10.0418, 10.0418, 10.0418, 10.0418, 10.0418, 10.0418, 10.0418, 10.0418, 10.0418, 10.0418, 10.0418, 10.0418, 10.0418, 10.0418, 10.0515, 10.0418
7.82984, 10, 10.0591, 10.0472, 3.4641, -0.0590649, 0, 10.05, 10.0477, 10.0472, 10.0472, 10.0472, 10.0472, 10.0472, 10.0472, 10.0472, 10.0472, 10.0472, 10.0472, 10.0472, 10.0472, 10.0472, 10.0472, 10.0472, 10.0472, 10.0472, 10.0472, 10.0559, 10.0472
7.83772, 8, 10.0636, 10.0527, 3.16228, -2.06356, 0, 10.0554, 10.053, 10.0527, 10.0527, 10.0527, 10.0527, 10.0527, 10.0527, 10.0527, 10.0527, 10.0527, 10.0527, 10.0527, 10.0527, 10.0527, 10.0527, 10.0527, 10.0527, 10.0527, 10.0527, 10.0605, 10.0527
7.8456, 6, 10.0684, 10.0582, 2.82843, -4.0684, 0, 10.0608, 10.0584, 10.0582, 10.0582, 10.0582, 10.0582, 10.0582, 10.0582, 10.0582, 10.0582, 10.0582, 10.0582, 10.0582, 10.0582, 10.0582, 10.0582, 10.0582, 10.0582, 10.0582, 10.0582, 10.0655, 10.0582
7.85349, 20, 10.0734, 10.0635, 4.69042, 9.92664, 0, 10.0662, 10.0637, 10.0635, 10.0635, 10.0635, 10.0635, 10.0635, 10.0635, 10.0635, 10.0635, 10.0635, 10.0635, 10.0635, 10.0635, 10.0635, 10.0635, 10.0635, 10.0635, 10.0635, 10.0635, 10.0705, 10.0635
7.86137, 12, 10.0785, 10.0686, 3.74166, 1.92155, 0, 10.0712, 10.0688, 10.0686, 10.0686, 10.0686, 10.0686, 10.0686, 10.0686, 10.0686, 10.0686, 10.0686, 10.0686, 10.0686, 10.0686, 10.0686, 10.0686, 10.0686, 10.0686, 10.0686, 10.0686, 10.0757, 10.0686
7.86925, 16, 10.0835, 10.0733, 4.24264, 5.91652, 0, 10.0758, 10.0734, 10.0733, 10.0733, 10.0733, 10.0733, 10.0733, 10.0733, 10.0733, 10.0733, 10.0733, 10.0733, 10.0733, 10.0733, 10.0733, 10.0733, 10.0733, 10.0733, 10.0733, 10.0733, 10.0808, 10.0733
7.87714, 12, 10.0888, 10.0777, 3.74166, 1.91124, 0, 10.0802, 10.0778, 10.0777, 10.0777, 10.0777, 10.0777, 10.0777, 10.0777, 10.0777, 10.0777, 10.0777, 10.0777, 10.0777, 10.0777, 10.0777, 10.0777, 10.0777, 10.0777, 10.0777, 10.0777, 10.0862, 10.0777
7.88502, 12, 10.0946, 10.0821, 3.74166, 1.90536, 0, 10.0845, 10.0823, 10.0821, 10.0821, 10.0821, 10.0821, 10.0821, 10.0821, 10.0821, 10.0821, 10.0821, 10.0821, 10.0821, 10.0821, 10.0821, 10.0821, 10.0821, 10.0821, 10.0821, 10.0821, 10.0922, 10.0821
7.8929, 18, 10.1014, 10.0867, 4.47214, 7.89855, 0, 10.089, 10.0869, 10.0867, 10.0867, 10.0867, 10.0867, 10.0867, 10.0867, 10.0867, 10.0867, 10.0867, 10.0867, 10.0867, 10.0867, 10.0867, 10.0867, 10.0867, 10.0867, 10.0867, 10.0867, 10.0991, 10.0867
7.90078, 12, 10.1089, 10.0911, 3.74166, 1.89109, 0, 10.0932, 10.0912, 10.0911, 10.0911, 10.0911, 10.0911, 10.0911, 10.0911, 10.0911, 10.0911, 10.0911, 10.0911, 10.0911, 10.0911, 10.0911, 10.0911, 10.0911, 10.0911, 10.0911, 10.0911, 10.1066, 10.0911
7.90867, 14, 10.1173, 10.0953, 4, 3.88269, 0, 10.0973, 10.0954, 10.0953, 10.0953, 10.0953, 10.0953, 10.0953, 10.0953, 10.0953, 10.0953, 10.0953, 10.0953, 10.0953, 10.0953, 10.0953, 10.0953, 10.0953, 10.0953, 10.0953, 10.0953, 10.1151, 10.0953
7.91655, 8, 10.1264, 10.0988, 3.16228, -2.12644, 0, 10.1007, 10.099, 10.0988, 10.0988, 10.0988, 10.0988, 10.0988, 10.0988, 10.0988, 10.0988, 10.0988, 10.0988, 10.0988, 10.0988, 10.0988, 10.0988, 10.0988, 10.0988, 10.0988, 10.0988, 10.1243, 10.0988
7.92443, 12, 10.1369, 10.102, 3.74166, 1.86312, 0, 10.1038, 10.1023, 10.102, 10.102, 10.102, 10.102, 10.102, 10.102, 10.102, 10.102, 10.102, 10.102, 10.102, 10.102, 10.102, 10.102, 10.102, 10.102, 10.102, 10.102, 10.1349, 10.102
7.93232, 18, 10.1493, 10.1053, 4.47214, 7.85072, 0, 10.107, 10.1055, 10.1053, 10.1053, 10.1053, 10.1053, 10.1053, 10.1053, 10.1053, 10.1053, 10.1053, 10.1053, 10.1053, 10.1053, 10.1053, 10.1053, 10.1053, 10.1053, 10.1053, 10.1053, 10.1473, 10.1053
7.9402, 18, 10.1642, 10.1088, 4.47214, 7.83577, 0, 10.1104, 10.1091, 10.1088, 10.1088, 10.1088, 10.1088, 10.1088, 10.1088, 10.1088, 10.1088, 10.1088, 10.1088, 10.1088, 10.1088, 10.1088, 10.1088, 10.1088, 10.1088, 10.1088, 10.1088, 10.1623, 10.1088
7.94808, 16, 10.1815, 10.1119, 4.24264, 5.81847, 0, 10.1134, 10.1124, 10.1119, 10.1119, 10.1119, 10.1119, 10.1119, 10.1119, 10.1119, 10.1119, 10.1119, 10.1119, 10.1119, 10.1119, 10.1119, 10.1119, 10.1119, 10.1119, 10.1119, 10.1119, 10.1795, 10.1119
7.95596, 22, 10.2018, 10.115, 4.89898, 11.7982, 0, 10.1164, 10.1156, 10.115, 10.115, 10.115, 10.115, 10.115, 10.115, 10.115, 10.115, 10.115, 10.115, 10.115, 10.115, 10.115, 10.115, 10.115, 10.115, 10.115, 10.115, 10.1997, 10.115
7.96385, 8, 10.2248, 10.1172, 3.16228, -2.22477, 0, 10.1186, 10.1182, 10.1172, 10.1172, 10.1172, 10.1172, 10.1172, 10.1172, 10.1172, 10.1172, 10.1172, 10.1172, 10.1172, 10.1172, 10.1172, 10.1172, 10.1172, 10.1172, 10.1172, 10.1172, 10.2225, 10.1172
7.97173, 10, 10.2513, 10.1191, 3.4641, -0.25127, 0, 10.1204, 10.1205, 10.1191, 10.1191, 10.1191, 10.1191, 10.1191, 10.1191, 10.1191, 10.1191, 10.1191, 10.1191, 10.1191, 10.1191, 10.1191, 10.1191, 10.1191, 10.1191, 10.1191, 10.1191, 10.2487, 10.1191
7.97961, 6, 10.2821, 10.121, 2.82843, -4.28205, 0, 10.1222, 10.1229, 10.121, 10.121, 10.121, 10.121, 10.121, 10.121, 10.121, 10.121, 10.121, 10.121, 10.121, 10.121, 10.121, 10.121, 10.121, 10.121, 10.121, 10.121, 10.279, 10.121
7.9875, 16, 10.3177, 10.1232, 4.24264, 5.68225, 0, 10.1243, 10.1258, 10.1232, 10.1232, 10.1232, 10.1232, 10.1232, 10.1232, 10.1232, 10.1232, 10.1232, 10.1232, 10.1232, 10.1232, 10.1232, 10.1232, 10.1232, 10.1232, 10.1232, 10.1232, 10.3141, 10.1232
7.99538, 6, 10.3581, 10.1251, 2.82843, -4.35806, 0, 10.1262, 10.1287, 10.1251, 10.1251, 10.1251, 10.1251, 10.1251, 10.1251, 10.1251, 10.1251, 10.1251, 10.1251, 10.1251, 10.1251, 10.1251, 10.1251, 10.1251, 10.1251, 10.1251, 10.1251, 10.3535, 10.1251
8.00326, 12, 10.4032, 10.1267, 3.74166, 1.59679, 0, 10.1277, 10.1316, 10.1267, 10.1267, 10.1267, 10.1267, 10.1267, 10.1267, 10.1267, 10.1267, 10.1267, 10.1267, 10.1267, 10.1267, 10.1267, 10.1267, 10.1267, 10.1267, 10.1267, 10.1267, 10.3973, 10.1267
8.01114, 18, 10.4529, 10.1277, 4.47214, 7.54709, 0, 10.1287, 10.1343, 10.1277, 10.1277, 10.1277, 10.1277, 10.1277, 10.1277, 10.1277, 10.1277, 10.1277, 10.1277, 10.1277, 10.1277, 10.1277, 10.1277, 10.1277, 10.1277, 10.1277, 10.1277, 10.4453, 10.1277
8.01903, 12, 10.5075, 10.1283, 3.74166, 1.49254, 0, 10.1293, 10.1373, 10.1283, 10.1283, 10.1283, 10.1283, 10.1283, 10.1283, 10.1283, 10.1283, 10.1283, 10.1283, 10.1283, 10.1283, 10.1283, 10.1283, 10.1283, 10.1283, 10.1283, 10.1283, 10.4975, 10.1283
8.02691, 10, 10.567, 10.129, 3.4641, -0.566982, 0, 10.1299, 10.141, 10.129, 10.129, 10.129, 10.129, 10.129, 10.129, 10.129, 10.129, 10.129, 10.129, 10.129, 10.129, 10.129, 10.129, 10.129, 10.129, 10.129, 10.129, 10.554, 10.129
8.03479, 10, 10.6313, 10.1297, 3.4641, -0.631302, 0, 10.1306, 10.1458, 10.1297, 10.1297, 10.1297, 10.1297, 10.1297, 10.1297, 10.1297, 10.1297, 10.1297, 10.1297, 10.1297, 10.1297, 10.1297, 10.1297, 10.1297, 10.1297, 10.1297, 10.1297, 10.6144, 10.1297
8.04268, 16, 10.6996, 10.1303, 4.24264, 5.3004, 0, 10.1312, 10.1514, 10.1303, 10.1303, 10.1303, 10.1303, 10.1303, 10.1303, 10.1303, 10.1303, 10.1303, 10.1303, 10.1303, 10.1303, 10.1303, 10.1303, 10.1303, 10.1303, 10.1303, 10.1303, 10.6776, 10.1303
8.05056, 12, 10.771, 10.1305, 3.74166, 1.22902, 0, 10.1314, 10.158, 10.1305, 10.1305, 10.1305, 10.1305, 10.1305, 10.1305, 10.1305, 10.1305, 10.1305, 10.1305, 10.1305, 10.1305, 10.1305, 10.1305, 10.1305, 10.1305, 10.1305, 10.1305, 10.7426, 10.1305
8.05844, 18, 10.8446, 10.1302, 4.47214, 7.15542, 0, 10.131, 10.1657, 10.1302, 10.1302, 10.1302, 10.1302, 10.1302, 10.1302, 10.1302, 10.1302, 10.1302, 10.1302, 10.1302, 10.1302, 10.1302, 10.1302, 10.1302, 10.1302, 10.1302, 10.1302, 10.8082, 10.1302
8.06632, 12, 10.9197, 10.1296, 3.74166, 1.08026, 0, 10.1305, 10.1751, 10.1296, 10.1296, 10.1296, 10.1296, 10.1296, 10.1296, 10.1296, 10.1296, 10.1296, 10.1296, 10.1296, 10.1296, 10.1296, 10.1296, 10.1296, 10.1296, 10.1296, 10.1296, 10.8734, 10.1296
8.07421, 20, 10.9957, 10.129, 4.69042, 9.00432, 0, 10.1299, 10.1866, 10.129, 10.129, 10.129, 10.129, 10.129, 10.129, 10.129, 10.129, 10.129, 10.129, 10.129, 10.129, 10.129, 10.129, 10.129, 10.129, 10.129, 10.129, 10.9372, 10.129
8.08209, 18, 11.0713, 10.1284, 4.47214, 6.92868, 0, 10.1293, 10.2007, 10.1284, 10.1284, 10.1284, 10.1284, 10.1284, 10.1284, 10.1284, 10.1284, 10.1284, 10.1284, 10.1284, 10.1284, 10.1284, 10.1284, 10.1284, 10.1284, 10.1284, 10.1284, 10.9982, 10.1284
8.08997, 0, 11.1452, 10.1274, 1.41421, -11.1452, 0, 10.1283, 10.2173, 10.1274, 10.1274, 10.1274, 10.1274, 10.1274, 10.1274, 10.1274, 10.1274, 10.1274, 10.1274, 10.1274, 10.1274, 10.1274, 10.1274, 10.1274, 10.1274, 10.1274, 10.1274, 11.0545, 10.1274
8.09785, 12, 11.2159, 10.1258, 3.74166, 0.784084, 0, 10.1267, 10.2364, 10.1258, 10.1258, 10.1258, 10.1258, 10.1258, 10.1258, 10.1258, 10.1258, 10.1258, 10.1258, 10.1258, 10.1258, 10.1258, 10.1258, 10.1258, 10.1258, 10.1258, 10.1258, 11.1045, 10.1258
8.10574, 16, 11.2824, 10.1234, 4.24264, 4.71761, 0, 10.1242, 10.2582, 10.1234, 10.1234, 10.1234, 10.1234, 10.1234, 10.1234, 10.1234, 10.1234, 10.1234, 10.1234, 10.1234, 10.1234, 10.1234, 10.1234, 10.1234, 10.1234, 10.1234, 10.1234, 11.1467, 10.1234
8.11362, 12, 11.3436, 10.1202, 3.74166, 0.656357, 0, 10.1211, 10.283, 10.1202, 10.1202, 10.1202, 10.1202, 10.1202, 10.1202, 10.1202, 10.1202, 10.1202, 10.1202, 10.1202, 10.1202, 10.1202, 10.1202, 10.1202, 10.1202, 10.1202, 10.1202, 11.18, 10.1202
8.1215, 14, 11.3987, 10.116, 4, 2.60131, 0, 10.1169, 10.3107, 10.116, 10.116, 10.116, 10.116, 10.116, 10.116, 10.116, 10.116, 10.116, 10.116, 10.116, 10.116, 10.116, 10.116, 10.116, 10.116, 10.116, 10.116, 11.2031, 10.116
8.12939, 18, 11.4464, 10.1104, 4.47214, 6.55356, 0, 10.1113, 10.341, 10.1104, 10.1104, 10.1104, 10.1104, 10.1104, 10.1104, 10.1104, 10.1104, 10.1104, 10.1104, 10.1104, 10.1104, 10.1104, 10.1104, 10.1104, 10.1104, 10.1104, 10.1104, 11.215, 10.1104
8.13727, 18, 11.4863, 10.1033, 4.47214, 6.51368, 0, 10.1042, 10.3738, 10.1033, 10.1033, 10.1033, 10.1033, 10.1033, 10.1033, 10.1033, 10.1033, 10.1033, 10.1033, 10.1033, 10.1033, 10.1033, 10.1033, 10.1033, 10.1033, 10.1033, 10.1033, 11.215, 10.1033
8.14515, 14, 11.5179, 10.0946, 4, 2.48215, 0, 10.0955, 10.4088, 10.0946, 10.0946, 10.0946, 10.0946, 10.0946, 10.0946, 10.0946, 10.0946, 10.0946, 10.0946, 10.0946, 10.0946, 10.0946, 10.0946, 10.0946, 10.0946, 10.0946, 10.0946, 11.2028, 10.0946
8.15303, 16, 11.541, 10.0843, 4.24264, 4.45901, 0, 10.0852, 10.4459, 10.0843, 10.0843, 10.0843, 10.0843, 10.0843, 10.0843, 10.0843, 10.0843, 10.0843, 10.0843, 10.0843, 10.0843, 10.0843, 10.0843, 10.0843, 10.0843, 10.0843, 10.0843, 11.1786, 10.0843
8.16092, 16, 11.5559, 10.0726, 4.24264, 4.44414, 0, 10.0735, 10.4847, 10.0726, 10.0726, 10.0726, 10.0726, 10.0726, 10.0726, 10.0726, 10.0726, 10.0726, 10.0726, 10.0726, 10.0726, 10.0726, 10.0726, 10.0726, 10.0726, 10.0726, 10.0726, 11.143, 10.0726
8.1688, 6, 11.5622, 10.0592, 2.82843, -5.5622, 0, 10.0601, 10.5243, 10.0592, 10.0592, 10.0592, 10.0592, 10.0592, 10.0592, 10.0592, 10.0592, 10.0592, 10.0592, 10.0592, 10.0592, 10.0592, 10.0592, 10.0592, 10.0592, 10.0592, 10.0592, 11.0962, 10.0592
8.17668, 4, 11.5602, 10.044, 2.44949, -7.56018, 0, 10.0449, 10.564, 10.044, 10.044, 10.044, 10.044, 10.044, 10.044, 10.044, 10.044, 10.044, 10.044, 10.044, 10.044, 10.044, 10.044, 10.044, 10.044, 10.044, 10.044, 11.0393, 10.044
8.18457, 12, 11.5499, 10.027, 3.74166, 0.450103, 0, 10.0279, 10.6027, 10.027, 10.027, 10.027, 10.027, 10.027, 10.027, 10.027, 10.027, 10.027, 10.027, 10.027, 10.027, 10.027, 10.027, 10.027, 10.027, 10.027, 10.027, 10.9732, 10.027
8.19245, 16, 11.5318, 10.0081, 4.24264, 4.46824, 0, 10.009, 10.6396, 10.0081, 10.0081, 10.0081, 10.0081, 10.0081, 10.0081, 10.0081, 10.0081, 10.0081, 10.0081, 10.0081, 10.0081, 10.0081, 10.0081, 10.0081, 10.0081, 10.0081, 10.0081, 10.8993, 10.0081
8.20033, 14, 11.5064, 9.98785, 4, 2.49361, 0, 9.98878, 10.674, 9.98785, 9.98785, 9.98785, 9.98785, 9.98785, 9.98785, 9.98785, 9.98785, 9.98785, 9.98785, 9.98785, 9.98785, 9.98785, 9.98785, 9.98785, 9.98785, 9.98785, 9.98785, 10.8193, 9.98785
8.20821, 12, 11.4742, 9.96633, 3.74166, 0.525844, 0, 9.96727, 10.7047, 9.96633, 9.96633, 9.96633, 9.96633, 9.96633, 9.96633, 9.96633, 9.96633, 9.96633, 9.96633, 9.96633, 9.96633, 9.96633, 9.96633, 9.96633, 9.96633, 9.96633, 9.96633, 10.7348, 9.96633
8.2161, 26, 11.4355, 9.94375, 5.2915, 14.5645, 0, 9.94472, 10.7309, 9.94375, 9.94375, 9.94375, 9.94375, 9.94375, 9.94375, 9.94375, 9.94375, 9.94375, 9.94375, 9.94375, 9.94375, 9.94375, 9.94375, 9.94375, 9.94375, 9.94375, 9.94375, 10.6474, 9.94375
8.22398, 14, 11.3901, 9.91964, 4, 2.60995, 0, 9.92065, 10.7508, 9.91964, 9.91964, 9.91964, 9.91964, 9.91964, 9.91964, 9.91964, 9.91964, 9.91964, 9.91964, 9.91964, 9.91964, 9.91964, 9.91964, 9.91964, 9.91964, 9.91964, 9.91964, 10.5579, 9.91964
8.23186, 12, 11.3379, 9.89389, 3.74166, 0.662125, 0, 9.89495, 10.7633, 9.89389, 9.89389, 9.89389, 9.89389, 9.89389, 9.89389, 9.89389, 9.89389, 9.89389, 9.89389, 9.89389, 9.89389, 9.89389, 9.89389, 9.89389, 9.89389, 9.89389, 9.89389, 10.4674, 9.89389
8.23975, 20, 11.2794, 9.86687, 4.69042, 8.72056, 0, 9.86801, 10.7677, 9.86687, 9.86687, 9.86687, 9.86687, 9.86687, 9.86687, 9.86687, 9.86687, 9.86687, 9.86687, 9.86687, 9.86687, 9.86687, 9.86687, 9.86687, 9.86687, 9.86687, 9.86687, 10.3775, 9.86687
8.24763, 12, 11.2155, 9.83923, 3.74166, 0.784535, 0, 9.84047, 10.7639, 9.83923, 9.83923, 9.83923, 9.83923, 9.83923, 9.83923, 9.83923, 9.83923, 9.83923, 9.83923, 9.83923, 9.83923, 9.83923, 9.83923, 9.83923, 9.83923, 9.83923, 9.83923, 10.2896, 9.83923
8.25551, 20, 11.1457, 9.81059, 4.69042, 8.85428, 0, 9.81199, 10.7508, 9.81059, 9.81059, 9.81059, 9.81059, 9.81059, 9.81059, 9.81059, 9.81059, 9.81059, 9.81059, 9.81059, 9.81059, 9.81059, 9.81059, 9.81059, 9.81059, 9.81059, 9.81059, 10.2041, 9.81059
8.26339, 10, 11.0705, 9.78115, 3.4641, -1.07055, 0, 9.78276, 10.7283, 9.78115, 9.78115, 9.78115, 9.78115, 9.78115, 9.78115, 9.78115, 9.78115, 9.78115, 9.78115, 9.78115, 9.78115, 9.78115, 9.78115, 9.78115, 9.78115, 9.78115, 9.78115, 10.1218, 9.78115
8.27128, 12, 10.9906, 9.75132, 3.74166, 1.0094, 0, 9.75325, 10.6965, 9.75132, 9.75132, 9.75132, 9.75132, 9.75132, 9.75132, 9.75132, 9.75132, 9.75132, 9.75132, 9.75132, 9.75132, 9.75132, 9.75132, 9.75132, 9.75132, 9.75132, 9.75132, 10.0435, 9.75132
8.27916, 8, 10.9066, 9.72153, 3.16228, -2.90664, 0, 9.72392, 10.6559, 9.72153, 9.72153, 9.72153, 9.72153, 9.72153, 9.72153, 9.72153, 9.72153, 9.72153, 9.72153, 9.72153, 9.72153, 9.72153, 9.72153, 9.72153, 9.72154, 9.72153, 9.72153, 9.96985, 9.72153
8.28704, 18, 10.8191, 9.69178, 4.47214, 7.18091, 0, 9.69481, 10.607, 9.69178, 9.69178, 9.69178, 9.69178, 9.69178, 9.69178, 9.69178, 9.69178, 9.69178, 9.69178, 9.69178, 9.69178, 9.69178, 9.69178, 9.69178, 9.69178, 9.69178, 9.69178, 9.90086, 9.69178
8.29492, 14, 10.7282, 9.66178, 4, 3.27177, 0, 9.66574, 10.5498, 9.66178, 9.66178, 9.66178, 9.66178, 9.66178, 9.66178, 9.66178, 9.66178, 9.66178, 9.66178, 9.66178, 9.66178, 9.66178, 9.66178, 9.66178, 9.66178, 9.66178, 9.66178, 9.8362, 9.66178
8.30281, 8, 10.635, 9.63182, 3.16228, -2.63504, 0, 9.6371, 10.4856, 9.63182, 9.63182, 9.63182, 9.63182, 9.63182, 9.63182, 9.63182, 9.63182, 9.63182, 9.63182, 9.63182, 9.63182, 9.63182, 9.63182, 9.63182, 9.63182, 9.63182, 9.63182, 9.77599, 9.63182
8.31069, 20, 10.5403, 9.6019, 4.69042, 9.45968, 0, 9.60905, 10.4151, 9.6019, 9.6019, 9.6019, 9.6019, 9.6019, 9.6019, 9.6019, 9.6019, 9.6019, 9.6019, 9.6019, 9.6019, 9.6019, 9.6019, 9.6019, 9.6019, 9.6019, 9.6019, 9.71997, 9.6019
8.31857, 12, 10.4446, 9.57163, 3.74166, 1.55537, 0, 9.58138, 10.339, 9.57163, 9.57163, 9.57163, 9.57163, 9.57163, 9.57163, 9.57163, 9.57163, 9.57163, 9.57163, 9.57163, 9.57163, 9.57163, 9.57163, 9.57163, 9.57163, 9.57163, 9.57163, 9.66745, 9.57163
8.32646, 18, 10.3494, 9.5414, 4.47214, 7.65062, 0, 9.55478, 10.2589, 9.5414, 9.5414, 9.5414, 9.5414, 9.5414, 9.5414, 9.5414, 9.5414, 9.5414, 9.5414, 9.5414, 9.5414, 9.5414, 9.5414, 9.5414, 9.5414, 9.5414, 9.5414, 9.61845, 9.5414
8.33434, 10, 10.2562, 9.51171, 3.4641, -0.256218, 0, 9.53007, 10.1765, 9.51171, 9.51171, 9.51171, 9.51171, 9.51171, 9.51171, 9.51171, 9.51171, 9.51171, 9.51171, 9.51171, 9.51171, 9.51171, 9.51171, 9.51171, 9.51171, 9.51171, 9.51171, 9.5731, 9.51171
8.34222, 10, 10.1654, 9.48154, 3.4641, -0.165392, 0, 9.50671, 10.0917, 9.48154, 9.48154, 9.48154, 9.48154, 9.48154, 9.48154, 9.48154, 9.48154, 9.48154, 9.48154, 9.48154, 9.48154, 9.48154, 9.48154, 9.48154, 9.48154, 9.48154, 9.48154, 9.53002, 9.48154
8.3501, 18, 10.0787, 9.45142, 4.47214, 7.92125, 0, 9.48581, 10.0064, 9.45142, 9.45142, 9.45142, 9.45142, 9.45142, 9.45142, 9.45142, 9.45142, 9.45142, 9.45142, 9.45142, 9.45142, 9.45142, 9.45142, 9.45142, 9.45142, 9.45142, 9.45142, 9.48936, 9.45142
8.35799, 12, 9.99831, 9.42194, 3.74166, 2.00169, 0, 9.46868, 9.92212, 9.42194, 9.42194, 9.42194, 9.42194, 9.42194, 9.42194, 9.42194, 9.42194, 9.42194, 9.42194, 9.42194, 9.42194, 9.42194, 9.42194, 9.42194, 9.42194, 9.42194, 9.42194, 9.45138, 9.42194
8.36587, 6, 9.92437, 9.39188, 2.82843, -3.92437, 0, 9.45503, 9.83855, 9.39188, 9.39188, 9.39188, 9.39188, 9.39188, 9.39188, 9.39188, 9.39188, 9.39188, 9.39188, 9.39188, 9.39188, 9.39188, 9.39188, 9.39188, 9.39188, 9.39188, 9.39188, 9.41453, 9.39188
8.37375, 14, 9.85919, 9.36186, 4, 4.14081, 0, 9.4466, 9.75713, 9.36186, 9.36186, 9.36186, 9.36186, 9.36186, 9.36186, 9.36186, 9.36186, 9.36186, 9.36186, 9.36186, 9.36186, 9.36186, 9.36186, 9.36186, 9.36186, 9.36186, 9.36186, 9.37917, 9.36186
8.38164, 6, 9.80522, 9.33259, 2.82843, -3.80522, 0, 9.44546, 9.6792, 9.33259, 9.33259, 9.33259, 9.33259, 9.33259, 9.33259, 9.33259, 9.33259, 9.33259, 9.33259, 9.33259, 9.33259, 9.33259, 9.33259, 9.33259, 9.33259, 9.33259, 9.33259, 9.34575, 9.33259
8.38952, 6, 9.76292, 9.30264, 2.82843, -3.76292, 0, 9.45177, 9.60382, 9.30264, 9.30264, 9.30264, 9.30264, 9.30264, 9.30264, 9.30264, 9.30264, 9.30264, 9.30264, 9.30264, 9.30264, 9.30264, 9.30264, 9.30264, 9.30264, 9.30264, 9.30264, 9.3126, 9.30264
8.3974, 8, 9.7351, 9.27273, 3.16228, -1.7351, 0, 9.46816, 9.53208, 9.27273, 9.27273, 9.27273, 9.27273, 9.27273, 9.27273, 9.27273, 9.27273, 9.27273, 9.27273, 9.27273, 9.27273, 9.27273, 9.27273, 9.27273, 9.27273, 9.27273, 9.27273, 9.28031, 9.27273
8.40528, 14, 9.78378, 9.30266, 4, 4.21622, 0, 9.5566, 9.52398, 9.30266, 9.30266, 9.30266, 9.30266, 9.30266, 9.30266, 9.30266, 9.30266, 9.30266, 9.30266, 9.30266, 9.30266, 9.30266, 9.30266, 9.30266, 9.30266, 9.30266, 9.30266, 9.30852, 9.30266
8.41317, 10, 9.85071, 9.33175, 3.4641, 0.149294, 0, 9.65885, 9.51892, 9.33175, 9.33175, 9.33175, 9.33175, 9.33175, 9.33175, 9.33175, 9.33175, 9.33175, 9.33175, 9.33175, 9.33175, 9.33175, 9.33175, 9.33175, 9.33175, 9.33175, 9.33175, 9.33642, 9.33175
8.42105, 6, 9.93938, 9.36088, 2.82843, -3.93938, 0, 9.77854, 9.51776, 9.36088, 9.36088, 9.36088, 9.36088, 9.36088, 9.36088, 9.36088, 9.36088, 9.36088, 9.36088, 9.36088, 9.36088, 9.36088, 9.36088, 9.36088, 9.36088, 9.36088, 9.36088, 9.36484, 9.36088
8.42893, 14, 10.0534, 9.39091, 4, 3.9466, 0, 9.91944, 9.52123, 9.39091, 9.39091, 9.39091, 9.39091, 9.39091, 9.39091, 9.39091, 9.39091, 9.39091, 9.39091, 9.39091, 9.39091, 9.39091, 9.39091, 9.39091, 9.39091, 9.39091, 9.39091, 9.39456, 9.39091
8.43682, 6, 10.194, 9.42016, 2.82843, -4.19404, 0, 10.083, 9.52744, 9.42016, 9.42016, 9.42016, 9.42016, 9.42016, 9.42016, 9.42016, 9.42016, 9.42016, 9.42016, 9.42016, 9.42016, 9.42016, 9.42016, 9.42016, 9.42016, 9.42016, 9.42016, 9.42388, 9.42016
8.4447, 28, 10.365, 9.44945, 5.47723, 17.635, 0, 10.2733, 9.53699, 9.44945, 9.44945, 9.44945, 9.44945, 9.44945, 9.44945, 9.44945, 9.44945, 9.44945, 9.44945, 9.44945, 9.44945, 9.44945, 9.44945, 9.44945, 9.44946, 9.44945, 9.44945, 9.45363, 9.44945
8.45258, 6, 10.5684, 9.47787, 2.82843, -4.56838, 0, 10.4925, 9.54866, 9.47787, 9.47787, 9.47787, 9.47787, 9.47787, 9.47787, 9.47787, 9.47787, 9.47787, 9.47787, 9.47787, 9.47787, 9.47787, 9.47787, 9.47787, 9.47787, 9.47787, 9.47787, 9.48291, 9.47787
8.46046, 16, 10.807, 9.50552, 4.24264, 5.19304, 0, 10.7439, 9.56227, 9.50552, 9.50552, 9.50552, 9.50552, 9.50552, 9.50552, 9.50552, 9.50552, 9.50552, 9.50552, 9.50552, 9.50552, 9.50552, 9.50552, 9.50552, 9.50552, 9.50552, 9.50552, 9.51187, 9.50552
8.46835, 12, 11.084, 9.53321, 3.74166, 0.915964, 0, 11.0308, 9.5783, 9.53321, 9.53321, 9.53321, 9.53321, 9.53321, 9.53321, 9.53321, 9.53321, 9.53321, 9.53321, 9.53321, 9.53321, 9.53321, 9.53321, 9.53321, 9.53321, 9.53321, 9.53321, 9.54139, 9.53321
8.47623, 16, 11.4024, 9.5617, 4.24264, 4.59764, 0, 11.3562, 9.59721, 9.5617, 9.5617, 9.5617, 9.5617, 9.5617, 9.5617, 9.5617, 9.5617, 9.5617, 9.5617, 9.5617, 9.5617, 9.5617, 9.5617, 9.5617, 9.5617, 9.5617, 9.5617, 9.57232, 9.5617
8.48411, 16, 11.7617, 9.5895, 4.24264, 4.23827, 0, 11.7202, 9.61722, 9.5895, 9.5895, 9.5895, 9.5895, 9.5895, 9.5895, 9.5895, 9.5895, 9.5895, 9.5895, 9.5895, 9.5895, 9.5895, 9.5895, 9.5895, 9.5895, 9.5895, 9.5895, 9.60328, 9.5895
8.49199, 18, 12.1633, 9.61715, 4.47214, 5.83667, 0, 12.1241, 9.6386, 9.61715, 9.61715, 9.61715, 9.61715, 9.61715, 9.61715, 9.61715, 9.61715, 9.61715, 9.61715, 9.61715, 9.61715, 9.61715, 9.61715, 9.61715, 9.61715, 9.61715, 9.61715, 9.63496, 9.61715
8.49988, 14, 12.6052, 9.64334, 4, 1.3948, 0, 12.5659, 9.65979, 9.64334, 9.64334, 9.64334, 9.64334, 9.64334, 9.64334, 9.64334, 9.64334, 9.64334, 9.64334, 9.64334, 9.64334, 9.64334, 9.64334, 9.64334, 9.64334, 9.64334, 9.64334, 9.66618, 9.64334
8.50776, 14, 13.0864, 9.66881, 4, 0.913596, 0, 13.0448, 9.68132, 9.66881, 9.66881, 9.66881, 9.66881, 9.66881, 9.66881, 9.66881, 9.66881, 9.66881, 9.66881, 9.66881, 9.66881, 9.66881, 9.66881, 9.66881, 9.66881, 9.66881, 9.66881, 9.69789, 9.66881
8.51564, 8, 13.6047, 9.69431, 3.16228, -5.60466, 0, 13.5585, 9.70374, 9.69431, 9.69431, 9.69431, 9.69431, 9.69431, 9.69431, 9.69431, 9.69431, 9.69431, 9.69431, 9.69431, 9.69431, 9.69431, 9.69431, 9.69431, 9.69431, 9.69431, 9.69431, 9.731, 9.69431
8.52353, 28, 14.1561, 9.72046, 5.47723, 13.8439, 0, 14.1032, 9.72751, 9.72046, 9.72046, 9.72046, 9.72046, 9.72046, 9.72046, 9.72046, 9.72046, 9.72046, 9.72046, 9.72046, 9.72046, 9.72046, 9.72046, 9.72046, 9.72046, 9.72046, 9.72046, 9.76633, 9.72046
8.53141, 20, 14.7336, 9.746, 4.69042, 5.26642, 0, 14.6715, 9.75123, 9.746, 9.746, 9.746, 9.746, 9.746, 9.746, 9.746, 9.746, 9.746, 9.746, 9.746, 9.746, 9.746, 9.746, 9.746, 9.746, 9.746, 9.746, 9.80283, 9.746
8.53929, 8, 15.3296, 9.77091, 3.16228, -7.32959, 0, 15.256, 9.77475, 9.77091, 9.77091, 9.77091, 9.77091, 9.77091, 9.77091, 9.77091, 9.77091, 9.77091, 9.77091, 9.77091, 9.77091, 9.77091, 9.77091, 9.77091, 9.77091, 9.77091, 9.77091, 9.84067, 9.77091
8.54717, 8, 15.9348, 9.79431, 3.16228, -7.93477, 0, 15.8471, 9.7971, 9.79431, 9.79431, 9.79431, 9.79431, 9.79431, 9.79431, 9.79431, 9.79431, 9.79431, 9.79431, 9.79431, 9.79431, 9.79431, 9.79431, 9.79431, 9.79431, 9.79431, 9.79431, 9.87915, 9.79431
8.55506, 26, 16.5398, 9.81696, 5.2915, 9.46022, 0, 16.4355, 9.81898, 9.81696, 9.81696, 9.81696, 9.81696, 9.81696, 9.81696, 9.81696, 9.81696, 9.81696, 9.81696, 9.81696, 9.81696, 9.81696, 9.81696, 9.81696, 9.81696, 9.81696, 9.81696, 9.91919, 9.81696
8.56294, 20, 17.1347, 9.83964, 4.69042, 2.86533, 0, 17.0112, 9.84109, 9.83964, 9.83964, 9.83964, 9.83964, 9.83964, 9.83964, 9.83964, 9.83964, 9.83964, 9.83964, 9.83964, 9.83964, 9.83964, 9.83964, 9.83964, 9.83964, 9.83964, 9.83964, 9.9617, 9.83964
8.57082, 16, 17.7084, 9.86275, 4.24264, -1.70843, 0, 17.563, 9.86378, 9.86275, 9.86275, 9.86275, 9.86275, 9.86275, 9.86275, 9.86275, 9.86275, 9.86275, 9.86275, 9.86275, 9.86275, 9.86275, 9.86275, 9.86275, 9.86275, 9.86275, 9.86275, 10.0071, 9.86275
8.57871, 30, 18.2484, 9.88533, 5.65685, 11.7516, 0, 18.0785, 9.88605, 9.88533, 9.88533, 9.88533, 9.88533, 9.88533, 9.88533, 9.88533, 9.88533, 9.88533, 9.88533, 9.88533, 9.88533, 9.88533, 9.88533, 9.88533, 9.88533, 9.88533, 9.88533, 10.0546, 9.88533
8.58659, 16, 18.7427, 9.90685, 4.24264, -2.74271, 0, 18.5456, 9.90736, 9.90685, 9.90685, 9.90685, 9.90685, 9.90685, 9.90685, 9.90685, 9.90685, 9.90685, 9.90685, 9.90685, 9.90685, 9.90685, 9.90685, 9.90685, 9.90685, 9.90685, 9.90685, 10.1035, 9.90685
8.59447, 20, 19.1798, 9.92684, 4.69042, 0.820202, 0, 18.9531, 9.92719, 9.92684, 9.92684, 9.92684, 9.92684, 9.92684, 9.92684, 9.92684, 9.92684, 9.92684, 9.92684, 9.92684, 9.92684, 9.92684, 9.92684, 9.92684, 9.92684, 9.92684, 9.92684, 10.1532, 9.92684
8.60235, 18, 19.5508, 9.94608, 4.47214, -1.55077, 0, 19.2923, 9.94632, 9.94608, 9.94608, 9.94608, 9.94608, 9.94608, 9.94608, 9.94608, 9.94608, 9.94608, 9.94608, 9.94608, 9.94608, 9.94608, 9.94608, 9.94608, 9.94608, 9.94608, 9.94608, 10.2043, 9.94608
8.61024, 10, 19.8478, 9.96533, 3.4641, -9.84779, 0, 19.5557, 9.96549, 9.96533, 9.96533, 9.96533, 9.96533, 9.96533, 9.96533, 9.96533, 9.96533, 9.96533, 9.96533, 9.96533, 9.96533, 9.96533, 9.96533, 9.96533, 9.96533, 9.96533, 9.96533, 10.2573, 9.96533
8.61812, 30, 20.0644, 9.9848, 5.65685, 9.93559, 0, 19.7372, 9.98491, 9.9848, 9.9848, 9.9848, 9.9848, 9.9848, 9.9848, 9.9848, 9.9848, 9.9848, 9.9848, 9.9848, 9.9848, 9.9848, 9.9848, 9.9848, 9.9848, 9.9848, 9.9848, 10.3119, 9.9848
8.626, 16, 20.1953, 10.0038, 4.24264, -4.19528, 0, 19.8318, 10.0039, 10.0038, 10.0038, 10.0038, 10.0038, 10.0038, 10.0038, 10.0038, 10.0038, 10.0038, 10.0038, 10.0038, 10.0038, 10.0038, 10.0038, 10.0038, 10.0038, 10.0038, 10.0038, 10.3672, 10.0038
8.63389, 20, 20.237, 10.0215, 4.69042, -0.237003, 0, 19.8368, 10.0215, 10.0215, 10.0215, 10.0215, 10.0215, 10.0215, 10.0215, 10.0215, 10.0215, 10.0215, 10.0215, 10.0215, 10.0215, 10.0215, 10.0215, 10.0215, 10.0215, 10.0215, 10.0215, 10.4216, 10.0215
8.64177, 24, 20.1893, 10.0376, 5.09902, 3.81069, 0, 19.7525, 10.0376, 10.0376, 10.0376, 10.0376, 10.0376, 10.0376, 10.0376, 10.0376, 10.0376, 10.0376, 10.0376, 10.0376, 10.0376, 10.0376, 10.0376, 10.0376, 10.0376, 10.0376, 10.0376, 10.4744, 10.0376
8.64965, 30, 20.0552, 10.0529, 5.65685, 9.94484, 0, 19.5824, 10.0529, 10.0529, 10.0529, 10.0529, 10.0529, 10.0529, 10.0529, 10.0529, 10.0529, 10.0529, 10.0529, 10.0529, 10.0529, 10.0529, 10.0529, 10.0529, 10.0529, 10.0529, 10.0529, 10.5256, 10.0529
8.65753, 16, 19.8396, 10.0682, 4.24264, -3.83963, 0, 19.3323, 10.0683, 10.0682, 10.0682, 10.0682, 10.0682, 10.0682, 10.0682, 10.0682, 10.0682, 10.0682, 10.0682, 10.0682, 10.0682, 10.0682, 10.0682, 10.0682, 10.0682, 10.0682, 10.0682, 10.5755, 10.0682
8.66542, 30, 19.5492, 10.0836, 5.65685, 10.4508, 0, 19.0093, 10.0836, 10.0836, 10.0836, 10.0836, 10.0836, 10.0836, 10.0836, 10.0836, 10.0836, 10.0836, 10.0836, 10.0836, 10.0836, 10.0836, 10.0836, 10.0836, 10.0836, 10.0836, 10.0836, 10.6234, 10.0836
8.6733, 26, 19.1913, 10.0986, 5.2915, 6.80871, 0, 18.6216, 10.0986, 10.0986, 10.0986, 10.0986, 10.0986, 10.0986, 10.0986, 10.0986, 10.0986, 10.0986, 10.0986, 10.0986, 10.0986, 10.0986, 10.0986, 10.0986, 10.0986, 10.0986, 10.0986, 10.6682, 10.0986
8.68118, 20, 18.7743, 10.1119, 4.69042, 1.22569, 0, 18.1781, 10.1119, 10.1119, 10.1119, 10.1119, 10.1119, 10.1119, 10.1119, 10.1119, 10.1119, 10.1119, 10.1119, 10.1119, 10.1119, 10.1119, 10.1119, 10.1119, 10.1119, 10.1119, 10.1119, 10.7081, 10.1119
8.68906, 12, 18.3087, 10.1238, 3.74166, -6.30873, 0, 17.6897, 10.1238, 10.1238, 10.1238, 10.1238, 10.1238, 10.1238, 10.1238, 10.1238, 10.1238, 10.1238, 10.1238, 10.1238, 10.1238, 10.1238, 10.1238, 10.1238, 10.1238, 10.1238, 10.1238, 10.7428, 10.1238
8.69695, 28, 17.8062, 10.1349, 5.47723, 10.1938, 0, 17.1687, 10.1349, 10.1349, 10.1349, 10.1349, 10.1349, 10.1349, 10.1349, 10.1349, 10.1349, 10.1349, 10.1349, 10.1349, 10.1349, 10.1349, 10.1349, 10.1349, 10.1349, 10.1349, 10.1349, 10.7725, 10.1349
8.70483, 16, 17.2787, 10.1461, 4.24264, -1.27872, 0, 16.6272, 10.1461, 10.1461, 10.1461, 10.1461, 10.1461, 10.1461, 10.1461, 10.1461, 10.1461, 10.1461, 10.1461, 10.1461, 10.1461, 10.1461, 10.1461, 10.1461, 10.1461, 10.1461, 10.1461, 10.7976, 10.1461
8.71271, 12, 16.7367, 10.1571, 3.74166, -4.73669, 0, 16.076, 10.1571, 10.1571, 10.1571, 10.1571, 10.1571, 10.1571, 10.1571, 10.1571, 10.1571, 10.1571, 10.1571, 10.1571, 10.1571, 10.1571, 10.1571, 10.1571, 10.1571, 10.1571, 10.1571, 10.8178, 10.1571
8.7206, 40, 16.1901, 10.1674, 6.48074, 23.8099, 0, 15.5252, 10.1674, 10.1674, 10.1674, 10.1674, 10.1674, 10.1674, 10.1674, 10.1674, 10.1674, 10.1674, 10.1674, 10.1674, 10.1674, 10.1674, 10.1674, 10.1674, 10.1674, 10.1674, 10.1674, 10.8323, 10.1674
8.72848, 16, 15.6476, 10.1762, 4.24264, 0.352439, 0, 14.9833, 10.1762, 10.1762, 10.1762, 10.1762, 10.1762, 10.1762, 10.1762, 10.1762, 10.1762, 10.1762, 10.1762, 10.1762, 10.1762, 10.1762, 10.1762, 10.1762, 10.1762, 10.1762, 10.1762, 10.8405, 10.1762
8.73636, 28, 15.1175, 10.1837, 5.47723, 12.8825, 0, 14.4586, 10.1837, 10.1837, 10.1837, 10.1837, 10.1837, 10.1837, 10.1837, 10.1837, 10.1837, 10.1837, 10.1837, 10.1837, 10.1837, 10.1837, 10.1837, 10.1837, 10.1837, 10.1837, 10.1837, 10.8426, 10.1837
8.74425, 20, 14.6076, 10.1905, 4.69042, 5.39235, 0, 13.9588, 10.1905, 10.1905, 10.1905, 10.1905, 10.1905, 10.1905, 10.1905, 10.1905, 10.1905, 10.1905, 10.1905, 10.1905, 10.1905, 10.1905, 10.1905, 10.1905, 10.1905, 10.1905, 10.1905, 10.8394, 10.1905
8.75213, 18, 14.1245, 10.1974, 4.47214, 3.87551, 0, 13.4897, 10.1974, 10.1974, 10.1974, 10.1974, 10.1974, 10.1974, 10.1974, 10.1974, 10.1974, 10.1974, 10.1974, 10.1974, 10.1974, 10.1974, 10.1974, 10.1974, 10.1974, 10.1974, 10.1974, 10.8321, 10.1974
8.76001, 14, 13.6721, 10.2038, 4, 0.327915, 0, 13.0552, 10.2038, 10.2038, 10.2038, 10.2038, 10.2038, 10.2038, 10.2038, 10.2038, 10.2038, 10.2038, 10.2038, 10.2038, 10.2038, 10.2038, 10.2038, 10.2038, 10.2038, 10.2038, 10.2038, 10.8206, 10.2038
8.76789, 16, 13.2529, 10.2094, 4.24264, 2.74711, 0, 12.6572, 10.2094, 10.2094, 10.2094, 10.2094, 10.2094, 10.2094, 10.2094, 10.2094, 10.2094, 10.2094, 10.2094, 10.2094, 10.2094, 10.2094, 10.2094, 10.2094, 10.2094, 10.2094, 10.2094, 10.8051, 10.2094
8.77578, 18, 12.8684, 10.2136, 4.47214, 5.13163, 0, 12.2966, 10.2136, 10.2136, 10.2136, 10.2136, 10.2136, 10.2136, 10.2136, 10.2136, 10.2136, 10.2136, 10.2136, 10.2136, 10.2136, 10.2136, 10.2136, 10.2136, 10.2136, 10.2136, 10.2136, 10.7854, 10.2136
8.78366, 10, 12.5194, 10.2166, 3.4641, -2.51943, 0, 11.9737, 10.2166, 10.2166, 10.2166, 10.2166, 10.2166, 10.2166, 10.2166, 10.2166, 10.2166, 10.2166, 10.2166, 10.2166, 10.2166, 10.2166, 10.2166, 10.2166, 10.2166, 10.2166, 10.2166, 10.7624, 10.2166
8.79154, 10, 12.2065, 10.219, 3.4641, -2.20645, 0, 11.6882, 10.219, 10.219, 10.219, 10.219, 10.219, 10.219, 10.219, 10.219, 10.219, 10.219, 10.219, 10.219, 10.219, 10.219, 10.219, 10.219, 10.219, 10.219, 10.219, 10.7373, 10.219
8.79943, 12, 11.9289, 10.2213, 3.74166, 0.071085, 0, 11.4391, 10.2213, 10.2213, 10.2213, 10.2213, 10.2213, 10.2213, 10.2213, 10.2213, 10.2213, 10.2213, 10.2213, 10.2213, 10.2213, 10.2213, 10.2213, 10.2213, 10.2213, 10.2213, 10.2213, 10.7112, 10.2213
8.80731, 10, 11.685, 10.2232, 3.4641, -1.68498, 0, 11.2238, 10.2232, 10.2232, 10.2232, 10.2232, 10.2232, 10.2232, 10.2232, 10.2232, 10.2232, 10.2232, 10.2232, 10.2232, 10.2232, 10.2232, 10.2232, 10.2232, 10.2232, 10.2232, 10.2232, 10.6844, 10.2232
8.81519, 8, 11.472, 10.2242, 3.16228, -3.472, 0, 11.0391, 10.2242, 10.2242, 10.2242, 10.2242, 10.2242, 10.2242, 10.2242, 10.2242, 10.2242, 10.2242, 10.2242, 10.2242, 10.2242, 10.2242, 10.2242, 10.2242, 10.2242, 10.2242, 10.2242, 10.657, 10.2242
8.82307, 14, 11.2872, 10.2238, 4, 2.71276, 0, 10.8818, 10.2238, 10.2238, 10.2238, 10.2238, 10.2238, 10.2238, 10.2238, 10.2238, 10.2238, 10.2238, 10.2238, 10.2238, 10.2238, 10.2238, 10.2238, 10.2238, 10.2238, 10.2238, 10.2238, 10.6292, 10.2238
8.83096, 12, 11.1285, 10.2224, 3.74166, 0.871491, 0, 10.7491, 10.2224, 10.2224, 10.2224, 10.2224, 10.2224, 10.2224, 10.2224, 10.2224, 10.2224, 10.2224, 10.2224, 10.2224, 10.2224, 10.2224, 10.2224, 10.2224, 10.2224, 10.2224, 10.2224, 10.6018, 10.2224
8.83884, 14, 10.9934, 10.2201, 4, 3.00663, 0, 10.638, 10.2201, 10.2201, 10.2201, 10.2201, 10.2201, 10.2201, 10.2201, 10.2201, 10.2201, 10.2201, 10.2201, 10.2201, 10.2201, 10.2201, 10.2201, 10.2201, 10.2201, 10.2201, 10.2201, 10.5754, 10.2201
8.84672, 20, 10.8791, 10.2166, 4.69042, 9.1209, 0, 10.5454, 10.2166, 10.2166, 10.2166, 10.2166, 10.2166, 10.2166, 10.2166, 10.2166, 10.2166, 10.2166, 10.2166, 10.2166, 10.2166, 10.2166, 10.2166, 10.2166, 10.2166, 10.2166, 10.2166, 10.5503, 10.2166
8.8546, 10, 10.7831, 10.2118, 3.4641, -0.783068, 0, 10.4683, 10.2118, 10.2118, 10.2118, 10.2118, 10.2118, 10.2118, 10.2118, 10.2118, 10.2118, 10.2118, 10.2118, 10.2118, 10.2118, 10.2118, 10.2118, 10.2118, 10.2118, 10.2118, 10.2118, 10.5266, 10.2118
8.86249, 16, 10.7031, 10.2058, 4.24264, 5.29691, 0, 10.404, 10.2058, 10.2058, 10.2058, 10.2058, 10.2058, 10.2058, 10.2058, 10.2058, 10.2058, 10.2058, 10.2058, 10.2058, 10.2058, 10.2058, 10.2058, 10.2058, 10.2058, 10.2058, 10.2058, 10.5048, 10.2058
8.87037, 16, 10.6362, 10.1975, 4.24264, 5.36376, 0, 10.3495, 10.1975, 10.1975, 10.1975, 10.1975, 10.1975, 10.1975, 10.1975, 10.1975, 10.1975, 10.1975, 10.1975, 10.1975, 10.1975, 10.1975, 10.1975, 10.1975, 10.1975, 10.1975, 10.1975, 10.4842, 10.1975
8.87825, 12, 10.5804, 10.1868, 3.74166, 1.41962, 0, 10.3023, 10.1868, 10.1868, 10.1868, 10.1868, 10.1868, 10.1868, 10.1868, 10.1868, 10.1868, 10.1868, 10.1868, 10.1868, 10.1868, 10.1868, 10.1868, 10.1868, 10.1868, 10.1868, 10.1868, 10.4649, 10.1868
8.88614, 6, 10.5341, 10.1738, 2.82843, -4.53412, 0, 10.2609, 10.1738, 10.1738, 10.1738, 10.1738, 10.1738, 10.1738, 10.1738, 10.1738, 10.1738, 10.1738, 10.1738, 10.1738, 10.1738, 10.1738, 10.1738, 10.1738, 10.1739, 10.1738, 10.1738, 10.4471, 10.1738
8.89402, 18, 10.4963, 10.159, 4.47214, 7.50371, 0, 10.224, 10.159, 10.159, 10.159, 10.159, 10.159, 10.159, 10.159, 10.159, 10.159, 10.159, 10.159, 10.159, 10.159, 10.159, 10.159, 10.159, 10.159, 10.159, 10.159, 10.4313, 10.159
8.9019, 16, 10.4658, 10.1424, 4.24264, 5.53422, 0, 10.1906, 10.1424, 10.1424, 10.1424, 10.1424, 10.1424, 10.1424, 10.1424, 10.1424, 10.1424, 10.1424, 10.1424, 10.1424, 10.1424, 10.1424, 10.1424, 10.1424, 10.1424, 10.1424, 10.1424, 10.4176, 10.1424
8.90978, 14, 10.4411, 10.1238, 4, 3.5589, 0, 10.1592, 10.1238, 10.1238, 10.1238, 10.1238, 10.1238, 10.1238, 10.1238, 10.1238, 10.1238, 10.1238, 10.1238, 10.1238, 10.1238, 10.1238, 10.1238, 10.1238, 10.1238, 10.1238, 10.1238, 10.4057, 10.1238
8.91767, 10, 10.4212, 10.1032, 3.4641, -0.42119, 0, 10.129, 10.1032, 10.1032, 10.1032, 10.1032, 10.1032, 10.1032, 10.1032, 10.1032, 10.1032, 10.1032, 10.1032, 10.1032, 10.1032, 10.1032, 10.1032, 10.1032, 10.1032, 10.1032, 10.1032, 10.3954, 10.1032
8.92555, 6, 10.4054, 10.0808, 2.82843, -4.40537, 0, 10.0995, 10.0808, 10.0808, 10.0808, 10.0808, 10.0808, 10.0808, 10.0808, 10.0808, 10.0808, 10.0808, 10.0808, 10.0808, 10.0808, 10.0808, 10.0808, 10.0808, 10.0808, 10.0808, 10.0808, 10.3867, 10.0808
8.93343, 8, 10.3928, 10.0568, 3.16228, -2.3928, 0, 10.0702, 10.0568, 10.0568, 10.0568, 10.0568, 10.0568, 10.0568, 10.0568, 10.0568, 10.0568, 10.0568, 10.0568, 10.0568, 10.0568, 10.0568, 10.0568, 10.0568, 10.0568, 10.0568, 10.0568, 10.3794, 10.0568
8.94132, 16, 10.3828, 10.0314, 4.24264, 5.61717, 0, 10.0409, 10.0314, 10.0314, 10.0314, 10.0314, 10.0314, 10.0314, 10.0314, 10.0314, 10.0314, 10.0314, 10.0314, 10.0314, 10.0314, 10.0314, 10.0314, 10.0314, 10.0314, 10.0314, 10.0314, 10.3733, 10.0314
8.9492, 8, 10.375, 10.005, 3.16228, -2.37504, 0, 10.0117, 10.005, 10.005, 10.005, 10.005, 10.005, 10.005, 10.005, 10.005, 10.005, 10.005, 10.005, 10.005, 10.005, 10.005, 10.005, 10.005, 10.005, 10.005, 10.005, 10.3683, 10.005
8.95708, 20, 10.3691, 9.97814, 4.69042, 9.63091, 0, 9.98285, 9.97814, 9.97814, 9.97814, 9.97814, 9.97814, 9.97814, 9.97814, 9.97814, 9.97814, 9.97814, 9.97814, 9.97814, 9.97814, 9.97814, 9.97814, 9.97814, 9.97814, 9.97814, 9.97814, 10.3644, 9.97814
8.96496, 12, 10.3642, 9.95086, 3.74166, 1.63577, 0, 9.95415, 9.95086, 9.95086, 9.95086, 9.95086, 9.95086, 9.95086, 9.95086, 9.95086, 9.95086, 9.95086, 9.95086, 9.95086, 9.95086, 9.95086, 9.95086, 9.95086, 9.95086, 9.95086, 9.95086, 10.3609, 9.95086
8.97285, 8, 10.3597, 9.92317, 3.16228, -2.35966, 0, 9.92546, 9.92317, 9.92317, 9.92317, 9.92317, 9.92317, 9.92317, 9.92317, 9.92317, 9.92317, 9.92317, 9.92317, 9.92317, 9.92317, 9.92317, 9.92317, 9.92317, 9.92317, 9.92317, 9.92317, 10.3574, 9.92317
8.98073, 6, 10.3545, 9.89497, 2.82843, -4.35447, 0, 9.89655, 9.89497, 9.89497, 9.89497, 9.89497, 9.89497, 9.89497, 9.89497, 9.89497, 9.89497, 9.89497, 9.89497, 9.89497, 9.89497, 9.89497, 9.89497, 9.89497, 9.89497, 9.89497, 9.89497, 10.3529, 9.89497
8.98861, 16, 10.3477, 9.86601, 4.24264, 5.65231, 0, 9.86711, 9.86601, 9.86601, 9.86601, 9.86601, 9.86601, 9.86601, 9.86601, 9.86601, 9.86601, 9.86601, 9.86601, 9.86601, 9.86601, 9.86601, 9.86601, 9.86601, 9.86601, 9.86601, 9.86601, 10.3466, 9.86601
8.9965, 6, 10.3387, 9.83644, 2.82843, -4.33874, 0, 9.8372, 9.83644, 9.83644, 9.83644, 9.83644, 9.83644, 9.83644, 9.83644, 9.83644, 9.83644, 9.83644, 9.83644, 9.83644, 9.83644, 9.83644, 9.83644, 9.83644, 9.83644, 9.83644, 9.83644, 10.338, 9.83644
9.00438, 18, 10.3273, 9.80659, 4.47214, 7.67269, 0, 9.80712, 9.80659, 9.80659, 9.80659, 9.80659, 9.80659, 9.80659, 9.80659, 9.80659, 9.80659, 9.80659, 9.80659, 9.80659, 9.80659, 9.80659, 9.80659, 9.80659, 9.80659, 9.80659, 9.80659, 10.3268, 9.80659
9.01226, 6, 10.3132, 9.77678, 2.82843, -4.31316, 0, 9.77716, 9.77678, 9.77678, 9.77678, 9.77678, 9.77678, 9.77678, 9.77678, 9.77678, 9.77678, 9.77678, 9.77678, 9.77678, 9.77678, 9.77678, 9.77678, 9.77678, 9.77678, 9.77678, 9.77678, 10.3128, 9.77678
9.02014, 16, 10.2955, 9.74675, 4.24264, 5.70448, 0, 9.74704, 9.74675, 9.74675, 9.74675, 9.74675, 9.74675, 9.74675, 9.74675, 9.74675, 9.74675, 9.74675, 9.74675, 9.74675, 9.74675, 9.74675, 9.74675, 9.74675, 9.74675, 9.74675, 9.74675, 10.2952, 9.74675
9.02803, 10, 10.2741, 9.71657, 3.4641, -0.274085, 0, 9.71679, 9.71657, 9.71657, 9.71657, 9.71657, 9.71657, 9.71657, 9.71657, 9.71657, 9.71657, 9.71657, 9.71657, 9.71657, 9.71657, 9.71657, 9.71657, 9.71657, 9.71657, 9.71657, 9.71657, 10.2739, 9.71657
9.03591, 10, 10.2481, 9.68578, 3.4641, -0.248097, 0, 9.68595, 9.68578, 9.68578, 9.68578, 9.68578, 9.68578, 9.68578, 9.68578, 9.68578, 9.68578, 9.68578, 9.68578, 9.68578, 9.68578, 9.68578, 9.68578, 9.68578, 9.68578, 9.68578, 9.68578, 10.2479, 9.68578
9.04379, 14, 10.2174, 9.65441, 4, 3.78256, 0, 9.65456, 9.65441, 9.65441, 9.65441, 9.65441, 9.65441, 9.65441, 9.65441, 9.65441, 9.65441, 9.65441, 9.65441, 9.65441, 9.65441, 9.65441, 9.65441, 9.65441, 9.65441, 9.65441, 9.65441, 10.2173, 9.65441
9.05167, 10, 10.1824, 9.62279, 3.4641, -0.182353, 0, 9.62292, 9.62279, 9.62279, 9.62279, 9.62279, 9.62279, 9.62279, 9.62279, 9.62279, 9.62279, 9.62279, 9.62279, 9.62279, 9.62279, 9.62279, 9.62279, 9.62279, 9.62279, 9.62279, 9.62279, 10.1822, 9.62279
9.05956, 8, 10.1432, 9.59123, 3.16228, -2.14321, 0, 9.59134, 9.59123, 9.59123, 9.59123, 9.59123, 9.59123, 9.59123, 9.59123, 9.59123, 9.59123, 9.59123, 9.59123, 9.59123, 9.59123, 9.59123, 9.59123, 9.59123, 9.59123, 9.59123, 9.59123, 10.1431, 9.59123
9.06744, 12, 10.1001, 9.55969, 3.74166, 1.89987, 0, 9.5598, 9.55969, 9.55969, 9.55969, 9.55969, 9.55969, 9.55969, 9.55969, 9.55969, 9.55969, 9.55969, 9.55969, 9.55969, 9.55969, 9.55969, 9.55969, 9.55969, 9.55969, 9.55969, 9.55969, 10.1, 9.55969
9.07532, 10, 10.0532, 9.52802, 3.4641, -0.0532198, 0, 9.52812, 9.52802, 9.52802, 9.52802, 9.52802, 9.52802, 9.52802, 9.52802, 9.52802, 9.52802, 9.52802, 9.52802, 9.52802, 9.52802, 9.52802, 9.52802, 9.52802, 9.52802, 9.52802, 9.52802, 10.0531, 9.52802
9.08321, 8, 10.0026, 9.49605, 3.16228, -2.00264, 0, 9.49615, 9.49605, 9.49605, 9.49605, 9.49605, 9.49605, 9.49605, 9.49605, 9.49605, 9.49605, 9.49605, 9.49605, 9.49605, 9.49605, 9.49605, 9.49605, 9.49605, 9.49605, 9.49605, 9.49605, 10.0025, 9.49605
9.09109, 12, 9.94863, 9.46362, 3.74166, 2.05137, 0, 9.46372, 9.46362, 9.46362, 9.46362, 9.46362, 9.46362, 9.46362, 9.46362, 9.46362, 9.46362, 9.46362, 9.46362, 9.46362, 9.46362, 9.46362, 9.46362, 9.46362, 9.46362, 9.46362, 9.46362, 9.94853, 9.46362
9.09897, 6, 9.89193, 9.431, 2.82843, -3.89193, 0, 9.4311, 9.431, 9.431, 9.431, 9.431, 9.431, 9.431, 9.431, 9.431, 9.431, 9.431, 9.431, 9.431, 9.431, 9.431, 9.431, 9.431, 9.431, 9.431, 9.431, 9.89183, 9.431
9.10685, 10, 9.83326, 9.39843, 3.4641, 0.166739, 0, 9.39853, 9.39843, 9.39843, 9.39843, 9.39843, 9.39843, 9.39843, 9.39843, 9.39843, 9.39843, 9.39843, 9.39843, 9.39843, 9.39843, 9.39843, 9.39843, 9.39843, 9.39843, 9.39843, 9.39843, 9.83316, 9.39843
9.11474, 14, 9.77324, 9.366, 4, 4.22676, 0, 9.3661, 9.366, 9.366, 9.366, 9.366, 9.366, 9.366, 9.366, 9.366, 9.366, 9.366, 9.366, 9.366, 9.366, 9.366, 9.366, 9.366, 9.366, 9.366, 9.366, 9.77314, 9.366
9.12262, 10, 9.71212, 9.33345, 3.4641, 0.287883, 0, 9.33355, 9.33345, 9.33345, 9.33345, 9.33345, 9.33345, 9.33345, 9.33345, 9.33345, 9.33345, 9.33345, 9.33345, 9.33345, 9.33345, 9.33345, 9.33345, 9.33345, 9.33345, 9.33345, 9.33345, 9.71202, 9.33345
9.1305, 16, 9.65052, 9.3009, 4.24264, 6.34948, 0, 9.301, 9.3009, 9.3009, 9.3009, 9.3009, 9.3009, 9.3009, 9.3009, 9.3009, 9.3009, 9.3009, 9.3009, 9.3009, 9.3009, 9.3009, 9.3009, 9.3009, 9.3009, 9.3009, 9.3009, 9.65042, 9.3009
9.13839, 6, 9.58864, 9.26806, 2.82843, -3.58864, 0, 9.26816, 9.26806, 9.26806, 9.26806, 9.26806, 9.26806, 9.26806, 9.26806, 9.26806, 9.26806, 9.26806, 9.26806, 9.26806, 9.26806, 9.26806, 9.26806, 9.26806, 9.26806, 9.26806, 9.26806, 9.58854, 9.26806
9.14627, 10, 9.52709, 9.2351, 3.4641, 0.472908, 0, 9.23521, 9.2351, 9.2351, 9.2351, 9.2351, 9.2351, 9.2351, 9.2351, 9.2351, 9.2351, 9.2351, 9.2351, 9.2351, 9.2351, 9.2351, 9.2351, 9.2351, 9.2351, 9.2351, 9.2351, 9.52699, 9.2351
9.15415, 16, 9.46646, 9.2022, 4.24264, 6.53354, 0, 9.20231, 9.2022, 9.2022, 9.2022, 9.2022, 9.2022, 9.2022, 9.2022, 9.2022, 9.2022, 9.2022, 9.2022, 9.2022, 9.2022, 9.2022, 9.2022, 9.2022, 9.2022, 9.2022, 9.2022, 9.46636, 9.2022
9.16203, 18, 9.40724, 9.1695, 4.47214, 8.59276, 0, 9.16961, 9.1695, 9.1695, 9.1695, 9.1695, 9.1695, 9.1695, 9.1695, 9.1695, 9.1695, 9.1695, 9.1695, 9.1695, 9.1695, 9.1695, 9.1695, 9.1695, 9.1695, 9.1695, 9.1695, 9.40712, 9.1695
9.16992, 20, 9.34942, 9.13671, 4.69042, 10.6506, 0, 9.13683, 9.13671, 9.13671, 9.13671, 9.13671, 9.13671, 9.13671, 9.13671, 9.13671, 9.13671, 9.13671, 9.13671, 9.13671, 9.13671, 9.13671, 9.13671, 9.13671, 9.13671, 9.13671, 9.13671, 9.3493, 9.13671
9.1778, 16, 9.29341, 9.10397, 4.24264, 6.70659, 0, 9.1041, 9.10397, 9.10397, 9.10397, 9.10397, 9.10397, 9.10397, 9.10397, 9.10397, 9.10397, 9.10397, 9.10397, 9.10397, 9.10397, 9.10397, 9.10397, 9.10397, 9.10397, 9.10397, 9.10397, 9.29328, 9.10397
9.18568, 2, 9.23953, 9.07143, 2, -7.23953, 0, 9.07158, 9.07143, 9.07143, 9.07143, 9.07143, 9.07143, 9.07143, 9.07143, 9.07143, 9.07143, 9.07143, 9.07143, 9.07143, 9.07143, 9.07143, 9.07143, 9.07143, 9.07143, 9.07143, 9.07143, 9.23938, 9.07143
9.19357, 10, 9.18764, 9.03882, 3.4641, 0.81236, 0, 9.03899, 9.03882, 9.03882, 9.03882, 9.03882, 9.03882, 9.03882, 9.03882, 9.03882, 9.03882, 9.03882, 9.03882, 9.03882, 9.03882, 9.03882, 9.03882, 9.03882, 9.03882, 9.03882, 9.03882, 9.18747, 9.03882
9.20145, 8, 9.13796, 9.00627, 3.16228, -1.13796, 0, 9.00648, 9.00627, 9.00627, 9.00627, 9.00627, 9.00627, 9.00627, 9.00627, 9.00627, 9.00627, 9.00627, 9.00627, 9.00627, 9.00627, 9.00627, 9.00627, 9.00627, 9.00627, 9.00627, 9.00627, 9.13774, 9.00627
9.20933, 14, 9.09065, 8.9739, 4, 4.90935, 0, 8.97416, 8.9739, 8.9739, 8.9739, 8.9739, 8.9739, 8.9739, 8.9739, 8.9739, 8.9739, 8.9739, 8.9739, 8.9739, 8.9739, 8.9739, 8.9739, 8.9739, 8.9739, 8.9739, 8.9739, 9.09038, 8.9739
9.21721, 4, 9.04545, 8.94147, 2.44949, -5.04545, 0, 8.94181, 8.94147, 8.94147, 8.94147, 8.94147, 8.94147, 8.94147, 8.94147, 8.94147, 8.94147, 8.94147, 8.94147, 8.94147, 8.94147, 8.94147, 8.94147, 8.94147, 8.94147, 8.94147, 8.94147, 9.04511, 8.94147
9.2251, 6, 9.00246, 8.90909, 2.82843, -3.00246, 0, 8.90955, 8.90909, 8.90909, 8.90909, 8.90909, 8.90909, 8.90909, 8.90909, 8.90909, 8.90909, 8.90909, 8.90909, 8.90909, 8.90909, 8.90909, 8.90909, 8.90909, 8.90909, 8.90909, 8.90909, 9.002, 8.90909
9.23298, 6, 8.96337, 8.87854, 2.82843, -2.96337, 0, 8.87917, 8.87854, 8.87854, 8.87854, 8.87854, 8.87854, 8.87854, 8.87854, 8.87854, 8.87854, 8.87854, 8.87854, 8.87854, 8.87854, 8.87854, 8.87854, 8.87854, 8.87855, 8.87854, 8.87854, 8.96274, 8.87854
9.24086, 10, 8.92623, 8.84797, 3.4641, 1.07377, 0, 8.84883, 8.84797, 8.84797, 8.84797, 8.84797, 8.84797, 8.84797, 8.84797, 8.84797, 8.84797, 8.84797, 8.84797, 8.84797, 8.84797, 8.84797, 8.84797, 8.84797, 8.84797, 8.84797, 8.84797, 8.92537, 8.84797
9.24874, 10, 8.89103, 8.81744, 3.4641, 1.10897, 0, 8.81864, 8.81744, 8.81744, 8.81744, 8.81744, 8.81744, 8.81744, 8.81744, 8.81744, 8.81744, 8.81744, 8.81744, 8.81744, 8.81744, 8.81744, 8.81744, 8.81744, 8.81744, 8.81744, 8.81744, 8.88984, 8.81744
9.25663, 16, 8.8577, 8.78703, 4.24264, 7.1423, 0, 8.7887, 8.78703, 8.78703, 8.78703, 8.78703, 8.78703, 8.78703, 8.78703, 8.78703, 8.78703, 8.78703, 8.78703, 8.78703, 8.78703, 8.78703, 8.78703, 8.78703, 8.78703, 8.78703, 8.78703, 8.85604, 8.78703
9.26451, 12, 8.82601, 8.75662, 3.74166, 3.17399, 0, 8.75894, 8.75662, 8.75662, 8.75662, 8.75662, 8.75662, 8.75662, 8.75662, 8.75662, 8.75662, 8.75662, 8.75662, 8.75662, 8.75662, 8.75662, 8.75662, 8.75662, 8.75663, 8.75662, 8.75662, 8.8237, 8.75662
9.27239, 16, 8.79582, 8.72619, 4.24264, 7.20418, 0, 8.7294, 8.72619, 8.72619, 8.72619, 8.72619, 8.72619, 8.72619, 8.72619, 8.72619, 8.72619, 8.72619, 8.72619, 8.72619, 8.72619, 8.72619, 8.72619, 8.72619, 8.7262, 8.72619, 8.72619, 8.79262, 8.72619
9.28028, 10, 8.76676, 8.6955, 3.4641, 1.23324, 0, 8.69991, 8.6955, 8.6955, 8.6955, 8.6955, 8.6955, 8.6955, 8.6955, 8.6955, 8.6955, 8.6955, 8.6955, 8.6955, 8.6955, 8.6955, 8.6955, 8.6955, 8.6955, 8.6955, 8.6955, 8.76235, 8.6955
9.28816, 6, 8.73865, 8.66444, 2.82843, -2.73865, 0, 8.67048, 8.66444, 8.66444, 8.66444, 8.66444, 8.66444, 8.66444, 8.66444, 8.66444, 8.66444, 8.66444, 8.66444, 8.66444, 8.66444, 8.66444, 8.66444, 8.66444, 8.66444, 8.66444, 8.66444, 8.73261, 8.66444
9.29604, 14, 8.71131, 8.63291, 4, 5.28869, 0, 8.64112, 8.63291, 8.63291, 8.63291, 8.63291, 8.63291, 8.63291, 8.63291, 8.63291, 8.63291, 8.63291, 8.63291, 8.63291, 8.63291, 8.63291, 8.63291, 8.63291, 8.63291, 8.63291, 8.63291, 8.70309, 8.63291
9.30392, 4, 8.6846, 8.60083, 2.44949, -4.6846, 0, 8.61191, 8.60083, 8.60083, 8.60083, 8.60083, 8.60083, 8.60083, 8.60083, 8.60083, 8.60083, 8.60083, 8.60083, 8.60083, 8.60083, 8.60083, 8.60083, 8.60083, 8.60083, 8.60083, 8.60083, 8.67352, 8.60083
9.31181, 6, 8.65847, 8.56815, 2.82843, -2.65847, 0, 8.58297, 8.56815, 8.56815, 8.56815, 8.56815, 8.56815, 8.56815, 8.56815, 8.56815, 8.56815, 8.56815, 8.56815, 8.56815, 8.56815, 8.56815, 8.56815, 8.56815, 8.56815, 8.56815, 8.56815, 8.64365, 8.56815
9.31969, 8, 8.63274, 8.53464, 3.16228, -0.632738, 0, 8.5543, 8.53464, 8.53464, 8.53464, 8.53464, 8.53464, 8.53464, 8.53464, 8.53464, 8.53464, 8.53464, 8.53464, 8.53464, 8.53464, 8.53464, 8.53464, 8.53464, 8.53464, 8.53464, 8.53464, 8.61307, 8.53464
9.32757, 12, 8.60748, 8.5003, 3.74166, 3.39252, 0, 8.52617, 8.5003, 8.5003, 8.5003, 8.5003, 8.5003, 8.5003, 8.5003, 8.5003, 8.5003, 8.5003, 8.5003, 8.5003, 8.5003, 8.5003, 8.5003, 8.5003, 8.5003, 8.5003, 8.5003, 8.58161, 8.5003
9.33546, 8, 8.58278, 8.46505, 3.16228, -0.582781, 0, 8.49879, 8.46505, 8.46505, 8.46505, 8.46505, 8.46505, 8.46505, 8.46505, 8.46505, 8.46505, 8.46505, 8.46505, 8.46505, 8.46505, 8.46505, 8.46505, 8.46505, 8.46505, 8.46505, 8.46505, 8.54904, 8.46505
9.34334, 18, 8.55893, 8.42899, 4.47214, 9.44107, 0, 8.47262, 8.42899, 8.42899, 8.42899, 8.42899, 8.42899, 8.42899, 8.42899, 8.42899, 8.42899, 8.42899, 8.42899, 8.42899, 8.42899, 8.42899, 8.42899, 8.42899, 8.42899, 8.42899, 8.42899, 8.5153, 8.42899
9.35122, 10, 8.53636, 8.39229, 3.4641, 1.46364, 0, 8.4482, 8.39229, 8.39229, 8.39229, 8.39229, 8.39229, 8.39229, 8.39229, 8.39229, 8.39229, 8.39229, 8.39229, 8.39229, 8.39229, 8.39229, 8.39229, 8.39229, 8.39229, 8.39229, 8.39229, 8.48045, 8.39229
9.3591, 8, 8.51524, 8.35477, 3.16228, -0.515244, 0, 8.42579, 8.35477, 8.35477, 8.35477, 8.35477, 8.35477, 8.35477, 8.35477, 8.35477, 8.35477, 8.35477, 8.35477, 8.35477, 8.35477, 8.35477, 8.35477, 8.35477, 8.35477, 8.35477, 8.35477, 8.44423, 8.35477
9.36699, 14, 8.49595, 8.31642, 4, 5.50405, 0, 8.40584, 8.31642, 8.31642, 8.31642, 8.31642, 8.31642, 8.31642, 8.31642, 8.31642, 8.31642, 8.31642, 8.31642, 8.31642, 8.31642, 8.31642, 8.31642, 8.31642, 8.31642, 8.31642, 8.31642, 8.40653, 8.31642
9.37487, 2, 8.47893, 8.27726, 2, -6.47893, 0, 8.38885, 8.27726, 8.27726, 8.27726, 8.27726, 8.27726, 8.27726, 8.27726, 8.27726, 8.27726, 8.27726, 8.27726, 8.27726, 8.27726, 8.27726, 8.27726, 8.27726, 8.27726, 8.27726, 8.27726, 8.36734, 8.27726
9.38275, 10, 8.4648, 8.23742, 3.4641, 1.5352, 0, 8.37545, 8.23742, 8.23742, 8.23742, 8.23742, 8.23742, 8.23742, 8.23742, 8.23742, 8.23742, 8.23742, 8.23742, 8.23742, 8.23742, 8.23742, 8.23742, 8.23742, 8.23742, 8.23742, 8.23742, 8.32677, 8.23742
9.39064, 6, 8.45422, 8.19708, 2.82843, -2.45422, 0, 8.3663, 8.19708, 8.19708, 8.19708, 8.19708, 8.19708, 8.19708, 8.19708, 8.19708, 8.19708, 8.19708, 8.19708, 8.19708, 8.19708, 8.19708, 8.19708, 8.19708, 8.19708, 8.19708, 8.19708, 8.285, 8.19708
9.39852, 6, 8.4475, 8.15605, 2.82843, -2.4475, 0, 8.36168, 8.15605, 8.15605, 8.15605, 8.15605, 8.15605, 8.15605, 8.15605, 8.15605, 8.15605, 8.15605, 8.15605, 8.15605, 8.15605, 8.15605, 8.15605, 8.15605, 8.15605, 8.15605, 8.15605, 8.24187, 8.15605
9.4064, 6, 8.44507, 8.11431, 2.82843, -2.44507, 0, 8.36197, 8.11431, 8.11431, 8.11431, 8.11431, 8.11431, 8.11431, 8.11431, 8.11431, 8.11431, 8.11431, 8.11431, 8.11431, 8.11431, 8.11431, 8.11431, 8.11431, 8.11431, 8.11431, 8.11431, 8.1974, 8.11431
9.41428, 16, 8.44753, 8.07205, 4.24264, 7.55247, 0, 8.36771, 8.07205, 8.07205, 8.07205, 8.07205, 8.07205, 8.07205, 8.07205, 8.07205, 8.07205, 8.07205, 8.07205, 8.07205, 8.07205, 8.07205, 8.07205, 8.07205, 8.07205, 8.07205, 8.07205, 8.15187, 8.07205
9.42217, 10, 8.45553, 8.02959, 3.4641, 1.54447, 0, 8.37944, 8.02959, 8.02959, 8.02959, 8.02959, 8.02959, 8.02959, 8.02959, 8.02959, 8.02959, 8.02959, 8.02959, 8.02959, 8.02959, 8.02959, 8.02959, 8.02959, 8.02959, 8.02959, 8.02959, 8.10568, 8.02959
9.43005, 12, 8.46946, 7.98715, 3.74166, 3.53054, 0, 8.39746, 7.98715, 7.98715, 7.98715, 7.98715, 7.98715, 7.98715, 7.98715, 7.98715, 7.98715, 7.98715, 7.98715, 7.98715, 7.98715, 7.98715, 7.98715, 7.98715, 7.98715, 7.98715, 7.98715, 8.05915, 7.98715
9.43793, 0, 8.48913, 7.9445, 1.41421, -8.48913, 0, 8.42149, 7.9445, 7.9445, 7.9445, 7.9445, 7.9445, 7.9445, 7.9445, 7.9445, 7.9445, 7.9445, 7.9445, 7.9445, 7.9445, 7.9445, 7.9445, 7.9445, 7.9445, 7.9445, 7.9445, 8.01214, 7.9445
9.44582, 14, 8.51458, 7.9018, 4, 5.48542, 0, 8.45144, 7.9018, 7.9018, 7.9018, 7.9018, 7.9018, 7.9018, 7.9018, 7.9018, 7.9018, 7.9018, 7.9018, 7.9018, 7.9018, 7.9018, 7.9018, 7.9018, 7.9018, 7.9018, 7.9018, 7.96494, 7.9018
9.4537, 14, 8.54533, 7.85892, 4, 5.45467, 0, 8.48672, 7.85892, 7.85892, 7.85892, 7.85892, 7.85892, 7.85892, 7.85892, 7.85892, 7.85892, 7.85892, 7.85892, 7.85892, 7.85892, 7.85892, 7.85892, 7.85892, 7.85892, 7.85892, 7.85892, 7.91753, 7.85892
9.46158, 14, 8.58062, 7.81568, 4, 5.41938, 0, 8.52647, 7.81568, 7.81568, 7.81568, 7.81568, 7.81568, 7.81568, 7.81568, 7.81568, 7.81568, 7.81568, 7.81568, 7.81568, 7.81568, 7.81568, 7.81568, 7.81568, 7.81568, 7.81568, 7.81568, 7.86984, 7.81568
9.46946, 6, 8.61991, 7.77233, 2.82843, -2.61991, 0, 8.57002, 7.77233, 7.77233, 7.77233, 7.77233, 7.77233, 7.77233, 7.77233, 7.77233, 7.77233, 7.77233, 7.77233, 7.77233, 7.77233, 7.77233, 7.77233, 7.77233, 7.77233, 7.77233, 7.77233, 7.82222, 7.77233
9.47735, 20, 8.66242, 7.72909, 4.69042, 11.3376, 0, 8.61651, 7.72909, 7.72909, 7.72909, 7.72909, 7.72909, 7.72909, 7.72909, 7.72909, 7.72909, 7.72909, 7.72909, 7.72909, 7.72909, 7.72909, 7.72909, 7.72909, 7.72909, 7.72909, 7.72909, 7.775, 7.72909
9.48523, 8, 8.70702, 7.68612, 3.16228, -0.707017, 0, 8.66471, 7.68612, 7.68612, 7.68612, 7.68612, 7.68612, 7.68612, 7.68612, 7.68612, 7.68612, 7.68612, 7.68612, 7.68612, 7.68612, 7.68612, 7.68612, 7.68612, 7.68612, 7.68612, 7.68612, 7.72842, 7.68612
9.49311, 12, 8.75192, 7.64303, 3.74166, 3.24808, 0, 8.71278, 7.64303, 7.64303, 7.64303, 7.64303, 7.64303, 7.64303, 7.64303, 7.64303, 7.64303, 7.64303, 7.64303, 7.64303, 7.64303, 7.64303, 7.64303, 7.64303, 7.64303, 7.64303, 7.64303, 7.68217, 7.64303
9.50099, 12, 8.79574, 7.60002, 3.74166, 3.20426, 0, 8.75924, 7.60002, 7.60002, 7.60002, 7.60002, 7.60002, 7.60002, 7.60002, 7.60002, 7.60002, 7.60002, 7.60002, 7.60002, 7.60002, 7.60002, 7.60002, 7.60002, 7.60002, 7.60002, 7.60002, 7.63652, 7.60002
9.50888, 14, 8.83625, 7.55656, 4, 5.16375, 0, 8.80182, 7.55656, 7.55656, 7.55656, 7.55656, 7.55656, 7.55656, 7.55656, 7.55656, 7.55656, 7.55656, 7.55656, 7.55656, 7.55656, 7.55656, 7.55656, 7.55656, 7.55656, 7.55656, 7.55656, 7.59099, 7.55656
9.51676, 4, 8.87199, 7.51294, 2.44949, -4.87199, 0, 8.83903, 7.51294, 7.51294, 7.51294, 7.51294, 7.51294, 7.51294, 7.51294, 7.51294, 7.51294, 7.51294, 7.51294, 7.51294, 7.51294, 7.51294, 7.51294, 7.51294, 7.51294, 7.51294, 7.51294, 7.54589, 7.51294
9.52464, 8, 8.90149, 7.46944, 3.16228, -0.901489, 0, 8.86937, 7.46944, 7.46944, 7.46944, 7.46944, 7.46944, 7.46944, 7.46944, 7.46944, 7.46944, 7.46944, 7.46944, 7.46944, 7.46944, 7.46944, 7.46944, 7.46944, 7.46944, 7.46944, 7.46944, 7.50155, 7.46944
9.53253, 14, 8.92341, 7.42639, 4, 5.07659, 0, 8.89151, 7.42639, 7.42639, 7.42639, 7.42639, 7.42639, 7.42639, 7.42639, 7.42639, 7.42639, 7.42639, 7.42639, 7.42639, 7.42639, 7.42639, 7.42639, 7.42639, 7.42639, 7.42639, 7.42639, 7.45829, 7.42639
9.54041, 2, 8.93553, 7.38311, 2, -6.93553, 0, 8.9032, 7.38311, 7.38311, 7.38311, 7.38311, 7.38311, 7.38311, 7.38311, 7.38311, 7.38311, 7.38311, 7.38311, 7.38311, 7.38311, 7.38311, 7.38311, 7.38311, 7.38311, 7.38311, 7.38311, 7.41544, 7.38311
9.54829, 4, 8.93687, 7.33995, 2.44949, -4.93687, 0, 8.90349, 7.33995, 7.33995, 7.33995, 7.33995, 7.33995, 7.33995, 7.33995, 7.33995, 7.33995, 7.33995, 7.33995, 7.33995, 7.33995, 7.33995, 7.33995, 7.33995, 7.33995, 7.33995, 7.33995, 7.37334, 7.33995
9.55618, 8, 8.92596, 7.29656, 3.16228, -0.925963, 0, 8.89095, 7.29656, 7.29656, 7.29656, 7.29656, 7.29656, 7.29656, 7.29656, 7.29656, 7.29656, 7.29656, 7.29656, 7.29656, 7.29656, 7.29656, 7.29656, 7.29656, 7.29656, 7.29656, 7.29656, 7.33158, 7.29656
9.56406, 6, 8.90199, 7.25291, 2.82843, -2.90199, 0, 8.86479, 7.25291, 7.25291, 7.25291, 7.25291, 7.25291, 7.25291, 7.25291, 7.25291, 7.25291, 7.25291, 7.25291, 7.25291, 7.25291, 7.25291, 7.25291, 7.25291, 7.25291, 7.25291, 7.25291, 7.29011, 7.25291
9.57194, 12, 8.86486, 7.20939, 3.74166, 3.13514, 0, 8.82499, 7.20939, 7.20939, 7.20939, 7.20939, 7.20939, 7.20939, 7.20939, 7.20939, 7.20939, 7.20939, 7.20939, 7.20939, 7.20939, 7.20939, 7.20939, 7.20939, 7.20939, 7.20939, 7.20939, 7.24926, 7.20939
9.57982, 6, 8.81488, 7.16643, 2.82843, -2.81488, 0, 8.77189, 7.16643, 7.16643, 7.16643, 7.16643, 7.16643, 7.16643, 7.16643, 7.16643, 7.16643, 7.16643, 7.16643, 7.16643, 7.16643, 7.16643, 7.16643, 7.16643, 7.16643, 7.16643, 7.16643, 7.20942, 7.16643
9.58771, 8, 8.75136, 7.12315, 3.16228, -0.751355, 0, 8.7049, 7.12315, 7.12315, 7.12315, 7.12315, 7.12315, 7.12315, 7.12315, 7.12315, 7.12315, 7.12315, 7.12315, 7.12315, 7.12315, 7.12315, 7.12315, 7.12315, 7.12315, 7.12315, 7.12315, 7.1696, 7.12315
9.59559, 16, 8.67531, 7.07999, 4.24264, 7.32469, 0, 8.6251, 7.07999, 7.07999, 7.07999, 7.07999, 7.07999, 7.07999, 7.07999, 7.07999, 7.07999, 7.07999, 7.07999, 7.07999, 7.07999, 7.07999, 7.07999, 7.07999, 7.07999, 7.07999, 7.07999, 7.1302, 7.07999
9.60347, 14, 8.58749, 7.03687, 4, 5.41251, 0, 8.53333, 7.03687, 7.03687, 7.03687, 7.03687, 7.03687, 7.03687, 7.03687, 7.03687, 7.03687, 7.03687, 7.03687, 7.03687, 7.03687, 7.03687, 7.03687, 7.03687, 7.03687, 7.03687, 7.03687, 7.09103, 7.03687
9.61135, 22, 8.48863, 6.99337, 4.89898, 13.5114, 0, 8.43041, 6.99337, 6.99337, 6.99337, 6.99337, 6.99337, 6.99337, 6.99337, 6.99337, 6.99337, 6.99337, 6.99337, 6.99337, 6.99337, 6.99337, 6.99337, 6.99337, 6.99337, 6.99337, 6.99337, 7.05159, 6.99337
9.61924, 8, 8.38057, 6.95002, 3.16228, -0.380569, 0, 8.31828, 6.95002, 6.95002, 6.95002, 6.95002, 6.95002, 6.95002, 6.95002, 6.95002, 6.95002, 6.95002, 6.95002, 6.95002, 6.95002, 6.95002, 6.95002, 6.95002, 6.95002, 6.95002, 6.95002, 7.01231, 6.95002
9.62712, 6, 8.26538, 6.90734, 2.82843, -2.26538, 0, 8.19909, 6.90734, 6.90734, 6.90734, 6.90734, 6.90734, 6.90734, 6.90734, 6.90734, 6.90734, 6.90734, 6.90734, 6.90734, 6.90734, 6.90734, 6.90734, 6.90734, 6.90734, 6.90734, 6.90734, 6.97362, 6.90734
9.635, 12, 8.14355, 6.86422, 3.74166, 3.85645, 0, 8.07345, 6.86422, 6.86422, 6.86422, 6.86422, 6.86422, 6.86422, 6.86422, 6.86422, 6.86422, 6.86422, 6.86422, 6.86422, 6.86422, 6.86422, 6.86422, 6.86422, 6.86422, 6.86422, 6.86422, 6.93433, 6.86422
9.64289, 18, 8.01733, 6.82124, 4.47214, 9.98267, 0, 7.94366, 6.82124, 6.82124, 6.82124, 6.82124, 6.82124, 6.82124, 6.82124, 6.82124, 6.82124, 6.82124, 6.82124, 6.82124, 6.82124, 6.82124, 6.82124, 6.82124, 6.82124, 6.82124, 6.82124, 6.89491, 6.82124
9.65077, 14, 7.88855, 6.77856, 4, 6.11145, 0, 7.81165, 6.77856, 6.77856, 6.77856, 6.77856, 6.77856, 6.77856, 6.77856, 6.77856, 6.77856, 6.77856, 6.77856, 6.77856, 6.77856, 6.77856, 6.77856, 6.77856, 6.77856, 6.77856, 6.77856, 6.85545, 6.77856
9.65865, 14, 7.758, 6.73539, 4, 6.242, 0, 7.67829, 6.73539, 6.73539, 6.73539, 6.73539, 6.73539, 6.73539, 6.73539, 6.73539, 6.73539, 6.73539, 6.73539, 6.73539, 6.73539, 6.73539, 6.73539, 6.73539, 6.73539, 6.73539, 6.73539, 6.8151, 6.73539
9.66653, 14, 7.62778, 6.69237, 4, 6.37222, 0, 7.54573, 6.69237, 6.69237, 6.69237, 6.69237, 6.69237, 6.69237, 6.69237, 6.69237, 6.69237, 6.69237, 6.69237, 6.69237, 6.69237, 6.69237, 6.69237, 6.69237, 6.69237, 6.69237, 6.69237, 6.77441, 6.69237
9.67442, 12, 7.49986, 6.65012, 3.74166, 4.50014, 0, 7.416, 6.65012, 6.65012, 6.65012, 6.65012, 6.65012, 6.65012, 6.65012, 6.65012, 6.65012, 6.65012, 6.65012, 6.65012, 6.65012, 6.65012, 6.65012, 6.65012, 6.65012, 6.65012, 6.65012, 6.73398, 6.65012
9.6823, 12, 7.37409, 6.60735, 3.74166, 4.62591, 0, 7.28899, 6.60735, 6.60735, 6.60735, 6.60735, 6.60735, 6.60735, 6.60735, 6.60735, 6.60735, 6.60735, 6.60735, 6.60735, 6.60735, 6.60735, 6.60735, 6.60735, 6.60736, 6.60735, 6.60735, 6.69246, 6.60735
9.69018, 8, 7.2521, 6.56472, 3.16228, 0.747898, 0, 7.16634, 6.56472, 6.56472, 6.56472, 6.56472, 6.56472, 6.56472, 6.56472, 6.56472, 6.56472, 6.56472, 6.56472, 6.56472, 6.56472, 6.56472, 6.56472, 6.56472, 6.56473, 6.56472, 6.56472, 6.65048, 6.56472
9.69807, 10, 7.135, 6.5226, 3.4641, 2.865, 0, 7.04918, 6.5226, 6.5226, 6.5226, 6.5226, 6.5226, 6.5226, 6.5226, 6.5226, 6.5226, 6.5226, 6.5226, 6.5226, 6.5226, 6.5226, 6.5226, 6.5226, 6.5226, 6.5226, 6.5226, 6.60842, 6.5226
9.70595, 4, 7.02235, 6.47996, 2.44949, -3.02235, 0, 6.93707, 6.47996, 6.47996, 6.47996, 6.47996, 6.47996, 6.47996, 6.47996, 6.47996, 6.47996, 6.47996, 6.47996, 6.47996, 6.47996, 6.47996, 6.47996, 6.47996, 6.47996, 6.47996, 6.47996, 6.56524, 6.47996
9.71383, 16, 6.91515, 6.43746, 4.24264, 9.08485, 0, 6.83098, 6.43746, 6.43746, 6.43746, 6.43746, 6.43746, 6.43746, 6.43746, 6.43746, 6.43746, 6.43746, 6.43746, 6.43746, 6.43746, 6.43746, 6.43746, 6.43746, 6.43746, 6.43746, 6.43746, 6.52163, 6.43746
9.72171, 4, 6.81427, 6.39576, 2.44949, -2.81427, 0, 6.73175, 6.39576, 6.39576, 6.39576, 6.39576, 6.39576, 6.39576, 6.39576, 6.39576, 6.39576, 6.39576, 6.39576, 6.39576, 6.39576, 6.39576, 6.39576, 6.39576, 6.39576, 6.39576, 6.39576, 6.47828, 6.39576
9.7296, 10, 6.71841, 6.35353, 3.4641, 3.28159, 0, 6.63805, 6.35353, 6.35353, 6.35353, 6.35353, 6.35353, 6.35353, 6.35353, 6.35353, 6.35353, 6.35353, 6.35353, 6.35353, 6.35353, 6.35353, 6.35353, 6.35353, 6.35353, 6.35353, 6.35353, 6.43389, 6.35353
9.73748, 10, 6.62816, 6.31144, 3.4641, 3.37184, 0, 6.5504, 6.31144, 6.31144, 6.31144, 6.31144, 6.31144, 6.31144, 6.31144, 6.31144, 6.31144, 6.31144, 6.31144, 6.31144, 6.31144, 6.31144, 6.31144, 6.31144, 6.31144, 6.31144, 6.31144, 6.38919, 6.31144
9.74536, 4, 6.54385, 6.27001, 2.44949, -2.54385, 0, 6.46908, 6.27001, 6.27001, 6.27001, 6.27001, 6.27001, 6.27001, 6.27001, 6.27001, 6.27001, 6.27001, 6.27001, 6.27001, 6.27001, 6.27001, 6.27001, 6.27001, 6.27001, 6.27001, 6.27001, 6.34478, 6.27001
9.75325, 16, 6.46401, 6.22806, 4.24264, 9.53599, 0, 6.39254, 6.22806, 6.22806, 6.22806, 6.22806, 6.22806, 6.22806, 6.22806, 6.22806, 6.22806, 6.22806, 6.22806, 6.22806, 6.22806, 6.22806, 6.22806, 6.22806, 6.22806, 6.22806, 6.22806, 6.29952, 6.22806
9.76113, 12, 6.38898, 6.18624, 3.74166, 5.61102, 0, 6.32106, 6.18624, 6.18624, 6.18624, 6.18624, 6.18624, 6.18624, 6.18624, 6.18624, 6.18624, 6.18624, 6.18624, 6.18624, 6.18624, 6.18624, 6.18624, 6.18624, 6.18624, 6.18624, 6.18624, 6.25417, 6.18624
9.76901, 8, 6.31908, 6.14524, 3.16228, 1.68092, 0, 6.25484, 6.14524, 6.14524, 6.14524, 6.14524, 6.14524, 6.14524, 6.14524, 6.14524, 6.14524, 6.14524, 6.14524, 6.14524, 6.14524, 6.14524, 6.14524, 6.14524, 6.14524, 6.14524, 6.14524, 6.20948, 6.14524
9.77689, 12, 6.25257, 6.1037, 3.74166, 5.74743, 0, 6.19209, 6.1037, 6.1037, 6.1037, 6.1037, 6.1037, 6.1037, 6.1037, 6.1037, 6.1037, 6.1037, 6.1037, 6.1037, 6.1037, 6.1037, 6.1037, 6.1037, 6.1037, 6.1037, 6.1037, 6.16418, 6.1037
9.78478, 12, 6.18978, 6.0623, 3.74166, 5.81022, 0, 6.13302, 6.0623, 6.0623, 6.0623, 6.0623, 6.0623, 6.0623, 6.0623, 6.0623, 6.0623, 6.0623, 6.0623, 6.0623, 6.0623, 6.0623, 6.0623, 6.0623, 6.0623, 6.0623, 6.0623, 6.11906, 6.0623
9.79266, 2, 6.13102, 6.02172, 2, -4.13102, 0, 6.07784, 6.02172, 6.02172, 6.02172, 6.02172, 6.02172, 6.02172, 6.02172, 6.02172, 6.02172, 6.02172, 6.02172, 6.02172, 6.02172, 6.02172, 6.02172, 6.02172, 6.02172, 6.02172, 6.02172, 6.0749, 6.02172
9.80054, 2, 6.07462, 5.9806, 2, -4.07462, 0, 6.02478, 5.9806, 5.9806, 5.9806, 5.9806, 5.9806, 5.9806, 5.9806, 5.9806, 5.9806, 5.9806, 5.9806, 5.9806, 5.9806, 5.9806, 5.9806, 5.9806, 5.9806, 5.9806, 5.9806, 6.03043, 5.9806
9.80843, 10, 6.02097, 5.93961, 3.4641, 3.97903, 0, 5.97413, 5.93961, 5.93961, 5.93961, 5.93961, 5.93961, 5.93961, 5.93961, 5.93961, 5.93961, 5.93961, 5.93961, 5.93961, 5.93961, 5.93961, 5.93961, 5.93961, 5.93961, 5.93961, 5.93961, 5.98645, 5.93961
9.81631, 4, 5.97052, 5.89945, 2.44949, -1.97052, 0, 5.92621, 5.89945, 5.89945, 5.89945, 5.89945, 5.89945, 5.89945, 5.89945, 5.89945, 5.89945, 5.89945, 5.89945, 5.89945, 5.89945, 5.89945, 5.89945, 5.89945, 5.89946, 5.89945, 5.89945, 5.94377, 5.89945
9.82419, 10, 5.92172, 5.85875, 3.4641, 4.07828, 0, 5.87932, 5.85875, 5.85875, 5.85875, 5.85875, 5.85875, 5.85875, 5.85875, 5.85875, 5.85875, 5.85875, 5.85875, 5.85875, 5.85875, 5.85875, 5.85875, 5.85875, 5.85875, 5.85875, 5.85875, 5.90115, 5.85875
9.83207, 8, 5.87511, 5.81818, 3.16228, 2.12489, 0, 5.83388, 5.81818, 5.81818, 5.81818, 5.81818, 5.81818, 5.81818, 5.81818, 5.81818, 5.81818, 5.81818, 5.81818, 5.81818, 5.81818, 5.81818, 5.81818, 5.81818, 5.81818, 5.81818, 5.81818, 5.85942, 5.81818
9.83996, 4, 5.9265, 5.87365, 2.44949, -1.9265, 0, 5.88553, 5.87365, 5.87365, 5.87365, 5.87365, 5.87365, 5.87365, 5.87365, 5.87365, 5.87365, 5.87365, 5.87365, 5.87365, 5.87365, 5.87365, 5.87365, 5.87365, 5.87365, 5.87365, 5.87365, 5.91462, 5.87365
9.84784, 0, 5.97696, 5.92626, 1.41421, -5.97696, 0, 5.93519, 5.92626, 5.92626, 5.92626, 5.92626, 5.92626, 5.92626, 5.92626, 5.92626, 5.92626, 5.92626, 5.92626, 5.92626, 5.92626, 5.92626, 5.92626, 5.92626, 5.92626, 5.92626, 5.92626, 5.96804, 5.92626
9.85572, 12, 6.02342, 5.97293, 3.74166, 5.97658, 0, 5.97958, 5.97293, 5.97293, 5.97293, 5.97293, 5.97293, 5.97293, 5.97293, 5.97293, 5.97293, 5.97293, 5.97293, 5.97293, 5.97293, 5.97293, 5.97293, 5.97293, 5.97293, 5.97293, 5.97293, 6.01677, 5.97293
9.86361, 8, 6.06494, 6.01266, 3.16228, 1.93506, 0, 6.01758, 6.01266, 6.01266, 6.01266, 6.01266, 6.01266, 6.01266, 6.01266, 6.01266, 6.01266, 6.01266, 6.01266, 6.01266, 6.01266, 6.01266, 6.01266, 6.01266, 6.01266, 6.01266, 6.01266, 6.06002, 6.01266
9.87149, 4, 6.09956, 6.0434, 2.44949, -2.09956, 0, 6.04702, 6.0434, 6.0434, 6.0434, 6.0434, 6.0434, 6.0434, 6.0434, 6.0434, 6.0434, 6.0434, 6.0434, 6.0434, 6.0434, 6.0434, 6.0434, 6.0434, 6.0434, 6.0434, 6.0434, 6.09594, 6.0434
9.87937, 10, 6.12735, 6.0651, 3.4641, 3.87265, 0, 6.06774, 6.0651, 6.0651, 6.0651, 6.0651, 6.0651, 6.0651, 6.0651, 6.0651, 6.0651, 6.0651, 6.0651, 6.0651, 6.0651, 6.0651, 6.0651, 6.0651, 6.0651, 6.0651, 6.0651, 6.12472, 6.0651
9.88725, 4, 6.14982, 6.07911, 2.44949, -2.14982, 0, 6.08102, 6.07911, 6.07911, 6.07911, 6.07911, 6.07911, 6.07911, 6.07911, 6.07911, 6.07911, 6.07911, 6.07911, 6.07911, 6.07911, 6.07911, 6.07911, 6.07911, 6.07911, 6.07911, 6.07911, 6.14792, 6.07911
9.89514, 14, 6.16822, 6.0865, 4, 7.83178, 0, 6.08787, 6.0865, 6.0865, 6.0865, 6.0865, 6.0865, 6.0865, 6.0865, 6.0865, 6.0865, 6.0865, 6.0865, 6.0865, 6.0865, 6.0865, 6.0865, 6.0865, 6.0865, 6.0865, 6.0865, 6.16685, 6.0865
9.90302, 6, 6.18464, 6.08919, 2.82843, -0.184643, 0, 6.09017, 6.08919, 6.08919, 6.08919, 6.08919, 6.08919, 6.08919, 6.08919, 6.08919, 6.08919, 6.08919, 6.08919, 6.08919, 6.08919, 6.08919, 6.08919, 6.08919, 6.08919, 6.08919, 6.08919, 6.18367, 6.08919
9.9109, 16, 6.20048, 6.0884, 4.24264, 9.79952, 0, 6.08909, 6.0884, 6.0884, 6.0884, 6.0884, 6.0884, 6.0884, 6.0884, 6.0884, 6.0884, 6.0884, 6.0884, 6.0884, 6.0884, 6.0884, 6.0884, 6.0884, 6.0884, 6.0884, 6.0884, 6.19979, 6.0884
9.91879, 8, 6.21568, 6.08392, 3.16228, 1.78432, 0, 6.0844, 6.08392, 6.08392, 6.08392, 6.08392, 6.08392, 6.08392, 6.08392, 6.08392, 6.08392, 6.08392, 6.08392, 6.08392, 6.08392, 6.08392, 6.08392, 6.08392, 6.08392, 6.08392, 6.08392, 6.2152, 6.08392
9.92667, 10, 6.23125, 6.07662, 3.4641, 3.76875, 0, 6.07696, 6.07662, 6.07662, 6.07662, 6.07662, 6.07662, 6.07662, 6.07662, 6.07662, 6.07662, 6.07662, 6.07662, 6.07662, 6.07662, 6.07662, 6.07662, 6.07662, 6.07662, 6.07662, 6.07662, 6.23091, 6.07662
9.93455, 10, 6.24763, 6.06688, 3.4641, 3.75237, 0, 6.06711, 6.06688, 6.06688, 6.06688, 6.06688, 6.06688, 6.06688, 6.06688, 6.06688, 6.06688, 6.06688, 6.06688, 6.06688, 6.06688, 6.06688, 6.06688, 6.06688, 6.06688, 6.06688, 6.06688, 6.2474, 6.06688
9.94243, 6, 6.26556, 6.0554, 2.82843, -0.265559, 0, 6.05556, 6.0554, 6.0554, 6.0554, 6.0554, 6.0554, 6.0554, 6.0554, 6.0554, 6.0554, 6.0554, 6.0554, 6.0554, 6.0554, 6.0554, 6.0554, 6.0554, 6.0554, 6.0554, 6.0554, 6.2654, 6.0554
9.95032, 8, 6.28586, 6.04306, 3.16228, 1.71414, 0, 6.04317, 6.04306, 6.04306, 6.04306, 6.04306, 6.04306, 6.04306, 6.04306, 6.04306, 6.04306, 6.04306, 6.04306, 6.04306, 6.04306, 6.04306, 6.04306, 6.04306, 6.04306, 6.04306, 6.04306, 6.28574, 6.04306
9.9582, 6, 6.30925, 6.03073, 2.82843, -0.309252, 0, 6.03081, 6.03073, 6.03073, 6.03073, 6.03073, 6.03073, 6.03073, 6.03073, 6.03073, 6.03073, 6.03073, 6.03073, 6.03073, 6.03073, 6.03073, 6.03073, 6.03073, 6.03073, 6.03073, 6.03073, 6.30918, 6.03073
9.96608, 2, 6.33913, 6.02203, 2, -4.33913, 0, 6.02208, 6.02203, 6.02203, 6.02203, 6.02203, 6.02203, 6.02203, 6.02203, 6.02203, 6.02203, 6.02203, 6.02203, 6.02203, 6.02203, 6.02203, 6.02203, 6.02203, 6.02203, 6.02203, 6.02203, 6.33908, 6.02203
9.97396, 8, 6.36846, 6.01028, 3.16228, 1.63154, 0, 6.01031, 6.01028, 6.01028, 6.01028, 6.01028, 6.01028, 6.01028, 6.01028, 6.01028, 6.01028, 6.01028, 6.01028, 6.01028, 6.01028, 6.01028, 6.01028, 6.01028, 6.01028, 6.01028, 6.01028, 6.36843, 6.01028
9.98185, 8, 6.39729, 5.99596, 3.16228, 1.60271, 0, 5.99598, 5.99596, 5.99596, 5.99596, 5.99596, 5.99596, 5.99596, 5.99596, 5.99596, 5.99596, 5.99596, 5.99596, 5.99596, 5.99596, 5.99596, 5.99596, 5.99596, 5.99596, 5.99596, 5.99596, 6.39727, 5.99596
9.98973, 4, 6.42636, 5.98036, 2.44949, -2.42636, 0, 5.98038, 5.98036, 5.98036, 5.98036, 5.98036, 5.98036, 5.98036, 5.98036, 5.98036, 5.98036, 5.98036, 5.98036, 5.98036, 5.98036, 5.98036, 5.98036, 5.98036, 5.98037, 5.98036, 5.98036, 6.42635, 5.98036
9.99761, 4, 6.45632, 5.96479, 2.44949, -2.45632, 0, 5.9648, 5.96479, 5.96479, 5.96479, 5.96479, 5.96479, 5.96479, 5.96479, 5.96479, 5.96479, 5.96479, 5.96479, 5.96479, 5.96479, 5.96479, 5.96479, 5.96479, 5.96479, 5.96479, 5.96479, 6.45631, 5.96479
10.0055, 12, 6.49382, 5.95664, 3.74166, 5.50618, 0, 5.95665, 5.95664, 5.95664, 5.95664, 5.95664, 5.95664, 5.95664, 5.95664, 5.95664, 5.95664, 5.95664, 5.95664, 5.95664, 5.95664, 5.95664, 5.95664, 5.95664, 5.95664, 5.95664, 5.95664, 6.49381, 5.95664
10.0134, 8, 6.52739, 5.94525, 3.16228, 1.47261, 0, 5.94525, 5.94525, 5.94525, 5.94525, 5.94525, 5.94525, 5.94525, 5.94525, 5.94525, 5.94525, 5.94525, 5.94525, 5.94525, 5.94525, 5.94525, 5.94525, 5.94525, 5.94525, 5.94525, 5.94525, 6.52739, 5.94525
10.0213, 10, 6.55646, 5.93088, 3.4641, 3.44354, 0, 5.93088, 5.93088, 5.93088, 5.93088, 5.93088, 5.93088, 5.93088, 5.93088, 5.93088, 5.93088, 5.93088, 5.93088, 5.93088, 5.93088, 5.93088, 5.93088, 5.93088, 5.93088, 5.93088, 5.93088, 6.55645, 5.93088
10.0291, 12, 6.58162, 5.91504, 3.74166, 5.41838, 0, 5.91504, 5.91504, 5.91504, 5.91504, 5.91504, 5.91504, 5.91504, 5.91504, 5.91504, 5.91504, 5.91504, 5.91504, 5.91504, 5.91504, 5.91504, 5.91504, 5.91504, 5.91504, 5.91504, 5.91504, 6.58161, 5.91504
10.037, 12, 6.6035, 5.89922, 3.74166, 5.3965, 0, 5.89922, 5.89922, 5.89922, 5.89922, 5.89922, 5.89922, 5.89922, 5.89922, 5.89922, 5.89922, 5.89922, 5.89922, 5.89922, 5.89922, 5.89922, 5.89922, 5.89922, 5.89922, 5.89922, 5.89922, 6.6035, 5.89922
10.0449, 16, 6.62679, 5.88894, 4.24264, 9.37321, 0, 5.88894, 5.88894, 5.88894, 5.88894, 5.88894, 5.88894, 5.88894, 5.88894, 5.88894, 5.88894, 5.88894, 5.88894, 5.88894, 5.88894, 5.88894, 5.88894, 5.88894, 5.88894, 5.88894, 5.88894, 6.62679, 5.88894
10.0528, 12, 6.64323, 5.87672, 3.74166, 5.35677, 0, 5.87672, 5.87672, 5.87672, 5.87672, 5.87672, 5.87672, 5.87672, 5.87672, 5.87672, 5.87672, 5.87672, 5.87672, 5.87672, 5.87672, 5.87672, 5.87672, 5.87672, 5.87672, 5.87672, 5.87672, 6.64323, 5.87672
10.0607, 10, 6.65217, 5.86259, 3.4641, 3.34783, 0, 5.86259, 5.86259, 5.86259, 5.86259, 5.86259, 5.86259, 5.86259, 5.86259, 5.86259, 5.86259, 5.86259, 5.86259, 5.86259, 5.86259, 5.86259, 5.86259, 5.86259, 5.86259, 5.86259, 5.86259, 6.65217, 5.86259
10.0686, 12, 6.65372, 5.84719, 3.74166, 5.34628, 0, 5.84719, 5.84719, 5.84719, 5.84719, 5.84719, 5.84719, 5.84719, 5.84719, 5.84719, 5.84719, 5.84719, 5.84719, 5.84719, 5.84719, 5.84719, 5.84719, 5.84719, 5.84719, 5.84719, 5.84719, 6.65371, 5.84719
10.0764, 10, 6.64794, 5.83103, 3.4641, 3.35206, 0, 5.83103, 5.83103, 5.83103, 5.83103, 5.83103, 5.83103, 5.83103, 5.83103, 5.83103, 5.83103, 5.83103, 5.83103, 5.83103, 5.83103, 5.83103, 5.83103, 5.83103, 5.83103, 5.83103, 5.83103, 6.64794, 5.83103
10.0843, 10, 6.6349, 5.81441, 3.4641, 3.3651, 0, 5.81441, 5.81441, 5.81441, 5.81441, 5.81441, 5.81441, 5.81441, 5.81441, 5.81441, 5.81441, 5.81441, 5.81441, 5.81441, 5.81441, 5.81441, 5.81441, 5.81441, 5.81441, 5.81441, 5.81441, 6.6349, 5.81441
10.0922, 10, 6.61359, 5.79638, 3.4641, 3.38641, 0, 5.79638, 5.79638, 5.79638, 5.79638, 5.79638, 5.79638, 5.79638, 5.79638, 5.79638, 5.79638, 5.79638, 5.79638, 5.79638, 5.79638, 5.79638, 5.79638, 5.79638, 5.79638, 5.79638, 5.79638, 6.61359, 5.79638
10.1001, 6, 6.58422, 5.77708, 2.82843, -0.584223, 0, 5.77708, 5.77708, 5.77708, 5.77708, 5.77708, 5.77708, 5.77708, 5.77708, 5.77708, 5.77708, 5.77708, 5.77708, 5.77708, 5.77708, 5.77708, 5.77708, 5.77708, 5.77708, 5.77708, 5.77708, 6.58422, 5.77708
10.108, 10, 6.54685, 5.75628, 3.4641, 3.45315, 0, 5.75628, 5.75628, 5.75628, 5.75628, 5.75628, 5.75628, 5.75628, 5.75628, 5.75628, 5.75628, 5.75628, 5.75628, 5.75628, 5.75628, 5.75628, 5.75628, 5.75628, 5.75628, 5.75628, 5.75628, 6.54685, 5.75628
10.1159, 16, 6.50223, 5.73433, 4.24264, 9.49777, 0, 5.73433, 5.73433, 5.73433, 5.73433, 5.73433, 5.73433, 5.73433, 5.73433, 5.73433, 5.73433, 5.73433, 5.73433, 5.73433, 5.73433, 5.73433, 5.73433, 5.73433, 5.73433, 5.73433, 5.73433, 6.50223, 5.73433
10.1237, 8, 6.45153, 5.71182, 3.16228, 1.54847, 0, 5.71182, 5.71182, 5.71182, 5.71182, 5.71182, 5.71182, 5.71182, 5.71182, 5.71182, 5.71182, 5.71182, 5.71182, 5.71182, 5.71182, 5.71182, 5.71182, 5.71182, 5.71183, 5.71182, 5.71182, 6.45153, 5.71182
10.1316, 6, 6.39605, 5.68936, 2.82843, -0.396046, 0, 5.68936, 5.68936, 5.68936, 5.68936, 5.68936, 5.68936, 5.68936, 5.68936, 5.68936, 5.68936, 5.68936, 5.68936, 5.68936, 5.68936, 5.68936, 5.68936, 5.68936, 5.68936, 5.68936, 5.68936, 6.39605, 5.68936
10.1395, 2, 6.34023, 5.67062, 2, -4.34023, 0, 5.67062, 5.67062, 5.67062, 5.67062, 5.67062, 5.67062, 5.67062, 5.67062, 5.67062, 5.67062, 5.67062, 5.67062, 5.67062, 5.67062, 5.67062, 5.67062, 5.67062, 5.67062, 5.67062, 5.67062, 6.34023, 5.67062
10.1474, 8, 6.27901, 5.64968, 3.16228, 1.72099, 0, 5.64968, 5.64968, 5.64968, 5.64968, 5.64968, 5.64968, 5.64968, 5.64968, 5.64968, 5.64968, 5.64968, 5.64968, 5.64968, 5.64968, 5.64968, 5.64968, 5.64968, 5.64968, 5.64968, 5.64968, 6.27901, 5.64968
10.1553, 6, 6.21347, 5.62676, 2.82843, -0.213469, 0, 5.62676, 5.62676, 5.62676, 5.62676, 5.62676, 5.62676, 5.62676, 5.62676, 5.62676, 5.62676, 5.62676, 5.62676, 5.62676, 5.62676, 5.62676, 5.62676, 5.62676, 5.62676, 5.62676, 5.62676, 6.21347, 5.62676
10.1632, 14, 6.14552, 5.60288, 4, 7.85448, 0, 5.60288, 5.60288, 5.60288, 5.60288, 5.60288, 5.60288, 5.60288, 5.60288, 5.60288, 5.60288, 5.60288, 5.60288, 5.60288, 5.60288, 5.60288, 5.60288, 5.60288, 5.60288, 5.60288, 5.60288, 6.14551, 5.60288
10.171, 2, 6.07702, 5.57905, 2, -4.07702, 0, 5.57905, 5.57905, 5.57905, 5.57905, 5.57905, 5.57905, 5.57905, 5.57905, 5.57905, 5.57905, 5.57905, 5.57905, 5.57905, 5.57905, 5.57905, 5.57905, 5.57905, 5.57905, 5.57905, 5.57905, 6.07702, 5.57905
10.1789, 4, 6.01475, 5.56124, 2.44949, -2.01475, 0, 5.56124, 5.56124, 5.56124, 5.56124, 5.56124, 5.56124, 5.56124, 5.56124, 5.56124, 5.56124, 5.56124, 5.56124, 5.56124, 5.56124, 5.56124, 5.56124, 5.56124, 5.56124, 5.56124, 5.56124, 6.01475, 5.56124
10.1868, 2, 5.95043, 5.54042, 2, -3.95043, 0, 5.54042, 5.54042, 5.54042, 5.54042, 5.54042, 5.54042, 5.54042, 5.54042, 5.54042, 5.54042, 5.54042, 5.54042, 5.54042, 5.54042, 5.54042, 5.54042, 5.54042, 5.54042, 5.54042, 5.54042, 5.95043, 5.54042
10.1947, 8, 5.88508, 5.51696, 3.16228, 2.11492, 0, 5.51696, 5.51696, 5.51696, 5.51696, 5.51696, 5.51696, 5.51696, 5.51696, 5.51696, 5.51696, 5.51696, 5.51696, 5.51696, 5.51696, 5.51696, 5.51696, 5.51696, 5.51696, 5.51696, 5.51696, 5.88508, 5.51696
10.2026, 14, 5.82062, 5.4922, 4, 8.17938, 0, 5.4922, 5.4922, 5.4922, 5.4922, 5.4922, 5.4922, 5.4922, 5.4922, 5.4922, 5.4922, 5.4922, 5.4922, 5.4922, 5.4922, 5.4922, 5.4922, 5.4922, 5.4922, 5.4922, 5.4922, 5.82062, 5.4922
10.2104, 4, 5.75885, 5.4675, 2.44949, -1.75885, 0, 5.4675, 5.4675, 5.4675, 5.4675, 5.4675, 5.4675, 5.4675, 5.4675, 5.4675, 5.4675, 5.4675, 5.4675, 5.4675, 5.4675, 5.4675, 5.4675, 5.4675, 5.4675, 5.4675, 5.4675, 5.75885, 5.4675
10.2183, 4, 5.70814, 5.45088, 2.44949, -1.70814, 0, 5.45088, 5.45088, 5.45088, 5.45088, 5.45088, 5.45088, 5.45088, 5.45088, 5.45088, 5.45088, 5.45088, 5.45088, 5.45088, 5.45088, 5.45088, 5.45088, 5.45088, 5.45089, 5.45088, 5.45088, 5.70814, 5.45088
10.2262, 10, 5.65705, 5.43064, 3.4641, 4.34295, 0, 5.43064, 5.43064, 5.43064, 5.43064, 5.43064, 5.43064, 5.43064, 5.43064, 5.43064, 5.43064, 5.43064, 5.43064, 5.43064, 5.43064, 5.43064, 5.43064, 5.43064, 5.43064, 5.43064, 5.43064, 5.65705, 5.43064
10.2341, 2, 5.60611, 5.40716, 2, -3.60611, 0, 5.40716, 5.40716, 5.40716, 5.40716, 5.40716, 5.40716, 5.40716, 5.40716, 5.40716, 5.40716, 5.40716, 5.40716, 5.40716, 5.40716, 5.40716, 5.40716, 5.40716, 5.40716, 5.40716, 5.40716, 5.60611, 5.40716
10.242, 8, 5.55705, 5.38209, 3.16228, 2.44295, 0, 5.38209, 5.38209, 5.38209, 5.38209, 5.38209, 5.38209, 5.38209, 5.38209, 5.38209, 5.38209, 5.38209, 5.38209, 5.38209, 5.38209, 5.38209, 5.38209, 5.38209, 5.38209, 5.38209, 5.38209, 5.55705, 5.38209
10.2499, 6, 5.51149, 5.35708, 2.82843, 0.488512, 0, 5.35708, 5.35708, 5.35708, 5.35708, 5.35708, 5.35708, 5.35708, 5.35708, 5.35708, 5.35708, 5.35708, 5.35708, 5.35708, 5.35708, 5.35708, 5.35708, 5.35708, 5.35708, 5.35708, 5.35708, 5.51149, 5.35708
10.2577, 18, 5.47797, 5.34076, 4.47214, 12.522, 0, 5.34076, 5.34076, 5.34076, 5.34076, 5.34076, 5.34076, 5.34076, 5.34076, 5.34076, 5.34076, 5.34076, 5.34076, 5.34076, 5.34076, 5.34076, 5.34076, 5.34076, 5.34076, 5.34076, 5.34076, 5.47797, 5.34076
10.2656, 10, 5.44369, 5.32045, 3.4641, 4.55631, 0, 5.32045, 5.32045, 5.32045, 5.32045, 5.32045, 5.32045, 5.32045, 5.32045, 5.32045, 5.32045, 5.32045, 5.32045, 5.32045, 5.32045, 5.32045, 5.32045, 5.32045, 5.32046, 5.32045, 5.32045, 5.44369, 5.32045
10.2735, 6, 5.40888, 5.2966, 2.82843, 0.591123, 0, 5.2966, 5.2966, 5.2966, 5.2966, 5.2966, 5.2966, 5.2966, 5.2966, 5.2966, 5.2966, 5.2966, 5.2966, 5.2966, 5.2966, 5.2966, 5.2966, 5.2966, 5.2966, 5.2966, 5.2966, 5.40888, 5.2966
10.2814, 4, 5.37512, 5.27101, 2.44949, -1.37512, 0, 5.27101, 5.27101, 5.27101, 5.27101, 5.27101, 5.27101, 5.27101, 5.27101, 5.27101, 5.27101, 5.27101, 5.27101, 5.27101, 5.27101, 5.27101, 5.27101, 5.27101, 5.27101, 5.27101, 5.27101, 5.37511, 5.27101
10.2893, 12, 5.34395, 5.24547, 3.74166, 6.65605, 0, 5.24547, 5.24547, 5.24547, 5.24547, 5.24547, 5.24547, 5.24547, 5.24547, 5.24547, 5.24547, 5.24547, 5.24547, 5.24547, 5.24547, 5.24547, 5.24547, 5.24547, 5.24547, 5.24547, 5.24547, 5.34395, 5.24547
10.2972, 10, 5.32503, 5.22994, 3.4641, 4.67497, 0, 5.22994, 5.22994, 5.22994, 5.22994, 5.22994, 5.22994, 5.22994, 5.22994, 5.22994, 5.22994, 5.22994, 5.22994, 5.22994, 5.22994, 5.22994, 5.22994, 5.22994, 5.22994, 5.22994, 5.22994, 5.32503, 5.22994
10.305, 6, 5.30372, 5.21006, 2.82843, 0.696282, 0, 5.21006, 5.21006, 5.21006, 5.21006, 5.21006, 5.21006, 5.21006, 5.21006, 5.21006, 5.21006, 5.21006, 5.21006, 5.21006, 5.21006, 5.21006, 5.21006, 5.21006, 5.21006, 5.21006, 5.21006, 5.30372, 5.21006
10.3129, 14, 5.28019, 5.18629, 4, 8.71981, 0, 5.18629, 5.18629, 5.18629, 5.18629, 5.18629, 5.18629, 5.18629, 5.18629, 5.18629, 5.18629, 5.18629, 5.18629, 5.18629, 5.18629, 5.18629, 5.18629, 5.18629, 5.1863, 5.18629, 5.18629, 5.28019, 5.18629
10.3208, 8, 5.25612, 5.16063, 3.16228, 2.74388, 0, 5.16063, 5.16063, 5.16063, 5.16063, 5.16063, 5.16063, 5.16063, 5.16063, 5.16063, 5.16063, 5.16063, 5.16063, 5.16063, 5.16063, 5.16063, 5.16063, 5.16063, 5.16063, 5.16063, 5.16063, 5.25612, 5.16063
10.3287, 8, 5.23318, 5.13504, 3.16228, 2.76682, 0, 5.13504, 5.13504, 5.13504, 5.13504, 5.13504, 5.13504, 5.13504, 5.13504, 5.13504, 5.13504, 5.13504, 5.13504, 5.13504, 5.13504, 5.13504, 5.13504, 5.13504, 5.13504, 5.13504, 5.13504, 5.23318, 5.13504
10.3366, 12, 5.22134, 5.11977, 3.74166, 6.77866, 0, 5.11977, 5.11977, 5.11977, 5.11977, 5.11977, 5.11977, 5.11977, 5.11977, 5.11977, 5.11977, 5.11977, 5.11977, 5.11977, 5.11977, 5.11977, 5.11977, 5.11977, 5.11977, 5.11977, 5.11977, 5.22134, 5.11977
10.3445, 6, 5.20533, 5.09984, 2.82843, 0.794669, 0, 5.09984, 5.09984, 5.09984, 5.09984, 5.09984, 5.09984, 5.09984, 5.09984, 5.09984, 5.09984, 5.09984, 5.09984, 5.09984, 5.09984, 5.09984, 5.09984, 5.09984, 5.09984, 5.09984, 5.09984, 5.20533, 5.09984
10.3523, 16, 5.1854, 5.07576, 4.24264, 10.8146, 0, 5.07576, 5.07576, 5.07576, 5.07576, 5.07576, 5.07576, 5.07576, 5.07576, 5.07576, 5.07576, 5.07576, 5.07576, 5.07576, 5.07576, 5.07576, 5.07576, 5.07576, 5.07576, 5.07576, 5.07576, 5.1854, 5.07576
10.3602, 8, 5.16344, 5.04965, 3.16228, 2.83656, 0, 5.04965, 5.04965, 5.04965, 5.04965, 5.04965, 5.04965, 5.04965, 5.04965, 5.04965, 5.04965, 5.04965, 5.04965, 5.04965, 5.04965, 5.04965, 5.04965, 5.04965, 5.04965, 5.04965, 5.04965, 5.16344, 5.04965
10.3681, 10, 5.1413, 5.0236, 3.4641, 4.8587, 0, 5.0236, 5.0236, 5.0236, 5.0236, 5.0236, 5.0236, 5.0236, 5.0236, 5.0236, 5.0236, 5.0236, 5.0236, 5.0236, 5.0236, 5.0236, 5.0236, 5.0236, 5.0236, 5.0236, 5.0236, 5.1413, 5.0236
10.376, 16, 5.1303, 5.00911, 4.24264, 10.8697, 0, 5.00911, 5.00911, 5.00911, 5.00911, 5.00911, 5.00911, 5.00911, 5.00911, 5.00911, 5.00911, 5.00911, 5.00911, 5.00911, 5.00911, 5.00911, 5.00911, 5.00911, 5.00911, 5.00911, 5.00911, 5.1303, 5.00911
10.3839, 6, 5.11368, 4.9896, 2.82843, 0.88632, 0, 4.9896, 4.9896, 4.9896, 4.9896, 4.9896, 4.9896, 4.9896, 4.9896, 4.9896, 4.9896, 4.9896, 4.9896, 4.9896, 4.9896, 4.9896, 4.9896, 4.9896, 4.9896, 4.9896, 4.9896, 5.11368, 4.9896
10.3918, 10, 5.09187, 4.96563, 3.4641, 4.90813, 0, 4.96563, 4.96563, 4.96563, 4.96563, 4.96563, 4.96563, 4.96563, 4.96563, 4.96563, 4.96563, 4.96563, 4.96563, 4.96563, 4.96563, 4.96563, 4.96563, 4.96563, 4.96563, 4.96563, 4.96563, 5.09187, 4.96563
10.3996, 10, 5.06703, 4.93947, 3.4641, 4.93297, 0, 4.93947, 4.93947, 4.93947, 4.93947, 4.93947, 4.93947, 4.93947, 4.93947, 4.93947, 4.93947, 4.93947, 4.93947, 4.93947, 4.93947, 4.93947, 4.93947, 4.93947, 4.93947, 4.93947, 4.93947, 5.06703, 4.93947
10.4075, 8, 5.04134, 4.91338, 3.16228, 2.95866, 0, 4.91338, 4.91338, 4.91338, 4.91338, 4.91338, 4.91338, 4.91338, 4.91338, 4.91338, 4.91338, 4.91338, 4.91338, 4.91338, 4.91338, 4.91338, 4.91338, 4.91338, 4.91338, 4.91338, 4.91338, 5.04134, 4.91338
10.4154, 2, 5.02661, 4.8992, 2, -3.02661, 0, 4.8992, 4.8992, 4.8992, 4.8992, 4.8992, 4.8992, 4.8992, 4.8992, 4.8992, 4.8992, 4.8992, 4.8992, 4.8992, 4.8992, 4.8992, 4.8992, 4.8992, 4.8992, 4.8992, 4.8992, 5.02661, 4.8992
10.4233, 16, 5.00558, 4.87969, 4.24264, 10.9944, 0, 4.87969, 4.87969, 4.87969, 4.87969, 4.87969, 4.87969, 4.87969, 4.87969, 4.87969, 4.87969, 4.87969, 4.87969, 4.87969, 4.87969, 4.87969, 4.87969, 4.87969, 4.87969, 4.87969, 4.87969, 5.00558, 4.87969
10.4312, 10, 4.97889, 4.85546, 3.4641, 5.02111, 0, 4.85546, 4.85546, 4.85546, 4.85546, 4.85546, 4.85546, 4.85546, 4.85546, 4.85546, 4.85546, 4.85546, 4.85546, 4.85546, 4.85546, 4.85546, 4.85546, 4.85546, 4.85546, 4.85546, 4.85546, 4.97889, 4.85546
10.439, 6, 4.949, 4.82892, 2.82843, 1.051, 0, 4.82892, 4.82892, 4.82892, 4.82892, 4.82892, 4.82892, 4.82892, 4.82892, 4.82892, 4.82892, 4.82892, 4.82892, 4.82892, 4.82892, 4.82892, 4.82892, 4.82892, 4.82892, 4.82892, 4.82892, 4.949, 4.82892
10.4469, 8, 4.91837, 4.80245, 3.16228, 3.08163, 0, 4.80245, 4.80245, 4.80245, 4.80245, 4.80245, 4.80245, 4.80245, 4.80245, 4.80245, 4.80245, 4.80245, 4.80245, 4.80245, 4.80245, 4.80245, 4.80245, 4.80245, 4.80245, 4.80245, 4.80245, 4.91837, 4.80245
10.4548, 12, 4.90007, 4.78903, 3.74166, 7.09993, 0, 4.78903, 4.78903, 4.78903, 4.78903, 4.78903, 4.78903, 4.78903, 4.78903, 4.78903, 4.78903, 4.78903, 4.78903, 4.78903, 4.78903, 4.78903, 4.78903, 4.78903, 4.78903, 4.78903, 4.78903, 4.90007, 4.78903
10.4627, 6, 4.87549, 4.76994, 2.82843, 1.12451, 0, 4.76994, 4.76994, 4.76994, 4.76994, 4.76994, 4.76994, 4.76994, 4.76994, 4.76994, 4.76994, 4.76994, 4.76994, 4.76994, 4.76994, 4.76994, 4.76994, 4.76994, 4.76994, 4.76994, 4.76994, 4.87549, 4.76994
10.4706, 0, 4.84544, 4.74583, 1.41421, -4.84544, 0, 4.74583, 4.74583, 4.74583, 4.74583, 4.74583, 4.74583, 4.74583, 4.74583, 4.74583, 4.74583, 4.74583, 4.74583, 4.74583, 4.74583, 4.74583, 4.74583, 4.74583, 4.74583, 4.74583, 4.74583, 4.84543, 4.74583
10.4785, 6, 4.81259, 4.71927, 2.82843, 1.18741, 0, 4.71927, 4.71927, 4.71927, 4.71927, 4.71927, 4.71927, 4.71927, 4.71927, 4.71927, 4.71927, 4.71927, 4.71927, 4.71927, 4.71927, 4.71927, 4.71927, 4.71927, 4.71927, 4.71927, 4.71927, 4.81259, 4.71927
10.4863, 0, 4.77963, 4.69279, 1.41421, -4.77963, 0, 4.69279, 4.69279, 4.69279, 4.69279, 4.69279, 4.69279, 4.69279, 4.69279, 4.69279, 4.69279, 4.69279, 4.69279, 4.69279, 4.69279, 4.69279, 4.69279, 4.69279, 4.69279, 4.69279, 4.69279, 4.77963, 4.69279
10.4942, 6, 4.76003, 4.67972, 2.82843, 1.23997, 0, 4.67972, 4.67972, 4.67972, 4.67972, 4.67972, 4.67972, 4.67972, 4.67972, 4.67972, 4.67972, 4.67972, 4.67972, 4.67972, 4.67972, 4.67972, 4.67972, 4.67972, 4.67973, 4.67972, 4.67972, 4.76003, 4.67972
10.5021, 6, 4.73458, 4.6607, 2.82843, 1.26542, 0, 4.6607, 4.6607, 4.6607, 4.6607, 4.6607, 4.6607, 4.6607, 4.6607, 4.6607, 4.6607, 4.6607, 4.6607, 4.6607, 4.6607, 4.6607, 4.6607, 4.6607, 4.6607, 4.6607, 4.6607, 4.73458, 4.6607
10.51, 6, 4.70408, 4.63642, 2.82843, 1.29592, 0, 4.63642, 4.63642, 4.63642, 4.63642, 4.63642, 4.63642, 4.63642, 4.63642, 4.63642, 4.63642, 4.63642, 4.63642, 4.63642, 4.63642, 4.63642, 4.63642, 4.63642, 4.63642, 4.63642, 4.63642, 4.70408, 4.63642
10.5179, 8, 4.67135, 4.60956, 3.16228, 3.32865, 0, 4.60956, 4.60956, 4.60956, 4.60956, 4.60956, 4.60956, 4.60956, 4.60956, 4.60956, 4.60956, 4.60956, 4.60956, 4.60956, 4.60956, 4.60956, 4.60956, 4.60956, 4.60956, 4.60956, 4.60956, 4.67135, 4.60956
10.5258, 2, 4.63916, 4.58278, 2, -2.63916, 0, 4.58278, 4.58278, 4.58278, 4.58278, 4.58278, 4.58278, 4.58278, 4.58278, 4.58278, 4.58278, 4.58278, 4.58278, 4.58278, 4.58278, 4.58278, 4.58278, 4.58278, 4.58278, 4.58278, 4.58278, 4.63916, 4.58278
10.5336, 16, 4.62198, 4.57045, 4.24264, 11.378, 0, 4.57045, 4.57045, 4.57045, 4.57045, 4.57045, 4.57045, 4.57045, 4.57045, 4.57045, 4.57045, 4.57045, 4.57045, 4.57045, 4.57045, 4.57045, 4.57045, 4.57045, 4.57045, 4.57045, 4.57045, 4.62198, 4.57045
10.5415, 4, 4.59917, 4.55185, 2.44949, -0.599173, 0, 4.55185, 4.55185, 4.55185, 4.55185, 4.55185, 4.55185, 4.55185, 4.55185, 4.55185, 4.55185, 4.55185, 4.55185, 4.55185, 4.55185, 4.55185, 4.55185, 4.55185, 4.55185, 4.55185, 4.55185, 4.59917, 4.55185
10.5494, 8, 4.57154, 4.52771, 3.16228, 3.42846, 0, 4.52771, 4.52771, 4.52771, 4.52771, 4.52771, 4.52771, 4.52771, 4.52771, 4.52771, 4.52771, 4.52771, 4.52771, 4.52771, 4.52771, 4.52771, 4.52771, 4.52771, 4.52771, 4.52771, 4.52771, 4.57154, 4.52771
10.5573, 4, 4.54198, 4.50085, 2.44949, -0.541975, 0, 4.50085, 4.50085, 4.50085, 4.50085, 4.50085, 4.50085, 4.50085, 4.50085, 4.50085, 4.50085, 4.50085, 4.50085, 4.50085, 4.50085, 4.50085, 4.50085, 4.50085, 4.50085, 4.50085, 4.50085, 4.54197, 4.50085
10.5652, 10, 4.51331, 4.47408, 3.4641, 5.48669, 0, 4.47408, 4.47408, 4.47408, 4.47408, 4.47408, 4.47408, 4.47408, 4.47408, 4.47408, 4.47408, 4.47408, 4.47408, 4.47408, 4.47408, 4.47408, 4.47408, 4.47408, 4.47408, 4.47408, 4.47408, 4.51331, 4.47408
10.5731, 4, 4.50036, 4.46217, 2.44949, -0.500365, 0, 4.46217, 4.46217, 4.46217, 4.46217, 4.46217, 4.46217, 4.46217, 4.46217, 4.46217, 4.46217, 4.46217, 4.46217, 4.46217, 4.46217, 4.46217, 4.46217, 4.46217, 4.46217, 4.46217, 4.46217, 4.50036, 4.46217
10.5809, 4, 4.48174, 4.44372, 2.44949, -0.481735, 0, 4.44372, 4.44372, 4.44372, 4.44372, 4.44372, 4.44372, 4.44372, 4.44372, 4.44372, 4.44372, 4.44372, 4.44372, 4.44372, 4.44372, 4.44372, 4.44372, 4.44372, 4.44372, 4.44372, 4.44372, 4.48173, 4.44372
10.5888, 12, 4.45821, 4.41949, 3.74166, 7.54179, 0, 4.41949, 4.41949, 4.41949, 4.41949, 4.41949, 4.41949, 4.41949, 4.41949, 4.41949, 4.41949, 4.41949, 4.41949, 4.41949, 4.41949, 4.41949, 4.41949, 4.41949, 4.41949, 4.41949, 4.41949, 4.4582, 4.41949
10.5967, 4, 4.43271, 4.39243, 2.44949, -0.432708, 0, 4.39243, 4.39243, 4.39243, 4.39243, 4.39243, 4.39243, 4.39243, 4.39243, 4.39243, 4.39243, 4.39243, 4.39243, 4.39243, 4.39243, 4.39243, 4.39243, 4.39243, 4.39243, 4.39243, 4.39243, 4.43271, 4.39243
10.6046, 8, 4.40813, 4.36545, 3.16228, 3.59187, 0, 4.36545, 4.36545, 4.36545, 4.36545, 4.36545, 4.36545, 4.36545, 4.36545, 4.36545, 4.36545, 4.36545, 4.36545, 4.36545, 4.36545, 4.36545, 4.36545, 4.36545, 4.36545, 4.36545, 4.36545, 4.40813, 4.36545
10.6125, 8, 4.40015, 4.35426, 3.16228, 3.59985, 0, 4.35426, 4.35426, 4.35426, 4.35426, 4.35426, 4.35426, 4.35426, 4.35426, 4.35426, 4.35426, 4.35426, 4.35426, 4.35426, 4.35426, 4.35426, 4.35426, 4.35426, 4.35426, 4.35426, 4.35426, 4.40015, 4.35426
10.6204, 6, 4.38605, 4.33621, 2.82843, 1.61395, 0, 4.33621, 4.33621, 4.33621, 4.33621, 4.33621, 4.33621, 4.33621, 4.33621, 4.33621, 4.33621, 4.33621, 4.33621, 4.33621, 4.33621, 4.33621, 4.33621, 4.33621, 4.33622, 4.33621, 4.33621, 4.38605, 4.33621
10.6282, 8, 4.36662, 4.31214, 3.16228, 3.63338, 0, 4.31214, 4.31214, 4.31214, 4.31214, 4.31214, 4.31214, 4.31214, 4.31214, 4.31214, 4.31214, 4.31214, 4.31214, 4.31214, 4.31214, 4.31214, 4.31214, 4.31214, 4.31214, 4.31214, 4.31214, 4.36662, 4.31214
10.6361, 10, 4.34483, 4.28511, 3.4641, 5.65517, 0, 4.28511, 4.28511, 4.28511, 4.28511, 4.28511, 4.28511, 4.28511, 4.28511, 4.28511, 4.28511, 4.28511, 4.28511, 4.28511, 4.28511, 4.28511, 4.28511, 4.28511, 4.28511, 4.28511, 4.28511, 4.34483, 4.28511
10.644, 12, 4.32364, 4.25816, 3.74166, 7.67636, 0, 4.25816, 4.25816, 4.25816, 4.25816, 4.25816, 4.25816, 4.25816, 4.25816, 4.25816, 4.25816, 4.25816, 4.25816, 4.25816, 4.25816, 4.25816, 4.25816, 4.25816, 4.25816, 4.25816, 4.25816, 4.32364, 4.25816
10.6519, 8, 4.3191, 4.24747, 3.16228, 3.6809, 0, 4.24747, 4.24747, 4.24747, 4.24747, 4.24747, 4.24747, 4.24747, 4.24747, 4.24747, 4.24747, 4.24747, 4.24747, 4.24747, 4.24747, 4.24747, 4.24747, 4.24747, 4.24747, 4.24747, 4.24747, 4.3191, 4.24747
10.6598, 4, 4.30773, 4.22965, 2.44949, -0.307732, 0, 4.22965, 4.22965, 4.22965, 4.22965, 4.22965, 4.22965, 4.22965, 4.22965, 4.22965, 4.22965, 4.22965, 4.22965, 4.22965, 4.22965, 4.22965, 4.22965, 4.22965, 4.22965, 4.22965, 4.22965, 4.30773, 4.22965
10.6677, 12, 4.29026, 4.20558, 3.74166, 7.70974, 0, 4.20558, 4.20558, 4.20558, 4.20558, 4.20558, 4.20558, 4.20558, 4.20558, 4.20558, 4.20558, 4.20558, 4.20558, 4.20558, 4.20558, 4.20558, 4.20558, 4.20558, 4.20558, 4.20558, 4.20558, 4.29026, 4.20558
10.6755, 4, 4.26974, 4.17844, 2.44949, -0.269738, 0, 4.17844, 4.17844, 4.17844, 4.17844, 4.17844, 4.17844, 4.17844, 4.17844, 4.17844, 4.17844, 4.17844, 4.17844, 4.17844, 4.17844, 4.17844, 4.17844, 4.17844, 4.17844, 4.17844, 4.17844, 4.26974, 4.17844
10.6834, 14, 4.24918, 4.15139, 4, 9.75082, 0, 4.15139, 4.15139, 4.15139, 4.15139, 4.15139, 4.15139, 4.15139, 4.15139, 4.15139, 4.15139, 4.15139, 4.15139, 4.15139, 4.15139, 4.15139, 4.15139, 4.15139, 4.15139, 4.15139, 4.15139, 4.24918, 4.15139
10.6913, 8, 4.24538, 4.14138, 3.16228, 3.75462, 0, 4.14138, 4.14138, 4.14138, 4.14138, 4.14138, 4.14138, 4.14138, 4.14138, 4.14138, 4.14138, 4.14138, 4.14138, 4.14138, 4.14138, 4.14138, 4.14138, 4.14138, 4.14138, 4.14138, 4.14138, 4.24538, 4.14138
10.6992, 2, 4.23377, 4.12397, 2, -2.23377, 0, 4.12397, 4.12397, 4.12397, 4.12397, 4.12397, 4.12397, 4.12397, 4.12397, 4.12397, 4.12397, 4.12397, 4.12397, 4.12397, 4.12397, 4.12397, 4.12397, 4.12397, 4.12397, 4.12397, 4.12397, 4.23377, 4.12397
10.7071, 2, 4.21512, 4.10006, 2, -2.21512, 0, 4.10006, 4.10006, 4.10006, 4.10006, 4.10006, 4.10006, 4.10006, 4.10006, 4.10006, 4.10006, 4.10006, 4.10006, 4.10006, 4.10006, 4.10006, 4.10006, 4.10006, 4.10006, 4.10006, 4.10006, 4.21512, 4.10006
10.7149, 4, 4.19262, 4.07298, 2.44949, -0.192616, 0, 4.07298, 4.07298, 4.07298, 4.07298, 4.07298, 4.07298, 4.07298, 4.07298, 4.07298, 4.07298, 4.07298, 4.07298, 4.07298, 4.07298, 4.07298, 4.07298, 4.07298, 4.07298, 4.07298, 4.07298, 4.19262, 4.07298
10.7228, 2, 4.16941, 4.04598, 2, -2.16941, 0, 4.04598, 4.04598, 4.04598, 4.04598, 4.04598, 4.04598, 4.04598, 4.04598, 4.04598, 4.04598, 4.04598, 4.04598, 4.04598, 4.04598, 4.04598, 4.04598, 4.04598, 4.04598, 4.04598, 4.04598, 4.16941, 4.04598
10.7307, 2, 4.16286, 4.03653, 2, -2.16286, 0, 4.03653, 4.03653, 4.03653, 4.03653, 4.03653, 4.03653, 4.03653, 4.03653, 4.03653, 4.03653, 4.03653, 4.03653, 4.03653, 4.03653, 4.03653, 4.03653, 4.03653, 4.03653, 4.03653, 4.03653, 4.16286, 4.03653
10.7386, 10, 4.14771, 4.01943, 3.4641, 5.85229, 0, 4.01943, 4.01943, 4.01943, 4.01943, 4.01943, 4.01943, 4.01943, 4.01943, 4.01943, 4.01943, 4.01943, 4.01943, 4.01943, 4.01943, 4.01943, 4.01943, 4.01943, 4.01943, 4.01943, 4.01943, 4.14771, 4.01943
10.7465, 14, 4.12486, 3.99562, 4, 9.87514, 0, 3.99562, 3.99562, 3.99562, 3.99562, 3.99562, 3.99562, 3.99562, 3.99562, 3.99562, 3.99562, 3.99562, 3.99562, 3.99562, 3.99562, 3.99562, 3.99562, 3.99562, 3.99562, 3.99562, 3.99562, 4.12486, 3.99562
10.7544, 8, 4.09768, 3.96853, 3.16228, 3.90232, 0, 3.96853, 3.96853, 3.96853, 3.96853, 3.96853, 3.96853, 3.96853, 3.96853, 3.96853, 3.96853, 3.96853, 3.96853, 3.96853, 3.96853, 3.96853, 3.96853, 3.96853, 3.96853, 3.96853, 3.96853, 4.09768, 3.96853
10.7622, 10, 4.06957, 3.94153, 3.4641, 5.93043, 0, 3.94153, 3.94153, 3.94153, 3.94153, 3.94153, 3.94153, 3.94153, 3.94153, 3.94153, 3.94153, 3.94153, 3.94153, 3.94153, 3.94153, 3.94153, 3.94153, 3.94153, 3.94153, 3.94153, 3.94153, 4.06957, 3.94153
10.7701, 6, 4.05865, 3.93272, 2.82843, 1.94135, 0, 3.93272, 3.93272, 3.93272, 3.93272, 3.93272, 3.93272, 3.93272, 3.93272, 3.93272, 3.93272, 3.93272, 3.93272, 3.93272, 3.93272, 3.93272, 3.93272, 3.93272, 3.93272, 3.93272, 3.93272, 4.05865, 3.93272
10.778, 10, 4.03888, 3.91602, 3.4641, 5.96112, 0, 3.91602, 3.91602, 3.91602, 3.91602, 3.91602, 3.91602, 3.91602, 3.91602, 3.91602, 3.91602, 3.91602, 3.91602, 3.91602, 3.91602, 3.91602, 3.91602, 3.91602, 3.91602, 3.91602, 3.91602, 4.03888, 3.91602
10.7859, 8, 4.01132, 3.89239, 3.16228, 3.98868, 0, 3.89239, 3.89239, 3.89239, 3.89239, 3.89239, 3.89239, 3.89239, 3.89239, 3.89239, 3.89239, 3.89239, 3.89239, 3.89239, 3.89239, 3.89239, 3.89239, 3.89239, 3.89239, 3.89239, 3.89239, 4.01132, 3.89239
10.7938, 2, 3.97958, 3.86537, 2, -1.97958, 0, 3.86537, 3.86537, 3.86537, 3.86537, 3.86537, 3.86537, 3.86537, 3.86537, 3.86537, 3.86537, 3.86537, 3.86537, 3.86537, 3.86537, 3.86537, 3.86537, 3.86537, 3.86537, 3.86537, 3.86537, 3.97957, 3.86537
10.8017, 6, 3.94725, 3.83844, 2.82843, 2.05275, 0, 3.83844, 3.83844, 3.83844, 3.83844, 3.83844, 3.83844, 3.83844, 3.83844, 3.83844, 3.83844, 3.83844, 3.83844, 3.83844, 3.83844, 3.83844, 3.83844, 3.83844, 3.83844, 3.83844, 3.83844, 3.94725, 3.83844
10.8095, 4, 3.93365, 3.83078, 2.44949, 0.0663509, 0, 3.83078, 3.83078, 3.83078, 3.83078, 3.83078, 3.83078, 3.83078, 3.83078, 3.83078, 3.83078, 3.83078, 3.83078, 3.83078, 3.83078, 3.83078, 3.83078, 3.83078, 3.83079, 3.83078, 3.83078, 3.93365, 3.83078
10.8174, 8, 3.91116, 3.81467, 3.16228, 4.08884, 0, 3.81467, 3.81467, 3.81467, 3.81467, 3.81467, 3.81467, 3.81467, 3.81467, 3.81467, 3.81467, 3.81467, 3.81467, 3.81467, 3.81467, 3.81467, 3.81467, 3.81467, 3.81467, 3.81467, 3.81467, 3.91116, 3.81467
10.8253, 14, 3.88092, 3.7911, 4, 10.1191, 0, 3.7911, 3.7911, 3.7911, 3.7911, 3.7911, 3.7911, 3.7911, 3.7911, 3.7911, 3.7911, 3.7911, 3.7911, 3.7911, 3.7911, 3.7911, 3.7911, 3.7911, 3.7911, 3.7911, 3.7911, 3.88092, 3.7911
10.8332, 6, 3.84684, 3.76386, 2.82843, 2.15316, 0, 3.76386, 3.76386, 3.76386, 3.76386, 3.76386, 3.76386, 3.76386, 3.76386, 3.76386, 3.76386, 3.76386, 3.76386, 3.76386, 3.76386, 3.76386, 3.76386, 3.76386, 3.76386, 3.76386, 3.76386, 3.84684, 3.76386
10.8411, 6, 3.81283, 3.73672, 2.82843, 2.18717, 0, 3.73672, 3.73672, 3.73672, 3.73672, 3.73672, 3.73672, 3.73672, 3.73672, 3.73672, 3.73672, 3.73672, 3.73672, 3.73672, 3.73672, 3.73672, 3.73672, 3.73672, 3.73672, 3.73672, 3.73672, 3.81283, 3.73672
10.849, 0, 3.80148, 3.73217, 1.41421, -3.80148, 0, 3.73217, 3.73217, 3.73217, 3.73217, 3.73217, 3.73217, 3.73217, 3.73217, 3.73217, 3.73217, 3.73217, 3.73217, 3.73217, 3.73217, 3.73217, 3.73217, 3.73217, 3.73217, 3.73217, 3.73217, 3.80148, 3.73217
10.8568, 6, 3.77996, 3.71727, 2.82843, 2.22004, 0, 3.71727, 3.71727, 3.71727, 3.71727, 3.71727, 3.71727, 3.71727, 3.71727, 3.71727, 3.71727, 3.71727, 3.71727, 3.71727, 3.71727, 3.71727, 3.71727, 3.71727, 3.71727, 3.71727, 3.71727, 3.77996, 3.71727
10.8647, 4, 3.7496, 3.69325, 2.44949, 0.250401, 0, 3.69325, 3.69325, 3.69325, 3.69325, 3.69325, 3.69325, 3.69325, 3.69325, 3.69325, 3.69325, 3.69325, 3.69325, 3.69325, 3.69325, 3.69325, 3.69325, 3.69325, 3.69325, 3.69325, 3.69325, 3.7496, 3.69325
10.8726, 6, 3.71512, 3.66475, 2.82843, 2.28488, 0, 3.66475, 3.66475, 3.66475, 3.66475, 3.66475, 3.66475, 3.66475, 3.66475, 3.66475, 3.66475, 3.66475, 3.66475, 3.66475, 3.66475, 3.66475, 3.66475, 3.66475, 3.66475, 3.66475, 3.66475, 3.71512, 3.66475
10.8805, 2, 3.68117, 3.63636, 2, -1.68117, 0, 3.63636, 3.63636, 3.63636, 3.63636, 3.63636, 3.63636, 3.63636, 3.63636, 3.63636, 3.63636, 3.63636, 3.63636, 3.63636, 3.63636, 3.63636, 3.63636, 3.63636, 3.63636, 3.63636, 3.63636, 3.68116, 3.63636
10.8884, 6, 3.69501, 3.65531, 2.82843, 2.30499, 0, 3.65531, 3.65531, 3.65531, 3.65531, 3.65531, 3.65531, 3.65531, 3.65531, 3.65531, 3.65531, 3.65531, 3.65531, 3.65531, 3.65531, 3.65531, 3.65531, 3.65531, 3.65531, 3.65531, 3.65531, 3.69501, 3.65531
10.8963, 0, 3.69776, 3.66265, 1.41421, -3.69776, 0, 3.66265, 3.66265, 3.66265, 3.66265, 3.66265, 3.66265, 3.66265, 3.66265, 3.66265, 3.66265, 3.66265, 3.66265, 3.66265, 3.66265, 3.66265, 3.66265, 3.66265, 3.66265, 3.66265, 3.66265, 3.69776, 3.66265
10.9041, 4, 3.69023, 3.6592, 2.44949, 0.309772, 0, 3.6592, 3.6592, 3.6592, 3.6592, 3.6592, 3.6592, 3.6592, 3.6592, 3.6592, 3.6592, 3.6592, 3.6592, 3.6592, 3.6592, 3.6592, 3.6592, 3.6592, 3.6592, 3.6592, 3.6592, 3.69023, 3.6592
10.912, 4, 3.67784, 3.65036, 2.44949, 0.322165, 0, 3.65036, 3.65036, 3.65036, 3.65036, 3.65036, 3.65036, 3.65036, 3.65036, 3.65036, 3.65036, 3.65036, 3.65036, 3.65036, 3.65036, 3.65036, 3.65036, 3.65036, 3.65036, 3.65036, 3.65036, 3.67783, 3.65036
10.9199, 2, 3.66597, 3.64153, 2, -1.66597, 0, 3.64153, 3.64153, 3.64153, 3.64153, 3.64153, 3.64153, 3.64153, 3.64153, 3.64153, 3.64153, 3.64153, 3.64153, 3.64153, 3.64153, 3.64153, 3.64153, 3.64153, 3.64153, 3.64153, 3.64153, 3.66597, 3.64153
10.9278, 8, 3.67737, 3.65545, 3.16228, 4.32263, 0, 3.65545, 3.65545, 3.65545, 3.65545, 3.65545, 3.65545, 3.65545, 3.65545, 3.65545, 3.65545, 3.65545, 3.65545, 3.65545, 3.65545, 3.65545, 3.65545, 3.65545, 3.65546, 3.65545, 3.65545, 3.67737, 3.65545
10.9357, 4, 3.68077, 3.66089, 2.44949, 0.319235, 0, 3.66089, 3.66089, 3.66089, 3.66089, 3.66089, 3.66089, 3.66089, 3.66089, 3.66089, 3.66089, 3.66089, 3.66089, 3.66089, 3.66089, 3.66089, 3.66089, 3.66089, 3.66089, 3.66089, 3.66089, 3.68076, 3.66089
10.9436, 8, 3.67698, 3.6587, 3.16228, 4.32302, 0, 3.6587, 3.6587, 3.6587, 3.6587, 3.6587, 3.6587, 3.6587, 3.6587, 3.6587, 3.6587, 3.6587, 3.6587, 3.6587, 3.6587, 3.6587, 3.6587, 3.6587, 3.6587, 3.6587, 3.6587, 3.67698, 3.6587
10.9514, 10, 3.66981, 3.6527, 3.4641, 6.33019, 0, 3.6527, 3.6527, 3.6527, 3.6527, 3.6527, 3.6527, 3.6527, 3.6527, 3.6527, 3.6527, 3.6527, 3.6527, 3.6527, 3.6527, 3.6527, 3.6527, 3.6527, 3.6527, 3.6527, 3.6527, 3.66981, 3.6527
10.9593, 10, 3.66301, 3.6467, 3.4641, 6.33699, 0, 3.6467, 3.6467, 3.6467, 3.6467, 3.6467, 3.6467, 3.6467, 3.6467, 3.6467, 3.6467, 3.6467, 3.6467, 3.6467, 3.6467, 3.6467, 3.6467, 3.6467, 3.6467, 3.6467, 3.6467, 3.66301, 3.6467
10.9672, 4, 3.67506, 3.65922, 2.44949, 0.324937, 0, 3.65922, 3.65922, 3.65922, 3.65922, 3.65922, 3.65922, 3.65922, 3.65922, 3.65922, 3.65922, 3.65922, 3.65922, 3.65922, 3.65922, 3.65922, 3.65922, 3.65922, 3.65922, 3.65922, 3.65922, 3.67506, 3.65922
10.9751, 2, 3.67956, 3.6639, 2, -1.67956, 0, 3.6639, 3.6639, 3.6639, 3.6639, 3.6639, 3.6639, 3.6639, 3.6639, 3.6639, 3.6639, 3.6639, 3.6639, 3.6639, 3.6639, 3.6639, 3.6639, 3.6639, 3.6639, 3.6639, 3.6639, 3.67956, 3.6639
10.983, 8, 3.67731, 3.6616, 3.16228, 4.32269, 0, 3.6616, 3.6616, 3.6616, 3.6616, 3.6616, 3.6616, 3.6616, 3.6616, 3.6616, 3.6616, 3.6616, 3.6616, 3.6616, 3.6616, 3.6616, 3.6616, 3.6616, 3.6616, 3.6616, 3.6616, 3.67731, 3.6616
10.9908, 6, 3.67178, 3.65582, 2.82843, 2.32822, 0, 3.65582, 3.65582, 3.65582, 3.65582, 3.65582, 3.65582, 3.65582, 3.65582, 3.65582, 3.65582, 3.65582, 3.65582, 3.65582, 3.65582, 3.65582, 3.65582, 3.65582, 3.65582, 3.65582, 3.65582, 3.67177, 3.65582
10.9987, 10, 3.66639, 3.65004, 3.4641, 6.33361, 0, 3.65004, 3.65004, 3.65004, 3.65004, 3.65004, 3.65004, 3.65004, 3.65004, 3.65004, 3.65004, 3.65004, 3.65004, 3.65004, 3.65004, 3.65004, 3.65004, 3.65004, 3.65004, 3.65004, 3.65004, 3.66639, 3.65004
11.0066, 6, 3.67867, 3.66182, 2.82843, 2.32133, 0, 3.66182, 3.66182, 3.66182, 3.66182, 3.66182, 3.66182, 3.66182, 3.66182, 3.66182, 3.66182, 3.66182, 3.66182, 3.66182, 3.66182, 3.66182, 3.66182, 3.66182, 3.66182, 3.66182, 3.66182, 3.67867, 3.66182
11.0145, 4, 3.68364, 3.66624, 2.44949, 0.316356, 0, 3.66624, 3.66624, 3.66624, 3.66624, 3.66624, 3.66624, 3.66624, 3.66624, 3.66624, 3.66624, 3.66624, 3.66624, 3.66624, 3.66624, 3.66624, 3.66624, 3.66624, 3.66624, 3.66624, 3.66624, 3.68364, 3.66624
11.0224, 8, 3.68211, 3.66413, 3.16228, 4.31789, 0, 3.66413, 3.66413, 3.66413, 3.66413, 3.66413, 3.66413, 3.66413, 3.66413, 3.66413, 3.66413, 3.66413, 3.66413, 3.66413, 3.66413, 3.66413, 3.66413, 3.66413, 3.66413, 3.66413, 3.66413, 3.68211, 3.66413
11.0303, 8, 3.67731, 3.65875, 3.16228, 4.32269, 0, 3.65875, 3.65875, 3.65875, 3.65875, 3.65875, 3.65875, 3.65875, 3.65875, 3.65875, 3.65875, 3.65875, 3.65875, 3.65875, 3.65875, 3.65875, 3.65875, 3.65875, 3.65875, 3.65875, 3.65875, 3.67731, 3.65875
11.0381, 8, 3.67246, 3.65338, 3.16228, 4.32754, 0, 3.65338, 3.65338, 3.65338, 3.65338, 3.65338, 3.65338, 3.65338, 3.65338, 3.65338, 3.65338, 3.65338, 3.65338, 3.65338, 3.65338, 3.65338, 3.65338, 3.65338, 3.65338, 3.65338, 3.65338, 3.67246, 3.65338
11.046, 10, 3.6836, 3.66408, 3.4641, 6.3164, 0, 3.66408, 3.66408, 3.66408, 3.66408, 3.66408, 3.66408, 3.66408, 3.66408, 3.66408, 3.66408, 3.66408, 3.66408, 3.66408, 3.66408, 3.66408, 3.66408, 3.66408, 3.66408, 3.66408, 3.66408, 3.6836, 3.66408
11.0539, 6, 3.68765, 3.66778, 2.82843, 2.31235, 0, 3.66778, 3.66778, 3.66778, 3.66778, 3.66778, 3.66778, 3.66778, 3.66778, 3.66778, 3.66778, 3.66778, 3.66778, 3.66778, 3.66778, 3.66778, 3.66778, 3.66778, 3.66778, 3.66778, 3.66778, 3.68765, 3.66778
11.0618, 4, 3.6854, 3.66529, 2.44949, 0.3146, 0, 3.66529, 3.66529, 3.66529, 3.66529, 3.66529, 3.66529, 3.66529, 3.66529, 3.66529, 3.66529, 3.66529, 3.66529, 3.66529, 3.66529, 3.66529, 3.66529, 3.66529, 3.6653, 3.66529, 3.66529, 3.6854, 3.66529
11.0697, 2, 3.67993, 3.65972, 2, -1.67993, 0, 3.65972, 3.65972, 3.65972, 3.65972, 3.65972, 3.65972, 3.65972, 3.65972, 3.65972, 3.65972, 3.65972, 3.65972, 3.65972, 3.65972, 3.65972, 3.65972, 3.65972, 3.65972, 3.65972, 3.65972, 3.67993, 3.65972
11.0776, 4, 3.67432, 3.65415, 2.44949, 0.32568, 0, 3.65415, 3.65415, 3.65415, 3.65415, 3.65415, 3.65415, 3.65415, 3.65415, 3.65415, 3.65415, 3.65415, 3.65415, 3.65415, 3.65415, 3.65415, 3.65415, 3.65415, 3.65415, 3.65415, 3.65415, 3.67432, 3.65415
11.0854, 8, 3.68441, 3.66443, 3.16228, 4.31559, 0, 3.66443, 3.66443, 3.66443, 3.66443, 3.66443, 3.66443, 3.66443, 3.66443, 3.66443, 3.66443, 3.66443, 3.66443, 3.66443, 3.66443, 3.66443, 3.66443, 3.66443, 3.66443, 3.66443, 3.66443, 3.68441, 3.66443
11.0933, 6, 3.68764, 3.66799, 2.82843, 2.31236, 0, 3.66799, 3.66799, 3.66799, 3.66799, 3.66799, 3.66799, 3.66799, 3.66799, 3.66799, 3.66799, 3.66799, 3.66799, 3.66799, 3.66799, 3.66799, 3.66799, 3.66799, 3.66799, 3.66799, 3.66799, 3.68764, 3.66799
11.1012, 2, 3.6848, 3.66561, 2, -1.6848, 0, 3.66561, 3.66561, 3.66561, 3.66561, 3.66561, 3.66561, 3.66561, 3.66561, 3.66561, 3.66561, 3.66561, 3.66561, 3.66561, 3.66561, 3.66561, 3.66561, 3.66561, 3.66561, 3.66561, 3.66561, 3.6848, 3.66561
11.1091, 10, 3.67886, 3.66026, 3.4641, 6.32114, 0, 3.66026, 3.66026, 3.66026, 3.66026, 3.66026, 3.66026, 3.66026, 3.66026, 3.66026, 3.66026, 3.66026, 3.66026, 3.66026, 3.66026, 3.66026, 3.66026, 3.66026, 3.66026, 3.66026, 3.66026, 3.67886, 3.66026
11.117, 2, 3.6728, 3.65492, 2, -1.6728, 0, 3.65492, 3.65492, 3.65492, 3.65492, 3.65492, 3.65492, 3.65492, 3.65492, 3.65492, 3.65492, 3.65492, 3.65492, 3.65492, 3.65492, 3.65492, 3.65492, 3.65492, 3.65492, 3.65492, 3.65492, 3.6728, 3.65492
11.1249, 4, 3.68112, 3.66407, 2.44949, 0.318878, 0, 3.66407, 3.66407, 3.66407, 3.66407, 3.66407, 3.66407, 3.66407, 3.66407, 3.66407, 3.66407, 3.66407, 3.66407, 3.66407, 3.66407, 3.66407, 3.66407, 3.66407, 3.66407, 3.66407, 3.66407, 3.68112, 3.66407
11.1327, 6, 3.68297, 3.66682, 2.82843, 2.31703, 0, 3.66682, 3.66682, 3.66682, 3.66682, 3.66682, 3.66682, 3.66682, 3.66682, 3.66682, 3.66682, 3.66682, 3.66682, 3.66682, 3.66682, 3.66682, 3.66682, 3.66682, 3.66682, 3.66682, 3.66682, 3.68296, 3.66682
11.1406, 6, 3.6791, 3.66394, 2.82843, 2.3209, 0, 3.66394, 3.66394, 3.66394, 3.66394, 3.66394, 3.66394, 3.66394, 3.66394, 3.66394, 3.66394, 3.66394, 3.66394, 3.66394, 3.66394, 3.66394, 3.66394, 3.66394, 3.66394, 3.66394, 3.66394, 3.6791, 3.66394
11.1485, 4, 3.67237, 3.65824, 2.44949, 0.327625, 0, 3.65824, 3.65824, 3.65824, 3.65824, 3.65824, 3.65824, 3.65824, 3.65824, 3.65824, 3.65824, 3.65824, 3.65824, 3.65824, 3.65824, 3.65824, 3.65824, 3.65824, 3.65824, 3.65824, 3.65824, 3.67237, 3.65824
11.1564, 0, 3.66562, 3.65255, 1.41421, -3.66562, 0, 3.65255, 3.65255, 3.65255, 3.65255, 3.65255, 3.65255, 3.65255, 3.65255, 3.65255, 3.65255, 3.65255, 3.65255, 3.65255, 3.65255, 3.65255, 3.65255, 3.65255, 3.65255, 3.65255, 3.65255, 3.66562, 3.65255
11.1643, 10, 3.6733, 3.66131, 3.4641, 6.3267, 0, 3.66131, 3.66131, 3.66131, 3.66131, 3.66131, 3.66131, 3.66131, 3.66131, 3.66131, 3.66131, 3.66131, 3.66131, 3.66131, 3.66131, 3.66131, 3.66131, 3.66131, 3.66131, 3.66131, 3.66131, 3.6733, 3.66131
11.1722, 12, 3.67486, 3.66394, 3.74166, 8.32514, 0, 3.66394, 3.66394, 3.66394, 3.66394, 3.66394, 3.66394, 3.66394, 3.66394, 3.66394, 3.66394, 3.66394, 3.66394, 3.66394, 3.66394, 3.66394, 3.66394, 3.66394, 3.66394, 3.66394, 3.66394, 3.67486, 3.66394
11.18, 4, 3.67102, 3.66115, 2.44949, 0.328981, 0, 3.66115, 3.66115, 3.66115, 3.66115, 3.66115, 3.66115, 3.66115, 3.66115, 3.66115, 3.66115, 3.66115, 3.66115, 3.66115, 3.66115, 3.66115, 3.66115, 3.66115, 3.66115, 3.66115, 3.66115, 3.67102, 3.66115
11.1879, 2, 3.66451, 3.65566, 2, -1.66451, 0, 3.65566, 3.65566, 3.65566, 3.65566, 3.65566, 3.65566, 3.65566, 3.65566, 3.65566, 3.65566, 3.65566, 3.65566, 3.65566, 3.65566, 3.65566, 3.65566, 3.65566, 3.65566, 3.65566, 3.65566, 3.66451, 3.65566
11.1958, 0, 3.65804, 3.65018, 1.41421, -3.65804, 0, 3.65018, 3.65018, 3.65018, 3.65018, 3.65018, 3.65018, 3.65018, 3.65018, 3.65018, 3.65018, 3.65018, 3.65018, 3.65018, 3.65018, 3.65018, 3.65018, 3.65018, 3.65018, 3.65018, 3.65018, 3.65804, 3.65018
11.2037, 2, 3.6647, 3.65775, 2, -1.6647, 0, 3.65775, 3.65775, 3.65775, 3.65775, 3.65775, 3.65775, 3.65775, 3.65775, 3.65775, 3.65775, 3.65775, 3.65775, 3.65775, 3.65775, 3.65775, 3.65775, 3.65775, 3.65775, 3.65775, 3.65775, 3.6647, 3.65775
11.2116, 8, 3.66559, 3.65951, 3.16228, 4.33441, 0, 3.65951, 3.65951, 3.65951, 3.65951, 3.65951, 3.65951, 3.65951, 3.65951, 3.65951, 3.65951, 3.65951, 3.65951, 3.65951, 3.65951, 3.65951, 3.65951, 3.65951, 3.65951, 3.65951, 3.65951, 3.66559, 3.65951
11.2194, 8, 3.66142, 3.65613, 3.16228, 4.33858, 0, 3.65613, 3.65613, 3.65613, 3.65613, 3.65613, 3.65613, 3.65613, 3.65613, 3.65613, 3.65613, 3.65613, 3.65613, 3.65613, 3.65613, 3.65613, 3.65613, 3.65613, 3.65613, 3.65613, 3.65613, 3.66142, 3.65613
11.2273, 4, 3.65476, 3.6502, 2.44949, 0.34524, 0, 3.6502, 3.6502, 3.6502, 3.6502, 3.6502, 3.6502, 3.6502, 3.6502, 3.6502, 3.6502, 3.6502, 3.6502, 3.6502, 3.6502, 3.6502, 3.6502, 3.6502, 3.6502, 3.6502, 3.6502, 3.65476, 3.6502
11.2352, 8, 3.64818, 3.64428, 3.16228, 4.35182, 0, 3.64428, 3.64428, 3.64428, 3.64428, 3.64428, 3.64428, 3.64428, 3.64428, 3.64428, 3.64428, 3.64428, 3.64428, 3.64428, 3.64428, 3.64428, 3.64428, 3.64428, 3.64428, 3.64428, 3.64428, 3.64818, 3.64428
11.2431, 2, 3.65482, 3.65151, 2, -1.65482, 0, 3.65151, 3.65151, 3.65151, 3.65151, 3.65151, 3.65151, 3.65151, 3.65151, 3.65151, 3.65151, 3.65151, 3.65151, 3.65151, 3.65151, 3.65151, 3.65151, 3.65151, 3.65151, 3.65151, 3.65151, 3.65482, 3.65151
11.251, 8, 3.65595, 3.65315, 3.16228, 4.34405, 0, 3.65315, 3.65315, 3.65315, 3.65315, 3.65315, 3.65315, 3.65315, 3.65315, 3.65315, 3.65315, 3.65315, 3.65315, 3.65315, 3.65315, 3.65315, 3.65315, 3.65315, 3.65316, 3.65315, 3.65315, 3.65595, 3.65315
11.2589, 4, 3.6522, 3.64987, 2.44949, 0.347796, 0, 3.64987, 3.64987, 3.64987, 3.64987, 3.64987, 3.64987, 3.64987, 3.64987, 3.64987, 3.64987, 3.64987, 3.64987, 3.64987, 3.64987, 3.64987, 3.64987, 3.64987, 3.64987, 3.64987, 3.64987, 3.6522, 3.64987
11.2667, 10, 3.64606, 3.64412, 3.4641, 6.35394, 0, 3.64412, 3.64412, 3.64412, 3.64412, 3.64412, 3.64412, 3.64412, 3.64412, 3.64412, 3.64412, 3.64412, 3.64412, 3.64412, 3.64412, 3.64412, 3.64412, 3.64412, 3.64412, 3.64412, 3.64412, 3.64606, 3.64412
11.2746, 8, 3.63997, 3.63838, 3.16228, 4.36003, 0, 3.63838, 3.63838, 3.63838, 3.63838, 3.63838, 3.63838, 3.63838, 3.63838, 3.63838, 3.63838, 3.63838, 3.63838, 3.63838, 3.63838, 3.63838, 3.63838, 3.63838, 3.63838, 3.63838, 3.63838, 3.63997, 3.63838
11.2825, 4, 3.64573, 3.64442, 2.44949, 0.354274, 0, 3.64442, 3.64442, 3.64442, 3.64442, 3.64442, 3.64442, 3.64442, 3.64442, 3.64442, 3.64442, 3.64442, 3.64442, 3.64442, 3.64442, 3.64442, 3.64442, 3.64442, 3.64442, 3.64442, 3.64442, 3.64573, 3.64442
11.2904, 8, 3.64622, 3.64516, 3.16228, 4.35378, 0, 3.64516, 3.64516, 3.64516, 3.64516, 3.64516, 3.64516, 3.64516, 3.64516, 3.64516, 3.64516, 3.64516, 3.64516, 3.64516, 3.64516, 3.64516, 3.64516, 3.64516, 3.64516, 3.64516, 3.64516, 3.64622, 3.64516
11.2983, 4, 3.6421, 3.64125, 2.44949, 0.357903, 0, 3.64125, 3.64125, 3.64125, 3.64125, 3.64125, 3.64125, 3.64125, 3.64125, 3.64125, 3.64125, 3.64125, 3.64125, 3.64125, 3.64125, 3.64125, 3.64125, 3.64125, 3.64125, 3.64125, 3.64125, 3.6421, 3.64125
11.3062, 8, 3.63569, 3.63501, 3.16228, 4.36431, 0, 3.63501, 3.63501, 3.63501, 3.63501, 3.63501, 3.63501, 3.63501, 3.63501, 3.63501, 3.63501, 3.63501, 3.63501, 3.63501, 3.63501, 3.63501, 3.63501, 3.63501, 3.63501, 3.63501, 3.63501, 3.63569, 3.63501
11.314, 6, 3.62931, 3.62877, 2.82843, 2.37069, 0, 3.62877, 3.62877, 3.62877, 3.62877, 3.62877, 3.62877, 3.62877, 3.62877, 3.62877, 3.62877, 3.62877, 3.62877, 3.62877, 3.62877, 3.62877, 3.62877, 3.62877, 3.62877, 3.62877, 3.62877, 3.62931, 3.62877
11.3219, 10, 3.63494, 3.63452, 3.4641, 6.36506, 0, 3.63452, 3.63452, 3.63452, 3.63452, 3.63452, 3.63452, 3.63452, 3.63452, 3.63452, 3.63452, 3.63452, 3.63452, 3.63452, 3.63452, 3.63452, 3.63452, 3.63452, 3.63452, 3.63452, 3.63452, 3.63494, 3.63452
11.3298, 6, 3.6355, 3.63516, 2.82843, 2.3645, 0, 3.63516, 3.63516, 3.63516, 3.63516, 3.63516, 3.63516, 3.63516, 3.63516, 3.63516, 3.63516, 3.63516, 3.63516, 3.63516, 3.63516, 3.63516, 3.63516, 3.63516, 3.63517, 3.63516, 3.63516, 3.63549, 3.63516
11.3377, 6, 3.63158, 3.63133, 2.82843, 2.36842, 0, 3.63133, 3.63133, 3.63133, 3.63133, 3.63133, 3.63133, 3.63133, 3.63133, 3.63133, 3.63133, 3.63133, 3.63133, 3.63133, 3.63133, 3.63133, 3.63133, 3.63133, 3.63133, 3.63133, 3.63133, 3.63158, 3.63133
11.3456, 6, 3.62545, 3.62525, 2.82843, 2.37455, 0, 3.62525, 3.62525, 3.62525, 3.62525, 3.62525, 3.62525, 3.62525, 3.62525, 3.62525, 3.62525, 3.62525, 3.62525, 3.62525, 3.62525, 3.62525, 3.62525, 3.62525, 3.62525, 3.62525, 3.62525, 3.62545, 3.62525
11.3535, 0, 3.61933, 3.61918, 1.41421, -3.61933, 0, 3.61918, 3.61918, 3.61918, 3.61918, 3.61918, 3.61918, 3.61918, 3.61918, 3.61918, 3.61918, 3.61918, 3.61918, 3.61918, 3.61918, 3.61918, 3.61918, 3.61918, 3.61918, 3.61918, 3.61918, 3.61933, 3.61918
11.3613, 0, 3.62388, 3.62377, 1.41421, -3.62388, 0, 3.62377, 3.62377, 3.62377, 3.62377, 3.62377, 3.62377, 3.62377, 3.62377, 3.62377, 3.62377, 3.62377, 3.62377, 3.62377, 3.62377, 3.62377, 3.62377, 3.62377, 3.62377, 3.62377, 3.62377, 3.62388, 3.62377
11.3692, 0, 3.62361, 3.62353, 1.41421, -3.62361, 0, 3.62353, 3.62353, 3.62353, 3.62353, 3.62353, 3.62353, 3.62353, 3.62353, 3.62353, 3.62353, 3.62353, 3.62353, 3.62353, 3.62353, 3.62353, 3.62353, 3.62353, 3.62353, 3.62353, 3.62353, 3.62361, 3.62353
11.3771, 10, 3.61912, 3.61905, 3.4641, 6.38088, 0, 3.61905, 3.61905, 3.61905, 3.61905, 3.61905, 3.61905, 3.61905, 3.61905, 3.61905, 3.61905, 3.61905, 3.61905, 3.61905, 3.61905, 3.61905, 3.61905, 3.61905, 3.61905, 3.61905, 3.61905, 3.61912, 3.61905
11.385, 10, 3.61252, 3.61247, 3.4641, 6.38748, 0, 3.61247, 3.61247, 3.61247, 3.61247, 3.61247, 3.61247, 3.61247, 3.61247, 3.61247, 3.61247, 3.61247, 3.61247, 3.61247, 3.61247, 3.61247, 3.61247, 3.61247, 3.61247, 3.61247, 3.61247, 3.61252, 3.61247
11.3929, 10, 3.60593, 3.6059, 3.4641, 6.39407, 0, 3.6059, 3.6059, 3.6059, 3.6059, 3.6059, 3.6059, 3.6059, 3.6059, 3.6059, 3.6059, 3.6059, 3.6059, 3.6059, 3.6059, 3.6059, 3.6059, 3.6059, 3.6059, 3.6059, 3.6059, 3.60593, 3.6059
11.4008, 8, 3.61025, 3.61022, 3.16228, 4.38975, 0, 3.61022, 3.61022, 3.61022, 3.61022, 3.61022, 3.61022, 3.61022, 3.61022, 3.61022, 3.61022, 3.61022, 3.61022, 3.61022, 3.61022, 3.61022, 3.61022, 3.61022, 3.61022, 3.61022, 3.61022, 3.61025, 3.61022
11.4086, 4, 3.60992, 3.6099, 2.44949, 0.390079, 0, 3.6099, 3.6099, 3.6099, 3.6099, 3.6099, 3.6099, 3.6099, 3.6099, 3.6099, 3.6099, 3.6099, 3.6099, 3.6099, 3.6099, 3.6099, 3.6099, 3.6099, 3.6099, 3.6099, 3.6099, 3.60992, 3.6099
11.4165, 4, 3.60552, 3.6055, 2.44949, 0.394485, 0, 3.6055, 3.6055, 3.6055, 3.6055, 3.6055, 3.6055, 3.6055, 3.6055, 3.6055, 3.6055, 3.6055, 3.6055, 3.6055, 3.6055, 3.6055, 3.6055, 3.6055, 3.6055, 3.6055, 3.6055, 3.60551, 3.6055
11.4244, 6, 3.59908, 3.59907, 2.82843, 2.40092, 0, 3.59907, 3.59907, 3.59907, 3.59907, 3.59907, 3.59907, 3.59907, 3.59907, 3.59907, 3.59907, 3.59907, 3.59907, 3.59907, 3.59907, 3.59907, 3.59907, 3.59907, 3.59907, 3.59907, 3.59907, 3.59908, 3.59907
11.4323, 8, 3.59264, 3.59264, 3.16228, 4.40736, 0, 3.59264, 3.59264, 3.59264, 3.59264, 3.59264, 3.59264, 3.59264, 3.59264, 3.59264, 3.59264, 3.59264, 3.59264, 3.59264, 3.59264, 3.59264, 3.59264, 3.59264, 3.59264, 3.59264, 3.59264, 3.59264, 3.59264
11.4402, 4, 3.59579, 3.59578, 2.44949, 0.40421, 0, 3.59578, 3.59578, 3.59578, 3.59578, 3.59578, 3.59578, 3.59578, 3.59578, 3.59578, 3.59578, 3.59578, 3.59578, 3.59578, 3.59578, 3.59578, 3.59578, 3.59578, 3.59579, 3.59578, 3.59578, 3.59579, 3.59578
11.4481, 4, 3.59461, 3.5946, 2.44949, 0.405392, 0, 3.5946, 3.5946, 3.5946, 3.5946, 3.5946, 3.5946, 3.5946, 3.5946, 3.5946, 3.5946, 3.5946, 3.5946, 3.5946, 3.5946, 3.5946, 3.5946, 3.5946, 3.59461, 3.5946, 3.5946, 3.59461, 3.5946
11.4559, 6, 3.58963, 3.58963, 2.82843, 2.41037, 0, 3.58963, 3.58963, 3.58963, 3.58963, 3.58963, 3.58963, 3.58963, 3.58963, 3.58963, 3.58963, 3.58963, 3.58963, 3.58963, 3.58963, 3.58963, 3.58963, 3.58963, 3.58963, 3.58963, 3.58963, 3.58963, 3.58963
11.4638, 2, 3.58275, 3.58275, 2, -1.58275, 0, 3.58275, 3.58275, 3.58275, 3.58275, 3.58275, 3.58275, 3.58275, 3.58275, 3.58275, 3.58275, 3.58275, 3.58275, 3.58275, 3.58275, 3.58275, 3.58275, 3.58275, 3.58275, 3.58275, 3.58275, 3.58275, 3.58275
11.4717, 6, 3.57589, 3.57589, 2.82843, 2.42411, 0, 3.57589, 3.57589, 3.57589, 3.57589, 3.57589, 3.57589, 3.57589, 3.57589, 3.57589, 3.57589, 3.57589, 3.57589, 3.57589, 3.57589, 3.57589, 3.57589, 3.57589, 3.57589, 3.57589, 3.57589, 3.57589, 3.57589
11.4796, 10, 3.57866, 3.57865, 3.4641, 6.42134, 0, 3.57865, 3.57865, 3.57865, 3.57865, 3.57865, 3.57865, 3.57865, 3.57865, 3.57865, 3.57865, 3.57865, 3.57865, 3.57865, 3.57865, 3.57865, 3.57865, 3.57865, 3.57866, 3.57865, 3.57865, 3.57866, 3.57865
11.4875, 6, 3.57737, 3.57737, 2.82843, 2.42263, 0, 3.57737, 3.57737, 3.57737, 3.57737, 3.57737, 3.57737, 3.57737, 3.57737, 3.57737, 3.57737, 3.57737, 3.57737, 3.57737, 3.57737, 3.57737, 3.57737, 3.57737, 3.57737, 3.57737, 3.57737, 3.57737, 3.57737
11.4953, 6, 3.57249, 3.57249, 2.82843, 2.42751, 0, 3.57249, 3.57249, 3.57249, 3.57249, 3.57249, 3.57249, 3.57249, 3.57249, 3.57249, 3.57249, 3.57249, 3.57249, 3.57249, 3.57249, 3.57249, 3.57249, 3.57249, 3.57249, 3.57249, 3.57249, 3.57249, 3.57249
11.5032, 4, 3.56583, 3.56583, 2.44949, 0.43417, 0, 3.56583, 3.56583, 3.56583, 3.56583, 3.56583, 3.56583, 3.56583, 3.56583, 3.56583, 3.56583, 3.56583, 3.56583, 3.56583, 3.56583, 3.56583, 3.56583, 3.56583, 3.56583, 3.56583, 3.56583, 3.56583, 3.56583
11.5111, 4, 3.55917, 3.55917, 2.44949, 0.440825, 0, 3.55917, 3.55917, 3.55917, 3.55917, 3.55917, 3.55917, 3.55917, 3.55917, 3.55917, 3.55917, 3.55917, 3.55917, 3.55917, 3.55917, 3.55917, 3.55917, 3.55917, 3.55917, 3.55917, 3.55917, 3.55917, 3.55917
11.519, 2, 3.56046, 3.56046, 2, -1.56046, 0, 3.56046, 3.56046, 3.56046, 3.56046, 3.56046, 3.56046, 3.56046, 3.56046, 3.56046, 3.56046, 3.56046, 3.56046, 3.56046, 3.56046, 3.56046, 3.56046, 3.56046, 3.56046, 3.56046, 3.56046, 3.56046, 3.56046
11.5269, 2, 3.55828, 3.55828, 2, -1.55828, 0, 3.55828, 3.55828, 3.55828, 3.55828, 3.55828, 3.55828, 3.55828, 3.55828, 3.55828, 3.55828, 3.55828, 3.55828, 3.55828, 3.55828, 3.55828, 3.55828, 3.55828, 3.55828, 3.55828, 3.55828, 3.55828, 3.55828
11.5348, 10, 3.55299, 3.55299, 3.4641, 6.44701, 0, 3.55299, 3.55299, 3.55299, 3.55299, 3.55299, 3.55299, 3.55299, 3.55299, 3.55299, 3.55299, 3.55299, 3.55299, 3.55299, 3.55299, 3.55299, 3.55299, 3.55299, 3.55299, 3.55299, 3.55299, 3.55299, 3.55299
11.5426, 2, 3.54615, 3.54615, 2, -1.54615, 0, 3.54615, 3.54615, 3.54615, 3.54615, 3.54615, 3.54615, 3.54615, 3.54615, 3.54615, 3.54615, 3.54615, 3.54615, 3.54615, 3.54615, 3.54615, 3.54615, 3.54615, 3.54615, 3.54615, 3.54615, 3.54615, 3.54615
11.5505, 6, 3.53932, 3.53932, 2.82843, 2.46068, 0, 3.53932, 3.53932, 3.53932, 3.53932, 3.53932, 3.53932, 3.53932, 3.53932, 3.53932, 3.53932, 3.53932, 3.53932, 3.53932, 3.53932, 3.53932, 3.53932, 3.53932, 3.53932, 3.53932, 3.53932, 3.53932, 3.53932
11.5584, 6, 3.53962, 3.53962, 2.82843, 2.46038, 0, 3.53962, 3.53962, 3.53962, 3.53962, 3.53962, 3.53962, 3.53962, 3.53962, 3.53962, 3.53962, 3.53962, 3.53962, 3.53962, 3.53962, 3.53962, 3.53962, 3.53962, 3.53962, 3.53962, 3.53962, 3.53962, 3.53962
11.5663, 6, 3.53715, 3.53715, 2.82843, 2.46285, 0, 3.53715, 3.53715, 3.53715, 3.53715, 3.53715, 3.53715, 3.53715, 3.53715, 3.53715, 3.53715, 3.53715, 3.53715, 3.53715, 3.53715, 3.53715, 3.53715, 3.53715, 3.53715, 3.53715, 3.53715, 3.53715, 3.53715
11.5742, 8, 3.53212, 3.53212, 3.16228, 4.46788, 0, 3.53212, 3.53212, 3.53212, 3.53212, 3.53212, 3.53212, 3.53212, 3.53212, 3.53212, 3.53212, 3.53212, 3.53212, 3.53212, 3.53212, 3.53212, 3.53212, 3.53212, 3.53212, 3.53212, 3.53212, 3.53212, 3.53212
11.5821, 2, 3.52581, 3.52581, 2, -1.52581, 0, 3.52581, 3.52581, 3.52581, 3.52581, 3.52581, 3.52581, 3.52581, 3.52581, 3.52581, 3.52581, 3.52581, 3.52581, 3.52581, 3.52581, 3.52581, 3.52581, 3.52581, 3.52581, 3.52581, 3.52581, 3.52581, 3.52581
11.5899, 8, 3.51952, 3.51951, 3.16228, 4.48048, 0, 3.51951, 3.51951, 3.51951, 3.51951, 3.51951, 3.51951, 3.51951, 3.51951, 3.51951, 3.51951, 3.51951, 3.51951, 3.51951, 3.51951, 3.51951, 3.51951, 3.51951, 3.51952, 3.51951, 3.51951, 3.51951, 3.51951
11.5978, 4, 3.51803, 3.51803, 2.44949, 0.481972, 0, 3.51803, 3.51803, 3.51803, 3.51803, 3.51803, 3.51803, 3.51803, 3.51803, 3.51803, 3.51803, 3.51803, 3.51803, 3.51803, 3.51803, 3.51803, 3.51803, 3.51803, 3.51803, 3.51803, 3.51803, 3.51803, 3.51803
11.6057, 10, 3.51459, 3.51459, 3.4641, 6.48541, 0, 3.51459, 3.51459, 3.51459, 3.51459, 3.51459, 3.51459, 3.51459, 3.51459, 3.51459, 3.51459, 3.51459, 3.51459, 3.51459, 3.51459, 3.51459, 3.51459, 3.51459, 3.51459, 3.51459, 3.51459, 3.51459, 3.51459
11.6136, 8, 3.50933, 3.50933, 3.16228, 4.49067, 0, 3.50933, 3.50933, 3.50933, 3.50933, 3.50933, 3.50933, 3.50933, 3.50933, 3.50933, 3.50933, 3.50933, 3.50933, 3.50933, 3.50933, 3.50933, 3.50933, 3.50933, 3.50933, 3.50933, 3.50933, 3.50933, 3.50933
11.6215, 6, 3.50316, 3.50316, 2.82843, 2.49684, 0, 3.50316, 3.50316, 3.50316, 3.50316, 3.50316, 3.50316, 3.50316, 3.50316, 3.50316, 3.50316, 3.50316, 3.50316, 3.50316, 3.50316, 3.50316, 3.50316, 3.50316, 3.50316, 3.50316, 3.50316, 3.50316, 3.50316
11.6294, 6, 3.49678, 3.49678, 2.82843, 2.50322, 0, 3.49678, 3.49678, 3.49678, 3.49678, 3.49678, 3.49678, 3.49678, 3.49678, 3.49678, 3.49678, 3.49678, 3.49678, 3.49678, 3.49678, 3.49678, 3.49678, 3.49678, 3.49678, 3.49678, 3.49678, 3.49678, 3.49678
11.6372, 4, 3.4898, 3.4898, 2.44949, 0.510201, 0, 3.4898, 3.4898, 3.4898, 3.4898, 3.4898, 3.4898, 3.4898, 3.4898, 3.4898, 3.4898, 3.4898, 3.4898, 3.4898, 3.4898, 3.4898, 3.4898, 3.4898, 3.4898, 3.4898, 3.4898, 3.4898, 3.4898
11.6451, 2, 3.48252, 3.48252, 2, -1.48252, 0, 3.48252, 3.48252, 3.48252, 3.48252, 3.48252, 3.48252, 3.48252, 3.48252, 3.48252, 3.48252, 3.48252, 3.48252, 3.48252, 3.48252, 3.48252, 3.48252, 3.48252, 3.48252, 3.48252, 3.48252, 3.48252, 3.48252
11.653, 6, 3.47486, 3.47486, 2.82843, 2.52514, 0, 3.47486, 3.47486, 3.47486, 3.47486, 3.47486, 3.47486, 3.47486, 3.47486, 3.47486, 3.47486, 3.47486, 3.47486, 3.47486, 3.47486, 3.47486, 3.47486, 3.47486, 3.47486, 3.47486, 3.47486, 3.47486, 3.47486
11.6609, 8, 3.46641, 3.46641, 3.16228, 4.53359, 0, 3.46641, 3.46641, 3.46641, 3.46641, 3.46641, 3.46641, 3.46641, 3.46641, 3.46641, 3.46641, 3.46641, 3.46641, 3.46641, 3.46641, 3.46641, 3.46641, 3.46641, 3.46641, 3.46641, 3.46641, 3.46641, 3.46641
11.6688, 6, 3.45715, 3.45714, 2.82843, 2.54285, 0, 3.45714, 3.45714, 3.45714, 3.45714, 3.45714, 3.45714, 3.45714, 3.45714, 3.45714, 3.45714, 3.45714, 3.45714, 3.45714, 3.45714, 3.45714, 3.45714, 3.45714, 3.45715, 3.45714, 3.45714, 3.45714, 3.45714
11.6767, 4, 3.44666, 3.44666, 2.44949, 0.553336, 0, 3.44666, 3.44666, 3.44666, 3.44666, 3.44666, 3.44666, 3.44666, 3.44666, 3.44666, 3.44666, 3.44666, 3.44666, 3.44666, 3.44666, 3.44666, 3.44666, 3.44666, 3.44666, 3.44666, 3.44666, 3.44666, 3.44666
11.6845, 4, 3.43518, 3.43518, 2.44949, 0.564823, 0, 3.43518, 3.43518, 3.43518, 3.43518, 3.43518, 3.43518, 3.43518, 3.43518, 3.43518, 3.43518, 3.43518, 3.43518, 3.43518, 3.43518, 3.43518, 3.43518, 3.43518, 3.43518, 3.43518, 3.43518, 3.43518, 3.43518
11.6924, 8, 3.42235, 3.42235, 3.16228, 4.57765, 0, 3.42235, 3.42235, 3.42235, 3.42235, 3.42235, 3.42235, 3.42235, 3.42235, 3.42235, 3.42235, 3.42235, 3.42235, 3.42235, 3.42235, 3.42235, 3.42235, 3.42235, 3.42235, 3.42235, 3.42235, 3.42235, 3.42235
11.7003, 0, 3.40845, 3.40845, 1.41421, -3.40845, 0, 3.40845, 3.40845, 3.40845, 3.40845, 3.40845, 3.40845, 3.40845, 3.40845, 3.40845, 3.40845, 3.40845, 3.40845, 3.40845, 3.40845, 3.40845, 3.40845, 3.40845, 3.40845, 3.40845, 3.40845, 3.40845, 3.40845
11.7082, 8, 3.39403, 3.39403, 3.16228, 4.60597, 0, 3.39403, 3.39403, 3.39403, 3.39403, 3.39403, 3.39403, 3.39403, 3.39403, 3.39403, 3.39403, 3.39403, 3.39403, 3.39403, 3.39403, 3.39403, 3.39403, 3.39403, 3.39403, 3.39403, 3.39403, 3.39403, 3.39403
11.7161, 2, 3.37964, 3.37964, 2, -1.37964, 0, 3.37964, 3.37964, 3.37964, 3.37964, 3.37964, 3.37964, 3.37964, 3.37964, 3.37964, 3.37964, 3.37964, 3.37964, 3.37964, 3.37964, 3.37964, 3.37964, 3.37964, 3.37964, 3.37964, 3.37964, 3.37964, 3.37964
11.7239, 10, 3.3682, 3.3682, 3.4641, 6.6318, 0, 3.3682, 3.3682, 3.3682, 3.3682, 3.3682, 3.3682, 3.3682, 3.3682, 3.3682, 3.3682, 3.3682, 3.3682, 3.3682, 3.3682, 3.3682, 3.3682, 3.3682, 3.3682, 3.3682, 3.3682, 3.3682, 3.3682
11.7318, 2, 3.35452, 3.35452, 2, -1.35452, 0, 3.35452, 3.35452, 3.35452, 3.35452, 3.35452, 3.35452, 3.35452, 3.35452, 3.35452, 3.35452, 3.35452, 3.35452, 3.35452, 3.35452, 3.35452, 3.35452, 3.35452, 3.35452, 3.35452, 3.35452, 3.35452, 3.35452
11.7397, 8, 3.33901, 3.33901, 3.16228, 4.66099, 0, 3.33901, 3.33901, 3.33901, 3.33901, 3.33901, 3.33901, 3.33901, 3.33901, 3.33901, 3.33901, 3.33901, 3.33901, 3.33901, 3.33901, 3.33901, 3.33901, 3.33901, 3.33901, 3.33901, 3.33901, 3.33901, 3.33901
11.7476, 0, 3.32261, 3.32261, 1.41421, -3.32261, 0, 3.32261, 3.32261, 3.32261, 3.32261, 3.32261, 3.32261, 3.32261, 3.32261, 3.32261, 3.32261, 3.32261, 3.32261, 3.32261, 3.32261, 3.32261, 3.32261, 3.32261, 3.32261, 3.32261, 3.32261, 3.32261, 3.32261
11.7555, 8, 3.30625, 3.30625, 3.16228, 4.69375, 0, 3.30625, 3.30625, 3.30625, 3.30625, 3.30625, 3.30625, 3.30625, 3.30625, 3.30625, 3.30625, 3.30625, 3.30625, 3.30625, 3.30625, 3.30625, 3.30625, 3.30625, 3.30625, 3.30625, 3.30625, 3.30625, 3.30625
11.7634, 4, 3.29689, 3.29688, 2.44949, 0.703115, 0, 3.29688, 3.29688, 3.29688, 3.29688, 3.29688, 3.29688, 3.29688, 3.29688, 3.29688, 3.29688, 3.29688, 3.29688, 3.29688, 3.29688, 3.29688, 3.29688, 3.29688, 3.29689, 3.29688, 3.29688, 3.29688, 3.29688
11.7712, 4, 3.28402, 3.28402, 2.44949, 0.715978, 0, 3.28402, 3.28402, 3.28402, 3.28402, 3.28402, 3.28402, 3.28402, 3.28402, 3.28402, 3.28402, 3.28402, 3.28402, 3.28402, 3.28402, 3.28402, 3.28402, 3.28402, 3.28402, 3.28402, 3.28402, 3.28402, 3.28402
11.7791, 2, 3.26819, 3.26819, 2, -1.26819, 0, 3.26819, 3.26819, 3.26819, 3.26819, 3.26819, 3.26819, 3.26819, 3.26819, 3.26819, 3.26819, 3.26819, 3.26819, 3.26819, 3.26819, 3.26819, 3.26819, 3.26819, 3.26819, 3.26819, 3.26819, 3.26819, 3.26819
11.787, 2, 3.2509, 3.2509, 2, -1.2509, 0, 3.2509, 3.2509, 3.2509, 3.2509, 3.2509, 3.2509, 3.2509, 3.2509, 3.2509, 3.2509, 3.2509, 3.2509, 3.2509, 3.2509, 3.2509, 3.2509, 3.2509, 3.2509, 3.2509, 3.2509, 3.2509, 3.2509
11.7949, 4, 3.23366, 3.23366, 2.44949, 0.766338, 0, 3.23366, 3.23366, 3.23366, 3.23366, 3.23366, 3.23366, 3.23366, 3.23366, 3.23366, 3.23366, 3.23366, 3.23366, 3.23366, 3.23366, 3.23366, 3.23366, 3.23366, 3.23366, 3.23366, 3.23366, 3.23366, 3.23366
11.8028, 12, 3.22573, 3.22572, 3.74166, 8.77427, 0, 3.22572, 3.22572, 3.22572, 3.22572, 3.22572, 3.22572, 3.22572, 3.22572, 3.22572, 3.22572, 3.22572, 3.22572, 3.22572, 3.22572, 3.22572, 3.22572, 3.22572, 3.22573, 3.22572, 3.22572, 3.22572, 3.22572
11.8107, 6, 3.21344, 3.21344, 2.82843, 2.78656, 0, 3.21344, 3.21344, 3.21344, 3.21344, 3.21344, 3.21344, 3.21344, 3.21344, 3.21344, 3.21344, 3.21344, 3.21344, 3.21344, 3.21344, 3.21344, 3.21344, 3.21344, 3.21344, 3.21344, 3.21344, 3.21344, 3.21344
11.8185, 2, 3.19745, 3.19745, 2, -1.19745, 0, 3.19745, 3.19745, 3.19745, 3.19745, 3.19745, 3.19745, 3.19745, 3.19745, 3.19745, 3.19745, 3.19745, 3.19745, 3.19745, 3.19745, 3.19745, 3.19745, 3.19745, 3.19745, 3.19745, 3.19745, 3.19745, 3.19745
11.8264, 8, 3.17964, 3.17964, 3.16228, 4.82036, 0, 3.17964, 3.17964, 3.17964, 3.17964, 3.17964, 3.17964, 3.17964, 3.17964, 3.17964, 3.17964, 3.17964, 3.17964, 3.17964, 3.17964, 3.17964, 3.17964, 3.17964, 3.17964, 3.17964, 3.17964, 3.17964, 3.17964
11.8343, 6, 3.16188, 3.16188, 2.82843, 2.83812, 0, 3.16188, 3.16188, 3.16188, 3.16188, 3.16188, 3.16188, 3.16188, 3.16188, 3.16188, 3.16188, 3.16188, 3.16188, 3.16188, 3.16188, 3.16188, 3.16188, 3.16188, 3.16188, 3.16188, 3.16188, 3.16188, 3.16188
11.8422, 0, 3.15632, 3.15632, 1.41421, -3.15632, 0, 3.15632, 3.15632, 3.15632, 3.15632, 3.15632, 3.15632, 3.15632, 3.15632, 3.15632, 3.15632, 3.15632, 3.15632, 3.15632, 3.15632, 3.15632, 3.15632, 3.15632, 3.15632, 3.15632, 3.15632, 3.15632, 3.15632
11.8501, 0, 3.14504, 3.14504, 1.41421, -3.14504, 0, 3.14504, 3.14504, 3.14504, 3.14504, 3.14504, 3.14504, 3.14504, 3.14504, 3.14504, 3.14504, 3.14504, 3.14504, 3.14504, 3.14504, 3.14504, 3.14504, 3.14504, 3.14504, 3.14504, 3.14504, 3.14504, 3.14504
11.858, 2, 3.12865, 3.12865, 2, -1.12865, 0, 3.12865, 3.12865, 3.12865, 3.12865, 3.12865, 3.12865, 3.12865, 3.12865, 3.12865, 3.12865, 3.12865, 3.12865, 3.12865, 3.12865, 3.12865, 3.12865, 3.12865, 3.12865, 3.12865, 3.12865, 3.12865, 3.12865
11.8658, 8, 3.10975, 3.10975, 3.16228, 4.89025, 0, 3.10975, 3.10975, 3.10975, 3.10975, 3.10975, 3.10975, 3.10975, 3.10975, 3.10975, 3.10975, 3.10975, 3.10975, 3.10975, 3.10975, 3.10975, 3.10975, 3.10975, 3.10975, 3.10975, 3.10975, 3.10975, 3.10975
11.8737, 2, 3.09091, 3.09091, 2, -1.09091, 0, 3.09091, 3.09091, 3.09091, 3.09091, 3.09091, 3.09091, 3.09091, 3.09091, 3.09091, 3.09091, 3.09091, 3.09091, 3.09091, 3.09091, 3.09091, 3.09091, 3.09091, 3.09091, 3.09091, 3.09091, 3.09091, 3.09091
11.8816, 6, 3.09692, 3.09692, 2.82843, 2.90308, 0, 3.09692, 3.09692, 3.09692, 3.09692, 3.09692, 3.09692, 3.09692, 3.09692, 3.09692, 3.09692, 3.09692, 3.09692, 3.09692, 3.09692, 3.09692, 3.09692, 3.09692, 3.09692, 3.09692, 3.09692, 3.09692, 3.09692
11.8895, 0, 3.10012, 3.10012, 1.41421, -3.10012, 0, 3.10012, 3.10012, 3.10012, 3.10012, 3.10012, 3.10012, 3.10012, 3.10012, 3.10012, 3.10012, 3.10012, 3.10012, 3.10012, 3.10012, 3.10012, 3.10012, 3.10012, 3.10012, 3.10012, 3.10012, 3.10012, 3.10012
11.8974, 6, 3.10048, 3.10048, 2.82843, 2.89952, 0, 3.10048, 3.10048, 3.10048, 3.10048, 3.10048, 3.10048, 3.10048, 3.10048, 3.10048, 3.10048, 3.10048, 3.10048, 3.10048, 3.10048, 3.10048, 3.10048, 3.10048, 3.10048, 3.10048, 3.10048, 3.10048, 3.10048
11.9053, 0, 3.09858, 3.09858, 1.41421, -3.09858, 0, 3.09858, 3.09858, 3.09858, 3.09858, 3.09858, 3.09858, 3.09858, 3.09858, 3.09858, 3.09858, 3.09858, 3.09858, 3.09858, 3.09858, 3.09858, 3.09858, 3.09858, 3.09858, 3.09858, 3.09858, 3.09858, 3.09858
11.9131, 4, 3.09454, 3.09454, 2.44949, 0.905461, 0, 3.09454, 3.09454, 3.09454, 3.09454, 3.09454, 3.09454, 3.09454, 3.09454, 3.09454, 3.09454, 3.09454, 3.09454, 3.09454, 3.09454, 3.09454, 3.09454, 3.09454, 3.09454, 3.09454, 3.09454, 3.09454, 3.09454
11.921, 8, 3.08892, 3.08892, 3.16228, 4.91108, 0, 3.08892, 3.08892, 3.08892, 3.08892, 3.08892, 3.08892, 3.08892, 3.08892, 3.08892, 3.08892, 3.08892, 3.08892, 3.08892, 3.08892, 3.08892, 3.08892, 3.08892, 3.08892, 3.08892, 3.08892, 3.08892, 3.08892
11.9289, 18, 3.08222, 3.08222, 4.47214, 14.9178, 0, 3.08222, 3.08222, 3.08222, 3.08222, 3.08222, 3.08222, 3.08222, 3.08222, 3.08222, 3.08222, 3.08222, 3.08222, 3.08222, 3.08222, 3.08222, 3.08222, 3.08222, 3.08222, 3.08222, 3.08222, 3.08222, 3.08222
11.9368, 10, 3.07452, 3.07452, 3.4641, 6.92548, 0, 3.07452, 3.07452, 3.07452, 3.07452, 3.07452, 3.07452, 3.07452, 3.07452, 3.07452, 3.07452, 3.07452, 3.07452, 3.07452, 3.07452, 3.07452, 3.07452, 3.07452, 3.07452, 3.07452, 3.07452, 3.07452, 3.07452
11.9447, 4, 3.06576, 3.06576, 2.44949, 0.934241, 0, 3.06576, 3.06576, 3.06576, 3.06576, 3.06576, 3.06576, 3.06576, 3.06576, 3.06576, 3.06576, 3.06576, 3.06576, 3.06576, 3.06576, 3.06576, 3.06576, 3.06576, 3.06576, 3.06576, 3.06576, 3.06576, 3.06576
11.9526, 4, 3.05618, 3.05618, 2.44949, 0.943819, 0, 3.05618, 3.05618, 3.05618, 3.05618, 3.05618, 3.05618, 3.05618, 3.05618, 3.05618, 3.05618, 3.05618, 3.05618, 3.05618, 3.05618, 3.05618, 3.05618, 3.05618, 3.05618, 3.05618, 3.05618, 3.05618, 3.05618
11.9604, 2, 3.04529, 3.04529, 2, -1.04529, 0, 3.04529, 3.04529, 3.04529, 3.04529, 3.04529, 3.04529, 3.04529, 3.04529, 3.04529, 3.04529, 3.04529, 3.04529, 3.04529, 3.04529, 3.04529, 3.04529, 3.04529, 3.04529, 3.04529, 3.04529, 3.04529, 3.04529
11.9683, 4, 3.03329, 3.03329, 2.44949, 0.966708, 0, 3.03329, 3.03329, 3.03329, 3.03329, 3.03329, 3.03329, 3.03329, 3.03329, 3.03329, 3.03329, 3.03329, 3.03329, 3.03329, 3.03329, 3.03329, 3.03329, 3.03329, 3.03329, 3.03329, 3.03329, 3.03329, 3.03329
11.9762, 2, 3.02053, 3.02053, 2, -1.02053, 0, 3.02053, 3.02053, 3.02053, 3.02053, 3.02053, 3.02053, 3.02053, 3.02053, 3.02053, 3.02053, 3.02053, 3.02053, 3.02053, 3.02053, 3.02053, 3.02053, 3.02053, 3.02053, 3.02053, 3.02053, 3.02053, 3.02053
11.9841, 0, 3.00729, 3.00729, 1.41421, -3.00729, 0, 3.00729, 3.00729, 3.00729, 3.00729, 3.00729, 3.00729, 3.00729, 3.00729, 3.00729, 3.00729, 3.00729, 3.00729, 3.00729, 3.00729, 3.00729, 3.00729, 3.00729, 3.00729, 3.00729, 3.00729, 3.00729, 3.00729
11.992, 12, 2.99383, 2.99383, 3.74166, 9.00617, 0, 2.99383, 2.99383, 2.99383, 2.99383, 2.99383, 2.99383, 2.99383, 2.99383, 2.99383, 2.99383, 2.99383, 2.99383, 2.99383, 2.99383, 2.99383, 2.99383, 2.99383, 2.99383, 2.99383, 2.99383, 2.99383, 2.99383
11.9998, 4, 2.98039, 2.98039, 2.44949, 1.01961, 0, 2.98039, 2.98039, 2.98039, 2.98039, 2.98039, 2.98039, 2.98039, 2.98039, 2.98039, 2.98039, 2.98039, 2.98039, 2.98039, 2.98039, 2.98039, 2.98039, 2.98039, 2.98039, 2.98039, 2.98039, 2.98039, 2.98039
12.0077, 0, 2.9673, 2.9673, 1.41421, -2.9673, 0, 2.9673, 2.9673, 2.9673, 2.9673, 2.9673, 2.9673, 2.9673, 2.9673, 2.9673, 2.9673, 2.9673, 2.9673, 2.9673, 2.9673, 2.9673, 2.9673, 2.9673, 2.9673, 2.9673, 2.9673, 2.9673, 2.9673
12.0156, 0, 2.95341, 2.95341, 1.41421, -2.95341, 0, 2.95341, 2.95341, 2.95341, 2.95341, 2.95341, 2.95341, 2.95341, 2.95341, 2.95341, 2.95341, 2.95341, 2.95341, 2.95341, 2.95341, 2.95341, 2.95341, 2.95341, 2.95341, 2.95341, 2.95341, 2.95341, 2.95341
12.0235, 4, 2.93884, 2.93884, 2.44949, 1.06116, 0, 2.93884, 2.93884, 2.93884, 2.93884, 2.93884, 2.93884, 2.93884, 2.93884, 2.93884, 2.93884, 2.93884, 2.93884, 2.93884, 2.93884, 2.93884, 2.93884, 2.93884, 2.93884, 2.93884, 2.93884, 2.93884, 2.93884
12.0314, 4, 2.92395, 2.92395, 2.44949, 1.07605, 0, 2.92395, 2.92395, 2.92395, 2.92395, 2.92395, 2.92395, 2.92395, 2.92395, 2.92395, 2.92395, 2.92395, 2.92395, 2.92395, 2.92395, 2.92395, 2.92395, 2.92395, 2.92395, 2.92395, 2.92395, 2.92395, 2.92395
12.0393, 10, 2.90909, 2.90909, 3.4641, 7.09091, 0, 2.90909, 2.90909, 2.90909, 2.90909, 2.90909, 2.90909, 2.90909, 2.90909, 2.90909, 2.90909, 2.90909, 2.90909, 2.90909, 2.90909, 2.90909, 2.90909, 2.90909, 2.90909, 2.90909, 2.90909, 2.90909, 2.90909
12.0471, 2, 2.90667, 2.90667, 2, -0.906673, 0, 2.90667, 2.90667, 2.90667, 2.90667, 2.90667, 2.90667, 2.90667, 2.90667, 2.90667, 2.90667, 2.90667, 2.90667, 2.90667, 2.90667, 2.90667, 2.90667, 2.90667, 2.90667, 2.90667, 2.90667, 2.90667, 2.90667
12.055, 0, 2.90377, 2.90377, 1.41421, -2.90377, 0, 2.90377, 2.90377, 2.90377, 2.90377, 2.90377, 2.90377, 2.90377, 2.90377, 2.90377, 2.90377, 2.90377, 2.90377, 2.90377, 2.90377, 2.90377, 2.90377, 2.90377, 2.90377, 2.90377, 2.90377, 2.90377, 2.90377
12.0629, 2, 2.90051, 2.90051, 2, -0.900508, 0, 2.90051, 2.90051, 2.90051, 2.90051, 2.90051, 2.90051, 2.90051, 2.90051, 2.90051, 2.90051, 2.90051, 2.90051, 2.90051, 2.90051, 2.90051, 2.90051, 2.90051, 2.90051, 2.90051, 2.90051, 2.90051, 2.90051
12.0708, 4, 2.89707, 2.89707, 2.44949, 1.10293, 0, 2.89707, 2.89707, 2.89707, 2.89707, 2.89707, 2.89707, 2.89707, 2.89707, 2.89707, 2.89707, 2.89707, 2.89707, 2.89707, 2.89707, 2.89707, 2.89707, 2.89707, 2.89707, 2.89707, 2.89707, 2.89707, 2.89707
12.0787, 2, 2.89363, 2.89363, 2, -0.893627, 0, 2.89363, 2.89363, 2.89363, 2.89363, 2.89363, 2.89363, 2.89363, 2.89363, 2.89363, 2.89363, 2.89363, 2.89363, 2.89363, 2.89363, 2.89363, 2.89363, 2.89363, 2.89363, 2.89363, 2.89363, 2.89363, 2.89363
12.0866, 4, 2.89456, 2.89456, 2.44949, 1.10544, 0, 2.89456, 2.89456, 2.89456, 2.89456, 2.89456, 2.89456, 2.89456, 2.89456, 2.89456, 2.89456, 2.89456, 2.89456, 2.89456, 2.89456, 2.89456, 2.89456, 2.89456, 2.89456, 2.89456, 2.89456, 2.89456, 2.89456
12.0944, 6, 2.89281, 2.89281, 2.82843, 3.10719, 0, 2.89281, 2.89281, 2.89281, 2.89281, 2.89281, 2.89281, 2.89281, 2.89281, 2.89281, 2.89281, 2.89281, 2.89281, 2.89281, 2.89281, 2.89281, 2.89281, 2.89281, 2.89281, 2.89281, 2.89281, 2.89281, 2.89281
12.1023, 0, 2.88872, 2.88872, 1.41421, -2.88872, 0, 2.88872, 2.88872, 2.88872, 2.88872, 2.88872, 2.88872, 2.88872, 2.88872, 2.88872, 2.88872, 2.88872, 2.88872, 2.88872, 2.88872, 2.88872, 2.88872, 2.88872, 2.88872, 2.88872, 2.88872, 2.88872, 2.88872
12.1102, 12, 2.88346, 2.88346, 3.74166, 9.11654, 0, 2.88346, 2.88346, 2.88346, 2.88346, 2.88346, 2.88346, 2.88346, 2.88346, 2.88346, 2.88346, 2.88346, 2.88346, 2.88346, 2.88346, 2.88346, 2.88346, 2.88346, 2.88346, 2.88346, 2.88346, 2.88346, 2.88346
12.1181, 2, 2.8782, 2.8782, 2, -0.878203, 0, 2.8782, 2.8782, 2.8782, 2.8782, 2.8782, 2.8782, 2.8782, 2.8782, 2.8782, 2.8782, 2.8782, 2.8782, 2.8782, 2.8782, 2.8782, 2.8782, 2.8782, 2.8782, 2.8782, 2.8782, 2.8782, 2.8782
12.126, 2, 2.88013, 2.88013, 2, -0.880133, 0, 2.88013, 2.88013, 2.88013, 2.88013, 2.88013, 2.88013, 2.88013, 2.88013, 2.88013, 2.88013, 2.88013, 2.88013, 2.88013, 2.88013, 2.88013, 2.88013, 2.88013, 2.88013, 2.88013, 2.88013, 2.88013, 2.88013
12.1339, 4, 2.87867, 2.87867, 2.44949, 1.12133, 0, 2.87867, 2.87867, 2.87867, 2.87867, 2.87867, 2.87867, 2.87867, 2.87867, 2.87867, 2.87867, 2.87867, 2.87867, 2.87867, 2.87867, 2.87867, 2.87867, 2.87867, 2.87867, 2.87867, 2.87867, 2.87867, 2.87867
12.1417, 4, 2.87429, 2.87429, 2.44949, 1.12571, 0, 2.87429, 2.87429, 2.87429, 2.87429, 2.87429, 2.87429, 2.87429, 2.87429, 2.87429, 2.87429, 2.87429, 2.87429, 2.87429, 2.87429, 2.87429, 2.87429, 2.87429, 2.87429, 2.87429, 2.87429, 2.87429, 2.87429
12.1496, 2, 2.86846, 2.86846, 2, -0.868458, 0, 2.86846, 2.86846, 2.86846, 2.86846, 2.86846, 2.86846, 2.86846, 2.86846, 2.86846, 2.86846, 2.86846, 2.86846, 2.86846, 2.86846, 2.86846, 2.86846, 2.86846, 2.86846, 2.86846, 2.86846, 2.86846, 2.86846
12.1575, 0, 2.86263, 2.86263, 1.41421, -2.86263, 0, 2.86263, 2.86263, 2.86263, 2.86263, 2.86263, 2.86263, 2.86263, 2.86263, 2.86263, 2.86263, 2.86263, 2.86263, 2.86263, 2.86263, 2.86263, 2.86263, 2.86263, 2.86263, 2.86263, 2.86263, 2.86263, 2.86263
12.1654, 8, 2.86516, 2.86516, 3.16228, 5.13484, 0, 2.86516, 2.86516, 2.86516, 2.86516, 2.86516, 2.86516, 2.86516, 2.86516, 2.86516, 2.86516, 2.86516, 2.86516, 2.86516, 2.86516, 2.86516, 2.86516, 2.86516, 2.86516, 2.86516, 2.86516, 2.86516, 2.86516
12.1733, 4, 2.86394, 2.86394, 2.44949, 1.13606, 0, 2.86394, 2.86394, 2.86394, 2.86394, 2.86394, 2.86394, 2.86394, 2.86394, 2.86394, 2.86394, 2.86394, 2.86394, 2.86394, 2.86394, 2.86394, 2.86394, 2.86394, 2.86394, 2.86394, 2.86394, 2.86394, 2.86394
12.1812, 4, 2.85942, 2.85942, 2.44949, 1.14058, 0, 2.85942, 2.85942, 2.85942, 2.85942, 2.85942, 2.85942, 2.85942, 2.85942, 2.85942, 2.85942, 2.85942, 2.85942, 2.85942, 2.85942, 2.85942, 2.85942, 2.85942, 2.85942, 2.85942, 2.85942, 2.85942, 2.85942
12.189, 4, 2.85325, 2.85325, 2.44949, 1.14675, 0, 2.85325, 2.85325, 2.85325, 2.85325, 2.85325, 2.85325, 2.85325, 2.85325, 2.85325, 2.85325, 2.85325, 2.85325, 2.85325, 2.85325, 2.85325, 2.85325, 2.85325, 2.85325, 2.85325, 2.85325, 2.85325, 2.85325
12.1969, 10, 2.8471, 2.8471, 3.4641, 7.1529, 0, 2.8471, 2.8471, 2.8471, 2.8471, 2.8471, 2.8471, 2.8471, 2.8471, 2.8471, 2.8471, 2.8471, 2.8471, 2.8471, 2.8471, 2.8471, 2.8471, 2.8471, 2.8471, 2.8471, 2.8471, 2.8471, 2.8471
12.2048, 10, 2.84981, 2.8498, 3.4641, 7.1502, 0, 2.8498, 2.8498, 2.8498, 2.8498, 2.8498, 2.8498, 2.8498, 2.8498, 2.8498, 2.8498, 2.8498, 2.8498, 2.8498, 2.8498, 2.8498, 2.8498, 2.8498, 2.84981, 2.8498, 2.8498, 2.8498, 2.8498
12.2127, 0, 2.8486, 2.8486, 1.41421, -2.8486, 0, 2.8486, 2.8486, 2.8486, 2.8486, 2.8486, 2.8486, 2.8486, 2.8486, 2.8486, 2.8486, 2.8486, 2.8486, 2.8486, 2.8486, 2.8486, 2.8486, 2.8486, 2.8486, 2.8486, 2.8486, 2.8486, 2.8486
12.2206, 2, 2.84394, 2.84394, 2, -0.843938, 0, 2.84394, 2.84394, 2.84394, 2.84394, 2.84394, 2.84394, 2.84394, 2.84394, 2.84394, 2.84394, 2.84394, 2.84394, 2.84394, 2.84394, 2.84394, 2.84394, 2.84394, 2.84394, 2.84394, 2.84394, 2.84394, 2.84394
12.2284, 8, 2.83756, 2.83756, 3.16228, 5.16244, 0, 2.83756, 2.83756, 2.83756, 2.83756, 2.83756, 2.83756, 2.83756, 2.83756, 2.83756, 2.83756, 2.83756, 2.83756, 2.83756, 2.83756, 2.83756, 2.83756, 2.83756, 2.83756, 2.83756, 2.83756, 2.83756, 2.83756
12.2363, 0, 2.83118, 2.83118, 1.41421, -2.83118, 0, 2.83118, 2.83118, 2.83118, 2.83118, 2.83118, 2.83118, 2.83118, 2.83118, 2.83118, 2.83118, 2.83118, 2.83118, 2.83118, 2.83118, 2.83118, 2.83118, 2.83118, 2.83118, 2.83118, 2.83118, 2.83118, 2.83118
12.2442, 6, 2.83411, 2.83411, 2.82843, 3.16589, 0, 2.83411, 2.83411, 2.83411, 2.83411, 2.83411, 2.83411, 2.83411, 2.83411, 2.83411, 2.83411, 2.83411, 2.83411, 2.83411, 2.83411, 2.83411, 2.83411, 2.83411, 2.83411, 2.83411, 2.83411, 2.83411, 2.83411
12.2521, 4, 2.833, 2.833, 2.44949, 1.167, 0, 2.833, 2.833, 2.833, 2.833, 2.833, 2.833, 2.833, 2.833, 2.833, 2.833, 2.833, 2.833, 2.833, 2.833, 2.833, 2.833, 2.833, 2.833, 2.833, 2.833, 2.833, 2.833
12.26, 6, 2.8283, 2.8283, 2.82843, 3.1717, 0, 2.8283, 2.8283, 2.8283, 2.8283, 2.8283, 2.8283, 2.8283, 2.8283, 2.8283, 2.8283, 2.8283, 2.8283, 2.8283, 2.8283, 2.8283, 2.8283, 2.8283, 2.8283, 2.8283, 2.8283, 2.8283, 2.8283
12.2679, 2, 2.8218, 2.8218, 2, -0.8218, 0, 2.8218, 2.8218, 2.8218, 2.8218, 2.8218, 2.8218, 2.8218, 2.8218, 2.8218, 2.8218, 2.8218, 2.8218, 2.8218, 2.8218, 2.8218, 2.8218, 2.8218, 2.8218, 2.8218, 2.8218, 2.8218, 2.8218
12.2757, 0, 2.81531, 2.81531, 1.41421, -2.81531, 0, 2.81531, 2.81531, 2.81531, 2.81531, 2.81531, 2.81531, 2.81531, 2.81531, 2.81531, 2.81531, 2.81531, 2.81531, 2.81531, 2.81531, 2.81531, 2.81531, 2.81531, 2.81531, 2.81531, 2.81531, 2.81531, 2.81531
12.2836, 8, 2.81803, 2.81803, 3.16228, 5.18197, 0, 2.81803, 2.81803, 2.81803, 2.81803, 2.81803, 2.81803, 2.81803, 2.81803, 2.81803, 2.81803, 2.81803, 2.81803, 2.81803, 2.81803, 2.81803, 2.81803, 2.81803, 2.81803, 2.81803, 2.81803, 2.81803, 2.81803
12.2915, 10, 2.81678, 2.81678, 3.4641, 7.18322, 0, 2.81678, 2.81678, 2.81678, 2.81678, 2.81678, 2.81678, 2.81678, 2.81678, 2.81678, 2.81678, 2.81678, 2.81678, 2.81678, 2.81678, 2.81678, 2.81678, 2.81678, 2.81678, 2.81678, 2.81678, 2.81678, 2.81678
12.2994, 4, 2.81195, 2.81195, 2.44949, 1.18805, 0, 2.81195, 2.81195, 2.81195, 2.81195, 2.81195, 2.81195, 2.81195, 2.81195, 2.81195, 2.81195, 2.81195, 2.81195, 2.81195, 2.81195, 2.81195, 2.81195, 2.81195, 2.81195, 2.81195, 2.81195, 2.81195, 2.81195
12.3073, 2, 2.80533, 2.80533, 2, -0.805332, 0, 2.80533, 2.80533, 2.80533, 2.80533, 2.80533, 2.80533, 2.80533, 2.80533, 2.80533, 2.80533, 2.80533, 2.80533, 2.80533, 2.80533, 2.80533, 2.80533, 2.80533, 2.80533, 2.80533, 2.80533, 2.80533, 2.80533
12.3152, 4, 2.79872, 2.79872, 2.44949, 1.20128, 0, 2.79872, 2.79872, 2.79872, 2.79872, 2.79872, 2.79872, 2.79872, 2.79872, 2.79872, 2.79872, 2.79872, 2.79872, 2.79872, 2.79872, 2.79872, 2.79872, 2.79872, 2.79872, 2.79872, 2.79872, 2.79872, 2.79872
12.323, 2, 2.8012, 2.80119, 2, -0.801199, 0, 2.80119, 2.80119, 2.80119, 2.80119, 2.80119, 2.80119, 2.80119, 2.80119, 2.80119, 2.80119, 2.80119, 2.80119, 2.80119, 2.80119, 2.80119, 2.80119, 2.80119, 2.8012, 2.80119, 2.80119, 2.8012, 2.80119
12.3309, 2, 2.7999, 2.7999, 2, -0.799901, 0, 2.7999, 2.7999, 2.7999, 2.7999, 2.7999, 2.7999, 2.7999, 2.7999, 2.7999, 2.7999, 2.7999, 2.7999, 2.7999, 2.7999, 2.7999, 2.7999, 2.7999, 2.7999, 2.7999, 2.7999, 2.7999, 2.7999
12.3388, 0, 2.79514, 2.79514, 1.41421, -2.79514, 0, 2.79514, 2.79514, 2.79514, 2.79514, 2.79514, 2.79514, 2.79514, 2.79514, 2.79514, 2.79514, 2.79514, 2.79514, 2.79514, 2.79514, 2.79514, 2.79514, 2.79514, 2.79514, 2.79514, 2.79514, 2.79514, 2.79514
12.3467, 6, 2.78866, 2.78865, 2.82843, 3.21134, 0, 2.78865, 2.78865, 2.78865, 2.78865, 2.78865, 2.78865, 2.78865, 2.78865, 2.78865, 2.78865, 2.78865, 2.78865, 2.78865, 2.78865, 2.78865, 2.78865, 2.78865, 2.78865, 2.78865, 2.78865, 2.78866, 2.78865
12.3546, 10, 2.78219, 2.78217, 3.4641, 7.21781, 0, 2.78217, 2.78217, 2.78217, 2.78217, 2.78217, 2.78217, 2.78217, 2.78217, 2.78217, 2.78217, 2.78217, 2.78217, 2.78217, 2.78217, 2.78217, 2.78217, 2.78217, 2.78217, 2.78217, 2.78217, 2.78219, 2.78217
12.3625, 4, 2.78412, 2.78409, 2.44949, 1.21588, 0, 2.78409, 2.78409, 2.78409, 2.78409, 2.78409, 2.78409, 2.78409, 2.78409, 2.78409, 2.78409, 2.78409, 2.78409, 2.78409, 2.78409, 2.78409, 2.78409, 2.78409, 2.78409, 2.78409, 2.78409, 2.78412, 2.78409
12.3703, 0, 2.78251, 2.78247, 1.41421, -2.78251, 0, 2.78247, 2.78247, 2.78247, 2.78247, 2.78247, 2.78247, 2.78247, 2.78247, 2.78247, 2.78247, 2.78247, 2.78247, 2.78247, 2.78247, 2.78247, 2.78247, 2.78247, 2.78247, 2.78247, 2.78247, 2.78251, 2.78247
12.3782, 6, 2.77762, 2.77756, 2.82843, 3.22238, 0, 2.77756, 2.77756, 2.77756, 2.77756, 2.77756, 2.77756, 2.77756, 2.77756, 2.77756, 2.77756, 2.77756, 2.77756, 2.77756, 2.77756, 2.77756, 2.77756, 2.77756, 2.77756, 2.77756, 2.77756, 2.77762, 2.77756
12.3861, 2, 2.7711, 2.771, 2, -0.771097, 0, 2.771, 2.771, 2.771, 2.771, 2.771, 2.771, 2.771, 2.771, 2.771, 2.771, 2.771, 2.771, 2.771, 2.771, 2.771, 2.771, 2.771, 2.77101, 2.771, 2.771, 2.7711, 2.771
12.394, 4, 2.7646, 2.76446, 2.44949, 1.2354, 0, 2.76446, 2.76446, 2.76446, 2.76446, 2.76446, 2.76446, 2.76446, 2.76446, 2.76446, 2.76446, 2.76446, 2.76446, 2.76446, 2.76446, 2.76446, 2.76446, 2.76446, 2.76446, 2.76446, 2.76446, 2.7646, 2.76446
12.4019, 0, 2.76599, 2.76579, 1.41421, -2.76599, 0, 2.76579, 2.76579, 2.76579, 2.76579, 2.76579, 2.76579, 2.76579, 2.76579, 2.76579, 2.76579, 2.76579, 2.76579, 2.76579, 2.76579, 2.76579, 2.76579, 2.76579, 2.76579, 2.76579, 2.76579, 2.76599, 2.76579
12.4098, 8, 2.76427, 2.76398, 3.16228, 5.23573, 0, 2.76398, 2.76398, 2.76398, 2.76398, 2.76398, 2.76398, 2.76398, 2.76398, 2.76398, 2.76398, 2.76398, 2.76398, 2.76398, 2.76398, 2.76398, 2.76398, 2.76398, 2.76398, 2.76398, 2.76398, 2.76427, 2.76398
12.4176, 0, 2.75964, 2.75923, 1.41421, -2.75964, 0, 2.75923, 2.75923, 2.75923, 2.75923, 2.75923, 2.75923, 2.75923, 2.75923, 2.75923, 2.75923, 2.75923, 2.75923, 2.75923, 2.75923, 2.75923, 2.75923, 2.75923, 2.75923, 2.75923, 2.75923, 2.75964, 2.75923
12.4255, 8, 2.7536, 2.75301, 3.16228, 5.2464, 0, 2.75301, 2.75301, 2.75301, 2.75301, 2.75301, 2.75301, 2.75301, 2.75301, 2.75301, 2.75301, 2.75301, 2.75301, 2.75301, 2.75301, 2.75301, 2.75301, 2.75301, 2.75301, 2.75301, 2.75301, 2.7536, 2.75301
12.4334, 0, 2.74764, 2.74681, 1.41421, -2.74764, 0, 2.74681, 2.74681, 2.74681, 2.74681, 2.74681, 2.74681, 2.74681, 2.74681, 2.74681, 2.74681, 2.74681, 2.74681, 2.74681, 2.74681, 2.74681, 2.74681, 2.74681, 2.74681, 2.74681, 2.74681, 2.74764, 2.74681
12.4413, 0, 2.74833, 2.74717, 1.41421, -2.74833, 0, 2.74717, 2.74717, 2.74717, 2.74717, 2.74717, 2.74717, 2.74717, 2.74717, 2.74717, 2.74717, 2.74717, 2.74717, 2.74717, 2.74717, 2.74717, 2.74717, 2.74717, 2.74717, 2.74717, 2.74717, 2.74833, 2.74717
12.4492, 6, 2.74641, 2.74479, 2.82843, 3.25359, 0, 2.74479, 2.74479, 2.74479, 2.74479, 2.74479, 2.74479, 2.74479, 2.74479, 2.74479, 2.74479, 2.74479, 2.74479, 2.74479, 2.74479, 2.74479, 2.74479, 2.74479, 2.74479, 2.74479, 2.74479, 2.74641, 2.74479
12.4571, 0, 2.74211, 2.73986, 1.41421, -2.74211, 0, 2.73986, 2.73986, 2.73986, 2.73986, 2.73986, 2.73986, 2.73986, 2.73986, 2.73986, 2.73986, 2.73986, 2.73986, 2.73986, 2.73986, 2.73986, 2.73986, 2.73986, 2.73986, 2.73986, 2.73986, 2.74211, 2.73986
12.4649, 12, 2.73675, 2.73366, 3.74166, 9.26325, 0, 2.73366, 2.73366, 2.73366, 2.73366, 2.73366, 2.73366, 2.73366, 2.73366, 2.73366, 2.73366, 2.73366, 2.73366, 2.73366, 2.73366, 2.73366, 2.73366, 2.73366, 2.73366, 2.73366, 2.73366, 2.73675, 2.73366
12.4728, 0, 2.73168, 2.72747, 1.41421, -2.73168, 0, 2.72747, 2.72747, 2.72747, 2.72747, 2.72747, 2.72747, 2.72747, 2.72747, 2.72747, 2.72747, 2.72747, 2.72747, 2.72747, 2.72747, 2.72747, 2.72747, 2.72747, 2.72747, 2.72747, 2.72747, 2.73168, 2.72747
12.4807, 2, 2.73299, 2.7273, 2, -0.732995, 0, 2.7273, 2.7273, 2.7273, 2.7273, 2.7273, 2.7273, 2.7273, 2.7273, 2.7273, 2.7273, 2.7273, 2.7273, 2.7273, 2.7273, 2.7273, 2.7273, 2.7273, 2.7273, 2.7273, 2.7273, 2.73299, 2.7273
12.4886, 2, 2.73239, 2.72475, 2, -0.732389, 0, 2.72475, 2.72475, 2.72475, 2.72475, 2.72475, 2.72475, 2.72475, 2.72475, 2.72475, 2.72475, 2.72475, 2.72475, 2.72475, 2.72475, 2.72475, 2.72475, 2.72475, 2.72475, 2.72475, 2.72475, 2.73239, 2.72475
12.4965, 2, 2.73015, 2.71997, 2, -0.730149, 0, 2.71997, 2.71997, 2.71997, 2.71997, 2.71997, 2.71997, 2.71997, 2.71997, 2.71997, 2.71997, 2.71997, 2.71997, 2.71997, 2.71997, 2.71997, 2.71997, 2.71997, 2.71997, 2.71997, 2.71997, 2.73015, 2.71997
12.5043, 6, 2.72754, 2.71409, 2.82843, 3.27246, 0, 2.71409, 2.71409, 2.71409, 2.71409, 2.71409, 2.71409, 2.71409, 2.71409, 2.71409, 2.71409, 2.71409, 2.71409, 2.71409, 2.71409, 2.71409, 2.71409, 2.71409, 2.71409, 2.71409, 2.71409, 2.72754, 2.71409
12.5122, 4, 2.72587, 2.70821, 2.44949, 1.27413, 0, 2.70821, 2.70821, 2.70821, 2.70821, 2.70821, 2.70821, 2.70821, 2.70821, 2.70821, 2.70821, 2.70821, 2.70821, 2.70821, 2.70821, 2.70821, 2.70821, 2.70821, 2.70821, 2.70821, 2.70821, 2.72587, 2.70821
12.5201, 4, 2.73006, 2.70706, 2.44949, 1.26994, 0, 2.70706, 2.70706, 2.70706, 2.70706, 2.70706, 2.70706, 2.70706, 2.70706, 2.70706, 2.70706, 2.70706, 2.70706, 2.70706, 2.70706, 2.70706, 2.70706, 2.70706, 2.70706, 2.70706, 2.70706, 2.73006, 2.70706
12.528, 6, 2.7336, 2.70387, 2.82843, 3.2664, 0, 2.70387, 2.70387, 2.70387, 2.70387, 2.70387, 2.70387, 2.70387, 2.70387, 2.70387, 2.70387, 2.70387, 2.70387, 2.70387, 2.70387, 2.70387, 2.70387, 2.70387, 2.70387, 2.70387, 2.70387, 2.7336, 2.70387
12.5359, 2, 2.73691, 2.69879, 2, -0.736913, 0, 2.69879, 2.69879, 2.69879, 2.69879, 2.69879, 2.69879, 2.69879, 2.69879, 2.69879, 2.69879, 2.69879, 2.69879, 2.69879, 2.69879, 2.69879, 2.69879, 2.69879, 2.69879, 2.69879, 2.69879, 2.73691, 2.69879
12.5438, 2, 2.7413, 2.69275, 2, -0.741299, 0, 2.69275, 2.69275, 2.69275, 2.69275, 2.69275, 2.69275, 2.69275, 2.69275, 2.69275, 2.69275, 2.69275, 2.69275, 2.69275, 2.69275, 2.69275, 2.69275, 2.69275, 2.69275, 2.69275, 2.69275, 2.7413, 2.69275
12.5516, 0, 2.74807, 2.68673, 1.41421, -2.74807, 0, 2.68673, 2.68673, 2.68673, 2.68673, 2.68673, 2.68673, 2.68673, 2.68673, 2.68673, 2.68673, 2.68673, 2.68673, 2.68673, 2.68673, 2.68673, 2.68673, 2.68673, 2.68673, 2.68673, 2.68673, 2.74807, 2.68673
12.5595, 8, 2.7621, 2.68516, 3.16228, 5.2379, 0, 2.68516, 2.68516, 2.68516, 2.68516, 2.68516, 2.68516, 2.68516, 2.68516, 2.68516, 2.68516, 2.68516, 2.68516, 2.68516, 2.68516, 2.68516, 2.68516, 2.68516, 2.68516, 2.68516, 2.68516, 2.7621, 2.68516
12.5674, 6, 2.77761, 2.68184, 2.82843, 3.22239, 0, 2.68184, 2.68184, 2.68184, 2.68184, 2.68184, 2.68184, 2.68184, 2.68184, 2.68184, 2.68184, 2.68184, 2.68184, 2.68184, 2.68184, 2.68184, 2.68184, 2.68184, 2.68184, 2.68184, 2.68184, 2.77761, 2.68184
12.5753, 4, 2.79521, 2.67688, 2.44949, 1.20479, 0, 2.67688, 2.67688, 2.67688, 2.67688, 2.67688, 2.67688, 2.67688, 2.67688, 2.67688, 2.67688, 2.67688, 2.67688, 2.67688, 2.67688, 2.67688, 2.67688, 2.67688, 2.67688, 2.67688, 2.67688, 2.79521, 2.67688
12.5832, 6, 2.81623, 2.6711, 2.82843, 3.18377, 0, 2.6711, 2.6711, 2.6711, 2.6711, 2.6711, 2.6711, 2.6711, 2.6711, 2.6711, 2.6711, 2.6711, 2.6711, 2.6711, 2.6711, 2.6711, 2.6711, 2.6711, 2.6711, 2.6711, 2.6711, 2.81623, 2.6711
12.5911, 4, 2.84198, 2.66534, 2.44949, 1.15802, 0, 2.66534, 2.66534, 2.66534, 2.66534, 2.66534, 2.66534, 2.66534, 2.66534, 2.66534, 2.66534, 2.66534, 2.66534, 2.66534, 2.66534, 2.66534, 2.66534, 2.66534, 2.66534, 2.66534, 2.66534, 2.84198, 2.66534
12.5989, 8, 2.87617, 2.66274, 3.16228, 5.12383, 0, 2.66274, 2.66274, 2.66274, 2.66274, 2.66274, 2.66274, 2.66274, 2.66274, 2.66274, 2.66274, 2.66274, 2.66274, 2.66274, 2.66274, 2.66274, 2.66274, 2.66274, 2.66274, 2.66274, 2.66274, 2.87617, 2.66274
12.6068, 6, 2.91464, 2.6587, 2.82843, 3.08536, 0, 2.6587, 2.6587, 2.6587, 2.6587, 2.6587, 2.6587, 2.6587, 2.6587, 2.6587, 2.6587, 2.6587, 2.6587, 2.6587, 2.6587, 2.6587, 2.6587, 2.6587, 2.6587, 2.6587, 2.6587, 2.91464, 2.6587
12.6147, 2, 2.95797, 2.65332, 2, -0.957968, 0, 2.65332, 2.65332, 2.65332, 2.65332, 2.65332, 2.65332, 2.65332, 2.65332, 2.65332, 2.65332, 2.65332, 2.65332, 2.65332, 2.65332, 2.65332, 2.65332, 2.65332, 2.65332, 2.65332, 2.65332, 2.95797, 2.65332
12.6226, 4, 3.00722, 2.64727, 2.44949, 0.992785, 0, 2.64727, 2.64727, 2.64727, 2.64727, 2.64727, 2.64727, 2.64727, 2.64727, 2.64727, 2.64727, 2.64727, 2.64727, 2.64727, 2.64727, 2.64727, 2.64727, 2.64727, 2.64727, 2.64727, 2.64727, 3.00721, 2.64727
12.6305, 8, 3.06336, 2.64122, 3.16228, 4.93664, 0, 2.64122, 2.64122, 2.64122, 2.64122, 2.64122, 2.64122, 2.64122, 2.64122, 2.64122, 2.64122, 2.64122, 2.64122, 2.64122, 2.64122, 2.64122, 2.64122, 2.64122, 2.64122, 2.64122, 2.64122, 3.06336, 2.64122
12.6384, 2, 3.12969, 2.63827, 2, -1.12969, 0, 2.63827, 2.63827, 2.63827, 2.63827, 2.63827, 2.63827, 2.63827, 2.63827, 2.63827, 2.63827, 2.63827, 2.63827, 2.63827, 2.63827, 2.63827, 2.63827, 2.63827, 2.63827, 2.63827, 2.63827, 3.12969, 2.63827
12.6462, 4, 3.20197, 2.63413, 2.44949, 0.798033, 0, 2.63413, 2.63413, 2.63413, 2.63413, 2.63413, 2.63413, 2.63413, 2.63413, 2.63413, 2.63413, 2.63413, 2.63413, 2.63413, 2.63413, 2.63413, 2.63413, 2.63413, 2.63413, 2.63413, 2.63413, 3.20197, 2.63413
12.6541, 4, 3.28019, 2.62886, 2.44949, 0.71981, 0, 2.62886, 2.62886, 2.62886, 2.62886, 2.62886, 2.62886, 2.62886, 2.62886, 2.62886, 2.62886, 2.62886, 2.62886, 2.62886, 2.62886, 2.62886, 2.62886, 2.62886, 2.62886, 2.62886, 2.62886, 3.28019, 2.62886
12.662, 8, 3.36462, 2.62303, 3.16228, 4.63538, 0, 2.62303, 2.62303, 2.62303, 2.62303, 2.62303, 2.62303, 2.62303, 2.62303, 2.62303, 2.62303, 2.62303, 2.62303, 2.62303, 2.62303, 2.62303, 2.62303, 2.62303, 2.62303, 2.62303, 2.62303, 3.36462, 2.62303
12.6699, 2, 3.45536, 2.61722, 2, -1.45536, 0, 2.61722, 2.61722, 2.61722, 2.61722, 2.61722, 2.61722, 2.61722, 2.61722, 2.61722, 2.61722, 2.61722, 2.61722, 2.61722, 2.61722, 2.61722, 2.61722, 2.61722, 2.61722, 2.61722, 2.61722, 3.45536, 2.61722
12.6778, 6, 3.55354, 2.61321, 2.82843, 2.44646, 0, 2.61321, 2.61321, 2.61321, 2.61321, 2.61321, 2.61321, 2.61321, 2.61321, 2.61321, 2.61321, 2.61321, 2.61321, 2.61321, 2.61321, 2.61321, 2.61321, 2.61321, 2.61321, 2.61321, 2.61321, 3.55354, 2.61321
12.6857, 2, 3.65552, 2.60828, 2, -1.65552, 0, 2.60828, 2.60828, 2.60828, 2.60828, 2.60828, 2.60828, 2.60828, 2.60828, 2.60828, 2.60828, 2.60828, 2.60828, 2.60828, 2.60828, 2.60828, 2.60828, 2.60828, 2.60828, 2.60828, 2.60828, 3.65551, 2.60828
12.6935, 4, 3.76024, 2.60249, 2.44949, 0.23976, 0, 2.60249, 2.60249, 2.60249, 2.60249, 2.60249, 2.60249, 2.60249, 2.60249, 2.60249, 2.60249, 2.60249, 2.60249, 2.60249, 2.60249, 2.60249, 2.60249, 2.60249, 2.60249, 2.60249, 2.60249, 3.76024, 2.60249
12.7014, 8, 3.86683, 2.59627, 3.16228, 4.13317, 0, 2.59627, 2.59627, 2.59627, 2.59627, 2.59627, 2.59627, 2.59627, 2.59627, 2.59627, 2.59627, 2.59627, 2.59627, 2.59627, 2.59627, 2.59627, 2.59627, 2.59627, 2.59627, 2.59627, 2.59627, 3.86683, 2.59627
12.7093, 4, 3.97426, 2.59006, 2.44949, 0.0257392, 0, 2.59006, 2.59006, 2.59006, 2.59006, 2.59006, 2.59006, 2.59006, 2.59006, 2.59006, 2.59006, 2.59006, 2.59006, 2.59006, 2.59006, 2.59006, 2.59006, 2.59006, 2.59006, 2.59006, 2.59006, 3.97426, 2.59006
12.7172, 6, 4.08278, 2.58578, 2.82843, 1.91722, 0, 2.58578, 2.58578, 2.58578, 2.58578, 2.58578, 2.58578, 2.58578, 2.58578, 2.58578, 2.58578, 2.58578, 2.58578, 2.58578, 2.58578, 2.58578, 2.58578, 2.58578, 2.58578, 2.58578, 2.58578, 4.08278, 2.58578
12.7251, 4, 4.18797, 2.58078, 2.44949, -0.187966, 0, 2.58078, 2.58078, 2.58078, 2.58078, 2.58078, 2.58078, 2.58078, 2.58078, 2.58078, 2.58078, 2.58078, 2.58078, 2.58078, 2.58078, 2.58078, 2.58078, 2.58078, 2.58078, 2.58078, 2.58078, 4.18797, 2.58078
12.7329, 2, 4.28802, 2.57509, 2, -2.28802, 0, 2.57509, 2.57509, 2.57509, 2.57509, 2.57509, 2.57509, 2.57509, 2.57509, 2.57509, 2.57509, 2.57509, 2.57509, 2.57509, 2.57509, 2.57509, 2.57509, 2.57509, 2.57509, 2.57509, 2.57509, 4.28802, 2.57509
12.7408, 8, 4.38143, 2.56906, 3.16228, 3.61857, 0, 2.56906, 2.56906, 2.56906, 2.56906, 2.56906, 2.56906, 2.56906, 2.56906, 2.56906, 2.56906, 2.56906, 2.56906, 2.56906, 2.56906, 2.56906, 2.56906, 2.56906, 2.56906, 2.56906, 2.56906, 4.38142, 2.56906
12.7487, 6, 4.46669, 2.56304, 2.82843, 1.53331, 0, 2.56304, 2.56304, 2.56304, 2.56304, 2.56304, 2.56304, 2.56304, 2.56304, 2.56304, 2.56304, 2.56304, 2.56304, 2.56304, 2.56304, 2.56304, 2.56304, 2.56304, 2.56304, 2.56304, 2.56304, 4.46669, 2.56304
12.7566, 6, 4.54274, 2.55771, 2.82843, 1.45726, 0, 2.55771, 2.55771, 2.55771, 2.55771, 2.55771, 2.55771, 2.55771, 2.55771, 2.55771, 2.55771, 2.55771, 2.55771, 2.55771, 2.55771, 2.55771, 2.55771, 2.55771, 2.55771, 2.55771, 2.55771, 4.54274, 2.55771
12.7645, 8, 4.6068, 2.55188, 3.16228, 3.3932, 0, 2.55188, 2.55188, 2.55188, 2.55188, 2.55188, 2.55188, 2.55188, 2.55188, 2.55188, 2.55188, 2.55188, 2.55188, 2.55188, 2.55188, 2.55188, 2.55188, 2.55188, 2.55188, 2.55188, 2.55188, 4.6068, 2.55188
12.7724, 12, 4.65746, 2.54559, 3.74166, 7.34254, 0, 2.54559, 2.54559, 2.54559, 2.54559, 2.54559, 2.54559, 2.54559, 2.54559, 2.54559, 2.54559, 2.54559, 2.54559, 2.54559, 2.54559, 2.54559, 2.54559, 2.54559, 2.54559, 2.54559, 2.54559, 4.65746, 2.54559
12.7802, 6, 4.6938, 2.53907, 2.82843, 1.3062, 0, 2.53907, 2.53907, 2.53907, 2.53907, 2.53907, 2.53907, 2.53907, 2.53907, 2.53907, 2.53907, 2.53907, 2.53907, 2.53907, 2.53907, 2.53907, 2.53907, 2.53907, 2.53907, 2.53907, 2.53907, 4.6938, 2.53907
12.7881, 10, 4.71515, 2.53256, 3.4641, 5.28485, 0, 2.53256, 2.53256, 2.53256, 2.53256, 2.53256, 2.53256, 2.53256, 2.53256, 2.53256, 2.53256, 2.53256, 2.53256, 2.53256, 2.53256, 2.53256, 2.53256, 2.53256, 2.53256, 2.53256, 2.53256, 4.71515, 2.53256
12.796, 4, 4.72186, 2.52697, 2.44949, -0.721855, 0, 2.52697, 2.52697, 2.52697, 2.52697, 2.52697, 2.52697, 2.52697, 2.52697, 2.52697, 2.52697, 2.52697, 2.52697, 2.52697, 2.52697, 2.52697, 2.52697, 2.52697, 2.52697, 2.52697, 2.52697, 4.72185, 2.52697
12.8039, 6, 4.71243, 2.52107, 2.82843, 1.28757, 0, 2.52107, 2.52107, 2.52107, 2.52107, 2.52107, 2.52107, 2.52107, 2.52107, 2.52107, 2.52107, 2.52107, 2.52107, 2.52107, 2.52107, 2.52107, 2.52107, 2.52107, 2.52107, 2.52107, 2.52107, 4.71243, 2.52107
12.8118, 10, 4.68701, 2.51489, 3.4641, 5.31299, 0, 2.51489, 2.51489, 2.51489, 2.51489, 2.51489, 2.51489, 2.51489, 2.51489, 2.51489, 2.51489, 2.51489, 2.51489, 2.51489, 2.51489, 2.51489, 2.51489, 2.51489, 2.51489, 2.51489, 2.51489, 4.68701, 2.51489
12.8197, 8, 4.64617, 2.50857, 3.16228, 3.35383, 0, 2.50857, 2.50857, 2.50857, 2.50857, 2.50857, 2.50857, 2.50857, 2.50857, 2.50857, 2.50857, 2.50857, 2.50857, 2.50857, 2.50857, 2.50857, 2.50857, 2.50857, 2.50857, 2.50857, 2.50857, 4.64617, 2.50857
12.8275, 6, 4.59072, 2.50218, 2.82843, 1.40928, 0, 2.50218, 2.50218, 2.50218, 2.50218, 2.50218, 2.50218, 2.50218, 2.50218, 2.50218, 2.50218, 2.50218, 2.50218, 2.50218, 2.50218, 2.50218, 2.50218, 2.50218, 2.50218, 2.50218, 2.50218, 4.59072, 2.50218
12.8354, 2, 4.52168, 2.4957, 2, -2.52168, 0, 2.4957, 2.4957, 2.4957, 2.4957, 2.4957, 2.4957, 2.4957, 2.4957, 2.4957, 2.4957, 2.4957, 2.4957, 2.4957, 2.4957, 2.4957, 2.4957, 2.4957, 2.4957, 2.4957, 2.4957, 4.52168, 2.4957
12.8433, 4, 4.44027, 2.48902, 2.44949, -0.440268, 0, 2.48902, 2.48902, 2.48902, 2.48902, 2.48902, 2.48902, 2.48902, 2.48902, 2.48902, 2.48902, 2.48902, 2.48902, 2.48902, 2.48902, 2.48902, 2.48902, 2.48902, 2.48902, 2.48902, 2.48902, 4.44027, 2.48902
12.8512, 0, 4.34803, 2.48218, 1.41421, -4.34803, 0, 2.48218, 2.48218, 2.48218, 2.48218, 2.48218, 2.48218, 2.48218, 2.48218, 2.48218, 2.48218, 2.48218, 2.48218, 2.48218, 2.48218, 2.48218, 2.48218, 2.48218, 2.48218, 2.48218, 2.48218, 4.34802, 2.48218
12.8591, 8, 4.24671, 2.47526, 3.16228, 3.75329, 0, 2.47526, 2.47526, 2.47526, 2.47526, 2.47526, 2.47526, 2.47526, 2.47526, 2.47526, 2.47526, 2.47526, 2.47526, 2.47526, 2.47526, 2.47526, 2.47526, 2.47526, 2.47526, 2.47526, 2.47526, 4.24671, 2.47526
12.867, 2, 4.1382, 2.46835, 2, -2.1382, 0, 2.46835, 2.46835, 2.46835, 2.46835, 2.46835, 2.46835, 2.46835, 2.46835, 2.46835, 2.46835, 2.46835, 2.46835, 2.46835, 2.46835, 2.46835, 2.46835, 2.46835, 2.46836, 2.46835, 2.46835, 4.1382, 2.46835
12.8748, 8, 4.02441, 2.46154, 3.16228, 3.97559, 0, 2.46154, 2.46154, 2.46154, 2.46154, 2.46154, 2.46154, 2.46154, 2.46154, 2.46154, 2.46154, 2.46154, 2.46154, 2.46154, 2.46154, 2.46154, 2.46154, 2.46154, 2.46154, 2.46154, 2.46154, 4.0244, 2.46154
12.8827, 10, 3.90696, 2.45462, 3.4641, 6.09304, 0, 2.45462, 2.45462, 2.45462, 2.45462, 2.45462, 2.45462, 2.45462, 2.45462, 2.45462, 2.45462, 2.45462, 2.45462, 2.45462, 2.45462, 2.45462, 2.45462, 2.45462, 2.45462, 2.45462, 2.45462, 3.90696, 2.45462
12.8906, 4, 3.78768, 2.44763, 2.44949, 0.212316, 0, 2.44763, 2.44763, 2.44763, 2.44763, 2.44763, 2.44763, 2.44763, 2.44763, 2.44763, 2.44763, 2.44763, 2.44763, 2.44763, 2.44763, 2.44763, 2.44763, 2.44763, 2.44764, 2.44763, 2.44763, 3.78768, 2.44763
12.8985, 4, 3.66822, 2.44055, 2.44949, 0.331778, 0, 2.44055, 2.44055, 2.44055, 2.44055, 2.44055, 2.44055, 2.44055, 2.44055, 2.44055, 2.44055, 2.44055, 2.44055, 2.44055, 2.44055, 2.44055, 2.44055, 2.44055, 2.44055, 2.44055, 2.44055, 3.66822, 2.44055
12.9064, 4, 3.55014, 2.43339, 2.44949, 0.449857, 0, 2.43339, 2.43339, 2.43339, 2.43339, 2.43339, 2.43339, 2.43339, 2.43339, 2.43339, 2.43339, 2.43339, 2.43339, 2.43339, 2.43339, 2.43339, 2.43339, 2.43339, 2.43339, 2.43339, 2.43339, 3.55014, 2.43339
12.9143, 4, 3.4348, 2.42613, 2.44949, 0.565202, 0, 2.42613, 2.42613, 2.42613, 2.42613, 2.42613, 2.42613, 2.42613, 2.42613, 2.42613, 2.42613, 2.42613, 2.42613, 2.42613, 2.42613, 2.42613, 2.42613, 2.42613, 2.42613, 2.42613, 2.42613, 3.4348, 2.42613
12.9221, 8, 3.3234, 2.41879, 3.16228, 4.6766, 0, 2.41879, 2.41879, 2.41879, 2.41879, 2.41879, 2.41879, 2.41879, 2.41879, 2.41879, 2.41879, 2.41879, 2.41879, 2.41879, 2.41879, 2.41879, 2.41879, 2.41879, 2.41879, 2.41879, 2.41879, 3.3234, 2.41879
12.93, 4, 3.21687, 2.41132, 2.44949, 0.783127, 0, 2.41132, 2.41132, 2.41132, 2.41132, 2.41132, 2.41132, 2.41132, 2.41132, 2.41132, 2.41132, 2.41132, 2.41132, 2.41132, 2.41132, 2.41132, 2.41132, 2.41132, 2.41132, 2.41132, 2.41132, 3.21687, 2.41132
12.9379, 4, 3.11603, 2.40373, 2.44949, 0.883974, 0, 2.40373, 2.40373, 2.40373, 2.40373, 2.40373, 2.40373, 2.40373, 2.40373, 2.40373, 2.40373, 2.40373, 2.40373, 2.40373, 2.40373, 2.40373, 2.40373, 2.40373, 2.40373, 2.40373, 2.40373, 3.11603, 2.40373
12.9458, 2, 3.02147, 2.39607, 2, -1.02147, 0, 2.39607, 2.39607, 2.39607, 2.39607, 2.39607, 2.39607, 2.39607, 2.39607, 2.39607, 2.39607, 2.39607, 2.39607, 2.39607, 2.39607, 2.39607, 2.39607, 2.39607, 2.39607, 2.39607, 2.39607, 3.02147, 2.39607
12.9537, 2, 2.93358, 2.38834, 2, -0.933576, 0, 2.38834, 2.38834, 2.38834, 2.38834, 2.38834, 2.38834, 2.38834, 2.38834, 2.38834, 2.38834, 2.38834, 2.38834, 2.38834, 2.38834, 2.38834, 2.38834, 2.38834, 2.38834, 2.38834, 2.38834, 2.93358, 2.38834
12.9616, 4, 2.85257, 2.38055, 2.44949, 1.14743, 0, 2.38055, 2.38055, 2.38055, 2.38055, 2.38055, 2.38055, 2.38055, 2.38055, 2.38055, 2.38055, 2.38055, 2.38055, 2.38055, 2.38055, 2.38055, 2.38055, 2.38055, 2.38055, 2.38055, 2.38055, 2.85256, 2.38055
12.9694, 10, 2.77842, 2.37266, 3.4641, 7.22158, 0, 2.37266, 2.37266, 2.37266, 2.37266, 2.37266, 2.37266, 2.37266, 2.37266, 2.37266, 2.37266, 2.37266, 2.37266, 2.37266, 2.37266, 2.37266, 2.37266, 2.37266, 2.37266, 2.37266, 2.37266, 2.77842, 2.37266
12.9773, 4, 2.71104, 2.36467, 2.44949, 1.28896, 0, 2.36467, 2.36467, 2.36467, 2.36467, 2.36467, 2.36467, 2.36467, 2.36467, 2.36467, 2.36467, 2.36467, 2.36467, 2.36467, 2.36467, 2.36467, 2.36467, 2.36467, 2.36468, 2.36467, 2.36467, 2.71104, 2.36467
12.9852, 6, 2.6501, 2.3565, 2.82843, 3.3499, 0, 2.3565, 2.3565, 2.3565, 2.3565, 2.3565, 2.3565, 2.3565, 2.3565, 2.3565, 2.3565, 2.3565, 2.3565, 2.3565, 2.3565, 2.3565, 2.3565, 2.3565, 2.3565, 2.3565, 2.3565, 2.65009, 2.3565
12.9931, 2, 2.59529, 2.34817, 2, -0.595292, 0, 2.34817, 2.34817, 2.34817, 2.34817, 2.34817, 2.34817, 2.34817, 2.34817, 2.34817, 2.34817, 2.34817, 2.34817, 2.34817, 2.34817, 2.34817, 2.34817, 2.34817, 2.34817, 2.34817, 2.34817, 2.59529, 2.34817
13.001, 6, 2.54602, 2.33946, 2.82843, 3.45398, 0, 2.33946, 2.33946, 2.33946, 2.33946, 2.33946, 2.33946, 2.33946, 2.33946, 2.33946, 2.33946, 2.33946, 2.33946, 2.33946, 2.33946, 2.33946, 2.33946, 2.33946, 2.33946, 2.33946, 2.33946, 2.54601, 2.33946
13.0088, 2, 2.50186, 2.33042, 2, -0.501863, 0, 2.33042, 2.33042, 2.33042, 2.33042, 2.33042, 2.33042, 2.33042, 2.33042, 2.33042, 2.33042, 2.33042, 2.33042, 2.33042, 2.33042, 2.33042, 2.33042, 2.33042, 2.33042, 2.33042, 2.33042, 2.50186, 2.33042
13.0167, 4, 2.46246, 2.32114, 2.44949, 1.53754, 0, 2.32114, 2.32114, 2.32114, 2.32114, 2.32114, 2.32114, 2.32114, 2.32114, 2.32114, 2.32114, 2.32114, 2.32114, 2.32114, 2.32114, 2.32114, 2.32114, 2.32114, 2.32114, 2.32114, 2.32114, 2.46246, 2.32114
13.0246, 6, 2.42731, 2.31164, 2.82843, 3.57269, 0, 2.31164, 2.31164, 2.31164, 2.31164, 2.31164, 2.31164, 2.31164, 2.31164, 2.31164, 2.31164, 2.31164, 2.31164, 2.31164, 2.31164, 2.31164, 2.31164, 2.31164, 2.31164, 2.31164, 2.31164, 2.42731, 2.31164
13.0325, 6, 2.39594, 2.30191, 2.82843, 3.60406, 0, 2.30191, 2.30191, 2.30191, 2.30191, 2.30191, 2.30191, 2.30191, 2.30191, 2.30191, 2.30191, 2.30191, 2.30191, 2.30191, 2.30191, 2.30191, 2.30191, 2.30191, 2.30191, 2.30191, 2.30191, 2.39594, 2.30191
13.0404, 8, 2.3677, 2.29179, 3.16228, 5.6323, 0, 2.29179, 2.29179, 2.29179, 2.29179, 2.29179, 2.29179, 2.29179, 2.29179, 2.29179, 2.29179, 2.29179, 2.29179, 2.29179, 2.29179, 2.29179, 2.29179, 2.29179, 2.29179, 2.29179, 2.29179, 2.3677, 2.29179
13.0483, 4, 2.34219, 2.28133, 2.44949, 1.65781, 0, 2.28133, 2.28133, 2.28133, 2.28133, 2.28133, 2.28133, 2.28133, 2.28133, 2.28133, 2.28133, 2.28133, 2.28133, 2.28133, 2.28133, 2.28133, 2.28133, 2.28133, 2.28133, 2.28133, 2.28133, 2.34219, 2.28133
13.0561, 2, 2.31903, 2.27055, 2, -0.319026, 0, 2.27055, 2.27055, 2.27055, 2.27055, 2.27055, 2.27055, 2.27055, 2.27055, 2.27055, 2.27055, 2.27055, 2.27055, 2.27055, 2.27055, 2.27055, 2.27055, 2.27055, 2.27056, 2.27055, 2.27055, 2.31903, 2.27055
13.064, 4, 2.29781, 2.25946, 2.44949, 1.70219, 0, 2.25946, 2.25946, 2.25946, 2.25946, 2.25946, 2.25946, 2.25946, 2.25946, 2.25946, 2.25946, 2.25946, 2.25946, 2.25946, 2.25946, 2.25946, 2.25946, 2.25946, 2.25946, 2.25946, 2.25946, 2.29781, 2.25946
13.0719, 0, 2.27803, 2.24787, 1.41421, -2.27803, 0, 2.24787, 2.24787, 2.24787, 2.24787, 2.24787, 2.24787, 2.24787, 2.24787, 2.24787, 2.24787, 2.24787, 2.24787, 2.24787, 2.24787, 2.24787, 2.24787, 2.24787, 2.24787, 2.24787, 2.24787, 2.27802, 2.24787
13.0798, 2, 2.25946, 2.23588, 2, -0.25946, 0, 2.23588, 2.23588, 2.23588, 2.23588, 2.23588, 2.23588, 2.23588, 2.23588, 2.23588, 2.23588, 2.23588, 2.23588, 2.23588, 2.23588, 2.23588, 2.23588, 2.23588, 2.23588, 2.23588, 2.23588, 2.25946, 2.23588
13.0877, 4, 2.24193, 2.22358, 2.44949, 1.75807, 0, 2.22358, 2.22358, 2.22358, 2.22358, 2.22358, 2.22358, 2.22358, 2.22358, 2.22358, 2.22358, 2.22358, 2.22358, 2.22358, 2.22358, 2.22358, 2.22358, 2.22358, 2.22358, 2.22358, 2.22358, 2.24193, 2.22358
13.0956, 2, 2.2252, 2.21096, 2, -0.225204, 0, 2.21096, 2.21096, 2.21096, 2.21096, 2.21096, 2.21096, 2.21096, 2.21096, 2.21096, 2.21096, 2.21096, 2.21096, 2.21096, 2.21096, 2.21096, 2.21096, 2.21096, 2.21096, 2.21096, 2.21096, 2.2252, 2.21096
13.1034, 4, 2.20917, 2.1981, 2.44949, 1.79083, 0, 2.1981, 2.1981, 2.1981, 2.1981, 2.1981, 2.1981, 2.1981, 2.1981, 2.1981, 2.1981, 2.1981, 2.1981, 2.1981, 2.1981, 2.1981, 2.1981, 2.1981, 2.1981, 2.1981, 2.1981, 2.20917, 2.1981
13.1113, 6, 2.1935, 2.18485, 2.82843, 3.8065, 0, 2.18485, 2.18485, 2.18485, 2.18485, 2.18485, 2.18485, 2.18485, 2.18485, 2.18485, 2.18485, 2.18485, 2.18485, 2.18485, 2.18485, 2.18485, 2.18485, 2.18485, 2.18485, 2.18485, 2.18485, 2.1935, 2.18485
13.1192, 4, 2.17814, 2.17126, 2.44949, 1.82186, 0, 2.17126, 2.17126, 2.17126, 2.17126, 2.17126, 2.17126, 2.17126, 2.17126, 2.17126, 2.17126, 2.17126, 2.17126, 2.17126, 2.17126, 2.17126, 2.17126, 2.17126, 2.17126, 2.17126, 2.17126, 2.17814, 2.17126
13.1271, 2, 2.16308, 2.15746, 2, -0.163085, 0, 2.15746, 2.15746, 2.15746, 2.15746, 2.15746, 2.15746, 2.15746, 2.15746, 2.15746, 2.15746, 2.15746, 2.15746, 2.15746, 2.15746, 2.15746, 2.15746, 2.15746, 2.15746, 2.15746, 2.15746, 2.16308, 2.15746
13.135, 0, 2.14823, 2.14339, 1.41421, -2.14823, 0, 2.14339, 2.14339, 2.14339, 2.14339, 2.14339, 2.14339, 2.14339, 2.14339, 2.14339, 2.14339, 2.14339, 2.14339, 2.14339, 2.14339, 2.14339, 2.14339, 2.14339, 2.14339, 2.14339, 2.14339, 2.14823, 2.14339
13.1429, 0, 2.13359, 2.12914, 1.41421, -2.13359, 0, 2.12914, 2.12914, 2.12914, 2.12914, 2.12914, 2.12914, 2.12914, 2.12914, 2.12914, 2.12914, 2.12914, 2.12914, 2.12914, 2.12914, 2.12914, 2.12914, 2.12914, 2.12914, 2.12914, 2.12914, 2.13358, 2.12914
13.1507, 2, 2.11894, 2.11451, 2, -0.118937, 0, 2.11451, 2.11451, 2.11451, 2.11451, 2.11451, 2.11451, 2.11451, 2.11451, 2.11451, 2.11451, 2.11451, 2.11451, 2.11451, 2.11451, 2.11451, 2.11451, 2.11451, 2.11451, 2.11451, 2.11451, 2.11894, 2.11451
13.1586, 4, 2.10434, 2.09956, 2.44949, 1.89566, 0, 2.09956, 2.09956, 2.09956, 2.09956, 2.09956, 2.09956, 2.09956, 2.09956, 2.09956, 2.09956, 2.09956, 2.09956, 2.09956, 2.09956, 2.09956, 2.09956, 2.09956, 2.09956, 2.09956, 2.09956, 2.10434, 2.09956
13.1665, 6, 2.08998, 2.08449, 2.82843, 3.91002, 0, 2.08449, 2.08449, 2.08449, 2.08449, 2.08449, 2.08449, 2.08449, 2.08449, 2.08449, 2.08449, 2.08449, 2.08449, 2.08449, 2.08449, 2.08449, 2.08449, 2.08449, 2.08449, 2.08449, 2.08449, 2.08998, 2.08449
13.1744, 6, 2.07607, 2.06948, 2.82843, 3.92393, 0, 2.06948, 2.06948, 2.06948, 2.06948, 2.06948, 2.06948, 2.06948, 2.06948, 2.06948, 2.06948, 2.06948, 2.06948, 2.06948, 2.06948, 2.06948, 2.06948, 2.06948, 2.06948, 2.06948, 2.06948, 2.07607, 2.06948
13.1823, 6, 2.06362, 2.05549, 2.82843, 3.93638, 0, 2.05549, 2.05549, 2.05549, 2.05549, 2.05549, 2.05549, 2.05549, 2.05549, 2.05549, 2.05549, 2.05549, 2.05549, 2.05549, 2.05549, 2.05549, 2.05549, 2.05549, 2.05549, 2.05549, 2.05549, 2.06362, 2.05549
13.1902, 6, 2.05116, 2.04099, 2.82843, 3.94884, 0, 2.04099, 2.04099, 2.04099, 2.04099, 2.04099, 2.04099, 2.04099, 2.04099, 2.04099, 2.04099, 2.04099, 2.04099, 2.04099, 2.04099, 2.04099, 2.04099, 2.04099, 2.04099, 2.04099, 2.04099, 2.05116, 2.04099
13.198, 2, 2.0388, 2.02603, 2, -0.0387974, 0, 2.02603, 2.02603, 2.02603, 2.02603, 2.02603, 2.02603, 2.02603, 2.02603, 2.02603, 2.02603, 2.02603, 2.02603, 2.02603, 2.02603, 2.02603, 2.02603, 2.02603, 2.02603, 2.02603, 2.02603, 2.0388, 2.02603
13.2059, 0, 2.02689, 2.01086, 1.41421, -2.02689, 0, 2.01086, 2.01086, 2.01086, 2.01086, 2.01086, 2.01086, 2.01086, 2.01086, 2.01086, 2.01086, 2.01086, 2.01086, 2.01086, 2.01086, 2.01086, 2.01086, 2.01086, 2.01086, 2.01086, 2.01086, 2.02689, 2.01086
13.2138, 2, 2.01581, 1.99575, 2, -0.0158136, 0, 1.99575, 1.99575, 1.99575, 1.99575, 1.99575, 1.99575, 1.99575, 1.99575, 1.99575, 1.99575, 1.99575, 1.99575, 1.99575, 1.99575, 1.99575, 1.99575, 1.99575, 1.99576, 1.99575, 1.99575, 2.01581, 1.99575
13.2217, 4, 2.00651, 1.98153, 2.44949, 1.99349, 0, 1.98153, 1.98153, 1.98153, 1.98153, 1.98153, 1.98153, 1.98153, 1.98153, 1.98153, 1.98153, 1.98153, 1.98153, 1.98153, 1.98153, 1.98153, 1.98153, 1.98153, 1.98153, 1.98153, 1.98153, 2.00651, 1.98153
13.2296, 2, 1.99758, 1.96667, 2, 0.002424, 0, 1.96667, 1.96667, 1.96667, 1.96667, 1.96667, 1.96667, 1.96667, 1.96667, 1.96667, 1.96667, 1.96667, 1.96667, 1.96667, 1.96667, 1.96667, 1.96667, 1.96667, 1.96667, 1.96667, 1.96667, 1.99758, 1.96667
13.2374, 2, 1.9892, 1.95121, 2, 0.0107995, 0, 1.95121, 1.95121, 1.95121, 1.95121, 1.95121, 1.95121, 1.95121, 1.95121, 1.95121, 1.95121, 1.95121, 1.95121, 1.95121, 1.95121, 1.95121, 1.95121, 1.95121, 1.95121, 1.95121, 1.95121, 1.9892, 1.95121
13.2453, 4, 1.98187, 1.93547, 2.44949, 2.01813, 0, 1.93547, 1.93547, 1.93547, 1.93547, 1.93547, 1.93547, 1.93547, 1.93547, 1.93547, 1.93547, 1.93547, 1.93547, 1.93547, 1.93547, 1.93547, 1.93547, 1.93547, 1.93547, 1.93547, 1.93547, 1.98186, 1.93547
13.2532, 2, 1.97605, 1.91981, 2, 0.0239451, 0, 1.91981, 1.91981, 1.91981, 1.91981, 1.91981, 1.91981, 1.91981, 1.91981, 1.91981, 1.91981, 1.91981, 1.91981, 1.91981, 1.91981, 1.91981, 1.91981, 1.91981, 1.91981, 1.91981, 1.91981, 1.97605, 1.91981
13.2611, 6, 1.97393, 1.90622, 2.82843, 4.02607, 0, 1.90622, 1.90622, 1.90622, 1.90622, 1.90622, 1.90622, 1.90622, 1.90622, 1.90622, 1.90622, 1.90622, 1.90622, 1.90622, 1.90622, 1.90622, 1.90622, 1.90622, 1.90622, 1.90622, 1.90622, 1.97393, 1.90622
13.269, 10, 1.9727, 1.89176, 3.4641, 8.0273, 0, 1.89176, 1.89176, 1.89176, 1.89176, 1.89176, 1.89176, 1.89176, 1.89176, 1.89176, 1.89176, 1.89176, 1.89176, 1.89176, 1.89176, 1.89176, 1.89176, 1.89176, 1.89176, 1.89176, 1.89176, 1.9727, 1.89176
13.2769, 0, 1.97257, 1.8765, 1.41421, -1.97257, 0, 1.8765, 1.8765, 1.8765, 1.8765, 1.8765, 1.8765, 1.8765, 1.8765, 1.8765, 1.8765, 1.8765, 1.8765, 1.8765, 1.8765, 1.8765, 1.8765, 1.8765, 1.8765, 1.8765, 1.8765, 1.97257, 1.8765
13.2847, 10, 1.97408, 1.86088, 3.4641, 8.02592, 0, 1.86088, 1.86088, 1.86088, 1.86088, 1.86088, 1.86088, 1.86088, 1.86088, 1.86088, 1.86088, 1.86088, 1.86088, 1.86088, 1.86088, 1.86088, 1.86088, 1.86088, 1.86088, 1.86088, 1.86088, 1.97408, 1.86088
13.2926, 0, 1.97777, 1.84533, 1.41421, -1.97777, 0, 1.84533, 1.84533, 1.84533, 1.84533, 1.84533, 1.84533, 1.84533, 1.84533, 1.84533, 1.84533, 1.84533, 1.84533, 1.84533, 1.84533, 1.84533, 1.84533, 1.84533, 1.84533, 1.84533, 1.84533, 1.97777, 1.84533
13.3005, 4, 1.98559, 1.83175, 2.44949, 2.01441, 0, 1.83175, 1.83175, 1.83175, 1.83175, 1.83175, 1.83175, 1.83175, 1.83175, 1.83175, 1.83175, 1.83175, 1.83175, 1.83175, 1.83175, 1.83175, 1.83175, 1.83175, 1.83175, 1.83175, 1.83175, 1.98559, 1.83175
13.3084, 4, 1.99459, 1.81715, 2.44949, 2.00541, 0, 1.81715, 1.81715, 1.81715, 1.81715, 1.81715, 1.81715, 1.81715, 1.81715, 1.81715, 1.81715, 1.81715, 1.81715, 1.81715, 1.81715, 1.81715, 1.81715, 1.81715, 1.81715, 1.81715, 1.81715, 1.99459, 1.81715
13.3163, 4, 2.00478, 1.80161, 2.44949, 1.99522, 0, 1.80161, 1.80161, 1.80161, 1.80161, 1.80161, 1.80161, 1.80161, 1.80161, 1.80161, 1.80161, 1.80161, 1.80161, 1.80161, 1.80161, 1.80161, 1.80161, 1.80161, 1.80161, 1.80161, 1.80161, 2.00478, 1.80161
13.3242, 4, 2.01663, 1.78562, 2.44949, 1.98337, 0, 1.78562, 1.78562, 1.78562, 1.78562, 1.78562, 1.78562, 1.78562, 1.78562, 1.78562, 1.78562, 1.78562, 1.78562, 1.78562, 1.78562, 1.78562, 1.78562, 1.78562, 1.78562, 1.78562, 1.78562, 2.01663, 1.78562
13.332, 4, 2.0305, 1.76971, 2.44949, 1.9695, 0, 1.76971, 1.76971, 1.76971, 1.76971, 1.76971, 1.76971, 1.76971, 1.76971, 1.76971, 1.76971, 1.76971, 1.76971, 1.76971, 1.76971, 1.76971, 1.76971, 1.76971, 1.76971, 1.76971, 1.76971, 2.0305, 1.76971
13.3399, 6, 2.0491, 1.75679, 2.82843, 3.9509, 0, 1.75679, 1.75679, 1.75679, 1.75679, 1.75679, 1.75679, 1.75679, 1.75679, 1.75679, 1.75679, 1.75679, 1.75679, 1.75679, 1.75679, 1.75679, 1.75679, 1.75679, 1.75679, 1.75679, 1.75679, 2.0491, 1.75679
13.3478, 6, 2.06794, 1.74261, 2.82843, 3.93206, 0, 1.74261, 1.74261, 1.74261, 1.74261, 1.74261, 1.74261, 1.74261, 1.74261, 1.74261, 1.74261, 1.74261, 1.74261, 1.74261, 1.74261, 1.74261, 1.74261, 1.74261, 1.74261, 1.74261, 1.74261, 2.06794, 1.74261
13.3557, 6, 2.08681, 1.7273, 2.82843, 3.91319, 0, 1.7273, 1.7273, 1.7273, 1.7273, 1.7273, 1.7273, 1.7273, 1.7273, 1.7273, 1.7273, 1.7273, 1.7273, 1.7273, 1.7273, 1.7273, 1.7273, 1.7273, 1.7273, 1.7273, 1.7273, 2.08681, 1.7273
13.3636, 4, 2.10594, 1.71145, 2.44949, 1.89406, 0, 1.71145, 1.71145, 1.71145, 1.71145, 1.71145, 1.71145, 1.71145, 1.71145, 1.71145, 1.71145, 1.71145, 1.71145, 1.71145, 1.71145, 1.71145, 1.71145, 1.71145, 1.71145, 1.71145, 1.71145, 2.10594, 1.71145
13.3715, 6, 2.12547, 1.69568, 2.82843, 3.87453, 0, 1.69568, 1.69568, 1.69568, 1.69568, 1.69568, 1.69568, 1.69568, 1.69568, 1.69568, 1.69568, 1.69568, 1.69568, 1.69568, 1.69568, 1.69568, 1.69568, 1.69568, 1.69568, 1.69568, 1.69568, 2.12547, 1.69568
13.3793, 2, 2.14795, 1.68299, 2, -0.147953, 0, 1.68299, 1.68299, 1.68299, 1.68299, 1.68299, 1.68299, 1.68299, 1.68299, 1.68299, 1.68299, 1.68299, 1.68299, 1.68299, 1.68299, 1.68299, 1.68299, 1.68299, 1.68299, 1.68299, 1.68299, 2.14795, 1.68299
13.3872, 2, 2.16836, 1.66889, 2, -0.168359, 0, 1.66889, 1.66889, 1.66889, 1.66889, 1.66889, 1.66889, 1.66889, 1.66889, 1.66889, 1.66889, 1.66889, 1.66889, 1.66889, 1.66889, 1.66889, 1.66889, 1.66889, 1.66889, 1.66889, 1.66889, 2.16836, 1.66889
13.3951, 2, 2.18625, 1.65348, 2, -0.186247, 0, 1.65348, 1.65348, 1.65348, 1.65348, 1.65348, 1.65348, 1.65348, 1.65348, 1.65348, 1.65348, 1.65348, 1.65348, 1.65348, 1.65348, 1.65348, 1.65348, 1.65348, 1.65348, 1.65348, 1.65348, 2.18625, 1.65348
13.403, 4, 2.20176, 1.63747, 2.44949, 1.79824, 0, 1.63747, 1.63747, 1.63747, 1.63747, 1.63747, 1.63747, 1.63747, 1.63747, 1.63747, 1.63747, 1.63747, 1.63747, 1.63747, 1.63747, 1.63747, 1.63747, 1.63747, 1.63747, 1.63747, 1.63747, 2.20175, 1.63747
13.4109, 0, 2.21501, 1.62154, 1.41421, -2.21501, 0, 1.62154, 1.62154, 1.62154, 1.62154, 1.62154, 1.62154, 1.62154, 1.62154, 1.62154, 1.62154, 1.62154, 1.62154, 1.62154, 1.62154, 1.62154, 1.62154, 1.62154, 1.62154, 1.62154, 1.62154, 2.21501, 1.62154
13.4188, 6, 2.2293, 1.6095, 2.82843, 3.7707, 0, 1.6095, 1.6095, 1.6095, 1.6095, 1.6095, 1.6095, 1.6095, 1.6095, 1.6095, 1.6095, 1.6095, 1.6095, 1.6095, 1.6095, 1.6095, 1.6095, 1.6095, 1.6095, 1.6095, 1.6095, 2.2293, 1.6095
13.4266, 4, 2.23859, 1.59584, 2.44949, 1.76141, 0, 1.59584, 1.59584, 1.59584, 1.59584, 1.59584, 1.59584, 1.59584, 1.59584, 1.59584, 1.59584, 1.59584, 1.59584, 1.59584, 1.59584, 1.59584, 1.59584, 1.59584, 1.59584, 1.59584, 1.59584, 2.23859, 1.59584
13.4345, 12, 2.24258, 1.58068, 3.74166, 9.75742, 0, 1.58068, 1.58068, 1.58068, 1.58068, 1.58068, 1.58068, 1.58068, 1.58068, 1.58068, 1.58068, 1.58068, 1.58068, 1.58068, 1.58068, 1.58068, 1.58068, 1.58068, 1.58068, 1.58068, 1.58068, 2.24258, 1.58068
13.4424, 4, 2.24168, 1.56483, 2.44949, 1.75832, 0, 1.56483, 1.56483, 1.56483, 1.56483, 1.56483, 1.56483, 1.56483, 1.56483, 1.56483, 1.56483, 1.56483, 1.56483, 1.56483, 1.56483, 1.56483, 1.56483, 1.56483, 1.56483, 1.56483, 1.56483, 2.24168, 1.56483
13.4503, 0, 2.23637, 1.54906, 1.41421, -2.23637, 0, 1.54906, 1.54906, 1.54906, 1.54906, 1.54906, 1.54906, 1.54906, 1.54906, 1.54906, 1.54906, 1.54906, 1.54906, 1.54906, 1.54906, 1.54906, 1.54906, 1.54906, 1.54906, 1.54906, 1.54906, 2.23637, 1.54906
13.4582, 0, 2.23053, 1.53746, 1.41421, -2.23053, 0, 1.53746, 1.53746, 1.53746, 1.53746, 1.53746, 1.53746, 1.53746, 1.53746, 1.53746, 1.53746, 1.53746, 1.53746, 1.53746, 1.53746, 1.53746, 1.53746, 1.53746, 1.53746, 1.53746, 1.53746, 2.23053, 1.53746
13.4661, 0, 2.21807, 1.52406, 1.41421, -2.21807, 0, 1.52406, 1.52406, 1.52406, 1.52406, 1.52406, 1.52406, 1.52406, 1.52406, 1.52406, 1.52406, 1.52406, 1.52406, 1.52406, 1.52406, 1.52406, 1.52406, 1.52406, 1.52406, 1.52406, 1.52406, 2.21807, 1.52406
13.4739, 0, 2.19914, 1.509, 1.41421, -2.19914, 0, 1.509, 1.509, 1.509, 1.509, 1.509, 1.509, 1.509, 1.509, 1.509, 1.509, 1.509, 1.509, 1.509, 1.509, 1.509, 1.509, 1.509, 1.50901, 1.509, 1.509, 2.19914, 1.509
13.4818, 6, 2.17468, 1.49318, 2.82843, 3.82532, 0, 1.49318, 1.49318, 1.49318, 1.49318, 1.49318, 1.49318, 1.49318, 1.49318, 1.49318, 1.49318, 1.49318, 1.49318, 1.49318, 1.49318, 1.49318, 1.49318, 1.49318, 1.49318, 1.49318, 1.49318, 2.17468, 1.49318
13.4897, 4, 2.14574, 1.47743, 2.44949, 1.85426, 0, 1.47743, 1.47743, 1.47743, 1.47743, 1.47743, 1.47743, 1.47743, 1.47743, 1.47743, 1.47743, 1.47743, 1.47743, 1.47743, 1.47743, 1.47743, 1.47743, 1.47743, 1.47743, 1.47743, 1.47743, 2.14574, 1.47743
13.4976, 8, 2.11741, 1.46658, 3.16228, 5.88259, 0, 1.46658, 1.46658, 1.46658, 1.46658, 1.46658, 1.46658, 1.46658, 1.46658, 1.46658, 1.46658, 1.46658, 1.46658, 1.46658, 1.46658, 1.46658, 1.46658, 1.46658, 1.46658, 1.46658, 1.46658, 2.11741, 1.46658
13.5055, 2, 2.0831, 1.45367, 2, -0.083096, 0, 1.45367, 1.45367, 1.45367, 1.45367, 1.45367, 1.45367, 1.45367, 1.45367, 1.45367, 1.45367, 1.45367, 1.45367, 1.45367, 1.45367, 1.45367, 1.45367, 1.45367, 1.45367, 1.45367, 1.45367, 2.0831, 1.45367
13.5133, 0, 2.04337, 1.43885, 1.41421, -2.04337, 0, 1.43885, 1.43885, 1.43885, 1.43885, 1.43885, 1.43885, 1.43885, 1.43885, 1.43885, 1.43885, 1.43885, 1.43885, 1.43885, 1.43885, 1.43885, 1.43885, 1.43885, 1.43885, 1.43885, 1.43885, 2.04337, 1.43885
13.5212, 2, 1.99972, 1.42313, 2, 0.000277996, 0, 1.42313, 1.42313, 1.42313, 1.42313, 1.42313, 1.42313, 1.42313, 1.42313, 1.42313, 1.42313, 1.42313, 1.42313, 1.42313, 1.42313, 1.42313, 1.42313, 1.42313, 1.42313, 1.42313, 1.42313, 1.99972, 1.42313
13.5291, 4, 1.95366, 1.4075, 2.44949, 2.04634, 0, 1.4075, 1.4075, 1.4075, 1.4075, 1.4075, 1.4075, 1.4075, 1.4075, 1.4075, 1.4075, 1.4075, 1.4075, 1.4075, 1.4075, 1.4075, 1.4075, 1.4075, 1.4075, 1.4075, 1.4075, 1.95365, 1.4075
13.537, 0, 1.9114, 1.39763, 1.41421, -1.9114, 0, 1.39763, 1.39763, 1.39763, 1.39763, 1.39763, 1.39763, 1.39763, 1.39763, 1.39763, 1.39763, 1.39763, 1.39763, 1.39763, 1.39763, 1.39763, 1.39763, 1.39763, 1.39763, 1.39763, 1.39763, 1.9114, 1.39763
13.5449, 2, 1.86527, 1.3853, 2, 0.13473, 0, 1.3853, 1.3853, 1.3853, 1.3853, 1.3853, 1.3853, 1.3853, 1.3853, 1.3853, 1.3853, 1.3853, 1.3853, 1.3853, 1.3853, 1.3853, 1.3853, 1.3853, 1.3853, 1.3853, 1.3853, 1.86527, 1.3853
13.5528, 2, 1.81597, 1.37066, 2, 0.184025, 0, 1.37066, 1.37066, 1.37066, 1.37066, 1.37066, 1.37066, 1.37066, 1.37066, 1.37066, 1.37066, 1.37066, 1.37066, 1.37066, 1.37066, 1.37066, 1.37066, 1.37066, 1.37066, 1.37066, 1.37066, 1.81597, 1.37066
13.5606, 2, 1.76525, 1.35492, 2, 0.234751, 0, 1.35492, 1.35492, 1.35492, 1.35492, 1.35492, 1.35492, 1.35492, 1.35492, 1.35492, 1.35492, 1.35492, 1.35492, 1.35492, 1.35492, 1.35492, 1.35492, 1.35492, 1.35492, 1.35492, 1.35492, 1.76525, 1.35492
13.5685, 0, 1.71477, 1.33927, 1.41421, -1.71477, 0, 1.33927, 1.33927, 1.33927, 1.33927, 1.33927, 1.33927, 1.33927, 1.33927, 1.33927, 1.33927, 1.33927, 1.33927, 1.33927, 1.33927, 1.33927, 1.33927, 1.33927, 1.33927, 1.33927, 1.33927, 1.71477, 1.33927
13.5764, 2, 1.67253, 1.33125, 2, 0.327474, 0, 1.33125, 1.33125, 1.33125, 1.33125, 1.33125, 1.33125, 1.33125, 1.33125, 1.33125, 1.33125, 1.33125, 1.33125, 1.33125, 1.33125, 1.33125, 1.33125, 1.33125, 1.33125, 1.33125, 1.33125, 1.67253, 1.33125
13.5843, 2, 1.62781, 1.31976, 2, 0.372193, 0, 1.31976, 1.31976, 1.31976, 1.31976, 1.31976, 1.31976, 1.31976, 1.31976, 1.31976, 1.31976, 1.31976, 1.31976, 1.31976, 1.31976, 1.31976, 1.31976, 1.31976, 1.31976, 1.31976, 1.31976, 1.62781, 1.31976
13.5922, 0, 1.58123, 1.30507, 1.41421, -1.58123, 0, 1.30507, 1.30507, 1.30507, 1.30507, 1.30507, 1.30507, 1.30507, 1.30507, 1.30507, 1.30507, 1.30507, 1.30507, 1.30507, 1.30507, 1.30507, 1.30507, 1.30507, 1.30507, 1.30507, 1.30507, 1.58123, 1.30507
13.6001, 6, 1.53473, 1.28885, 2.82843, 4.46527, 0, 1.28885, 1.28885, 1.28885, 1.28885, 1.28885, 1.28885, 1.28885, 1.28885, 1.28885, 1.28885, 1.28885, 1.28885, 1.28885, 1.28885, 1.28885, 1.28885, 1.28885, 1.28885, 1.28885, 1.28885, 1.53473, 1.28885
13.6079, 2, 1.49015, 1.27273, 2, 0.509847, 0, 1.27273, 1.27273, 1.27273, 1.27273, 1.27273, 1.27273, 1.27273, 1.27273, 1.27273, 1.27273, 1.27273, 1.27273, 1.27273, 1.27273, 1.27273, 1.27273, 1.27273, 1.27273, 1.27273, 1.27273, 1.49015, 1.27273
13.6158, 0, 1.46394, 1.27299, 1.41421, -1.46394, 0, 1.27299, 1.27299, 1.27299, 1.27299, 1.27299, 1.27299, 1.27299, 1.27299, 1.27299, 1.27299, 1.27299, 1.27299, 1.27299, 1.27299, 1.27299, 1.27299, 1.27299, 1.27299, 1.27299, 1.27299, 1.46394, 1.27299
13.6237, 2, 1.43589, 1.26932, 2, 0.564112, 0, 1.26932, 1.26932, 1.26932, 1.26932, 1.26932, 1.26932, 1.26932, 1.26932, 1.26932, 1.26932, 1.26932, 1.26932, 1.26932, 1.26932, 1.26932, 1.26932, 1.26932, 1.26932, 1.26932, 1.26932, 1.43589, 1.26932
13.6316, 0, 1.40622, 1.2619, 1.41421, -1.40622, 0, 1.2619, 1.2619, 1.2619, 1.2619, 1.2619, 1.2619, 1.2619, 1.2619, 1.2619, 1.2619, 1.2619, 1.2619, 1.2619, 1.2619, 1.2619, 1.2619, 1.2619, 1.2619, 1.2619, 1.2619, 1.40621, 1.2619
13.6395, 0, 1.37682, 1.25264, 1.41421, -1.37682, 0, 1.25264, 1.25264, 1.25264, 1.25264, 1.25264, 1.25264, 1.25264, 1.25264, 1.25264, 1.25264, 1.25264, 1.25264, 1.25264, 1.25264, 1.25264, 1.25264, 1.25264, 1.25264, 1.25264, 1.25264, 1.37682, 1.25264
13.6474, 0, 1.34955, 1.24342, 1.41421, -1.34955, 0, 1.24342, 1.24342, 1.24342, 1.24342, 1.24342, 1.24342, 1.24342, 1.24342, 1.24342, 1.24342, 1.24342, 1.24342, 1.24342, 1.24342, 1.24342, 1.24342, 1.24342, 1.24342, 1.24342, 1.24342, 1.34955, 1.24342
13.6552, 4, 1.33224, 1.24214, 2.44949, 2.66776, 0, 1.24214, 1.24214, 1.24214, 1.24214, 1.24214, 1.24214, 1.24214, 1.24214, 1.24214, 1.24214, 1.24214, 1.24214, 1.24214, 1.24214, 1.24214, 1.24214, 1.24214, 1.24214, 1.24214, 1.24214, 1.33224, 1.24214
13.6631, 2, 1.3139, 1.23793, 2, 0.686104, 0, 1.23793, 1.23793, 1.23793, 1.23793, 1.23793, 1.23793, 1.23793, 1.23793, 1.23793, 1.23793, 1.23793, 1.23793, 1.23793, 1.23793, 1.23793, 1.23793, 1.23793, 1.23794, 1.23793, 1.23793, 1.3139, 1.23793
13.671, 8, 1.29461, 1.23099, 3.16228, 6.70539, 0, 1.23099, 1.23099, 1.23099, 1.23099, 1.23099, 1.23099, 1.23099, 1.23099, 1.23099, 1.23099, 1.23099, 1.23099, 1.23099, 1.23099, 1.23099, 1.23099, 1.23099, 1.23099, 1.23099, 1.23099, 1.29461, 1.23099
13.6789, 2, 1.27562, 1.22271, 2, 0.724379, 0, 1.22271, 1.22271, 1.22271, 1.22271, 1.22271, 1.22271, 1.22271, 1.22271, 1.22271, 1.22271, 1.22271, 1.22271, 1.22271, 1.22271, 1.22271, 1.22271, 1.22271, 1.22271, 1.22271, 1.22271, 1.27562, 1.22271
13.6868, 2, 1.25817, 1.21445, 2, 0.741833, 0, 1.21445, 1.21445, 1.21445, 1.21445, 1.21445, 1.21445, 1.21445, 1.21445, 1.21445, 1.21445, 1.21445, 1.21445, 1.21445, 1.21445, 1.21445, 1.21445, 1.21445, 1.21445, 1.21445, 1.21445, 1.25817, 1.21445
13.6947, 0, 1.24857, 1.21269, 1.41421, -1.24857, 0, 1.21269, 1.21269, 1.21269, 1.21269, 1.21269, 1.21269, 1.21269, 1.21269, 1.21269, 1.21269, 1.21269, 1.21269, 1.21269, 1.21269, 1.21269, 1.21269, 1.21269, 1.21269, 1.21269, 1.21269, 1.24857, 1.21269
13.7025, 2, 1.23744, 1.20819, 2, 0.762561, 0, 1.20819, 1.20819, 1.20819, 1.20819, 1.20819, 1.20819, 1.20819, 1.20819, 1.20819, 1.20819, 1.20819, 1.20819, 1.20819, 1.20819, 1.20819, 1.20819, 1.20819, 1.20819, 1.20819, 1.20819, 1.23744, 1.20819
13.7104, 4, 1.22483, 1.20115, 2.44949, 2.77517, 0, 1.20115, 1.20115, 1.20115, 1.20115, 1.20115, 1.20115, 1.20115, 1.20115, 1.20115, 1.20115, 1.20115, 1.20115, 1.20115, 1.20115, 1.20115, 1.20115, 1.20115, 1.20115, 1.20115, 1.20115, 1.22483, 1.20115
13.7183, 6, 1.21191, 1.19286, 2.82843, 4.78809, 0, 1.19286, 1.19286, 1.19286, 1.19286, 1.19286, 1.19286, 1.19286, 1.19286, 1.19286, 1.19286, 1.19286, 1.19286, 1.19286, 1.19286, 1.19286, 1.19286, 1.19286, 1.19286, 1.19286, 1.19286, 1.21191, 1.19286
13.7262, 4, 1.19982, 1.18459, 2.44949, 2.80018, 0, 1.18459, 1.18459, 1.18459, 1.18459, 1.18459, 1.18459, 1.18459, 1.18459, 1.18459, 1.18459, 1.18459, 1.18459, 1.18459, 1.18459, 1.18459, 1.18459, 1.18459, 1.18459, 1.18459, 1.18459, 1.19982, 1.18459
13.7341, 0, 1.1948, 1.18271, 1.41421, -1.1948, 0, 1.18271, 1.18271, 1.18271, 1.18271, 1.18271, 1.18271, 1.18271, 1.18271, 1.18271, 1.18271, 1.18271, 1.18271, 1.18271, 1.18271, 1.18271, 1.18271, 1.18271, 1.18271, 1.18271, 1.18271, 1.1948, 1.18271
13.7419, 4, 1.18775, 1.17821, 2.44949, 2.81225, 0, 1.17821, 1.17821, 1.17821, 1.17821, 1.17821, 1.17821, 1.17821, 1.17821, 1.17821, 1.17821, 1.17821, 1.17821, 1.17821, 1.17821, 1.17821, 1.17821, 1.17821, 1.17821, 1.17821, 1.17821, 1.18775, 1.17821
13.7498, 8, 1.17878, 1.17129, 3.16228, 6.82122, 0, 1.17129, 1.17129, 1.17129, 1.17129, 1.17129, 1.17129, 1.17129, 1.17129, 1.17129, 1.17129, 1.17129, 1.17129, 1.17129, 1.17129, 1.17129, 1.17129, 1.17129, 1.17129, 1.17129, 1.17129, 1.17878, 1.17129
13.7577, 0, 1.16903, 1.16319, 1.41421, -1.16903, 0, 1.16319, 1.16319, 1.16319, 1.16319, 1.16319, 1.16319, 1.16319, 1.16319, 1.16319, 1.16319, 1.16319, 1.16319, 1.16319, 1.16319, 1.16319, 1.16319, 1.16319, 1.16319, 1.16319, 1.16319, 1.16903, 1.16319
13.7656, 6, 1.15966, 1.15511, 2.82843, 4.84034, 0, 1.15511, 1.15511, 1.15511, 1.15511, 1.15511, 1.15511, 1.15511, 1.15511, 1.15511, 1.15511, 1.15511, 1.15511, 1.15511, 1.15511, 1.15511, 1.15511, 1.15511, 1.15511, 1.15511, 1.15511, 1.15965, 1.15511
13.7735, 0, 1.15633, 1.1528, 1.41421, -1.15633, 0, 1.1528, 1.1528, 1.1528, 1.1528, 1.1528, 1.1528, 1.1528, 1.1528, 1.1528, 1.1528, 1.1528, 1.1528, 1.1528, 1.1528, 1.1528, 1.1528, 1.1528, 1.1528, 1.1528, 1.1528, 1.15633, 1.1528
13.7814, 0, 1.15072, 1.14798, 1.41421, -1.15072, 0, 1.14798, 1.14798, 1.14798, 1.14798, 1.14798, 1.14798, 1.14798, 1.14798, 1.14798, 1.14798, 1.14798, 1.14798, 1.14798, 1.14798, 1.14798, 1.14798, 1.14798, 1.14798, 1.14798, 1.14798, 1.15072, 1.14798
13.7892, 2, 1.14299, 1.14084, 2, 0.857008, 0, 1.14084, 1.14084, 1.14084, 1.14084, 1.14084, 1.14084, 1.14084, 1.14084, 1.14084, 1.14084, 1.14084, 1.14084, 1.14084, 1.14084, 1.14084, 1.14084, 1.14084, 1.14084, 1.14084, 1.14084, 1.14299, 1.14084
13.7971, 4, 1.13428, 1.13257, 2.44949, 2.86572, 0, 1.13257, 1.13257, 1.13257, 1.13257, 1.13257, 1.13257, 1.13257, 1.13257, 1.13257, 1.13257, 1.13257, 1.13257, 1.13257, 1.13257, 1.13257, 1.13257, 1.13257, 1.13257, 1.13257, 1.13257, 1.13428, 1.13257
13.805, 2, 1.12573, 1.12433, 2, 0.874269, 0, 1.12433, 1.12433, 1.12433, 1.12433, 1.12433, 1.12433, 1.12433, 1.12433, 1.12433, 1.12433, 1.12433, 1.12433, 1.12433, 1.12433, 1.12433, 1.12433, 1.12433, 1.12433, 1.12433, 1.12433, 1.12573, 1.12433
13.8129, 6, 1.12322, 1.12202, 2.82843, 4.87678, 0, 1.12202, 1.12202, 1.12202, 1.12202, 1.12202, 1.12202, 1.12202, 1.12202, 1.12202, 1.12202, 1.12202, 1.12202, 1.12202, 1.12202, 1.12202, 1.12202, 1.12202, 1.12202, 1.12202, 1.12202, 1.12322, 1.12202
13.8208, 0, 1.11835, 1.11725, 1.41421, -1.11835, 0, 1.11725, 1.11725, 1.11725, 1.11725, 1.11725, 1.11725, 1.11725, 1.11725, 1.11725, 1.11725, 1.11725, 1.11725, 1.11725, 1.11725, 1.11725, 1.11725, 1.11725, 1.11725, 1.11725, 1.11725, 1.11835, 1.11725
13.8287, 0, 1.11129, 1.11022, 1.41421, -1.11129, 0, 1.11022, 1.11022, 1.11022, 1.11022, 1.11022, 1.11022, 1.11022, 1.11022, 1.11022, 1.11022, 1.11022, 1.11022, 1.11022, 1.11022, 1.11022, 1.11022, 1.11022, 1.11022, 1.11022, 1.11022, 1.11129, 1.11022
13.8365, 4, 1.1032, 1.10207, 2.44949, 2.8968, 0, 1.10207, 1.10207, 1.10207, 1.10207, 1.10207, 1.10207, 1.10207, 1.10207, 1.10207, 1.10207, 1.10207, 1.10207, 1.10207, 1.10207, 1.10207, 1.10207, 1.10207, 1.10207, 1.10207, 1.10207, 1.1032, 1.10207
13.8444, 2, 1.09522, 1.09396, 2, 0.904785, 0, 1.09396, 1.09396, 1.09396, 1.09396, 1.09396, 1.09396, 1.09396, 1.09396, 1.09396, 1.09396, 1.09396, 1.09396, 1.09396, 1.09396, 1.09396, 1.09396, 1.09396, 1.09396, 1.09396, 1.09396, 1.09521, 1.09396
13.8523, 0, 1.09267, 1.09122, 1.41421, -1.09267, 0, 1.09122, 1.09122, 1.09122, 1.09122, 1.09122, 1.09122, 1.09122, 1.09122, 1.09122, 1.09122, 1.09122, 1.09122, 1.09122, 1.09122, 1.09122, 1.09122, 1.09122, 1.09122, 1.09122, 1.09122, 1.09267, 1.09122
13.8602, 4, 1.08782, 1.08609, 2.44949, 2.91218, 0, 1.08609, 1.08609, 1.08609, 1.08609, 1.08609, 1.08609, 1.08609, 1.08609, 1.08609, 1.08609, 1.08609, 1.08609, 1.08609, 1.08609, 1.08609, 1.08609, 1.08609, 1.08609, 1.08609, 1.08609, 1.08782, 1.08609
13.8681, 0, 1.08086, 1.07877, 1.41421, -1.08086, 0, 1.07877, 1.07877, 1.07877, 1.07877, 1.07877, 1.07877, 1.07877, 1.07877, 1.07877, 1.07877, 1.07877, 1.07877, 1.07877, 1.07877, 1.07877, 1.07877, 1.07877, 1.07877, 1.07877, 1.07877, 1.08086, 1.07877
13.876, 2, 1.07291, 1.07038, 2, 0.92709, 0, 1.07038, 1.07038, 1.07038, 1.07038, 1.07038, 1.07038, 1.07038, 1.07038, 1.07038, 1.07038, 1.07038, 1.07038, 1.07038, 1.07038, 1.07038, 1.07038, 1.07038, 1.07038, 1.07038, 1.07038, 1.07291, 1.07038
13.8838, 4, 1.06509, 1.06202, 2.44949, 2.93491, 0, 1.06202, 1.06202, 1.06202, 1.06202, 1.06202, 1.06202, 1.06202, 1.06202, 1.06202, 1.06202, 1.06202, 1.06202, 1.06202, 1.06202, 1.06202, 1.06202, 1.06202, 1.06202, 1.06202, 1.06202, 1.06509, 1.06202
13.8917, 10, 1.06312, 1.0594, 3.4641, 8.93688, 0, 1.0594, 1.0594, 1.0594, 1.0594, 1.0594, 1.0594, 1.0594, 1.0594, 1.0594, 1.0594, 1.0594, 1.0594, 1.0594, 1.0594, 1.0594, 1.0594, 1.0594, 1.05941, 1.0594, 1.0594, 1.06312, 1.0594
13.8996, 2, 1.05887, 1.05439, 2, 0.941133, 0, 1.05439, 1.05439, 1.05439, 1.05439, 1.05439, 1.05439, 1.05439, 1.05439, 1.05439, 1.05439, 1.05439, 1.05439, 1.05439, 1.05439, 1.05439, 1.05439, 1.05439, 1.05439, 1.05439, 1.05439, 1.05887, 1.05439
13.9075, 0, 1.05252, 1.04715, 1.41421, -1.05252, 0, 1.04715, 1.04715, 1.04715, 1.04715, 1.04715, 1.04715, 1.04715, 1.04715, 1.04715, 1.04715, 1.04715, 1.04715, 1.04715, 1.04715, 1.04715, 1.04715, 1.04715, 1.04716, 1.04715, 1.04715, 1.05252, 1.04715
13.9154, 2, 1.04523, 1.03884, 2, 0.954773, 0, 1.03884, 1.03884, 1.03884, 1.03884, 1.03884, 1.03884, 1.03884, 1.03884, 1.03884, 1.03884, 1.03884, 1.03884, 1.03884, 1.03884, 1.03884, 1.03884, 1.03884, 1.03884, 1.03884, 1.03884, 1.04523, 1.03884
13.9233, 2, 1.03811, 1.03055, 2, 0.961887, 0, 1.03055, 1.03055, 1.03055, 1.03055, 1.03055, 1.03055, 1.03055, 1.03055, 1.03055, 1.03055, 1.03055, 1.03055, 1.03055, 1.03055, 1.03055, 1.03055, 1.03055, 1.03055, 1.03055, 1.03055, 1.03811, 1.03055
13.9311, 4, 1.03653, 1.02764, 2.44949, 2.96347, 0, 1.02764, 1.02764, 1.02764, 1.02764, 1.02764, 1.02764, 1.02764, 1.02764, 1.02764, 1.02764, 1.02764, 1.02764, 1.02764, 1.02764, 1.02764, 1.02764, 1.02764, 1.02764, 1.02764, 1.02764, 1.03653, 1.02764
13.939, 0, 1.03268, 1.02231, 1.41421, -1.03268, 0, 1.02231, 1.02231, 1.02231, 1.02231, 1.02231, 1.02231, 1.02231, 1.02231, 1.02231, 1.02231, 1.02231, 1.02231, 1.02231, 1.02231, 1.02231, 1.02231, 1.02231, 1.02231, 1.02231, 1.02231, 1.03268, 1.02231
13.9469, 0, 1.02675, 1.01472, 1.41421, -1.02675, 0, 1.01472, 1.01472, 1.01472, 1.01472, 1.01472, 1.01472, 1.01472, 1.01472, 1.01472, 1.01472, 1.01472, 1.01472, 1.01472, 1.01472, 1.01472, 1.01472, 1.01472, 1.01472, 1.01472, 1.01472, 1.02675, 1.01472
13.9548, 0, 1.01988, 1.00604, 1.41421, -1.01988, 0, 1.00604, 1.00604, 1.00604, 1.00604, 1.00604, 1.00604, 1.00604, 1.00604, 1.00604, 1.00604, 1.00604, 1.00604, 1.00604, 1.00604, 1.00604, 1.00604, 1.00604, 1.00604, 1.00604, 1.00604, 1.01988, 1.00604
13.9627, 2, 1.01323, 0.99739, 2, 0.986774, 0, 0.99739, 0.99739, 0.99739, 0.99739, 0.99739, 0.99739, 0.99739, 0.99739, 0.99739, 0.99739, 0.99739, 0.99739, 0.99739, 0.99739, 0.99739, 0.99739, 0.99739, 0.997391, 0.99739, 0.99739, 1.01323, 0.99739
13.9706, 0, 1.01273, 0.994742, 1.41421, -1.01273, 0, 0.994742, 0.994742, 0.994742, 0.994742, 0.994742, 0.994742, 0.994742, 0.994742, 0.994742, 0.994742, 0.994742, 0.994742, 0.994742, 0.994742, 0.994742, 0.994742, 0.994742, 0.994743, 0.994742, 0.994742, 1.01273, 0.994742
13.9784, 2, 1.00985, 0.989563, 2, 0.990154, 0, 0.989563, 0.989563, 0.989563, 0.989563, 0.989563, 0.989563, 0.989563, 0.989563, 0.989563, 0.989563, 0.989563, 0.989563, 0.989563, 0.989563, 0.989563, 0.989563, 0.989563, 0.989564, 0.989563, 0.989563, 1.00985, 0.989563
13.9863, 0, 1.00477, 0.982047, 1.41421, -1.00477, 0, 0.982047, 0.982047, 0.982047, 0.982047, 0.982047, 0.982047, 0.982047, 0.982047, 0.982047, 0.982047, 0.982047, 0.982047, 0.982047, 0.982047, 0.982047, 0.982047, 0.982047, 0.982048, 0.982047, 0.982047, 1.00477, 0.982047
13.9942, 2, 0.998663, 0.97339, 2, 1.00134, 0, 0.97339, 0.97339, 0.97339, 0.97339, 0.97339, 0.97339, 0.97339, 0.97339, 0.97339, 0.97339, 0.97339, 0.97339, 0.97339, 0.97339, 0.97339, 0.97339, 0.97339, 0.973391, 0.97339, 0.97339, 0.998662, 0.97339
14.0021, 0, 0.992693, 0.964772, 1.41421, -0.992693, 0, 0.964772, 0.964772, 0.964772, 0.964772, 0.964772, 0.964772, 0.964772, 0.964772, 0.964772, 0.964772, 0.964772, 0.964772, 0.964772, 0.964772, 0.964772, 0.964772, 0.964772, 0.964772, 0.964772, 0.964772, 0.992692, 0.964772
14.01, 4, 0.992596, 0.961961, 2.44949, 3.0074, 0, 0.961961, 0.961961, 0.961961, 0.961961, 0.961961, 0.961961, 0.961961, 0.961961, 0.961961, 0.961961, 0.961961, 0.961961, 0.961961, 0.961961, 0.961961, 0.961961, 0.961961, 0.961961, 0.961961, 0.961961, 0.992595, 0.961961
14.0178, 4, 0.989893, 0.956509, 2.44949, 3.01011, 0, 0.956509, 0.956509, 0.956509, 0.956509, 0.956509, 0.956509, 0.956509, 0.956509, 0.956509, 0.956509, 0.956509, 0.956509, 0.956509, 0.956509, 0.956509, 0.956509, 0.956509, 0.956509, 0.956509, 0.956509, 0.989892, 0.956509
14.0257, 4, 0.984744, 0.948614, 2.44949, 3.01526, 0, 0.948614, 0.948614, 0.948614, 0.948614, 0.948614, 0.948614, 0.948614, 0.948614, 0.948614, 0.948614, 0.948614, 0.948614, 0.948614, 0.948614, 0.948614, 0.948614, 0.948614, 0.948615, 0.948614, 0.948614, 0.984743, 0.948614
14.0336, 4, 0.978364, 0.939529, 2.44949, 3.02164, 0, 0.939529, 0.939529, 0.939529, 0.939529, 0.939529, 0.939529, 0.939529, 0.939529, 0.939529, 0.939529, 0.939529, 0.939529, 0.939529, 0.939529, 0.939529, 0.939529, 0.939529, 0.93953, 0.939529, 0.939529, 0.978363, 0.939529
14.0415, 4, 0.971946, 0.930488, 2.44949, 3.02805, 0, 0.930488, 0.930488, 0.930488, 0.930488, 0.930488, 0.930488, 0.930488, 0.930488, 0.930488, 0.930488, 0.930488, 0.930488, 0.930488, 0.930488, 0.930488, 0.930488, 0.930488, 0.930488, 0.930488, 0.930488, 0.971945, 0.930488
14.0494, 2, 0.97201, 0.928053, 2, 1.02799, 0, 0.928053, 0.928053, 0.928053, 0.928053, 0.928053, 0.928053, 0.928053, 0.928053, 0.928053, 0.928053, 0.928053, 0.928053, 0.928053, 0.928053, 0.928053, 0.928053, 0.928053, 0.928054, 0.928053, 0.928053, 0.972009, 0.928053
14.0573, 4, 0.969098, 0.922809, 2.44949, 3.0309, 0, 0.922809, 0.922809, 0.922809, 0.922809, 0.922809, 0.922809, 0.922809, 0.922809, 0.922809, 0.922809, 0.922809, 0.922809, 0.922809, 0.922809, 0.922809, 0.922809, 0.922809, 0.92281, 0.922809, 0.922809, 0.969098, 0.922809
14.0651, 0, 0.963388, 0.914974, 1.41421, -0.963388, 0, 0.914974, 0.914974, 0.914974, 0.914974, 0.914974, 0.914974, 0.914974, 0.914974, 0.914974, 0.914974, 0.914974, 0.914974, 0.914974, 0.914974, 0.914974, 0.914974, 0.914974, 0.914975, 0.914974, 0.914974, 0.963387, 0.914974
14.073, 2, 0.956169, 0.905876, 2, 1.04383, 0, 0.905876, 0.905876, 0.905876, 0.905876, 0.905876, 0.905876, 0.905876, 0.905876, 0.905876, 0.905876, 0.905876, 0.905876, 0.905876, 0.905876, 0.905876, 0.905876, 0.905876, 0.905877, 0.905876, 0.905876, 0.956169, 0.905876
14.0809, 0, 0.948714, 0.896824, 1.41421, -0.948714, 0, 0.896824, 0.896824, 0.896824, 0.896824, 0.896824, 0.896824, 0.896824, 0.896824, 0.896824, 0.896824, 0.896824, 0.896824, 0.896824, 0.896824, 0.896824, 0.896824, 0.896824, 0.896825, 0.896824, 0.896824, 0.948714, 0.896824
14.0888, 0, 0.947466, 0.89429, 1.41421, -0.947466, 0, 0.89429, 0.89429, 0.89429, 0.89429, 0.89429, 0.89429, 0.89429, 0.89429, 0.89429, 0.89429, 0.89429, 0.89429, 0.89429, 0.89429, 0.89429, 0.89429, 0.89429, 0.894291, 0.89429, 0.89429, 0.947465, 0.89429
14.0967, 4, 0.942941, 0.888817, 2.44949, 3.05706, 0, 0.888817, 0.888817, 0.888817, 0.888817, 0.888817, 0.888817, 0.888817, 0.888817, 0.888817, 0.888817, 0.888817, 0.888817, 0.888817, 0.888817, 0.888817, 0.888817, 0.888817, 0.888817, 0.888817, 0.888817, 0.942941, 0.888817
14.1046, 6, 0.935345, 0.880627, 2.82843, 5.06466, 0, 0.880627, 0.880627, 0.880627, 0.880627, 0.880627, 0.880627, 0.880627, 0.880627, 0.880627, 0.880627, 0.880627, 0.880627, 0.880627, 0.880627, 0.880627, 0.880627, 0.880627, 0.880627, 0.880627, 0.880627, 0.935344, 0.880627
14.1124, 0, 0.92606, 0.871116, 1.41421, -0.92606, 0, 0.871116, 0.871116, 0.871116, 0.871116, 0.871116, 0.871116, 0.871116, 0.871116, 0.871116, 0.871116, 0.871116, 0.871116, 0.871116, 0.871116, 0.871116, 0.871116, 0.871116, 0.871116, 0.871116, 0.871116, 0.92606, 0.871116
14.1203, 0, 0.916457, 0.861656, 1.41421, -0.916457, 0, 0.861656, 0.861656, 0.861656, 0.861656, 0.861656, 0.861656, 0.861656, 0.861656, 0.861656, 0.861656, 0.861656, 0.861656, 0.861656, 0.861656, 0.861656, 0.861656, 0.861656, 0.861657, 0.861656, 0.861656, 0.916456, 0.861656
14.1282, 2, 0.913822, 0.859534, 2, 1.08618, 0, 0.859534, 0.859534, 0.859534, 0.859534, 0.859534, 0.859534, 0.859534, 0.859534, 0.859534, 0.859534, 0.859534, 0.859534, 0.859534, 0.859534, 0.859534, 0.859534, 0.859534, 0.859534, 0.859534, 0.859534, 0.913822, 0.859534
14.1361, 4, 0.907711, 0.854291, 2.44949, 3.09229, 0, 0.854291, 0.854291, 0.854291, 0.854291, 0.854291, 0.854291, 0.854291, 0.854291, 0.854291, 0.854291, 0.854291, 0.854291, 0.854291, 0.854291, 0.854291, 0.854291, 0.854291, 0.854292, 0.854291, 0.854291, 0.90771, 0.854291
14.144, 0, 0.898384, 0.846172, 1.41421, -0.898384, 0, 0.846172, 0.846172, 0.846172, 0.846172, 0.846172, 0.846172, 0.846172, 0.846172, 0.846172, 0.846172, 0.846172, 0.846172, 0.846172, 0.846172, 0.846172, 0.846172, 0.846172, 0.846173, 0.846172, 0.846172, 0.898383, 0.846172
14.1519, 0, 0.887344, 0.836655, 1.41421, -0.887344, 0, 0.836655, 0.836655, 0.836655, 0.836655, 0.836655, 0.836655, 0.836655, 0.836655, 0.836655, 0.836655, 0.836655, 0.836655, 0.836655, 0.836655, 0.836655, 0.836655, 0.836655, 0.836655, 0.836655, 0.836655, 0.887343, 0.836655
14.1597, 6, 0.876072, 0.827191, 2.82843, 5.12393, 0, 0.827191, 0.827191, 0.827191, 0.827191, 0.827191, 0.827191, 0.827191, 0.827191, 0.827191, 0.827191, 0.827191, 0.827191, 0.827191, 0.827191, 0.827191, 0.827191, 0.827191, 0.827192, 0.827191, 0.827191, 0.876071, 0.827191
14.1676, 0, 0.871861, 0.82504, 1.41421, -0.871861, 0, 0.82504, 0.82504, 0.82504, 0.82504, 0.82504, 0.82504, 0.82504, 0.82504, 0.82504, 0.82504, 0.82504, 0.82504, 0.82504, 0.82504, 0.82504, 0.82504, 0.82504, 0.82504, 0.82504, 0.82504, 0.87186, 0.82504
14.1755, 0, 0.864175, 0.819627, 1.41421, -0.864175, 0, 0.819627, 0.819627, 0.819627, 0.819627, 0.819627, 0.819627, 0.819627, 0.819627, 0.819627, 0.819627, 0.819627, 0.819627, 0.819627, 0.819627, 0.819627, 0.819627, 0.819627, 0.819627, 0.819627, 0.819627, 0.864174, 0.819627
14.1834, 2, 0.853305, 0.811203, 2, 1.14669, 0, 0.811203, 0.811203, 0.811203, 0.811203, 0.811203, 0.811203, 0.811203, 0.811203, 0.811203, 0.811203, 0.811203, 0.811203, 0.811203, 0.811203, 0.811203, 0.811203, 0.811203, 0.811203, 0.811203, 0.811203, 0.853305, 0.811203
14.1913, 6, 0.840844, 0.801318, 2.82843, 5.15916, 0, 0.801318, 0.801318, 0.801318, 0.801318, 0.801318, 0.801318, 0.801318, 0.801318, 0.801318, 0.801318, 0.801318, 0.801318, 0.801318, 0.801318, 0.801318, 0.801318, 0.801318, 0.801319, 0.801318, 0.801318, 0.840843, 0.801318
14.1992, 0, 0.828354, 0.791494, 1.41421, -0.828354, 0, 0.791494, 0.791494, 0.791494, 0.791494, 0.791494, 0.791494, 0.791494, 0.791494, 0.791494, 0.791494, 0.791494, 0.791494, 0.791494, 0.791494, 0.791494, 0.791494, 0.791494, 0.791495, 0.791494, 0.791494, 0.828353, 0.791494
14.207, 4, 0.823922, 0.789778, 2.44949, 3.17608, 0, 0.789778, 0.789778, 0.789778, 0.789778, 0.789778, 0.789778, 0.789778, 0.789778, 0.789778, 0.789778, 0.789778, 0.789778, 0.789778, 0.789778, 0.789778, 0.789778, 0.789778, 0.789778, 0.789778, 0.789778, 0.823922, 0.789778
14.2149, 2, 0.816034, 0.784614, 2, 1.18397, 0, 0.784614, 0.784614, 0.784614, 0.784614, 0.784614, 0.784614, 0.784614, 0.784614, 0.784614, 0.784614, 0.784614, 0.784614, 0.784614, 0.784614, 0.784614, 0.784614, 0.784614, 0.784615, 0.784614, 0.784614, 0.816033, 0.784614
14.2228, 0, 0.804996, 0.776277, 1.41421, -0.804996, 0, 0.776277, 0.776277, 0.776277, 0.776277, 0.776277, 0.776277, 0.776277, 0.776277, 0.776277, 0.776277, 0.776277, 0.776277, 0.776277, 0.776277, 0.776277, 0.776277, 0.776277, 0.776277, 0.776277, 0.776277, 0.804995, 0.776277
14.2307, 2, 0.792476, 0.766399, 2, 1.20752, 0, 0.766399, 0.766399, 0.766399, 0.766399, 0.766399, 0.766399, 0.766399, 0.766399, 0.766399, 0.766399, 0.766399, 0.766399, 0.766399, 0.766399, 0.766399, 0.766399, 0.766399, 0.766399, 0.766399, 0.766399, 0.792475, 0.766399
14.2386, 4, 0.780105, 0.756584, 2.44949, 3.21989, 0, 0.756584, 0.756584, 0.756584, 0.756584, 0.756584, 0.756584, 0.756584, 0.756584, 0.756584, 0.756584, 0.756584, 0.756584, 0.756584, 0.756584, 0.756584, 0.756584, 0.756584, 0.756585, 0.756584, 0.756584, 0.780105, 0.756584
14.2465, 4, 0.775948, 0.754873, 2.44949, 3.22405, 0, 0.754873, 0.754873, 0.754873, 0.754873, 0.754873, 0.754873, 0.754873, 0.754873, 0.754873, 0.754873, 0.754873, 0.754873, 0.754873, 0.754873, 0.754873, 0.754873, 0.754873, 0.754873, 0.754873, 0.754873, 0.775948, 0.754873
14.2543, 4, 0.768354, 0.749595, 2.44949, 3.23165, 0, 0.749595, 0.749595, 0.749595, 0.749595, 0.749595, 0.749595, 0.749595, 0.749595, 0.749595, 0.749595, 0.749595, 0.749595, 0.749595, 0.749595, 0.749595, 0.749595, 0.749595, 0.749595, 0.749595, 0.749595, 0.768354, 0.749595
14.2622, 0, 0.75762, 0.741032, 1.41421, -0.75762, 0, 0.741032, 0.741032, 0.741032, 0.741032, 0.741032, 0.741032, 0.741032, 0.741032, 0.741032, 0.741032, 0.741032, 0.741032, 0.741032, 0.741032, 0.741032, 0.741032, 0.741032, 0.741033, 0.741032, 0.741032, 0.757619, 0.741032
14.2701, 0, 0.74545, 0.730879, 1.41421, -0.74545, 0, 0.730879, 0.730879, 0.730879, 0.730879, 0.730879, 0.730879, 0.730879, 0.730879, 0.730879, 0.730879, 0.730879, 0.730879, 0.730879, 0.730879, 0.730879, 0.730879, 0.730879, 0.73088, 0.730879, 0.730879, 0.745449, 0.730879
14.278, 2, 0.733511, 0.720797, 2, 1.26649, 0, 0.720797, 0.720797, 0.720797, 0.720797, 0.720797, 0.720797, 0.720797, 0.720797, 0.720797, 0.720797, 0.720797, 0.720797, 0.720797, 0.720797, 0.720797, 0.720797, 0.720797, 0.720797, 0.720797, 0.720797, 0.73351, 0.720797
14.2859, 0, 0.730506, 0.719485, 1.41421, -0.730506, 0, 0.719485, 0.719485, 0.719485, 0.719485, 0.719485, 0.719485, 0.719485, 0.719485, 0.719485, 0.719485, 0.719485, 0.719485, 0.719485, 0.719485, 0.719485, 0.719485, 0.719485, 0.719485, 0.719485, 0.719485, 0.730505, 0.719485
14.2937, 2, 0.723944, 0.714453, 2, 1.27606, 0, 0.714453, 0.714453, 0.714453, 0.714453, 0.714453, 0.714453, 0.714453, 0.714453, 0.714453, 0.714453, 0.714453, 0.714453, 0.714453, 0.714453, 0.714453, 0.714453, 0.714453, 0.714453, 0.714453, 0.714453, 0.723943, 0.714453
14.3016, 0, 0.714125, 0.706005, 1.41421, -0.714125, 0, 0.706005, 0.706005, 0.706005, 0.706005, 0.706005, 0.706005, 0.706005, 0.706005, 0.706005, 0.706005, 0.706005, 0.706005, 0.706005, 0.706005, 0.706005, 0.706005, 0.706005, 0.706006, 0.706005, 0.706005, 0.714124, 0.706005
14.3095, 0, 0.702805, 0.695904, 1.41421, -0.702805, 0, 0.695904, 0.695904, 0.695904, 0.695904, 0.695904, 0.695904, 0.695904, 0.695904, 0.695904, 0.695904, 0.695904, 0.695904, 0.695904, 0.695904, 0.695904, 0.695904, 0.695904, 0.695905, 0.695904, 0.695904, 0.702805, 0.695904
14.3174, 6, 0.691703, 0.685876, 2.82843, 5.3083, 0, 0.685876, 0.685876, 0.685876, 0.685876, 0.685876, 0.685876, 0.685876, 0.685876, 0.685876, 0.685876, 0.685876, 0.685876, 0.685876, 0.685876, 0.685876, 0.685876, 0.685876, 0.685877, 0.685876, 0.685876, 0.691703, 0.685876
14.3253, 2, 0.689477, 0.684589, 2, 1.31052, 0, 0.684589, 0.684589, 0.684589, 0.684589, 0.684589, 0.684589, 0.684589, 0.684589, 0.684589, 0.684589, 0.684589, 0.684589, 0.684589, 0.684589, 0.684589, 0.684589, 0.684589, 0.68459, 0.684589, 0.684589, 0.689476, 0.684589
14.3332, 0, 0.683572, 0.679499, 1.41421, -0.683572, 0, 0.679499, 0.679499, 0.679499, 0.679499, 0.679499, 0.679499, 0.679499, 0.679499, 0.679499, 0.679499, 0.679499, 0.679499, 0.679499, 0.679499, 0.679499, 0.679499, 0.679499, 0.679499, 0.679499, 0.679499, 0.683571, 0.679499
14.341, 2, 0.674295, 0.670923, 2, 1.3257, 0, 0.670923, 0.670923, 0.670923, 0.670923, 0.670923, 0.670923, 0.670923, 0.670923, 0.670923, 0.670923, 0.670923, 0.670923, 0.670923, 0.670923, 0.670923, 0.670923, 0.670923, 0.670924, 0.670923, 0.670923, 0.674295, 0.670923
14.3489, 0, 0.663438, 0.660665, 1.41421, -0.663438, 0, 0.660665, 0.660665, 0.660665, 0.660665, 0.660665, 0.660665, 0.660665, 0.660665, 0.660665, 0.660665, 0.660665, 0.660665, 0.660665, 0.660665, 0.660665, 0.660665, 0.660665, 0.660665, 0.660665, 0.660665, 0.663438, 0.660665
14.3568, 2, 0.652752, 0.650485, 2, 1.34725, 0, 0.650485, 0.650485, 0.650485, 0.650485, 0.650485, 0.650485, 0.650485, 0.650485, 0.650485, 0.650485, 0.650485, 0.650485, 0.650485, 0.650485, 0.650485, 0.650485, 0.650485, 0.650486, 0.650485, 0.650485, 0.652751, 0.650485
14.3647, 4, 0.651374, 0.649534, 2.44949, 3.34863, 0, 0.649534, 0.649534, 0.649534, 0.649534, 0.649534, 0.649534, 0.649534, 0.649534, 0.649534, 0.649534, 0.649534, 0.649534, 0.649534, 0.649534, 0.649534, 0.649534, 0.649534, 0.649534, 0.649534, 0.649534, 0.651373, 0.649534
14.3726, 2, 0.646158, 0.644674, 2, 1.35384, 0, 0.644674, 0.644674, 0.644674, 0.644674, 0.644674, 0.644674, 0.644674, 0.644674, 0.644674, 0.644674, 0.644674, 0.644674, 0.644674, 0.644674, 0.644674, 0.644674, 0.644674, 0.644674, 0.644674, 0.644674, 0.646157, 0.644674
14.3805, 0, 0.637436, 0.636247, 1.41421, -0.637436, 0, 0.636247, 0.636247, 0.636247, 0.636247, 0.636247, 0.636247, 0.636247, 0.636247, 0.636247, 0.636247, 0.636247, 0.636247, 0.636247, 0.636247, 0.636247, 0.636247, 0.636247, 0.636247, 0.636247, 0.636247, 0.637436, 0.636247
14.3883, 2, 0.627045, 0.626098, 2, 1.37295, 0, 0.626098, 0.626098, 0.626098, 0.626098, 0.626098, 0.626098, 0.626098, 0.626098, 0.626098, 0.626098, 0.626098, 0.626098, 0.626098, 0.626098, 0.626098, 0.626098, 0.626098, 0.626099, 0.626098, 0.626098, 0.627045, 0.626098
14.3962, 0, 0.616781, 0.616032, 1.41421, -0.616781, 0, 0.616032, 0.616032, 0.616032, 0.616032, 0.616032, 0.616032, 0.616032, 0.616032, 0.616032, 0.616032, 0.616032, 0.616032, 0.616032, 0.616032, 0.616032, 0.616032, 0.616032, 0.616032, 0.616032, 0.616032, 0.61678, 0.616032
14.4041, 0, 0.61574, 0.615151, 1.41421, -0.61574, 0, 0.615151, 0.615151, 0.615151, 0.615151, 0.615151, 0.615151, 0.615151, 0.615151, 0.615151, 0.615151, 0.615151, 0.615151, 0.615151, 0.615151, 0.615151, 0.615151, 0.615151, 0.615151, 0.615151, 0.615151, 0.615739, 0.615151
14.412, 4, 0.610762, 0.610303, 2.44949, 3.38924, 0, 0.610303, 0.610303, 0.610303, 0.610303, 0.610303, 0.610303, 0.610303, 0.610303, 0.610303, 0.610303, 0.610303, 0.610303, 0.610303, 0.610303, 0.610303, 0.610303, 0.610303, 0.610303, 0.610303, 0.610303, 0.610762, 0.610303
14.4199, 0, 0.6022, 0.601843, 1.41421, -0.6022, 0, 0.601843, 0.601843, 0.601843, 0.601843, 0.601843, 0.601843, 0.601843, 0.601843, 0.601843, 0.601843, 0.601843, 0.601843, 0.601843, 0.601843, 0.601843, 0.601843, 0.601843, 0.601843, 0.601843, 0.601843, 0.602199, 0.601843
14.4278, 4, 0.591919, 0.591644, 2.44949, 3.40808, 0, 0.591644, 0.591644, 0.591644, 0.591644, 0.591644, 0.591644, 0.591644, 0.591644, 0.591644, 0.591644, 0.591644, 0.591644, 0.591644, 0.591644, 0.591644, 0.591644, 0.591644, 0.591644, 0.591644, 0.591644, 0.591918, 0.591644
14.4356, 0, 0.581743, 0.581532, 1.41421, -0.581743, 0, 0.581532, 0.581532, 0.581532, 0.581532, 0.581532, 0.581532, 0.581532, 0.581532, 0.581532, 0.581532, 0.581532, 0.581532, 0.581532, 0.581532, 0.581532, 0.581532, 0.581532, 0.581532, 0.581532, 0.581532, 0.581742, 0.581532
14.4435, 2, 0.581113, 0.580953, 2, 1.41889, 0, 0.580953, 0.580953, 0.580953, 0.580953, 0.580953, 0.580953, 0.580953, 0.580953, 0.580953, 0.580953, 0.580953, 0.580953, 0.580953, 0.580953, 0.580953, 0.580953, 0.580953, 0.580953, 0.580953, 0.580953, 0.581113, 0.580953
14.4514, 0, 0.576452, 0.57633, 1.41421, -0.576452, 0, 0.57633, 0.57633, 0.57633, 0.57633, 0.57633, 0.57633, 0.57633, 0.57633, 0.57633, 0.57633, 0.57633, 0.57633, 0.57633, 0.57633, 0.57633, 0.57633, 0.57633, 0.576331, 0.57633, 0.57633, 0.576451, 0.57633
14.4593, 2, 0.568133, 0.568042, 2, 1.43187, 0, 0.568042, 0.568042, 0.568042, 0.568042, 0.568042, 0.568042, 0.568042, 0.568042, 0.568042, 0.568042, 0.568042, 0.568042, 0.568042, 0.568042, 0.568042, 0.568042, 0.568042, 0.568043, 0.568042, 0.568042, 0.568133, 0.568042
14.4672, 0, 0.558058, 0.557989, 1.41421, -0.558058, 0, 0.557989, 0.557989, 0.557989, 0.557989, 0.557989, 0.557989, 0.557989, 0.557989, 0.557989, 0.557989, 0.557989, 0.557989, 0.557989, 0.557989, 0.557989, 0.557989, 0.557989, 0.55799, 0.557989, 0.557989, 0.558057, 0.557989
14.4751, 0, 0.548077, 0.548026, 1.41421, -0.548077, 0, 0.548026, 0.548026, 0.548026, 0.548026, 0.548026, 0.548026, 0.548026, 0.548026, 0.548026, 0.548026, 0.548026, 0.548026, 0.548026, 0.548026, 0.548026, 0.548026, 0.548026, 0.548027, 0.548026, 0.548026, 0.548076, 0.548026
14.4829, 2, 0.547623, 0.547585, 2, 1.45238, 0, 0.547585, 0.547585, 0.547585, 0.547585, 0.547585, 0.547585, 0.547585, 0.547585, 0.547585, 0.547585, 0.547585, 0.547585, 0.547585, 0.547585, 0.547585, 0.547585, 0.547585, 0.547586, 0.547585, 0.547585, 0.547623, 0.547585
14.4908, 10, 0.54308, 0.543052, 3.4641, 9.45692, 0, 0.543052, 0.543052, 0.543052, 0.543052, 0.543052, 0.543052, 0.543052, 0.543052, 0.543052, 0.543052, 0.543052, 0.543052, 0.543052, 0.543052, 0.543052, 0.543052, 0.543052, 0.543053, 0.543052, 0.543052, 0.543079, 0.543052
14.4987, 2, 0.534838, 0.534817, 2, 1.46516, 0, 0.534817, 0.534817, 0.534817, 0.534817, 0.534817, 0.534817, 0.534817, 0.534817, 0.534817, 0.534817, 0.534817, 0.534817, 0.534817, 0.534817, 0.534817, 0.534817, 0.534817, 0.534818, 0.534817, 0.534817, 0.534837, 0.534817
14.5066, 0, 0.52482, 0.524805, 1.41421, -0.52482, 0, 0.524805, 0.524805, 0.524805, 0.524805, 0.524805, 0.524805, 0.524805, 0.524805, 0.524805, 0.524805, 0.524805, 0.524805, 0.524805, 0.524805, 0.524805, 0.524805, 0.524805, 0.524805, 0.524805, 0.524805, 0.524819, 0.524805
14.5145, 4, 0.514898, 0.514887, 2.44949, 3.4851, 0, 0.514887, 0.514887, 0.514887, 0.514887, 0.514887, 0.514887, 0.514887, 0.514887, 0.514887, 0.514887, 0.514887, 0.514887, 0.514887, 0.514887, 0.514887, 0.514887, 0.514887, 0.514887, 0.514887, 0.514887, 0.514897, 0.514887
14.5223, 0, 0.514738, 0.51473, 1.41421, -0.514738, 0, 0.51473, 0.51473, 0.51473, 0.51473, 0.51473, 0.51473, 0.51473, 0.51473, 0.51473, 0.51473, 0.51473, 0.51473, 0.51473, 0.51473, 0.51473, 0.51473, 0.51473, 0.514731, 0.51473, 0.51473, 0.514738, 0.51473
14.5302, 2, 0.510429, 0.510423, 2, 1.48957, 0, 0.510423, 0.510423, 0.510423, 0.510423, 0.510423, 0.510423, 0.510423, 0.510423, 0.510423, 0.510423, 0.510423, 0.510423, 0.510423, 0.510423, 0.510423, 0.510423, 0.510423, 0.510424, 0.510423, 0.510423, 0.510428, 0.510423
14.5381, 0, 0.502378, 0.502374, 1.41421, -0.502378, 0, 0.502374, 0.502374, 0.502374, 0.502374, 0.502374, 0.502374, 0.502374, 0.502374, 0.502374, 0.502374, 0.502374, 0.502374, 0.502374, 0.502374, 0.502374, 0.502374, 0.502374, 0.502374, 0.502374, 0.502374, 0.502377, 0.502374
14.546, 4, 0.492532, 0.492529, 2.44949, 3.50747, 0, 0.492529, 0.492529, 0.492529, 0.492529, 0.492529, 0.492529, 0.492529, 0.492529, 0.492529, 0.492529, 0.492529, 0.492529, 0.492529, 0.492529, 0.492529, 0.492529, 0.492529, 0.492529, 0.492529, 0.492529, 0.492531, 0.492529
14.5539, 0, 0.482783, 0.482781, 1.41421, -0.482783, 0, 0.482781, 0.482781, 0.482781, 0.482781, 0.482781, 0.482781, 0.482781, 0.482781, 0.482781, 0.482781, 0.482781, 0.482781, 0.482781, 0.482781, 0.482781, 0.482781, 0.482781, 0.482781, 0.482781, 0.482781, 0.482783, 0.482781
14.5618, 4, 0.482821, 0.482819, 2.44949, 3.51718, 0, 0.482819, 0.482819, 0.482819, 0.482819, 0.482819, 0.482819, 0.482819, 0.482819, 0.482819, 0.482819, 0.482819, 0.482819, 0.482819, 0.482819, 0.482819, 0.482819, 0.482819, 0.48282, 0.482819, 0.482819, 0.482821, 0.482819
14.5696, 0, 0.478672, 0.47867, 1.41421, -0.478672, 0, 0.47867, 0.47867, 0.47867, 0.47867, 0.47867, 0.47867, 0.47867, 0.47867, 0.47867, 0.47867, 0.47867, 0.47867, 0.47867, 0.47867, 0.47867, 0.47867, 0.47867, 0.478671, 0.47867, 0.47867, 0.478671, 0.47867
14.5775, 4, 0.470756, 0.470754, 2.44949, 3.52924, 0, 0.470754, 0.470754, 0.470754, 0.470754, 0.470754, 0.470754, 0.470754, 0.470754, 0.470754, 0.470754, 0.470754, 0.470754, 0.470754, 0.470754, 0.470754, 0.470754, 0.470754, 0.470755, 0.470754, 0.470754, 0.470755, 0.470754
14.5854, 2, 0.461035, 0.461034, 2, 1.53897, 0, 0.461034, 0.461034, 0.461034, 0.461034, 0.461034, 0.461034, 0.461034, 0.461034, 0.461034, 0.461034, 0.461034, 0.461034, 0.461034, 0.461034, 0.461034, 0.461034, 0.461034, 0.461034, 0.461034, 0.461034, 0.461034, 0.461034
14.5933, 2, 0.451415, 0.451415, 2, 1.54858, 0, 0.451415, 0.451415, 0.451415, 0.451415, 0.451415, 0.451415, 0.451415, 0.451415, 0.451415, 0.451415, 0.451415, 0.451415, 0.451415, 0.451415, 0.451415, 0.451415, 0.451415, 0.451415, 0.451415, 0.451415, 0.451415, 0.451415
14.6012, 0, 0.451699, 0.451698, 1.41421, -0.451699, 0, 0.451698, 0.451698, 0.451698, 0.451698, 0.451698, 0.451698, 0.451698, 0.451698, 0.451698, 0.451698, 0.451698, 0.451698, 0.451698, 0.451698, 0.451698, 0.451698, 0.451698, 0.451699, 0.451698, 0.451698, 0.451698, 0.451698
14.6091, 2, 0.447765, 0.447764, 2, 1.55224, 0, 0.447764, 0.447764, 0.447764, 0.447764, 0.447764, 0.447764, 0.447764, 0.447764, 0.447764, 0.447764, 0.447764, 0.447764, 0.447764, 0.447764, 0.447764, 0.447764, 0.447764, 0.447765, 0.447764, 0.447764, 0.447764, 0.447764
14.6169, 2, 0.440049, 0.440049, 2, 1.55995, 0, 0.440049, 0.440049, 0.440049, 0.440049, 0.440049, 0.440049, 0.440049, 0.440049, 0.440049, 0.440049, 0.440049, 0.440049, 0.440049, 0.440049, 0.440049, 0.440049, 0.440049, 0.440049, 0.440049, 0.440049, 0.440049, 0.440049
14.6248, 2, 0.430524, 0.430523, 2, 1.56948, 0, 0.430523, 0.430523, 0.430523, 0.430523, 0.430523, 0.430523, 0.430523, 0.430523, 0.430523, 0.430523, 0.430523, 0.430523, 0.430523, 0.430523, 0.430523, 0.430523, 0.430523, 0.430524, 0.430523, 0.430523, 0.430523, 0.430523
14.6327, 0, 0.421102, 0.421102, 1.41421, -0.421102, 0, 0.421102, 0.421102, 0.421102, 0.421102, 0.421102, 0.421102, 0.421102, 0.421102, 0.421102, 0.421102, 0.421102, 0.421102, 0.421102, 0.421102, 0.421102, 0.421102, 0.421102, 0.421102, 0.421102, 0.421102, 0.421102, 0.421102
14.6406, 4, 0.421841, 0.421841, 2.44949, 3.57816, 0, 0.421841, 0.421841, 0.421841, 0.421841, 0.421841, 0.421841, 0.421841, 0.421841, 0.421841, 0.421841, 0.421841, 0.421841, 0.421841, 0.421841, 0.421841, 0.421841, 0.421841, 0.421841, 0.421841, 0.421841, 0.421841, 0.421841
14.6485, 0, 0.418209, 0.418208, 1.41421, -0.418209, 0, 0.418208, 0.418208, 0.418208, 0.418208, 0.418208, 0.418208, 0.418208, 0.418208, 0.418208, 0.418208, 0.418208, 0.418208, 0.418208, 0.418208, 0.418208, 0.418208, 0.418208, 0.418209, 0.418208, 0.418208, 0.418208, 0.418208
14.6564, 0, 0.410638, 0.410638, 1.41421, -0.410638, 0, 0.410638, 0.410638, 0.410638, 0.410638, 0.410638, 0.410638, 0.410638, 0.410638, 0.410638, 0.410638, 0.410638, 0.410638, 0.410638, 0.410638, 0.410638, 0.410638, 0.410638, 0.410638, 0.410638, 0.410638, 0.410638, 0.410638
14.6642, 4, 0.401186, 0.401185, 2.44949, 3.59881, 0, 0.401185, 0.401185, 0.401185, 0.401185, 0.401185, 0.401185, 0.401185, 0.401185, 0.401185, 0.401185, 0.401185, 0.401185, 0.401185, 0.401185, 0.401185, 0.401185, 0.401185, 0.401186, 0.401185, 0.401185, 0.401185, 0.401185
14.6721, 0, 0.391843, 0.391842, 1.41421, -0.391843, 0, 0.391842, 0.391842, 0.391842, 0.391842, 0.391842, 0.391842, 0.391842, 0.391842, 0.391842, 0.391842, 0.391842, 0.391842, 0.391842, 0.391842, 0.391842, 0.391842, 0.391842, 0.391843, 0.391842, 0.391842, 0.391842, 0.391842
14.68, 0, 0.393884, 0.393883, 1.41421, -0.393884, 0, 0.393883, 0.393883, 0.393883, 0.393883, 0.393883, 0.393883, 0.393883, 0.393883, 0.393883, 0.393883, 0.393883, 0.393883, 0.393883, 0.393883, 0.393883, 0.393883, 0.393883, 0.393884, 0.393883, 0.393883, 0.393883, 0.393883
14.6879, 0, 0.390829, 0.390828, 1.41421, -0.390829, 0, 0.390828, 0.390828, 0.390828, 0.390828, 0.390828, 0.390828, 0.390828, 0.390828, 0.390828, 0.390828, 0.390828, 0.390828, 0.390828, 0.390828, 0.390828, 0.390828, 0.390828, 0.390829, 0.390828, 0.390828, 0.390828, 0.390828
14.6958, 0, 0.383184, 0.383183, 1.41421, -0.383184, 0, 0.383183, 0.383183, 0.383183, 0.383183, 0.383183, 0.383183, 0.383183, 0.383183, 0.383183, 0.383183, 0.383183, 0.383183, 0.383183, 0.383183, 0.383183, 0.383183, 0.383183, 0.383184, 0.383183, 0.383183, 0.383183, 0.383183
14.7037, 0, 0.373346, 0.373346, 1.41421, -0.373346, 0, 0.373346, 0.373346, 0.373346, 0.373346, 0.373346, 0.373346, 0.373346, 0.373346, 0.373346, 0.373346, 0.373346, 0.373346, 0.373346, 0.373346, 0.373346, 0.373346, 0.373346, 0.373346, 0.373346, 0.373346, 0.373346, 0.373346
14.7115, 0, 0.363637, 0.363636, 1.41421, -0.363637, 0, 0.363636, 0.363636, 0.363636, 0.363636, 0.363636, 0.363636, 0.363636, 0.363636, 0.363636, 0.363636, 0.363636, 0.363636, 0.363636, 0.363636, 0.363636, 0.363636, 0.363636, 0.363637, 0.363636, 0.363636, 0.363636, 0.363636
14.7194, 2, 0.373424, 0.373424, 2, 1.62658, 0, 0.373424, 0.373424, 0.373424, 0.373424, 0.373424, 0.373424, 0.373424, 0.373424, 0.373424, 0.373424, 0.373424, 0.373424, 0.373424, 0.373424, 0.373424, 0.373424, 0.373424, 0.373424, 0.373424, 0.373424, 0.373424, 0.373424
14.7273, 0, 0.377975, 0.377975, 1.41421, -0.377975, 0, 0.377975, 0.377975, 0.377975, 0.377975, 0.377975, 0.377975, 0.377975, 0.377975, 0.377975, 0.377975, 0.377975, 0.377975, 0.377975, 0.377975, 0.377975, 0.377975, 0.377975, 0.377975, 0.377975, 0.377975, 0.377975, 0.377975
14.7352, 0, 0.377544, 0.377543, 1.41421, -0.377544, 0, 0.377543, 0.377543, 0.377543, 0.377543, 0.377543, 0.377543, 0.377543, 0.377543, 0.377543, 0.377543, 0.377543, 0.377543, 0.377543, 0.377543, 0.377543, 0.377543, 0.377543, 0.377544, 0.377543, 0.377543, 0.377543, 0.377543
14.7431, 0, 0.374621, 0.374621, 1.41421, -0.374621, 0, 0.374621, 0.374621, 0.374621, 0.374621, 0.374621, 0.374621, 0.374621, 0.374621, 0.374621, 0.374621, 0.374621, 0.374621, 0.374621, 0.374621, 0.374621, 0.374621, 0.374621, 0.374621, 0.374621, 0.374621, 0.374621, 0.374621
14.7509, 2, 0.37171, 0.37171, 2, 1.62829, 0, 0.37171, 0.37171, 0.37171, 0.37171, 0.37171, 0.37171, 0.37171, 0.37171, 0.37171, 0.37171, 0.37171, 0.37171, 0.37171, 0.37171, 0.37171, 0.37171, 0.37171, 0.37171, 0.37171, 0.37171, 0.37171, 0.37171
14.7588, 2, 0.379748, 0.379747, 2, 1.62025, 0, 0.379747, 0.379747, 0.379747, 0.379747, 0.379747, 0.379747, 0.379747, 0.379747, 0.379747, 0.379747, 0.379747, 0.379747, 0.379747, 0.379747, 0.379747, 0.379747, 0.379747, 0.379748, 0.379747, 0.379747, 0.379747, 0.379747
14.7667, 2, 0.383626, 0.383626, 2, 1.61637, 0, 0.383626, 0.383626, 0.383626, 0.383626, 0.383626, 0.383626, 0.383626, 0.383626, 0.383626, 0.383626, 0.383626, 0.383626, 0.383626, 0.383626, 0.383626, 0.383626, 0.383626, 0.383626, 0.383626, 0.383626, 0.383626, 0.383626
14.7746, 0, 0.383657, 0.383657, 1.41421, -0.383657, 0, 0.383657, 0.383657, 0.383657, 0.383657, 0.383657, 0.383657, 0.383657, 0.383657, 0.383657, 0.383657, 0.383657, 0.383657, 0.383657, 0.383657, 0.383657, 0.383657, 0.383657, 0.383657, 0.383657, 0.383657, 0.383657, 0.383657
14.7825, 6, 0.381762, 0.381762, 2.82843, 5.61824, 0, 0.381762, 0.381762, 0.381762, 0.381762, 0.381762, 0.381762, 0.381762, 0.381762, 0.381762, 0.381762, 0.381762, 0.381762, 0.381762, 0.381762, 0.381762, 0.381762, 0.381762, 0.381762, 0.381762, 0.381762, 0.381762, 0.381762
14.7904, 2, 0.379872, 0.379871, 2, 1.62013, 0, 0.379871, 0.379871, 0.379871, 0.379871, 0.379871, 0.379871, 0.379871, 0.379871, 0.379871, 0.379871, 0.379871, 0.379871, 0.379871, 0.379871, 0.379871, 0.379871, 0.379871, 0.379872, 0.379871, 0.379871, 0.379871, 0.379871
14.7982, 8, 0.387177, 0.387176, 3.16228, 7.61282, 0, 0.387176, 0.387176, 0.387176, 0.387176, 0.387176, 0.387176, 0.387176, 0.387176, 0.387176, 0.387176, 0.387176, 0.387176, 0.387176, 0.387176, 0.387176, 0.387176, 0.387176, 0.387177, 0.387176, 0.387176, 0.387176, 0.387176
14.8061, 2, 0.390595, 0.390595, 2, 1.6094, 0, 0.390595, 0.390595, 0.390595, 0.390595, 0.390595, 0.390595, 0.390595, 0.390595, 0.390595, 0.390595, 0.390595, 0.390595, 0.390595, 0.390595, 0.390595, 0.390595, 0.390595, 0.390595, 0.390595, 0.390595, 0.390595, 0.390595
14.814, 2, 0.39046, 0.390459, 2, 1.60954, 0, 0.390459, 0.390459, 0.390459, 0.390459, 0.390459, 0.390459, 0.390459, 0.390459, 0.390459, 0.390459, 0.390459, 0.390459, 0.390459, 0.390459, 0.390459, 0.390459, 0.390459, 0.39046, 0.390459, 0.390459, 0.390459, 0.390459
14.8219, 0, 0.388546, 0.388545, 1.41421, -0.388546, 0, 0.388545, 0.388545, 0.388545, 0.388545, 0.388545, 0.388545, 0.388545, 0.388545, 0.388545, 0.388545, 0.388545, 0.388545, 0.388545, 0.388545, 0.388545, 0.388545, 0.388545, 0.388546, 0.388545, 0.388545, 0.388545, 0.388545
14.8298, 0, 0.386637, 0.386636, 1.41421, -0.386637, 0, 0.386636, 0.386636, 0.386636, 0.386636, 0.386636, 0.386636, 0.386636, 0.386636, 0.386636, 0.386636, 0.386636, 0.386636, 0.386636, 0.386636, 0.386636, 0.386636, 0.386636, 0.386637, 0.386636, 0.386636, 0.386636, 0.386636
14.8377, 0, 0.393683, 0.393682, 1.41421, -0.393683, 0, 0.393682, 0.393682, 0.393682, 0.393682, 0.393682, 0.393682, 0.393682, 0.393682, 0.393682, 0.393682, 0.393682, 0.393682, 0.393682, 0.393682, 0.393682, 0.393682, 0.393682, 0.393683, 0.393682, 0.393682, 0.393682, 0.393682
14.8455, 0, 0.397015, 0.397015, 1.41421, -0.397015, 0, 0.397015, 0.397015, 0.397015, 0.397015, 0.397015, 0.397015, 0.397015, 0.397015, 0.397015, 0.397015, 0.397015, 0.397015, 0.397015, 0.397015, 0.397015, 0.397015, 0.397015, 0.397015, 0.397015, 0.397015, 0.397015, 0.397015
14.8534, 0, 0.39696, 0.396959, 1.41421, -0.39696, 0, 0.396959, 0.396959, 0.396959, 0.396959, 0.396959, 0.396959, 0.396959, 0.396959, 0.396959, 0.396959, 0.396959, 0.396959, 0.396959, 0.396959, 0.396959, 0.396959, 0.396959, 0.39696, 0.396959, 0.396959, 0.396959, 0.396959
14.8613, 4, 0.395208, 0.395208, 2.44949, 3.60479, 0, 0.395208, 0.395208, 0.395208, 0.395208, 0.395208, 0.395208, 0.395208, 0.395208, 0.395208, 0.395208, 0.395208, 0.395208, 0.395208, 0.395208, 0.395208, 0.395208, 0.395208, 0.395208, 0.395208, 0.395208, 0.395208, 0.395208
14.8692, 2, 0.393461, 0.39346, 2, 1.60654, 0, 0.39346, 0.39346, 0.39346, 0.39346, 0.39346, 0.39346, 0.39346, 0.39346, 0.39346, 0.39346, 0.39346, 0.39346, 0.39346, 0.39346, 0.39346, 0.39346, 0.39346, 0.393461, 0.39346, 0.39346, 0.39346, 0.39346
14.8771, 2, 0.399808, 0.399807, 2, 1.60019, 0, 0.399807, 0.399807, 0.399807, 0.399807, 0.399807, 0.399807, 0.399807, 0.399807, 0.399807, 0.399807, 0.399807, 0.399807, 0.399807, 0.399807, 0.399807, 0.399807, 0.399807, 0.399808, 0.399807, 0.399807, 0.399807, 0.399807
14.885, 0, 0.402607, 0.402606, 1.41421, -0.402607, 0, 0.402606, 0.402606, 0.402606, 0.402606, 0.402606, 0.402606, 0.402606, 0.402606, 0.402606, 0.402606, 0.402606, 0.402606, 0.402606, 0.402606, 0.402606, 0.402606, 0.402606, 0.402607, 0.402606, 0.402606, 0.402606, 0.402606
14.8928, 4, 0.402193, 0.402192, 2.44949, 3.59781, 0, 0.402192, 0.402192, 0.402192, 0.402192, 0.402192, 0.402192, 0.402192, 0.402192, 0.402192, 0.402192, 0.402192, 0.402192, 0.402192, 0.402192, 0.402192, 0.402192, 0.402192, 0.402193, 0.402192, 0.402192, 0.402192, 0.402192
14.9007, 0, 0.400172, 0.400172, 1.41421, -0.400172, 0, 0.400172, 0.400172, 0.400172, 0.400172, 0.400172, 0.400172, 0.400172, 0.400172, 0.400172, 0.400172, 0.400172, 0.400172, 0.400172, 0.400172, 0.400172, 0.400172, 0.400172, 0.400172, 0.400172, 0.400172, 0.400172, 0.400172
14.9086, 0, 0.398157, 0.398156, 1.41421, -0.398157, 0, 0.398156, 0.398156, 0.398156, 0.398156, 0.398156, 0.398156, 0.398156, 0.398156, 0.398156, 0.398156, 0.398156, 0.398156, 0.398156, 0.398156, 0.398156, 0.398156, 0.398156, 0.398157, 0.398156, 0.398156, 0.398156, 0.398156
14.9165, 0, 0.404293, 0.404293, 1.41421, -0.404293, 0, 0.404293, 0.404293, 0.404293, 0.404293, 0.404293, 0.404293, 0.404293, 0.404293, 0.404293, 0.404293, 0.404293, 0.404293, 0.404293, 0.404293, 0.404293, 0.404293, 0.404293, 0.404293, 0.404293, 0.404293, 0.404293, 0.404293
14.9244, 2, 0.407023, 0.407022, 2, 1.59298, 0, 0.407022, 0.407022, 0.407022, 0.407022, 0.407022, 0.407022, 0.407022, 0.407022, 0.407022, 0.407022, 0.407022, 0.407022, 0.407022, 0.407022, 0.407022, 0.407022, 0.407022, 0.407023, 0.407022, 0.407022, 0.407022, 0.407022
14.9323, 0, 0.406668, 0.406667, 1.41421, -0.406668, 0, 0.406667, 0.406667, 0.406667, 0.406667, 0.406667, 0.406667, 0.406667, 0.406667, 0.406667, 0.406667, 0.406667, 0.406667, 0.406667, 0.406667, 0.406667, 0.406667, 0.406667, 0.406668, 0.406667, 0.406667, 0.406667, 0.406667
14.9401, 2, 0.404772, 0.404772, 2, 1.59523, 0, 0.404772, 0.404772, 0.404772, 0.404772, 0.404772, 0.404772, 0.404772, 0.404772, 0.404772, 0.404772, 0.404772, 0.404772, 0.404772, 0.404772, 0.404772, 0.404772, 0.404772, 0.404772, 0.404772, 0.404772, 0.404772, 0.404772
14.948, 0, 0.402881, 0.40288, 1.41421, -0.402881, 0, 0.40288, 0.40288, 0.40288, 0.40288, 0.40288, 0.40288, 0.40288, 0.40288, 0.40288, 0.40288, 0.40288, 0.40288, 0.40288, 0.40288, 0.40288, 0.40288, 0.40288, 0.402881, 0.40288, 0.40288, 0.40288, 0.40288
14.9559, 4, 0.408181, 0.408181, 2.44949, 3.59182, 0, 0.408181, 0.408181, 0.408181, 0.408181, 0.408181, 0.408181, 0.408181, 0.408181, 0.408181, 0.408181, 0.408181, 0.408181, 0.408181, 0.408181, 0.408181, 0.408181, 0.408181, 0.408181, 0.408181, 0.408181, 0.408181, 0.408181
14.9638, 2, 0.410242, 0.410241, 2, 1.58976, 0, 0.410241, 0.410241, 0.410241, 0.410241, 0.410241, 0.410241, 0.410241, 0.410241, 0.410241, 0.410241, 0.410241, 0.410241, 0.410241, 0.410241, 0.410241, 0.410241, 0.410241, 0.410242, 0.410241, 0.410241, 0.410241, 0.410241
14.9717, 8, 0.409396, 0.409395, 3.16228, 7.5906, 0, 0.409395, 0.409395, 0.409395, 0.409395, 0.409395, 0.409395, 0.409395, 0.409395, 0.409395, 0.409395, 0.409395, 0.409395, 0.409395, 0.409395, 0.409395, 0.409395, 0.409395, 0.409396, 0.409395, 0.409395, 0.409395, 0.409395
14.9796, 0, 0.407101, 0.407101, 1.41421, -0.407101, 0, 0.407101, 0.407101, 0.407101, 0.407101, 0.407101, 0.407101, 0.407101, 0.407101, 0.407101, 0.407101, 0.407101, 0.407101, 0.407101, 0.407101, 0.407101, 0.407101, 0.407101, 0.407101, 0.407101, 0.407101, 0.407101, 0.407101
14.9874, 2, 0.404813, 0.404812, 2, 1.59519, 0, 0.404812, 0.404812, 0.404812, 0.404812, 0.404812, 0.404812, 0.404812, 0.404812, 0.404812, 0.404812, 0.404812, 0.404812, 0.404812, 0.404812, 0.404812, 0.404812, 0.404812, 0.404813, 0.404812, 0.404812, 0.404812, 0.404812
14.9953, 0, 0.409841, 0.40984, 1.41421, -0.409841, 0, 0.40984, 0.40984, 0.40984, 0.40984, 0.40984, 0.40984, 0.40984, 0.40984, 0.40984, 0.40984, 0.40984, 0.40984, 0.40984, 0.40984, 0.40984, 0.40984, 0.40984, 0.409841, 0.40984, 0.40984, 0.40984, 0.40984
15.0032, 0, 0.411817, 0.411817, 1.41421, -0.411817, 0, 0.411817, 0.411817, 0.411817, 0.411817, 0.411817, 0.411817, 0.411817, 0.411817, 0.411817, 0.411817, 0.411817, 0.411817, 0.411817, 0.411817, 0.411817, 0.411817, 0.411817, 0.411817, 0.411817, 0.411817, 0.411817, 0.411817
15.0111, 4, 0.411042, 0.411041, 2.44949, 3.58896, 0, 0.411041, 0.411041, 0.411041, 0.411041, 0.411041, 0.411041, 0.411041, 0.411041, 0.411041, 0.411041, 0.411041, 0.411041, 0.411041, 0.411041, 0.411041, 0.411041, 0.411041, 0.411042, 0.411041, 0.411041, 0.411041, 0.411041
15.019, 0, 0.408893, 0.408892, 1.41421, -0.408893, 0, 0.408892, 0.408892, 0.408892, 0.408892, 0.408892, 0.408892, 0.408892, 0.408892, 0.408892, 0.408892, 0.408892, 0.408892, 0.408892, 0.408892, 0.408892, 0.408892, 0.408892, 0.408893, 0.408892, 0.408892, 0.408892, 0.408892
15.0268, 2, 0.406749, 0.406749, 2, 1.59325, 0, 0.406749, 0.406749, 0.406749, 0.406749, 0.406749, 0.406749, 0.406749, 0.406749, 0.406749, 0.406749, 0.406749, 0.406749, 0.406749, 0.406749, 0.406749, 0.406749, 0.406749, 0.406749, 0.406749, 0.406749, 0.406749, 0.406749
15.0347, 2, 0.410765, 0.410764, 2, 1.58924, 0, 0.410764, 0.410764, 0.410764, 0.410764, 0.410764, 0.410764, 0.410764, 0.410764, 0.410764, 0.410764, 0.410764, 0.410764, 0.410764, 0.410764, 0.410764, 0.410764, 0.410764, 0.410765, 0.410764, 0.410764, 0.410764, 0.410764
15.0426, 0, 0.411939, 0.411939, 1.41421, -0.411939, 0, 0.411939, 0.411939, 0.411939, 0.411939, 0.411939, 0.411939, 0.411939, 0.411939, 0.411939, 0.411939, 0.411939, 0.411939, 0.411939, 0.411939, 0.411939, 0.411939, 0.411939, 0.411939, 0.411939, 0.411939, 0.411939, 0.411939
15.0505, 4, 0.410578, 0.410578, 2.44949, 3.58942, 0, 0.410578, 0.410578, 0.410578, 0.410578, 0.410578, 0.410578, 0.410578, 0.410578, 0.410578, 0.410578, 0.410578, 0.410578, 0.410578, 0.410578, 0.410578, 0.410578, 0.410578, 0.410578, 0.410578, 0.410578, 0.410578, 0.410578
15.0584, 0, 0.407956, 0.407955, 1.41421, -0.407956, 0, 0.407955, 0.407955, 0.407955, 0.407955, 0.407955, 0.407955, 0.407955, 0.407955, 0.407955, 0.407955, 0.407955, 0.407955, 0.407955, 0.407955, 0.407955, 0.407955, 0.407955, 0.407956, 0.407955, 0.407955, 0.407955, 0.407955
15.0663, 6, 0.405342, 0.405341, 2.82843, 5.59466, 0, 0.405341, 0.405341, 0.405341, 0.405341, 0.405341, 0.405341, 0.405341, 0.405341, 0.405341, 0.405341, 0.405341, 0.405341, 0.405341, 0.405341, 0.405341, 0.405341, 0.405341, 0.405342, 0.405341, 0.405341, 0.405341, 0.405341
15.0741, 0, 0.409037, 0.409036, 1.41421, -0.409037, 0, 0.409036, 0.409036, 0.409036, 0.409036, 0.409036, 0.409036, 0.409036, 0.409036, 0.409036, 0.409036, 0.409036, 0.409036, 0.409036, 0.409036, 0.409036, 0.409036, 0.409036, 0.409037, 0.409036, 0.409036, 0.409036, 0.409036
15.082, 6, 0.410118, 0.410117, 2.82843, 5.58988, 0, 0.410117, 0.410117, 0.410117, 0.410117, 0.410117, 0.410117, 0.410117, 0.410117, 0.410117, 0.410117, 0.410117, 0.410117, 0.410117, 0.410117, 0.410117, 0.410117, 0.410117, 0.410118, 0.410117, 0.410117, 0.410117, 0.410117
15.0899, 0, 0.408838, 0.408837, 1.41421, -0.408838, 0, 0.408837, 0.408837, 0.408837, 0.408837, 0.408837, 0.408837, 0.408837, 0.408837, 0.408837, 0.408837, 0.408837, 0.408837, 0.408837, 0.408837, 0.408837, 0.408837, 0.408837, 0.408838, 0.408837, 0.408837, 0.408837, 0.408837
15.0978, 0, 0.406384, 0.406383, 1.41421, -0.406384, 0, 0.406383, 0.406383, 0.406383, 0.406383, 0.406383, 0.406383, 0.406383, 0.406383, 0.406383, 0.406383, 0.406383, 0.406383, 0.406383, 0.406383, 0.406383, 0.406383, 0.406383, 0.406384, 0.406383, 0.406383, 0.406383, 0.406383
15.1057, 4, 0.403937, 0.403937, 2.44949, 3.59606, 0, 0.403937, 0.403937, 0.403937, 0.403937, 0.403937, 0.403937, 0.403937, 0.403937, 0.403937, 0.403937, 0.403937, 0.403937, 0.403937, 0.403937, 0.403937, 0.403937, 0.403937, 0.403937, 0.403937, 0.403937, 0.403937, 0.403937
15.1136, 2, 0.406475, 0.406474, 2, 1.59353, 0, 0.406474, 0.406474, 0.406474, 0.406474, 0.406474, 0.406474, 0.406474, 0.406474, 0.406474, 0.406474, 0.406474, 0.406474, 0.406474, 0.406474, 0.406474, 0.406474, 0.406474, 0.406475, 0.406474, 0.406474, 0.406474, 0.406474
15.1214, 2, 0.406654, 0.406653, 2, 1.59335, 0, 0.406653, 0.406653, 0.406653, 0.406653, 0.406653, 0.406653, 0.406653, 0.406653, 0.406653, 0.406653, 0.406653, 0.406653, 0.406653, 0.406653, 0.406653, 0.406653, 0.406653, 0.406654, 0.406653, 0.406653, 0.406653, 0.406653
15.1293, 2, 0.404725, 0.404725, 2, 1.59527, 0, 0.404725, 0.404725, 0.404725, 0.404725, 0.404725, 0.404725, 0.404725, 0.404725, 0.404725, 0.404725, 0.404725, 0.404725, 0.404725, 0.404725, 0.404725, 0.404725, 0.404725, 0.404725, 0.404725, 0.404725, 0.404725, 0.404725
15.1372, 4, 0.401752, 0.401752, 2.44949, 3.59825, 0, 0.401752, 0.401752, 0.401752, 0.401752, 0.401752, 0.401752, 0.401752, 0.401752, 0.401752, 0.401752, 0.401752, 0.401752, 0.401752, 0.401752, 0.401752, 0.401752, 0.401752, 0.401752, 0.401752, 0.401752, 0.401752, 0.401752
15.1451, 4, 0.39879, 0.39879, 2.44949, 3.60121, 0, 0.39879, 0.39879, 0.39879, 0.39879, 0.39879, 0.39879, 0.39879, 0.39879, 0.39879, 0.39879, 0.39879, 0.39879, 0.39879, 0.39879, 0.39879, 0.39879, 0.39879, 0.39879, 0.39879, 0.39879, 0.39879, 0.39879
15.153, 2, 0.401016, 0.401015, 2, 1.59898, 0, 0.401015, 0.401015, 0.401015, 0.401015, 0.401015, 0.401015, 0.401015, 0.401015, 0.401015, 0.401015, 0.401015, 0.401015, 0.401015, 0.401015, 0.401015, 0.401015, 0.401015, 0.401016, 0.401015, 0.401015, 0.401015, 0.401015
15.1609, 4, 0.401108, 0.401107, 2.44949, 3.59889, 0, 0.401107, 0.401107, 0.401107, 0.401107, 0.401107, 0.401107, 0.401107, 0.401107, 0.401107, 0.401107, 0.401107, 0.401107, 0.401107, 0.401107, 0.401107, 0.401107, 0.401107, 0.401108, 0.401107, 0.401107, 0.401107, 0.401107
15.1687, 2, 0.399266, 0.399266, 2, 1.60073, 0, 0.399266, 0.399266, 0.399266, 0.399266, 0.399266, 0.399266, 0.399266, 0.399266, 0.399266, 0.399266, 0.399266, 0.399266, 0.399266, 0.399266, 0.399266, 0.399266, 0.399266, 0.399266, 0.399266, 0.399266, 0.399266, 0.399266
15.1766, 2, 0.396466, 0.396466, 2, 1.60353, 0, 0.396466, 0.396466, 0.396466, 0.396466, 0.396466, 0.396466, 0.396466, 0.396466, 0.396466, 0.396466, 0.396466, 0.396466, 0.396466, 0.396466, 0.396466, 0.396466, 0.396466, 0.396466, 0.396466, 0.396466, 0.396466, 0.396466
15.1845, 0, 0.393676, 0.393676, 1.41421, -0.393676, 0, 0.393676, 0.393676, 0.393676, 0.393676, 0.393676, 0.393676, 0.393676, 0.393676, 0.393676, 0.393676, 0.393676, 0.393676, 0.393676, 0.393676, 0.393676, 0.393676, 0.393676, 0.393676, 0.393676, 0.393676, 0.393676, 0.393676
15.1924, 0, 0.39472, 0.394719, 1.41421, -0.39472, 0, 0.394719, 0.394719, 0.394719, 0.394719, 0.394719, 0.394719, 0.394719, 0.394719, 0.394719, 0.394719, 0.394719, 0.394719, 0.394719, 0.394719, 0.394719, 0.394719, 0.394719, 0.39472, 0.394719, 0.394719, 0.394719, 0.394719
15.2003, 0, 0.393874, 0.393874, 1.41421, -0.393874, 0, 0.393874, 0.393874, 0.393874, 0.393874, 0.393874, 0.393874, 0.393874, 0.393874, 0.393874, 0.393874, 0.393874, 0.393874, 0.393874, 0.393874, 0.393874, 0.393874, 0.393874, 0.393874, 0.393874, 0.393874, 0.393874, 0.393874
15.2082, 2, 0.391337, 0.391336, 2, 1.60866, 0, 0.391336, 0.391336, 0.391336, 0.391336, 0.391336, 0.391336, 0.391336, 0.391336, 0.391336, 0.391336, 0.391336, 0.391336, 0.391336, 0.391336, 0.391336, 0.391336, 0.391336, 0.391337, 0.391336, 0.391336, 0.391336, 0.391336
15.216, 2, 0.387966, 0.387965, 2, 1.61203, 0, 0.387965, 0.387965, 0.387965, 0.387965, 0.387965, 0.387965, 0.387965, 0.387965, 0.387965, 0.387965, 0.387965, 0.387965, 0.387965, 0.387965, 0.387965, 0.387965, 0.387965, 0.387966, 0.387965, 0.387965, 0.387965, 0.387965
15.2239, 0, 0.384609, 0.384609, 1.41421, -0.384609, 0, 0.384609, 0.384609, 0.384609, 0.384609, 0.384609, 0.384609, 0.384609, 0.384609, 0.384609, 0.384609, 0.384609, 0.384609, 0.384609, 0.384609, 0.384609, 0.384609, 0.384609, 0.384609, 0.384609, 0.384609, 0.384609, 0.384609
15.2318, 0, 0.385399, 0.385399, 1.41421, -0.385399, 0, 0.385399, 0.385399, 0.385399, 0.385399, 0.385399, 0.385399, 0.385399, 0.385399, 0.385399, 0.385399, 0.385399, 0.385399, 0.385399, 0.385399, 0.385399, 0.385399, 0.385399, 0.385399, 0.385399, 0.385399, 0.385399, 0.385399
15.2397, 0, 0.384498, 0.384497, 1.41421, -0.384498, 0, 0.384497, 0.384497, 0.384497, 0.384497, 0.384497, 0.384497, 0.384497, 0.384497, 0.384497, 0.384497, 0.384497, 0.384497, 0.384497, 0.384497, 0.384497, 0.384497, 0.384497, 0.384498, 0.384497, 0.384497, 0.384497, 0.384497
15.2476, 4, 0.382051, 0.38205, 2.44949, 3.61795, 0, 0.38205, 0.38205, 0.38205, 0.38205, 0.38205, 0.38205, 0.38205, 0.38205, 0.38205, 0.38205, 0.38205, 0.38205, 0.38205, 0.38205, 0.38205, 0.38205, 0.38205, 0.382051, 0.38205, 0.38205, 0.38205, 0.38205
15.2554, 4, 0.378843, 0.378842, 2.44949, 3.62116, 0, 0.378842, 0.378842, 0.378842, 0.378842, 0.378842, 0.378842, 0.378842, 0.378842, 0.378842, 0.378842, 0.378842, 0.378842, 0.378842, 0.378842, 0.378842, 0.378842, 0.378842, 0.378843, 0.378842, 0.378842, 0.378842, 0.378842
15.2633, 2, 0.375648, 0.375647, 2, 1.62435, 0, 0.375647, 0.375647, 0.375647, 0.375647, 0.375647, 0.375647, 0.375647, 0.375647, 0.375647, 0.375647, 0.375647, 0.375647, 0.375647, 0.375647, 0.375647, 0.375647, 0.375647, 0.375648, 0.375647, 0.375647, 0.375647, 0.375647
15.2712, 0, 0.37528, 0.37528, 1.41421, -0.37528, 0, 0.37528, 0.37528, 0.37528, 0.37528, 0.37528, 0.37528, 0.37528, 0.37528, 0.37528, 0.37528, 0.37528, 0.37528, 0.37528, 0.37528, 0.37528, 0.37528, 0.37528, 0.37528, 0.37528, 0.37528, 0.37528, 0.37528
15.2791, 4, 0.373448, 0.373448, 2.44949, 3.62655, 0, 0.373448, 0.373448, 0.373448, 0.373448, 0.373448, 0.373448, 0.373448, 0.373448, 0.373448, 0.373448, 0.373448, 0.373448, 0.373448, 0.373448, 0.373448, 0.373448, 0.373448, 0.373448, 0.373448, 0.373448, 0.373448, 0.373448
15.287, 4, 0.370299, 0.370299, 2.44949, 3.6297, 0, 0.370299, 0.370299, 0.370299, 0.370299, 0.370299, 0.370299, 0.370299, 0.370299, 0.370299, 0.370299, 0.370299, 0.370299, 0.370299, 0.370299, 0.370299, 0.370299, 0.370299, 0.370299, 0.370299, 0.370299, 0.370299, 0.370299
15.2949, 0, 0.366506, 0.366505, 1.41421, -0.366506, 0, 0.366505, 0.366505, 0.366505, 0.366505, 0.366505, 0.366505, 0.366505, 0.366505, 0.366505, 0.366505, 0.366505, 0.366505, 0.366505, 0.366505, 0.366505, 0.366505, 0.366505, 0.366506, 0.366505, 0.366505, 0.366505, 0.366505
15.3027, 8, 0.362733, 0.362732, 3.16228, 7.63727, 0, 0.362732, 0.362732, 0.362732, 0.362732, 0.362732, 0.362732, 0.362732, 0.362732, 0.362732, 0.362732, 0.362732, 0.362732, 0.362732, 0.362732, 0.362732, 0.362732, 0.362732, 0.362733, 0.362732, 0.362732, 0.362732, 0.362732
15.3106, 4, 0.36213, 0.362129, 2.44949, 3.63787, 0, 0.362129, 0.362129, 0.362129, 0.362129, 0.362129, 0.362129, 0.362129, 0.362129, 0.362129, 0.362129, 0.362129, 0.362129, 0.362129, 0.362129, 0.362129, 0.362129, 0.362129, 0.36213, 0.362129, 0.362129, 0.362129, 0.362129
15.3185, 0, 0.360261, 0.360261, 1.41421, -0.360261, 0, 0.360261, 0.360261, 0.360261, 0.360261, 0.360261, 0.360261, 0.360261, 0.360261, 0.360261, 0.360261, 0.360261, 0.360261, 0.360261, 0.360261, 0.360261, 0.360261, 0.360261, 0.360261, 0.360261, 0.360261, 0.360261, 0.360261
15.3264, 0, 0.357228, 0.357228, 1.41421, -0.357228, 0, 0.357228, 0.357228, 0.357228, 0.357228, 0.357228, 0.357228, 0.357228, 0.357228, 0.357228, 0.357228, 0.357228, 0.357228, 0.357228, 0.357228, 0.357228, 0.357228, 0.357228, 0.357228, 0.357228, 0.357228, 0.357228, 0.357228
15.3343, 2, 0.353627, 0.353626, 2, 1.64637, 0, 0.353626, 0.353626, 0.353626, 0.353626, 0.353626, 0.353626, 0.353626, 0.353626, 0.353626, 0.353626, 0.353626, 0.353626, 0.353626, 0.353626, 0.353626, 0.353626, 0.353626, 0.353627, 0.353626, 0.353626, 0.353626, 0.353626
15.3422, 2, 0.350043, 0.350042, 2, 1.64996, 0, 0.350042, 0.350042, 0.350042, 0.350042, 0.350042, 0.350042, 0.350042, 0.350042, 0.350042, 0.350042, 0.350042, 0.350042, 0.350042, 0.350042, 0.350042, 0.350042, 0.350042, 0.350043, 0.350042, 0.350042, 0.350042, 0.350042
15.35, 4, 0.348331, 0.34833, 2.44949, 3.65167, 0, 0.34833, 0.34833, 0.34833, 0.34833, 0.34833, 0.34833, 0.34833, 0.34833, 0.34833, 0.34833, 0.34833, 0.34833, 0.34833, 0.34833, 0.34833, 0.34833, 0.34833, 0.348331, 0.34833, 0.34833, 0.34833, 0.34833
15.3579, 0, 0.345576, 0.345576, 1.41421, -0.345576, 0, 0.345576, 0.345576, 0.345576, 0.345576, 0.345576, 0.345576, 0.345576, 0.345576, 0.345576, 0.345576, 0.345576, 0.345576, 0.345576, 0.345576, 0.345576, 0.345576, 0.345576, 0.345576, 0.345576, 0.345576, 0.345576, 0.345576
15.3658, 2, 0.341882, 0.341881, 2, 1.65812, 0, 0.341881, 0.341881, 0.341881, 0.341881, 0.341881, 0.341881, 0.341881, 0.341881, 0.341881, 0.341881, 0.341881, 0.341881, 0.341881, 0.341881, 0.341881, 0.341881, 0.341881, 0.341882, 0.341881, 0.341881, 0.341881, 0.341881
15.3737, 2, 0.337736, 0.337735, 2, 1.66226, 0, 0.337735, 0.337735, 0.337735, 0.337735, 0.337735, 0.337735, 0.337735, 0.337735, 0.337735, 0.337735, 0.337735, 0.337735, 0.337735, 0.337735, 0.337735, 0.337735, 0.337735, 0.337736, 0.337735, 0.337735, 0.337735, 0.337735
15.3816, 2, 0.333614, 0.333614, 2, 1.66639, 0, 0.333614, 0.333614, 0.333614, 0.333614, 0.333614, 0.333614, 0.333614, 0.333614, 0.333614, 0.333614, 0.333614, 0.333614, 0.333614, 0.333614, 0.333614, 0.333614, 0.333614, 0.333614, 0.333614, 0.333614, 0.333614, 0.333614
15.3895, 4, 0.331749, 0.331749, 2.44949, 3.66825, 0, 0.331749, 0.331749, 0.331749, 0.331749, 0.331749, 0.331749, 0.331749, 0.331749, 0.331749, 0.331749, 0.331749, 0.331749, 0.331749, 0.331749, 0.331749, 0.331749, 0.331749, 0.331749, 0.331749, 0.331749, 0.331749, 0.331749
15.3973, 0, 0.329008, 0.329007, 1.41421, -0.329008, 0, 0.329007, 0.329007, 0.329007, 0.329007, 0.329007, 0.329007, 0.329007, 0.329007, 0.329007, 0.329007, 0.329007, 0.329007, 0.329007, 0.329007, 0.329007, 0.329007, 0.329007, 0.329008, 0.329007, 0.329007, 0.329007, 0.329007
15.4052, 0, 0.325452, 0.325451, 1.41421, -0.325452, 0, 0.325451, 0.325451, 0.325451, 0.325451, 0.325451, 0.325451, 0.325451, 0.325451, 0.325451, 0.325451, 0.325451, 0.325451, 0.325451, 0.325451, 0.325451, 0.325451, 0.325451, 0.325452, 0.325451, 0.325451, 0.325451, 0.325451
15.4131, 0, 0.321504, 0.321504, 1.41421, -0.321504, 0, 0.321504, 0.321504, 0.321504, 0.321504, 0.321504, 0.321504, 0.321504, 0.321504, 0.321504, 0.321504, 0.321504, 0.321504, 0.321504, 0.321504, 0.321504, 0.321504, 0.321504, 0.321504, 0.321504, 0.321504, 0.321504, 0.321504
15.421, 0, 0.317581, 0.31758, 1.41421, -0.317581, 0, 0.31758, 0.31758, 0.31758, 0.31758, 0.31758, 0.31758, 0.31758, 0.31758, 0.31758, 0.31758, 0.31758, 0.31758, 0.31758, 0.31758, 0.31758, 0.31758, 0.31758, 0.317581, 0.31758, 0.31758, 0.31758, 0.31758
15.4289, 0, 0.314743, 0.314742, 1.41421, -0.314743, 0, 0.314742, 0.314742, 0.314742, 0.314742, 0.314742, 0.314742, 0.314742, 0.314742, 0.314742, 0.314742, 0.314742, 0.314742, 0.314742, 0.314742, 0.314742, 0.314742, 0.314742, 0.314743, 0.314742, 0.314742, 0.314742, 0.314742
15.4368, 0, 0.311218, 0.311218, 1.41421, -0.311218, 0, 0.311218, 0.311218, 0.311218, 0.311218, 0.311218, 0.311218, 0.311218, 0.311218, 0.311218, 0.311218, 0.311218, 0.311218, 0.311218, 0.311218, 0.311218, 0.311218, 0.311218, 0.311218, 0.311218, 0.311218, 0.311218, 0.311218
15.4446, 0, 0.307072, 0.307071, 1.41421, -0.307072, 0, 0.307071, 0.307071, 0.307071, 0.307071, 0.307071, 0.307071, 0.307071, 0.307071, 0.307071, 0.307071, 0.307071, 0.307071, 0.307071, 0.307071, 0.307071, 0.307071, 0.307071, 0.307072, 0.307071, 0.307071, 0.307071, 0.307071
15.4525, 6, 0.302635, 0.302634, 2.82843, 5.69737, 0, 0.302634, 0.302634, 0.302634, 0.302634, 0.302634, 0.302634, 0.302634, 0.302634, 0.302634, 0.302634, 0.302634, 0.302634, 0.302634, 0.302634, 0.302634, 0.302634, 0.302634, 0.302635, 0.302634, 0.302634, 0.302634, 0.302634
15.4604, 0, 0.29823, 0.298229, 1.41421, -0.29823, 0, 0.298229, 0.298229, 0.298229, 0.298229, 0.298229, 0.298229, 0.298229, 0.298229, 0.298229, 0.298229, 0.298229, 0.298229, 0.298229, 0.298229, 0.298229, 0.298229, 0.298229, 0.29823, 0.298229, 0.298229, 0.298229, 0.298229
15.4683, 2, 0.295308, 0.295307, 2, 1.70469, 0, 0.295307, 0.295307, 0.295307, 0.295307, 0.295307, 0.295307, 0.295307, 0.295307, 0.295307, 0.295307, 0.295307, 0.295307, 0.295307, 0.295307, 0.295307, 0.295307, 0.295307, 0.295307, 0.295307, 0.295307, 0.295307, 0.295307
15.4762, 2, 0.291843, 0.291842, 2, 1.70816, 0, 0.291842, 0.291842, 0.291842, 0.291842, 0.291842, 0.291842, 0.291842, 0.291842, 0.291842, 0.291842, 0.291842, 0.291842, 0.291842, 0.291842, 0.291842, 0.291842, 0.291842, 0.291842, 0.291842, 0.291842, 0.291842, 0.291842
15.4841, 0, 0.28787, 0.287869, 1.41421, -0.28787, 0, 0.287869, 0.287869, 0.287869, 0.287869, 0.287869, 0.287869, 0.287869, 0.287869, 0.287869, 0.287869, 0.287869, 0.287869, 0.287869, 0.287869, 0.287869, 0.287869, 0.287869, 0.28787, 0.287869, 0.28787, 0.287869, 0.287869
15.4919, 0, 0.283664, 0.283662, 1.41421, -0.283664, 0, 0.283662, 0.283662, 0.283662, 0.283662, 0.283662, 0.283662, 0.283662, 0.283662, 0.283662, 0.283662, 0.283662, 0.283662, 0.283662, 0.283662, 0.283662, 0.283662, 0.283662, 0.283663, 0.283662, 0.283663, 0.283662, 0.283662
15.4998, 0, 0.279488, 0.279486, 1.41421, -0.279488, 0, 0.279486, 0.279486, 0.279486, 0.279486, 0.279486, 0.279486, 0.279486, 0.279486, 0.279486, 0.279486, 0.279486, 0.279486, 0.279486, 0.279486, 0.279486, 0.279486, 0.279486, 0.279487, 0.279486, 0.279487, 0.279486, 0.279486
15.5077, 0, 0.275796, 0.275794, 1.41421, -0.275796, 0, 0.275794, 0.275794, 0.275794, 0.275794, 0.275794, 0.275794, 0.275794, 0.275794, 0.275794, 0.275794, 0.275794, 0.275794, 0.275794, 0.275794, 0.275794, 0.275794, 0.275794, 0.275795, 0.275794, 0.275796, 0.275794, 0.275794
15.5156, 2, 0.271704, 0.271702, 2, 1.7283, 0, 0.271702, 0.271702, 0.271702, 0.271702, 0.271702, 0.271702, 0.271702, 0.271702, 0.271702, 0.271702, 0.271702, 0.271702, 0.271702, 0.271702, 0.271702, 0.271702, 0.271702, 0.271703, 0.271702, 0.271704, 0.271702, 0.271702
15.5235, 6, 0.267241, 0.267239, 2.82843, 5.73276, 0, 0.267239, 0.267239, 0.267239, 0.267239, 0.267239, 0.267239, 0.267239, 0.267239, 0.267239, 0.267239, 0.267239, 0.267239, 0.267239, 0.267239, 0.267239, 0.267239, 0.267239, 0.267239, 0.267239, 0.267241, 0.267239, 0.267239
15.5313, 4, 0.262616, 0.262613, 2.44949, 3.73738, 0, 0.262613, 0.262613, 0.262613, 0.262613, 0.262613, 0.262613, 0.262613, 0.262613, 0.262613, 0.262613, 0.262613, 0.262613, 0.262613, 0.262613, 0.262613, 0.262613, 0.262613, 0.262613, 0.262613, 0.262615, 0.262613, 0.262613
15.5392, 4, 0.258031, 0.258027, 2.44949, 3.74197, 0, 0.258027, 0.258027, 0.258027, 0.258027, 0.258027, 0.258027, 0.258027, 0.258027, 0.258027, 0.258027, 0.258027, 0.258027, 0.258027, 0.258027, 0.258027, 0.258027, 0.258027, 0.258028, 0.258027, 0.258031, 0.258027, 0.258027
15.5471, 0, 0.254195, 0.25419, 1.41421, -0.254195, 0, 0.25419, 0.25419, 0.25419, 0.25419, 0.25419, 0.25419, 0.25419, 0.25419, 0.25419, 0.25419, 0.25419, 0.25419, 0.25419, 0.25419, 0.25419, 0.25419, 0.25419, 0.25419, 0.25419, 0.254194, 0.25419, 0.25419
15.555, 0, 0.250161, 0.250155, 1.41421, -0.250161, 0, 0.250155, 0.250155, 0.250155, 0.250155, 0.250155, 0.250155, 0.250155, 0.250155, 0.250155, 0.250155, 0.250155, 0.250155, 0.250155, 0.250155, 0.250155, 0.250155, 0.250155, 0.250156, 0.250155, 0.25016, 0.250155, 0.250155
15.5629, 2, 0.245951, 0.245944, 2, 1.75405, 0, 0.245944, 0.245944, 0.245944, 0.245944, 0.245944, 0.245944, 0.245944, 0.245944, 0.245944, 0.245944, 0.245944, 0.245944, 0.245944, 0.245944, 0.245944, 0.245944, 0.245944, 0.245945, 0.245944, 0.245951, 0.245944, 0.245944
15.5708, 2, 0.241662, 0.241653, 2, 1.75834, 0, 0.241653, 0.241653, 0.241653, 0.241653, 0.241653, 0.241653, 0.241653, 0.241653, 0.241653, 0.241653, 0.241653, 0.241653, 0.241653, 0.241653, 0.241653, 0.241653, 0.241653, 0.241654, 0.241653, 0.241661, 0.241653, 0.241653
15.5786, 2, 0.237347, 0.237336, 2, 1.76265, 0, 0.237336, 0.237336, 0.237336, 0.237336, 0.237336, 0.237336, 0.237336, 0.237336, 0.237336, 0.237336, 0.237336, 0.237336, 0.237336, 0.237336, 0.237336, 0.237336, 0.237336, 0.237337, 0.237336, 0.237346, 0.237336, 0.237336
15.5865, 0, 0.23304, 0.233026, 1.41421, -0.23304, 0, 0.233026, 0.233026, 0.233026, 0.233026, 0.233026, 0.233026, 0.233026, 0.233026, 0.233026, 0.233026, 0.233026, 0.233026, 0.233026, 0.233026, 0.233026, 0.233026, 0.233026, 0.233027, 0.233026, 0.233039, 0.233026, 0.233026
15.5944, 0, 0.228598, 0.228582, 1.41421, -0.228598, 0, 0.228582, 0.228582, 0.228582, 0.228582, 0.228582, 0.228582, 0.228582, 0.228582, 0.228582, 0.228582, 0.228582, 0.228582, 0.228582, 0.228582, 0.228582, 0.228582, 0.228582, 0.228583, 0.228582, 0.228598, 0.228582, 0.228582
15.6023, 2, 0.224031, 0.224012, 2, 1.77597, 0, 0.224012, 0.224012, 0.224012, 0.224012, 0.224012, 0.224012, 0.224012, 0.224012, 0.224012, 0.224012, 0.224012, 0.224012, 0.224012, 0.224012, 0.224012, 0.224012, 0.224012, 0.224012, 0.224012, 0.224031, 0.224012, 0.224012
15.6102, 2, 0.219428, 0.219404, 2, 1.78057, 0, 0.219404, 0.219404, 0.219404, 0.219404, 0.219404, 0.219404, 0.219404, 0.219404, 0.219404, 0.219404, 0.219404, 0.219404, 0.219404, 0.219404, 0.219404, 0.219404, 0.219404, 0.219405, 0.219404, 0.219427, 0.219404, 0.219404
15.6181, 2, 0.214848, 0.214819, 2, 1.78515, 0, 0.214819, 0.214819, 0.214819, 0.214819, 0.214819, 0.214819, 0.214819, 0.214819, 0.214819, 0.214819, 0.214819, 0.214819, 0.214819, 0.214819, 0.214819, 0.214819, 0.214819, 0.21482, 0.214819, 0.214847, 0.214819, 0.214819
15.6259, 4, 0.210304, 0.21027, 2.44949, 3.7897, 0, 0.21027, 0.21027, 0.21027, 0.21027, 0.21027, 0.21027, 0.21027, 0.21027, 0.21027, 0.21027, 0.21027, 0.21027, 0.21027, 0.21027, 0.21027, 0.21027, 0.21027, 0.210271, 0.21027, 0.210304, 0.21027, 0.21027
15.6338, 0, 0.205804, 0.205764, 1.41421, -0.205804, 0, 0.205764, 0.205764, 0.205764, 0.205764, 0.205764, 0.205764, 0.205764, 0.205764, 0.205764, 0.205764, 0.205764, 0.205764, 0.205764, 0.205764, 0.205764, 0.205764, 0.205764, 0.205764, 0.205764, 0.205804, 0.205764, 0.205764
15.6417, 0, 0.201351, 0.201303, 1.41421, -0.201351, 0, 0.201303, 0.201303, 0.201303, 0.201303, 0.201303, 0.201303, 0.201303, 0.201303, 0.201303, 0.201303, 0.201303, 0.201303, 0.201303, 0.201303, 0.201303, 0.201303, 0.201303, 0.201304, 0.201303, 0.20135, 0.201303, 0.201303
15.6496, 0, 0.196899, 0.196843, 1.41421, -0.196899, 0, 0.196843, 0.196843, 0.196843, 0.196843, 0.196843, 0.196843, 0.196843, 0.196843, 0.196843, 0.196843, 0.196843, 0.196843, 0.196843, 0.196843, 0.196843, 0.196843, 0.196843, 0.196843, 0.196843, 0.196899, 0.196843, 0.196843
15.6575, 0, 0.192414, 0.192348, 1.41421, -0.192414, 0, 0.192348, 0.192348, 0.192348, 0.192348, 0.192348, 0.192348, 0.192348, 0.192348, 0.192348, 0.192348, 0.192348, 0.192348, 0.192348, 0.192348, 0.192348, 0.192348, 0.192348, 0.192349, 0.192348, 0.192414, 0.192348, 0.192348
15.6654, 0, 0.187903, 0.187825, 1.41421, -0.187903, 0, 0.187825, 0.187825, 0.187825, 0.187825, 0.187825, 0.187825, 0.187825, 0.187825, 0.187825, 0.187825, 0.187825, 0.187825, 0.187825, 0.187825, 0.187825, 0.187825, 0.187825, 0.187826, 0.187825, 0.187902, 0.187825, 0.187825
15.6732, 4, 0.183378, 0.183287, 2.44949, 3.81662, 0, 0.183287, 0.183287, 0.183287, 0.183287, 0.183287, 0.183287, 0.183287, 0.183287, 0.183287, 0.183287, 0.183287, 0.183287, 0.183287, 0.183287, 0.183287, 0.183287, 0.183287, 0.183288, 0.183287, 0.183377, 0.183287, 0.183287
15.6811, 0, 0.178856, 0.178751, 1.41421, -0.178856, 0, 0.178751, 0.178751, 0.178751, 0.178751, 0.178751, 0.178751, 0.178751, 0.178751, 0.178751, 0.178751, 0.178751, 0.178751, 0.178751, 0.178751, 0.178751, 0.178751, 0.178751, 0.178752, 0.178751, 0.178855, 0.178751, 0.178751
15.689, 2, 0.174309, 0.174188, 2, 1.82569, 0, 0.174188, 0.174188, 0.174188, 0.174188, 0.174188, 0.174188, 0.174188, 0.174188, 0.174188, 0.174188, 0.174188, 0.174188, 0.174188, 0.174188, 0.174188, 0.174188, 0.174188, 0.174189, 0.174188, 0.174308, 0.174188, 0.174188
15.6969, 4, 0.169753, 0.169614, 2.44949, 3.83025, 0, 0.169614, 0.169614, 0.169614, 0.169614, 0.169614, 0.169614, 0.169614, 0.169614, 0.169614, 0.169614, 0.169614, 0.169614, 0.169614, 0.169614, 0.169614, 0.169614, 0.169614, 0.169615, 0.169614, 0.169752, 0.169614, 0.169614
15.7048, 2, 0.165209, 0.16505, 2, 1.83479, 0, 0.16505, 0.16505, 0.16505, 0.16505, 0.16505, 0.16505, 0.16505, 0.16505, 0.16505, 0.16505, 0.16505, 0.16505, 0.16505, 0.16505, 0.16505, 0.16505, 0.16505, 0.165051, 0.16505, 0.165209, 0.16505, 0.16505
15.7127, 2, 0.160696, 0.160516, 2, 1.8393, 0, 0.160516, 0.160516, 0.160516, 0.160516, 0.160516, 0.160516, 0.160516, 0.160516, 0.160516, 0.160516, 0.160516, 0.160516, 0.160516, 0.160516, 0.160516, 0.160516, 0.160516, 0.160516, 0.160516, 0.160696, 0.160516, 0.160516
15.7205, 0, 0.156171, 0.155966, 1.41421, -0.156171, 0, 0.155966, 0.155966, 0.155966, 0.155966, 0.155966, 0.155966, 0.155966, 0.155966, 0.155966, 0.155966, 0.155966, 0.155966, 0.155966, 0.155966, 0.155966, 0.155966, 0.155966, 0.155966, 0.155966, 0.15617, 0.155966, 0.155966
15.7284, 0, 0.151644, 0.151413, 1.41421, -0.151644, 0, 0.151413, 0.151413, 0.151413, 0.151413, 0.151413, 0.151413, 0.151413, 0.151413, 0.151413, 0.151413, 0.151413, 0.151413, 0.151413, 0.151413, 0.151413, 0.151413, 0.151413, 0.151413, 0.151413, 0.151643, 0.151413, 0.151413
15.7363, 0, 0.147138, 0.146878, 1.41421, -0.147138, 0, 0.146878, 0.146878, 0.146878, 0.146878, 0.146878, 0.146878, 0.146878, 0.146878, 0.146878, 0.146878, 0.146878, 0.146878, 0.146878, 0.146878, 0.146878, 0.146878, 0.146878, 0.146878, 0.146878, 0.147138, 0.146878, 0.146878
15.7442, 2, 0.142672, 0.142381, 2, 1.85733, 0, 0.142381, 0.142381, 0.142381, 0.142381, 0.142381, 0.142381, 0.142381, 0.142381, 0.142381, 0.142381, 0.142381, 0.142381, 0.142381, 0.142381, 0.142381, 0.142381, 0.142381, 0.142381, 0.142381, 0.142672, 0.142381, 0.142381
15.7521, 0, 0.138263, 0.137938, 1.41421, -0.138263, 0, 0.137938, 0.137938, 0.137938, 0.137938, 0.137938, 0.137938, 0.137938, 0.137938, 0.137938, 0.137938, 0.137938, 0.137938, 0.137938, 0.137938, 0.137938, 0.137938, 0.137938, 0.137939, 0.137938, 0.138263, 0.137938, 0.137938
15.7599, 4, 0.133927, 0.133566, 2.44949, 3.86607, 0, 0.133566, 0.133566, 0.133566, 0.133566, 0.133566, 0.133566, 0.133566, 0.133566, 0.133566, 0.133566, 0.133566, 0.133566, 0.133566, 0.133566, 0.133566, 0.133566, 0.133566, 0.133566, 0.133566, 0.133927, 0.133566, 0.133566
15.7678, 4, 0.129699, 0.129299, 2.44949, 3.8703, 0, 0.129299, 0.129299, 0.129299, 0.129299, 0.129299, 0.129299, 0.129299, 0.129299, 0.129299, 0.129299, 0.129299, 0.129299, 0.129299, 0.129299, 0.129299, 0.129299, 0.129299, 0.1293, 0.129299, 0.129698, 0.129299, 0.129299
15.7757, 2, 0.125465, 0.125024, 2, 1.87453, 0, 0.125024, 0.125024, 0.125024, 0.125024, 0.125024, 0.125024, 0.125024, 0.125024, 0.125024, 0.125024, 0.125024, 0.125024, 0.125024, 0.125024, 0.125024, 0.125024, 0.125024, 0.125025, 0.125024, 0.125465, 0.125024, 0.125024
15.7836, 2, 0.121243, 0.120758, 2, 1.87876, 0, 0.120758, 0.120758, 0.120758, 0.120758, 0.120758, 0.120758, 0.120758, 0.120758, 0.120758, 0.120758, 0.120758, 0.120758, 0.120758, 0.120758, 0.120758, 0.120758, 0.120758, 0.120759, 0.120758, 0.121242, 0.120758, 0.120758
15.7915, 0, 0.117065, 0.116536, 1.41421, -0.117065, 0, 0.116536, 0.116536, 0.116536, 0.116536, 0.116536, 0.116536, 0.116536, 0.116536, 0.116536, 0.116536, 0.116536, 0.116536, 0.116536, 0.116536, 0.116536, 0.116536, 0.116536, 0.116536, 0.116536, 0.117065, 0.116536, 0.116536
15.7994, 0, 0.112966, 0.112388, 1.41421, -0.112966, 0, 0.112388, 0.112388, 0.112388, 0.112388, 0.112388, 0.112388, 0.112388, 0.112388, 0.112388, 0.112388, 0.112388, 0.112388, 0.112388, 0.112388, 0.112388, 0.112388, 0.112388, 0.112389, 0.112388, 0.112965, 0.112388, 0.112388
15.8072, 4, 0.108949, 0.108321, 2.44949, 3.89105, 0, 0.108321, 0.108321, 0.108321, 0.108321, 0.108321, 0.108321, 0.108321, 0.108321, 0.108321, 0.108321, 0.108321, 0.108321, 0.108321, 0.108321, 0.108321, 0.108321, 0.108321, 0.108322, 0.108321, 0.108948, 0.108321, 0.108321
15.8151, 2, 0.104898, 0.104219, 2, 1.8951, 0, 0.104219, 0.104219, 0.104219, 0.104219, 0.104219, 0.104219, 0.104219, 0.104219, 0.104219, 0.104219, 0.104219, 0.104219, 0.104219, 0.104219, 0.104219, 0.104219, 0.104219, 0.10422, 0.104219, 0.104897, 0.104219, 0.104219
15.823, 0, 0.100839, 0.100107, 1.41421, -0.100839, 0, 0.100107, 0.100107, 0.100107, 0.100107, 0.100107, 0.100107, 0.100107, 0.100107, 0.100107, 0.100107, 0.100107, 0.100107, 0.100107, 0.100107, 0.100107, 0.100107, 0.100107, 0.100107, 0.100107, 0.100838, 0.100107, 0.100107
15.8309, 0, 0.0968205, 0.0960334, 1.41421, -0.0968205, 0, 0.0960334, 0.0960334, 0.0960334, 0.0960334, 0.0960334, 0.0960334, 0.0960334, 0.0960334, 0.0960334, 0.0960334, 0.0960334, 0.0960334, 0.0960334, 0.0960334, 0.0960334, 0.0960334, 0.0960334, 0.096034, 0.0960334, 0.0968199, 0.0960334, 0.0960334
15.8388, 2, 0.0928879, 0.0920447, 2, 1.90711, 0, 0.0920447, 0.0920447, 0.0920447, 0.0920447, 0.0920447, 0.0920447, 0.0920447, 0.0920447, 0.0920447, 0.0920447, 0.0920447, 0.0920447, 0.0920447, 0.0920447, 0.0920447, 0.0920447, 0.0920447, 0.0920453, 0.0920447, 0.0928873, 0.0920447, 0.0920447
15.8467, 0, 0.0893483, 0.088448, 1.41421, -0.0893483, 0, 0.088448, 0.088448, 0.088448, 0.088448, 0.088448, 0.088448, 0.088448, 0.088448, 0.088448, 0.088448, 0.088448, 0.088448, 0.088448, 0.088448, 0.088448, 0.088448, 0.088448, 0.0884486, 0.088448, 0.0893477, 0.088448, 0.088448
15.8545, 2, 0.0857303, 0.0847719, 2, 1.91427, 0, 0.0847719, 0.0847719, 0.0847719, 0.0847719, 0.0847719, 0.0847719, 0.0847719, 0.0847719, 0.0847719, 0.0847719, 0.0847719, 0.0847719, 0.0847719, 0.0847719, 0.0847719, 0.0847719, 0.0847719, 0.0847725, 0.0847719, 0.0857296, 0.0847719, 0.0847719
15.8624, 2, 0.0820649, 0.081048, 2, 1.91794, 0, 0.081048, 0.081048, 0.081048, 0.081048, 0.081048, 0.081048, 0.081048, 0.081048, 0.081048, 0.081048, 0.081048, 0.081048, 0.081048, 0.081048, 0.081048, 0.081048, 0.081048, 0.0810486, 0.081048, 0.0820642, 0.081048, 0.081048
15.8703, 0, 0.078422, 0.0773462, 1.41421, -0.078422, 0, 0.0773462, 0.0773462, 0.0773462, 0.0773462, 0.0773462, 0.0773462, 0.0773462, 0.0773462, 0.0773462, 0.0773462, 0.0773462, 0.0773462, 0.0773462, 0.0773462, 0.0773462, 0.0773462, 0.0773462, 0.0773468, 0.0773462, 0.0784213, 0.0773462, 0.0773462
15.8782, 2, 0.0748657, 0.0737309, 2, 1.92513, 0, 0.0737309, 0.0737309, 0.0737309, 0.0737309, 0.0737309, 0.0737309, 0.0737309, 0.0737309, 0.0737309, 0.0737309, 0.0737309, 0.0737309, 0.0737309, 0.0737309, 0.0737309, 0.0737309, 0.0737309, 0.0737315, 0.0737309, 0.074865, 0.0737309, 0.0737309
15.8861, 0, 0.0716127, 0.0704191, 1.41421, -0.0716127, 0, 0.0704191, 0.0704191, 0.0704191, 0.0704191, 0.0704191, 0.0704191, 0.0704191, 0.0704191, 0.0704191, 0.0704191, 0.0704191, 0.0704191, 0.0704191, 0.0704191, 0.0704191, 0.0704191, 0.0704191, 0.0704198, 0.0704191, 0.0716121, 0.0704191, 0.0704191
15.894, 4, 0.0682769, 0.0670249, 2.44949, 3.93172, 0, 0.0670249, 0.0670249, 0.0670249, 0.0670249, 0.0670249, 0.0670249, 0.0670249, 0.0670249, 0.0670249, 0.0670249, 0.0670249, 0.0670249, 0.0670249, 0.0670249, 0.0670249, 0.0670249, 0.0670249, 0.0670255, 0.0670249, 0.0682762, 0.0670249, 0.0670249
15.9018, 0, 0.0648936, 0.0635838, 1.41421, -0.0648936, 0, 0.0635838, 0.0635838, 0.0635838, 0.0635838, 0.0635838, 0.0635838, 0.0635838, 0.0635838, 0.0635838, 0.0635838, 0.0635838, 0.0635838, 0.0635838, 0.0635838, 0.0635838, 0.0635838, 0.0635838, 0.0635844, 0.0635838, 0.0648929, 0.0635838, 0.0635838
15.9097, 0, 0.0615366, 0.0601698, 1.41421, -0.0615366, 0, 0.0601698, 0.0601698, 0.0601698, 0.0601698, 0.0601698, 0.0601698, 0.0601698, 0.0601698, 0.0601698, 0.0601698, 0.0601698, 0.0601698, 0.0601698, 0.0601698, 0.0601698, 0.0601698, 0.0601698, 0.0601704, 0.0601698, 0.0615359, 0.0601698, 0.0601698
15.9176, 0, 0.0582727, 0.05685, 1.41421, -0.0582727, 0, 0.05685, 0.05685, 0.05685, 0.05685, 0.05685, 0.05685, 0.05685, 0.05685, 0.05685, 0.05685, 0.05685, 0.05685, 0.05685, 0.05685, 0.05685, 0.05685, 0.05685, 0.0568506, 0.05685, 0.0582721, 0.05685, 0.05685
15.9255, 0, 0.0554724, 0.0539949, 1.41421, -0.0554724, 0, 0.0539949, 0.0539949, 0.0539949, 0.0539949, 0.0539949, 0.0539949, 0.0539949, 0.0539949, 0.0539949, 0.0539949, 0.0539949, 0.0539949, 0.0539949, 0.0539949, 0.0539949, 0.0539949, 0.0539949, 0.0539955, 0.0539949, 0.0554717, 0.0539949, 0.0539949
15.9334, 2, 0.0525751, 0.0510441, 2, 1.94742, 0, 0.0510441, 0.0510441, 0.0510441, 0.0510441, 0.0510441, 0.0510441, 0.0510441, 0.0510441, 0.0510441, 0.0510441, 0.0510441, 0.0510441, 0.0510441, 0.0510441, 0.0510441, 0.0510441, 0.0510441, 0.0510447, 0.0510441, 0.0525744, 0.0510441, 0.0510441
15.9413, 0, 0.0496185, 0.0480355, 1.41421, -0.0496185, 0, 0.0480355, 0.0480355, 0.0480355, 0.0480355, 0.0480355, 0.0480355, 0.0480355, 0.0480355, 0.0480355, 0.0480355, 0.0480355, 0.0480355, 0.0480355, 0.0480355, 0.0480355, 0.0480355, 0.0480355, 0.0480361, 0.0480355, 0.0496178, 0.0480355, 0.0480355
15.9491, 0, 0.0466836, 0.0450502, 1.41421, -0.0466836, 0, 0.0450502, 0.0450502, 0.0450502, 0.0450502, 0.0450502, 0.0450502, 0.0450502, 0.0450502, 0.0450502, 0.0450502, 0.0450502, 0.0450502, 0.0450502, 0.0450502, 0.0450502, 0.0450502, 0.0450502, 0.0450508, 0.0450502, 0.046683, 0.0450502, 0.0450502
15.957, 0, 0.0438429, 0.0421606, 1.41421, -0.0438429, 0, 0.0421606, 0.0421606, 0.0421606, 0.0421606, 0.0421606, 0.0421606, 0.0421606, 0.0421606, 0.0421606, 0.0421606, 0.0421606, 0.0421606, 0.0421606, 0.0421606, 0.0421606, 0.0421606, 0.0421606, 0.0421612, 0.0421606, 0.0438422, 0.0421606, 0.0421606
15.9649, 0, 0.0413898, 0.0396604, 1.41421, -0.0413898, 0, 0.0396604, 0.0396604, 0.0396604, 0.0396604, 0.0396604, 0.0396604, 0.0396604, 0.0396604, 0.0396604, 0.0396604, 0.0396604, 0.0396604, 0.0396604, 0.0396604, 0.0396604, 0.0396604, 0.0396604, 0.039661, 0.0396604, 0.0413891, 0.0396604, 0.0396604
15.9728, 0, 0.0388535, 0.0370787, 1.41421, -0.0388535, 0, 0.0370787, 0.0370787, 0.0370787, 0.0370787, 0.0370787, 0.0370787, 0.0370787, 0.0370787, 0.0370787, 0.0370787, 0.0370787, 0.0370787, 0.0370787, 0.0370787, 0.0370787, 0.0370787, 0.0370787, 0.0370793, 0.0370787, 0.0388529, 0.0370787, 0.0370787
15.9807, 0, 0.0362727, 0.0344541, 1.41421, -0.0362727, 0, 0.0344541, 0.0344541, 0.0344541, 0.0344541, 0.0344541, 0.0344541, 0.0344541, 0.0344541, 0.0344541, 0.0344541, 0.0344541, 0.0344541, 0.0344541, 0.0344541, 0.0344541, 0.0344541, 0.0344541, 0.0344548, 0.0344541, 0.0362721, 0.0344541, 0.0344541
15.9886, 0, 0.0337241, 0.0318635, 1.41421, -0.0337241, 0, 0.0318635, 0.0318635, 0.0318635, 0.0318635, 0.0318635, 0.0318635, 0.0318635, 0.0318635, 0.0318635, 0.0318635, 0.0318635, 0.0318635, 0.0318635, 0.0318635, 0.0318635, 0.0318635, 0.0318635, 0.0318641, 0.0318635, 0.0337235, 0.0318635, 0.0318635
15.9964, 2, 0.0312751, 0.0293741, 2, 1.96872, 0, 0.0293741, 0.0293741, 0.0293741, 0.0293741, 0.0293741, 0.0293741, 0.0293741, 0.0293741, 0.0293741, 0.0293741, 0.0293741, 0.0293741, 0.0293741, 0.0293741, 0.0293741, 0.0293741, 0.0293741, 0.0293747, 0.0293741, 0.0312745, 0.0293741, 0.0293741
16.0043, 0, 0.0292589, 0.027319, 1.41421, -0.0292589, 0, 0.027319, 0.027319, 0.027319, 0.027319, 0.027319, 0.027319, 0.027319, 0.027319, 0.027319, 0.027319, 0.027319, 0.027319, 0.027319, 0.027319, 0.027319, 0.027319, 0.027319, 0.0273197, 0.027319, 0.0292582, 0.027319, 0.027319
16.0122, 2, 0.0271694, 0.0251923, 2, 1.97283, 0, 0.0251923, 0.0251923, 0.0251923, 0.0251923, 0.0251923, 0.0251923, 0.0251923, 0.0251923, 0.0251923, 0.0251923, 0.0251923, 0.0251923, 0.0251923, 0.0251923, 0.0251923, 0.0251923, 0.0251923, 0.0251929, 0.0251923, 0.0271688, 0.0251923, 0.0251923
16.0201, 0, 0.0250445, 0.0230315, 1.41421, -0.0250445, 0, 0.0230315, 0.0230315, 0.0230315, 0.0230315, 0.0230315, 0.0230315, 0.0230315, 0.0230315, 0.0230315, 0.0230315, 0.0230315, 0.0230315, 0.0230315, 0.0230315, 0.0230315, 0.0230315, 0.0230315, 0.0230321, 0.0230315, 0.0250438, 0.0230315, 0.0230315
16.028, 4, 0.0229578, 0.0209103, 2.44949, 3.97704, 0, 0.0209103, 0.0209103, 0.0209103, 0.0209103, 0.0209103, 0.0209103, 0.0209103, 0.0209103, 0.0209103, 0.0209103, 0.0209103, 0.0209103, 0.0209103, 0.0209103, 0.0209103, 0.0209103, 0.0209103, 0.020911, 0.0209103, 0.0229572, 0.0209103, 0.0209103
16.0358, 0, 0.0209724, 0.0188916, 1.41421, -0.0209724, 0, 0.0188916, 0.0188916, 0.0188916, 0.0188916, 0.0188916, 0.0188916, 0.0188916, 0.0188916, 0.0188916, 0.0188916, 0.0188916, 0.0188916, 0.0188916, 0.0188916, 0.0188916, 0.0188916, 0.0188916, 0.0188923, 0.0188916, 0.0209717, 0.0188916, 0.0188916
16.0437, 0, 0.019351, 0.0172381, 1.41421, -0.019351, 0, 0.0172381, 0.0172381, 0.0172381, 0.0172381, 0.0172381, 0.0172381, 0.0172381, 0.0172381, 0.0172381, 0.0172381, 0.0172381, 0.0172381, 0.0172381, 0.0172381, 0.0172381, 0.0172381, 0.0172381, 0.0172388, 0.0172381, 0.0193504, 0.0172381, 0.0172381
16.0516, 2, 0.0176835, 0.0155395, 2, 1.98232, 0, 0.0155395, 0.0155395, 0.0155395, 0.0155395, 0.0155395, 0.0155395, 0.0155395, 0.0155395, 0.0155395, 0.0155395, 0.0155395, 0.0155395, 0.0155395, 0.0155395, 0.0155395, 0.0155395, 0.0155395, 0.0155402, 0.0155395, 0.0176829, 0.0155395, 0.0155395
16.0595, 0, 0.0160052, 0.013831, 1.41421, -0.0160052, 0, 0.013831, 0.013831, 0.013831, 0.013831, 0.013831, 0.013831, 0.013831, 0.013831, 0.013831, 0.013831, 0.013831, 0.013831, 0.013831, 0.013831, 0.013831, 0.013831, 0.013831, 0.0138317, 0.013831, 0.0160045, 0.013831, 0.013831
16.0674, 2, 0.0143796, 0.0121761, 2, 1.98562, 0, 0.0121761, 0.0121761, 0.0121761, 0.0121761, 0.0121761, 0.0121761, 0.0121761, 0.0121761, 0.0121761, 0.0121761, 0.0121761, 0.0121761, 0.0121761, 0.0121761, 0.0121761, 0.0121761, 0.0121761, 0.0121767, 0.0121761, 0.014379, 0.0121761, 0.0121761
16.0753, 0, 0.0128587, 0.0106265, 1.41421, -0.0128587, 0, 0.0106265, 0.0106265, 0.0106265, 0.0106265, 0.0106265, 0.0106265, 0.0106265, 0.0106265, 0.0106265, 0.0106265, 0.0106265, 0.0106265, 0.0106265, 0.0106265, 0.0106265, 0.0106265, 0.0106265, 0.0106272, 0.0106265, 0.0128581, 0.0106265, 0.0106265
16.0831, 0, 0.0116596, 0.00939934, 1.41421, -0.0116596, 0, 0.00939934, 0.00939934, 0.00939934, 0.00939934, 0.00939934, 0.00939934, 0.00939934, 0.00939934, 0.00939934, 0.00939934, 0.00939934, 0.00939934, 0.00939934, 0.00939934, 0.00939934, 0.00939934, 0.00939934, 0.00939999, 0.00939934, 0.011659, 0.00939934, 0.00939934
16.091, 2, 0.0104459, 0.00815807, 2, 1.98955, 0, 0.00815807, 0.00815807, 0.00815807, 0.00815807, 0.00815807, 0.00815807, 0.00815807, 0.00815807, 0.00815807, 0.00815807, 0.00815807, 0.00815807, 0.00815807, 0.00815807, 0.00815807, 0.00815807, 0.00815807, 0.00815872, 0.00815807, 0.0104453, 0.00815807, 0.00815807
16.0989, 0, 0.0092482, 0.00693312, 1.41421, -0.0092482, 0, 0.00693312, 0.00693312, 0.00693312, 0.00693312, 0.00693312, 0.00693312, 0.00693312, 0.00693312, 0.00693312, 0.00693312, 0.00693312, 0.00693312, 0.00693312, 0.00693312, 0.00693312, 0.00693312, 0.00693312, 0.00693377, 0.00693312, 0.00924755, 0.00693312, 0.00693312
16.1068, 4, 0.00811716, 0.00577515, 2.44949, 3.99188, 0, 0.00577515, 0.00577515, 0.00577515, 0.00577515, 0.00577515, 0.00577515, 0.00577515, 0.00577515, 0.00577515, 0.00577515, 0.00577515, 0.00577515, 0.00577515, 0.00577515, 0.00577515, 0.00577515, 0.00577515, 0.0057758, 0.00577515, 0.00811651, 0.00577515, 0.00577515
16.1147, 0, 0.00709164, 0.00472291, 1.41421, -0.00709164, 0, 0.00472291, 0.00472291, 0.00472291, 0.00472291, 0.00472291, 0.00472291, 0.00472291, 0.00472291, 0.00472291, 0.00472291, 0.00472291, 0.00472291, 0.00472291, 0.00472291, 0.00472291, 0.00472291, 0.00472291, 0.00472356, 0.00472291, 0.00709099, 0.00472291, 0.00472291
16.1226, 0, 0.00630739, 0.00391207, 1.41421, -0.00630739, 0, 0.00391207, 0.00391207, 0.00391207, 0.00391207, 0.00391207, 0.00391207, 0.00391207, 0.00391207, 0.00391207, 0.00391207, 0.00391207, 0.00391207, 0.00391207, 0.00391207, 0.00391207, 0.00391207, 0.00391207, 0.00391272, 0.00391207, 0.00630674, 0.00391207, 0.00391207
16.1304, 0, 0.00554727, 0.0031254, 1.41421, -0.00554727, 0, 0.0031254, 0.0031254, 0.0031254, 0.0031254, 0.0031254, 0.0031254, 0.0031254, 0.0031254, 0.0031254, 0.0031254, 0.0031254, 0.0031254, 0.0031254, 0.0031254, 0.0031254, 0.0031254, 0.0031254, 0.00312605, 0.0031254, 0.00554662, 0.0031254, 0.0031254
16.1383, 0, 0.00483565, 0.00238721, 1.41421, -0.00483565, 0, 0.00238721, 0.00238721, 0.00238721, 0.00238721, 0.00238721, 0.00238721, 0.00238721, 0.00238721, 0.00238721, 0.00238721, 0.00238721, 0.00238721, 0.00238721, 0.00238721, 0.00238721, 0.00238721, 0.00238721, 0.00238786, 0.00238721, 0.004835, 0.00238721, 0.00238721
16.1462, 4, 0.00420654, 0.00173142, 2.44949, 3.99579, 0, 0.00173142, 0.00173142, 0.00173142, 0.00173142, 0.00173142, 0.00173142, 0.00173142, 0.00173142, 0.00173142, 0.00173142, 0.00173142, 0.00173142, 0.00173142, 0.00173142, 0.00173142, 0.00173142, 0.00173142, 0.00173208, 0.00173142, 0.00420589, 0.00173142, 0.00173142
16.1541, 0, 0.00368267, 0.00118073, 1.41421, -0.00368267, 0, 0.00118073, 0.00118073, 0.00118073, 0.00118073, 0.00118073, 0.00118073, 0.00118073, 0.00118073, 0.00118073, 0.00118073, 0.00118073, 0.00118073, 0.00118073, 0.00118073, 0.00118073, 0.00118073, 0.00118073, 0.00118138, 0.00118073, 0.00368202, 0.00118073, 0.00118073
16.162, 0, 0.0033256, 0.000796624, 1.41421, -0.0033256, 0, 0.000796624, 0.000796624, 0.000796624, 0.000796624, 0.000796624, 0.000796624, 0.000796624, 0.000796624, 0.000796624, 0.000796624, 0.000796624, 0.000796624, 0.000796624, 0.000796624, 0.000796624, 0.000796624, 0.000796624, 0.000797277, 0.000796624, 0.00332495, 0.000796624, 0.000796624
16.1699, 0, 0.0030228, 0.000466524, 1.41421, -0.0030228, 0, 0.000466524, 0.000466524, 0.000466524, 0.000466524, 0.000466524, 0.000466524, 0.000466524, 0.000466524, 0.000466524, 0.000466524, 0.000466524, 0.000466524, 0.000466524, 0.000466524, 0.000466524, 0.000466524, 0.000466524, 0.000467178, 0.000466524, 0.00302215, 0.000466524, 0.000466524
16.1777, 0, 0.00279539, 0.0002115, 1.41421, -0.00279539, 0, 0.0002115, 0.0002115, 0.0002115, 0.0002115, 0.0002115, 0.0002115, 0.0002115, 0.0002115, 0.0002115, 0.0002115, 0.0002115, 0.0002115, 0.0002115, 0.0002115, 0.0002115, 0.0002115, 0.0002115, 0.000212154, 0.0002115, 0.00279474, 0.0002115, 0.0002115
16.1856, 0, 0.00266473, 5.2875e-05, 1.41421, -0.00266473, 0, 5.2875e-05, 5.2875e-05, 5.2875e-05, 5.2875e-05, 5.2875e-05, 5.2875e-05, 5.2875e-05, 5.2875e-05, 5.2875e-05, 5.2875e-05, 5.2875e-05, 5.2875e-05, 5.2875e-05, 5.2875e-05, 5.2875e-05, 5.2875e-05, 5.2875e-05, 5.35295e-05, 5.2875e-05, 0.00266408, 5.2875e-05, 5.2875e-05
16.1935, 0, 0.00264021, 0, 1.41421, -0.00264021, 0, 0, 0, 0, 0, 0, 0, 0, 0, 0, 0, 0, 0, 0, 0, 0, 0, 0, 6.54962e-07, 0, 0.00263956, 0, 0
16.2014, 0, 0.002669, 0, 1.41421, -0.002669, 0, 0, 0, 0, 0, 0, 0, 0, 0, 0, 0, 0, 0, 0, 0, 0, 0, 0, 6.55467e-07, 0, 0.00266834, 0, 0
16.2093, 0, 0.00269825, 0, 1.41421, -0.00269825, 0, 0, 0, 0, 0, 0, 0, 0, 0, 0, 0, 0, 0, 0, 0, 0, 0, 0, 6.55974e-07, 0, 0.0026976, 0, 0
16.2172, 0, 0.00272799, 0, 1.41421, -0.00272799, 0, 0, 0, 0, 0, 0, 0, 0, 0, 0, 0, 0, 0, 0, 0, 0, 0, 0, 6.56483e-07, 0, 0.00272734, 0, 0
16.225, 0, 0.00275842, 1.74024e-07, 1.41421, -0.00275842, 0, 1.74024e-07, 1.74024e-07, 1.74024e-07, 1.74024e-07, 1.74024e-07, 1.74024e-07, 1.74024e-07, 1.74024e-07, 1.74024e-07, 1.74024e-07, 1.74024e-07, 1.74024e-07, 1.74024e-07, 1.74024e-07, 1.74024e-07, 1.74024e-07, 1.74024e-07, 8.31017e-07, 1.74024e-07, 0.00275777, 1.74024e-07, 1.74024e-07
16.2329, 0, 0.00278974, 6.96097e-07, 1.41421, -0.00278974, 0, 6.96097e-07, 6.96097e-07, 6.96097e-07, 6.96097e-07, 6.96097e-07, 6.96097e-07, 6.96097e-07, 6.96097e-07, 6.96097e-07, 6.96097e-07, 6.96097e-07, 6.96097e-07, 6.96097e-07, 6.96097e-07, 6.96097e-07, 6.96097e-07, 6.96097e-07, 1.3536e-06, 6.96097e-07, 0.00278908, 6.96097e-07, 6.96097e-07
16.2408, 0, 0.00282196, 1.56622e-06, 1.41421, -0.00282196, 0, 1.56622e-06, 1.56622e-06, 1.56622e-06, 1.56622e-06, 1.56622e-06, 1.56622e-06, 1.56622e-06, 1.56622e-06, 1.56622e-06, 1.56622e-06, 1.56622e-06, 1.56622e-06, 1.56622e-06, 1.56622e-06, 1.56622e-06, 1.56622e-06, 1.56622e-06, 2.22424e-06, 1.56622e-06, 0.0028213, 1.56622e-06, 1.56622e-06
16.2487, 0, 0.00285511, 2.78439e-06, 1.41421, -0.00285511, 0, 2.78439e-06, 2.78439e-06, 2.78439e-06, 2.78439e-06, 2.78439e-06, 2.78439e-06, 2.78439e-06, 2.78439e-06, 2.78439e-06, 2.78439e-06, 2.78439e-06, 2.78439e-06, 2.78439e-06, 2.78439e-06, 2.78439e-06, 2.78439e-06, 2.78439e-06, 3.44292e-06, 2.78439e-06, 0.00285445, 2.78439e-06, 2.78439e-06
16.2566, 0, 0.00288956, 4.73383e-06, 1.41421, -0.00288956, 0, 4.73383e-06, 4.73383e-06, 4.73383e-06, 4.73383e-06, 4.73383e-06, 4.73383e-06, 4.73383e-06, 4.73383e-06, 4.73383e-06, 4.73383e-06, 4.73383e-06, 4.73383e-06, 4.73383e-06, 4.73383e-06, 4.73383e-06, 4.73383e-06, 4.73383e-06, 5.39288e-06, 4.73383e-06, 0.0028889, 4.73383e-06, 4.73383e-06
16.2645, 2, 0.00292459, 6.6402e-06, 2, 1.99708, 0, 6.6402e-06, 6.6402e-06, 6.6402e-06, 6.6402e-06, 6.6402e-06, 6.6402e-06, 6.6402e-06, 6.6402e-06, 6.6402e-06, 6.6402e-06, 6.6402e-06, 6.6402e-06, 6.6402e-06, 6.6402e-06, 6.6402e-06, 6.6402e-06, 6.6402e-06, 7.29977e-06, 6.6402e-06, 0.00292393, 6.6402e-06, 6.6402e-06
16.2723, 0, 0.00295989, 8.22111e-06, 1.41421, -0.00295989, 0, 8.22111e-06, 8.22111e-06, 8.22111e-06, 8.22111e-06, 8.22111e-06, 8.22111e-06, 8.22111e-06, 8.22111e-06, 8.22111e-06, 8.22111e-06, 8.22111e-06, 8.22111e-06, 8.22111e-06, 8.22111e-06, 8.22111e-06, 8.22111e-06, 8.22111e-06, 8.8812e-06, 8.22111e-06, 0.00295923, 8.22111e-06, 8.22111e-06
16.2802, 2, 0.00299563, 9.62409e-06, 2, 1.997, 0, 9.62409e-06, 9.62409e-06, 9.62409e-06, 9.62409e-06, 9.62409e-06, 9.62409e-06, 9.62409e-06, 9.62409e-06, 9.62409e-06, 9.62409e-06, 9.62409e-06, 9.62409e-06, 9.62409e-06, 9.62409e-06, 9.62409e-06, 9.62409e-06, 9.62409e-06, 1.02847e-05, 9.62409e-06, 0.00299497, 9.62409e-06, 9.62409e-06
16.2881, 2, 0.0030321, 1.11375e-05, 2, 1.99697, 0, 1.11375e-05, 1.11375e-05, 1.11375e-05, 1.11375e-05, 1.11375e-05, 1.11375e-05, 1.11375e-05, 1.11375e-05, 1.11375e-05, 1.11375e-05, 1.11375e-05, 1.11375e-05, 1.11375e-05, 1.11375e-05, 1.11375e-05, 1.11375e-05, 1.11375e-05, 1.17987e-05, 1.11375e-05, 0.00303144, 1.11375e-05, 1.11375e-05
16.296, 0, 0.00307132, 1.47769e-05, 1.41421, -0.00307132, 0, 1.47769e-05, 1.47769e-05, 1.47769e-05, 1.47769e-05, 1.47769e-05, 1.47769e-05, 1.47769e-05, 1.47769e-05, 1.47769e-05, 1.47769e-05, 1.47769e-05, 1.47769e-05, 1.47769e-05, 1.47769e-05, 1.47769e-05, 1.47769e-05, 1.47769e-05, 1.54386e-05, 1.47769e-05, 0.00307066, 1.47769e-05, 1.47769e-05
16.3039, 2, 0.00311052, 1.77663e-05, 2, 1.99689, 0, 1.77663e-05, 1.77663e-05, 1.77663e-05, 1.77663e-05, 1.77663e-05, 1.77663e-05, 1.77663e-05, 1.77663e-05, 1.77663e-05, 1.77663e-05, 1.77663e-05, 1.77663e-05, 1.77663e-05, 1.77663e-05, 1.77663e-05, 1.77663e-05, 1.77663e-05, 1.84285e-05, 1.77663e-05, 0.00310986, 1.77663e-05, 1.77663e-05
16.3117, 0, 0.00314929, 1.9707e-05, 1.41421, -0.00314929, 0, 1.9707e-05, 1.9707e-05, 1.9707e-05, 1.9707e-05, 1.9707e-05, 1.9707e-05, 1.9707e-05, 1.9707e-05, 1.9707e-05, 1.9707e-05, 1.9707e-05, 1.9707e-05, 1.9707e-05, 1.9707e-05, 1.9707e-05, 1.9707e-05, 1.9707e-05, 2.03697e-05, 1.9707e-05, 0.00314863, 1.9707e-05, 1.9707e-05
16.3196, 2, 0.00318812, 2.10695e-05, 2, 1.99681, 0, 2.10695e-05, 2.10695e-05, 2.10695e-05, 2.10695e-05, 2.10695e-05, 2.10695e-05, 2.10695e-05, 2.10695e-05, 2.10695e-05, 2.10695e-05, 2.10695e-05, 2.10695e-05, 2.10695e-05, 2.10695e-05, 2.10695e-05, 2.10695e-05, 2.10695e-05, 2.17328e-05, 2.10695e-05, 0.00318746, 2.10695e-05, 2.10695e-05
16.3275, 0, 0.00322762, 2.24776e-05, 1.41421, -0.00322762, 0, 2.24776e-05, 2.24776e-05, 2.24776e-05, 2.24776e-05, 2.24776e-05, 2.24776e-05, 2.24776e-05, 2.24776e-05, 2.24776e-05, 2.24776e-05, 2.24776e-05, 2.24776e-05, 2.24776e-05, 2.24776e-05, 2.24776e-05, 2.24776e-05, 2.24776e-05, 2.31414e-05, 2.24776e-05, 0.00322695, 2.24776e-05, 2.24776e-05
16.3354, 2, 0.00327195, 2.80999e-05, 2, 1.99673, 0, 2.80999e-05, 2.80999e-05, 2.80999e-05, 2.80999e-05, 2.80999e-05, 2.80999e-05, 2.80999e-05, 2.80999e-05, 2.80999e-05, 2.80999e-05, 2.80999e-05, 2.80999e-05, 2.80999e-05, 2.80999e-05, 2.80999e-05, 2.80999e-05, 2.80999e-05, 2.87642e-05, 2.80999e-05, 0.00327129, 2.80999e-05, 2.80999e-05
16.3433, 0, 0.00331552, 3.23252e-05, 1.41421, -0.00331552, 0, 3.23252e-05, 3.23252e-05, 3.23252e-05, 3.23252e-05, 3.23252e-05, 3.23252e-05, 3.23252e-05, 3.23252e-05, 3.23252e-05, 3.23252e-05, 3.23252e-05, 3.23252e-05, 3.23252e-05, 3.23252e-05, 3.23252e-05, 3.23252e-05, 3.23252e-05, 3.29901e-05, 3.23252e-05, 0.00331485, 3.23252e-05, 3.23252e-05
16.3512, 0, 0.00335792, 3.47687e-05, 1.41421, -0.00335792, 0, 3.47687e-05, 3.47687e-05, 3.47687e-05, 3.47687e-05, 3.47687e-05, 3.47687e-05, 3.47687e-05, 3.47687e-05, 3.47687e-05, 3.47687e-05, 3.47687e-05, 3.47687e-05, 3.47687e-05, 3.47687e-05, 3.47687e-05, 3.47687e-05, 3.47687e-05, 3.54341e-05, 3.47687e-05, 0.00335725, 3.47687e-05, 3.47687e-05
16.359, 2, 0.00339998, 3.62483e-05, 2, 1.9966, 0, 3.62483e-05, 3.62483e-05, 3.62483e-05, 3.62483e-05, 3.62483e-05, 3.62483e-05, 3.62483e-05, 3.62483e-05, 3.62483e-05, 3.62483e-05, 3.62483e-05, 3.62483e-05, 3.62483e-05, 3.62483e-05, 3.62483e-05, 3.62483e-05, 3.62483e-05, 3.69142e-05, 3.62483e-05, 0.00339932, 3.62483e-05, 3.62483e-05
16.3669, 2, 0.00344269, 3.77587e-05, 2, 1.99656, 0, 3.77587e-05, 3.77587e-05, 3.77587e-05, 3.77587e-05, 3.77587e-05, 3.77587e-05, 3.77587e-05, 3.77587e-05, 3.77587e-05, 3.77587e-05, 3.77587e-05, 3.77587e-05, 3.77587e-05, 3.77587e-05, 3.77587e-05, 3.77587e-05, 3.77587e-05, 3.84252e-05, 3.77587e-05, 0.00344203, 3.77587e-05, 3.77587e-05
16.3748, 4, 0.00349096, 4.42118e-05, 2.44949, 3.99651, 0, 4.42118e-05, 4.42118e-05, 4.42118e-05, 4.42118e-05, 4.42118e-05, 4.42118e-05, 4.42118e-05, 4.42118e-05, 4.42118e-05, 4.42118e-05, 4.42118e-05, 4.42118e-05, 4.42118e-05, 4.42118e-05, 4.42118e-05, 4.42118e-05, 4.42118e-05, 4.48788e-05, 4.42118e-05, 0.0034903, 4.42118e-05, 4.42118e-05
16.3827, 0, 0.00353789, 4.87025e-05, 1.41421, -0.00353789, 0, 4.87025e-05, 4.87025e-05, 4.87025e-05, 4.87025e-05, 4.87025e-05, 4.87025e-05, 4.87025e-05, 4.87025e-05, 4.87025e-05, 4.87025e-05, 4.87025e-05, 4.87025e-05, 4.87025e-05, 4.87025e-05, 4.87025e-05, 4.87025e-05, 4.87025e-05, 4.93701e-05, 4.87025e-05, 0.00353723, 4.87025e-05, 4.87025e-05
16.3906, 0, 0.00358286, 5.06195e-05, 1.41421, -0.00358286, 0, 5.06195e-05, 5.06195e-05, 5.06195e-05, 5.06195e-05, 5.06195e-05, 5.06195e-05, 5.06195e-05, 5.06195e-05, 5.06195e-05, 5.06195e-05, 5.06195e-05, 5.06195e-05, 5.06195e-05, 5.06195e-05, 5.06195e-05, 5.06195e-05, 5.06195e-05, 5.12877e-05, 5.06195e-05, 0.00358219, 5.06195e-05, 5.06195e-05
16.3985, 0, 0.0036271, 5.11799e-05, 1.41421, -0.0036271, 0, 5.11799e-05, 5.11799e-05, 5.11799e-05, 5.11799e-05, 5.11799e-05, 5.11799e-05, 5.11799e-05, 5.11799e-05, 5.11799e-05, 5.11799e-05, 5.11799e-05, 5.11799e-05, 5.11799e-05, 5.11799e-05, 5.11799e-05, 5.11799e-05, 5.11799e-05, 5.18485e-05, 5.11799e-05, 0.00362643, 5.11799e-05, 5.11799e-05
16.4063, 2, 0.00367196, 5.17432e-05, 2, 1.99633, 0, 5.17432e-05, 5.17432e-05, 5.17432e-05, 5.17432e-05, 5.17432e-05, 5.17432e-05, 5.17432e-05, 5.17432e-05, 5.17432e-05, 5.17432e-05, 5.17432e-05, 5.17432e-05, 5.17432e-05, 5.17432e-05, 5.17432e-05, 5.17432e-05, 5.17432e-05, 5.24125e-05, 5.17432e-05, 0.00367129, 5.17432e-05, 5.17432e-05
16.4142, 2, 0.00372517, 6.00323e-05, 2, 1.99627, 0, 6.00323e-05, 6.00323e-05, 6.00323e-05, 6.00323e-05, 6.00323e-05, 6.00323e-05, 6.00323e-05, 6.00323e-05, 6.00323e-05, 6.00323e-05, 6.00323e-05, 6.00323e-05, 6.00323e-05, 6.00323e-05, 6.00323e-05, 6.00323e-05, 6.00323e-05, 6.0702e-05, 6.00323e-05, 0.0037245, 6.00323e-05, 6.00323e-05
16.4221, 2, 0.00377608, 6.53979e-05, 2, 1.99622, 0, 6.53979e-05, 6.53979e-05, 6.53979e-05, 6.53979e-05, 6.53979e-05, 6.53979e-05, 6.53979e-05, 6.53979e-05, 6.53979e-05, 6.53979e-05, 6.53979e-05, 6.53979e-05, 6.53979e-05, 6.53979e-05, 6.53979e-05, 6.53979e-05, 6.53979e-05, 6.60682e-05, 6.53979e-05, 0.00377541, 6.53979e-05, 6.53979e-05
16.43, 0, 0.00382427, 6.74094e-05, 1.41421, -0.00382427, 0, 6.74094e-05, 6.74094e-05, 6.74094e-05, 6.74094e-05, 6.74094e-05, 6.74094e-05, 6.74094e-05, 6.74094e-05, 6.74094e-05, 6.74094e-05, 6.74094e-05, 6.74094e-05, 6.74094e-05, 6.74094e-05, 6.74094e-05, 6.74094e-05, 6.74094e-05, 6.80803e-05, 6.74094e-05, 0.0038236, 6.74094e-05, 6.74094e-05
16.4379, 0, 0.00387134, 6.76677e-05, 1.41421, -0.00387134, 0, 6.76677e-05, 6.76677e-05, 6.76677e-05, 6.76677e-05, 6.76677e-05, 6.76677e-05, 6.76677e-05, 6.76677e-05, 6.76677e-05, 6.76677e-05, 6.76677e-05, 6.76677e-05, 6.76677e-05, 6.76677e-05, 6.76677e-05, 6.76677e-05, 6.76677e-05, 6.83391e-05, 6.76677e-05, 0.00387067, 6.76677e-05, 6.76677e-05
16.4458, 0, 0.00391905, 6.79264e-05, 1.41421, -0.00391905, 0, 6.79264e-05, 6.79264e-05, 6.79264e-05, 6.79264e-05, 6.79264e-05, 6.79264e-05, 6.79264e-05, 6.79264e-05, 6.79264e-05, 6.79264e-05, 6.79264e-05, 6.79264e-05, 6.79264e-05, 6.79264e-05, 6.79264e-05, 6.79264e-05, 6.79264e-05, 6.85984e-05, 6.79264e-05, 0.00391838, 6.79264e-05, 6.79264e-05
16.4536, 2, 0.003975, 7.57579e-05, 2, 1.99602, 0, 7.57579e-05, 7.57579e-05, 7.57579e-05, 7.57579e-05, 7.57579e-05, 7.57579e-05, 7.57579e-05, 7.57579e-05, 7.57579e-05, 7.57579e-05, 7.57579e-05, 7.57579e-05, 7.57579e-05, 7.57579e-05, 7.57579e-05, 7.57579e-05, 7.57579e-05, 7.64304e-05, 7.57579e-05, 0.00397432, 7.57579e-05, 7.57579e-05
16.4615, 0, 0.00402837, 8.03776e-05, 1.41421, -0.00402837, 0, 8.03776e-05, 8.03776e-05, 8.03776e-05, 8.03776e-05, 8.03776e-05, 8.03776e-05, 8.03776e-05, 8.03776e-05, 8.03776e-05, 8.03776e-05, 8.03776e-05, 8.03776e-05, 8.03776e-05, 8.03776e-05, 8.03776e-05, 8.03776e-05, 8.03776e-05, 8.10508e-05, 8.03776e-05, 0.00402769, 8.03776e-05, 8.03776e-05
16.4694, 0, 0.00407857, 8.11686e-05, 1.41421, -0.00407857, 0, 8.11686e-05, 8.11686e-05, 8.11686e-05, 8.11686e-05, 8.11686e-05, 8.11686e-05, 8.11686e-05, 8.11686e-05, 8.11686e-05, 8.11686e-05, 8.11686e-05, 8.11686e-05, 8.11686e-05, 8.11686e-05, 8.11686e-05, 8.11686e-05, 8.11686e-05, 8.18423e-05, 8.11686e-05, 0.0040779, 8.11686e-05, 8.11686e-05
16.4773, 2, 0.00412748, 8.00065e-05, 2, 1.99587, 0, 8.00065e-05, 8.00065e-05, 8.00065e-05, 8.00065e-05, 8.00065e-05, 8.00065e-05, 8.00065e-05, 8.00065e-05, 8.00065e-05, 8.00065e-05, 8.00065e-05, 8.00065e-05, 8.00065e-05, 8.00065e-05, 8.00065e-05, 8.00065e-05, 8.00065e-05, 8.06807e-05, 8.00065e-05, 0.00412681, 8.00065e-05, 8.00065e-05
16.4852, 0, 0.00417709, 7.88528e-05, 1.41421, -0.00417709, 0, 7.88528e-05, 7.88528e-05, 7.88528e-05, 7.88528e-05, 7.88528e-05, 7.88528e-05, 7.88528e-05, 7.88528e-05, 7.88528e-05, 7.88528e-05, 7.88528e-05, 7.88528e-05, 7.88528e-05, 7.88528e-05, 7.88528e-05, 7.88528e-05, 7.88528e-05, 7.95276e-05, 7.88528e-05, 0.00417641, 7.88528e-05, 7.88528e-05
16.4931, 2, 0.00423754, 8.78642e-05, 2, 1.99576, 0, 8.78642e-05, 8.78642e-05, 8.78642e-05, 8.78642e-05, 8.78642e-05, 8.78642e-05, 8.78642e-05, 8.78642e-05, 8.78642e-05, 8.78642e-05, 8.78642e-05, 8.78642e-05, 8.78642e-05, 8.78642e-05, 8.78642e-05, 8.78642e-05, 8.78642e-05, 8.85396e-05, 8.78642e-05, 0.00423686, 8.78642e-05, 8.78642e-05
16.5009, 0, 0.0042947, 9.29006e-05, 1.41421, -0.0042947, 0, 9.29006e-05, 9.29006e-05, 9.29006e-05, 9.29006e-05, 9.29006e-05, 9.29006e-05, 9.29006e-05, 9.29006e-05, 9.29006e-05, 9.29006e-05, 9.29006e-05, 9.29006e-05, 9.29006e-05, 9.29006e-05, 9.29006e-05, 9.29006e-05, 9.29006e-05, 9.35766e-05, 9.29006e-05, 0.00429402, 9.29006e-05, 9.29006e-05
16.5088, 0, 0.00434823, 9.35982e-05, 1.41421, -0.00434823, 0, 9.35982e-05, 9.35982e-05, 9.35982e-05, 9.35982e-05, 9.35982e-05, 9.35982e-05, 9.35982e-05, 9.35982e-05, 9.35982e-05, 9.35982e-05, 9.35982e-05, 9.35982e-05, 9.35982e-05, 9.35982e-05, 9.35982e-05, 9.35982e-05, 9.35982e-05, 9.42747e-05, 9.35982e-05, 0.00434755, 9.35982e-05, 9.35982e-05
16.5167, 0, 0.00440027, 9.20898e-05, 1.41421, -0.00440027, 0, 9.20898e-05, 9.20898e-05, 9.20898e-05, 9.20898e-05, 9.20898e-05, 9.20898e-05, 9.20898e-05, 9.20898e-05, 9.20898e-05, 9.20898e-05, 9.20898e-05, 9.20898e-05, 9.20898e-05, 9.20898e-05, 9.20898e-05, 9.20898e-05, 9.20898e-05, 9.27669e-05, 9.20898e-05, 0.0043996, 9.20898e-05, 9.20898e-05
16.5246, 4, 0.00445305, 9.05937e-05, 2.44949, 3.99555, 0, 9.05937e-05, 9.05937e-05, 9.05937e-05, 9.05937e-05, 9.05937e-05, 9.05937e-05, 9.05937e-05, 9.05937e-05, 9.05937e-05, 9.05937e-05, 9.05937e-05, 9.05937e-05, 9.05937e-05, 9.05937e-05, 9.05937e-05, 9.05937e-05, 9.05937e-05, 9.12714e-05, 9.05937e-05, 0.00445238, 9.05937e-05, 9.05937e-05
16.5325, 0, 0.00451558, 9.81022e-05, 1.41421, -0.00451558, 0, 9.81022e-05, 9.81022e-05, 9.81022e-05, 9.81022e-05, 9.81022e-05, 9.81022e-05, 9.81022e-05, 9.81022e-05, 9.81022e-05, 9.81022e-05, 9.81022e-05, 9.81022e-05, 9.81022e-05, 9.81022e-05, 9.81022e-05, 9.81022e-05, 9.81022e-05, 9.87805e-05, 9.81022e-05, 0.0045149, 9.81022e-05, 9.81022e-05
16.5403, 2, 0.00457489, 0.000101661, 2, 1.99543, 0, 0.000101661, 0.000101661, 0.000101661, 0.000101661, 0.000101661, 0.000101661, 0.000101661, 0.000101661, 0.000101661, 0.000101661, 0.000101661, 0.000101661, 0.000101661, 0.000101661, 0.000101661, 0.000101661, 0.000101661, 0.00010234, 0.000101661, 0.00457422, 0.000101661, 0.000101661
16.5482, 0, 0.00463052, 0.000100771, 1.41421, -0.00463052, 0, 0.000100771, 0.000100771, 0.000100771, 0.000100771, 0.000100771, 0.000100771, 0.000100771, 0.000100771, 0.000100771, 0.000100771, 0.000100771, 0.000100771, 0.000100771, 0.000100771, 0.000100771, 0.000100771, 0.000100771, 0.000101451, 0.000100771, 0.00462984, 0.000100771, 0.000100771
16.5561, 0, 0.00468472, 9.7677e-05, 1.41421, -0.00468472, 0, 9.7677e-05, 9.7677e-05, 9.7677e-05, 9.7677e-05, 9.7677e-05, 9.7677e-05, 9.7677e-05, 9.7677e-05, 9.7677e-05, 9.7677e-05, 9.7677e-05, 9.7677e-05, 9.7677e-05, 9.7677e-05, 9.7677e-05, 9.7677e-05, 9.7677e-05, 9.8357e-05, 9.7677e-05, 0.00468404, 9.7677e-05, 9.7677e-05
16.564, 0, 0.00473976, 9.46309e-05, 1.41421, -0.00473976, 0, 9.46309e-05, 9.46309e-05, 9.46309e-05, 9.46309e-05, 9.46309e-05, 9.46309e-05, 9.46309e-05, 9.46309e-05, 9.46309e-05, 9.46309e-05, 9.46309e-05, 9.46309e-05, 9.46309e-05, 9.46309e-05, 9.46309e-05, 9.46309e-05, 9.46309e-05, 9.53115e-05, 9.46309e-05, 0.00473908, 9.46309e-05, 9.46309e-05
16.5719, 0, 0.00480635, 0.000102352, 1.41421, -0.00480635, 0, 0.000102352, 0.000102352, 0.000102352, 0.000102352, 0.000102352, 0.000102352, 0.000102352, 0.000102352, 0.000102352, 0.000102352, 0.000102352, 0.000102352, 0.000102352, 0.000102352, 0.000102352, 0.000102352, 0.000102352, 0.000103034, 0.000102352, 0.00480566, 0.000102352, 0.000102352
16.5798, 0, 0.00486953, 0.000105865, 1.41421, -0.00486953, 0, 0.000105865, 0.000105865, 0.000105865, 0.000105865, 0.000105865, 0.000105865, 0.000105865, 0.000105865, 0.000105865, 0.000105865, 0.000105865, 0.000105865, 0.000105865, 0.000105865, 0.000105865, 0.000105865, 0.000105865, 0.000106547, 0.000105865, 0.00486885, 0.000105865, 0.000105865
16.5876, 0, 0.00492911, 0.000104944, 1.41421, -0.00492911, 0, 0.000104944, 0.000104944, 0.000104944, 0.000104944, 0.000104944, 0.000104944, 0.000104944, 0.000104944, 0.000104944, 0.000104944, 0.000104944, 0.000104944, 0.000104944, 0.000104944, 0.000104944, 0.000104944, 0.000104944, 0.000105627, 0.000104944, 0.00492843, 0.000104944, 0.000104944
16.5955, 2, 0.00498732, 0.000101827, 2, 1.99501, 0, 0.000101827, 0.000101827, 0.000101827, 0.000101827, 0.000101827, 0.000101827, 0.000101827, 0.000101827, 0.000101827, 0.000101827, 0.000101827, 0.000101827, 0.000101827, 0.000101827, 0.000101827, 0.000101827, 0.000101827, 0.00010251, 0.000101827, 0.00498664, 0.000101827, 0.000101827
16.6034, 0, 0.00504643, 9.87561e-05, 1.41421, -0.00504643, 0, 9.87561e-05, 9.87561e-05, 9.87561e-05, 9.87561e-05, 9.87561e-05, 9.87561e-05, 9.87561e-05, 9.87561e-05, 9.87561e-05, 9.87561e-05, 9.87561e-05, 9.87561e-05, 9.87561e-05, 9.87561e-05, 9.87561e-05, 9.87561e-05, 9.87561e-05, 9.94396e-05, 9.87561e-05, 0.00504575, 9.87561e-05, 9.87561e-05
16.6113, 0, 0.00511525, 0.000104529, 1.41421, -0.00511525, 0, 0.000104529, 0.000104529, 0.000104529, 0.000104529, 0.000104529, 0.000104529, 0.000104529, 0.000104529, 0.000104529, 0.000104529, 0.000104529, 0.000104529, 0.000104529, 0.000104529, 0.000104529, 0.000104529, 0.000104529, 0.000105213, 0.000104529, 0.00511456, 0.000104529, 0.000104529
16.6192, 2, 0.00518094, 0.000106318, 2, 1.99482, 0, 0.000106318, 0.000106318, 0.000106318, 0.000106318, 0.000106318, 0.000106318, 0.000106318, 0.000106318, 0.000106318, 0.000106318, 0.000106318, 0.000106318, 0.000106318, 0.000106318, 0.000106318, 0.000106318, 0.000106318, 0.000107003, 0.000106318, 0.00518025, 0.000106318, 0.000106318
16.6271, 0, 0.00524325, 0.000103819, 1.41421, -0.00524325, 0, 0.000103819, 0.000103819, 0.000103819, 0.000103819, 0.000103819, 0.000103819, 0.000103819, 0.000103819, 0.000103819, 0.000103819, 0.000103819, 0.000103819, 0.000103819, 0.000103819, 0.000103819, 0.000103819, 0.000103819, 0.000104504, 0.000103819, 0.00524256, 0.000103819, 0.000103819
16.6349, 0, 0.00530439, 9.92563e-05, 1.41421, -0.00530439, 0, 9.92563e-05, 9.92563e-05, 9.92563e-05, 9.92563e-05, 9.92563e-05, 9.92563e-05, 9.92563e-05, 9.92563e-05, 9.92563e-05, 9.92563e-05, 9.92563e-05, 9.92563e-05, 9.92563e-05, 9.92563e-05, 9.92563e-05, 9.92563e-05, 9.92563e-05, 9.99423e-05, 9.92563e-05, 0.00530371, 9.92563e-05, 9.92563e-05
16.6428, 0, 0.00536656, 9.47963e-05, 1.41421, -0.00536656, 0, 9.47963e-05, 9.47963e-05, 9.47963e-05, 9.47963e-05, 9.47963e-05, 9.47963e-05, 9.47963e-05, 9.47963e-05, 9.47963e-05, 9.47963e-05, 9.47963e-05, 9.47963e-05, 9.47963e-05, 9.47963e-05, 9.47963e-05, 9.47963e-05, 9.47963e-05, 9.54828e-05, 9.47963e-05, 0.00536588, 9.47963e-05, 9.47963e-05
16.6507, 0, 0.0054393, 9.99652e-05, 1.41421, -0.0054393, 0, 9.99652e-05, 9.99652e-05, 9.99652e-05, 9.99652e-05, 9.99652e-05, 9.99652e-05, 9.99652e-05, 9.99652e-05, 9.99652e-05, 9.99652e-05, 9.99652e-05, 9.99652e-05, 9.99652e-05, 9.99652e-05, 9.99652e-05, 9.99652e-05, 9.99652e-05, 0.000100652, 9.99652e-05, 0.00543861, 9.99652e-05, 9.99652e-05
16.6586, 2, 0.00550927, 0.000101432, 2, 1.99449, 0, 0.000101432, 0.000101432, 0.000101432, 0.000101432, 0.000101432, 0.000101432, 0.000101432, 0.000101432, 0.000101432, 0.000101432, 0.000101432, 0.000101432, 0.000101432, 0.000101432, 0.000101432, 0.000101432, 0.000101432, 0.000102119, 0.000101432, 0.00550858, 0.000101432, 0.000101432
16.6665, 2, 0.00557642, 9.91125e-05, 2, 1.99442, 0, 9.91125e-05, 9.91125e-05, 9.91125e-05, 9.91125e-05, 9.91125e-05, 9.91125e-05, 9.91125e-05, 9.91125e-05, 9.91125e-05, 9.91125e-05, 9.91125e-05, 9.91125e-05, 9.91125e-05, 9.91125e-05, 9.91125e-05, 9.91125e-05, 9.91125e-05, 9.98008e-05, 9.91125e-05, 0.00557573, 9.91125e-05, 9.91125e-05
16.6744, 0, 0.00564274, 9.49708e-05, 1.41421, -0.00564274, 0, 9.49708e-05, 9.49708e-05, 9.49708e-05, 9.49708e-05, 9.49708e-05, 9.49708e-05, 9.49708e-05, 9.49708e-05, 9.49708e-05, 9.49708e-05, 9.49708e-05, 9.49708e-05, 9.49708e-05, 9.49708e-05, 9.49708e-05, 9.49708e-05, 9.49708e-05, 9.56598e-05, 9.49708e-05, 0.00564205, 9.49708e-05, 9.49708e-05
16.6822, 4, 0.00571013, 9.09175e-05, 2.44949, 3.99429, 0, 9.09175e-05, 9.09175e-05, 9.09175e-05, 9.09175e-05, 9.09175e-05, 9.09175e-05, 9.09175e-05, 9.09175e-05, 9.09175e-05, 9.09175e-05, 9.09175e-05, 9.09175e-05, 9.09175e-05, 9.09175e-05, 9.09175e-05, 9.09175e-05, 9.09175e-05, 9.16071e-05, 9.09175e-05, 0.00570944, 9.09175e-05, 9.09175e-05
16.6901, 0, 0.00578586, 9.42138e-05, 1.41421, -0.00578586, 0, 9.42138e-05, 9.42138e-05, 9.42138e-05, 9.42138e-05, 9.42138e-05, 9.42138e-05, 9.42138e-05, 9.42138e-05, 9.42138e-05, 9.42138e-05, 9.42138e-05, 9.42138e-05, 9.42138e-05, 9.42138e-05, 9.42138e-05, 9.42138e-05, 9.42138e-05, 9.4904e-05, 9.42138e-05, 0.00578517, 9.42138e-05, 9.42138e-05
16.698, 0, 0.00585925, 9.41457e-05, 1.41421, -0.00585925, 0, 9.41457e-05, 9.41457e-05, 9.41457e-05, 9.41457e-05, 9.41457e-05, 9.41457e-05, 9.41457e-05, 9.41457e-05, 9.41457e-05, 9.41457e-05, 9.41457e-05, 9.41457e-05, 9.41457e-05, 9.41457e-05, 9.41457e-05, 9.41457e-05, 9.41457e-05, 9.48364e-05, 9.41457e-05, 0.00585856, 9.41457e-05, 9.41457e-05
16.7059, 4, 0.00593021, 9.06135e-05, 2.44949, 3.99407, 0, 9.06135e-05, 9.06135e-05, 9.06135e-05, 9.06135e-05, 9.06135e-05, 9.06135e-05, 9.06135e-05, 9.06135e-05, 9.06135e-05, 9.06135e-05, 9.06135e-05, 9.06135e-05, 9.06135e-05, 9.06135e-05, 9.06135e-05, 9.06135e-05, 9.06135e-05, 9.13049e-05, 9.06135e-05, 0.00592952, 9.06135e-05, 9.06135e-05
16.7138, 2, 0.00600062, 8.54744e-05, 2, 1.994, 0, 8.54744e-05, 8.54744e-05, 8.54744e-05, 8.54744e-05, 8.54744e-05, 8.54744e-05, 8.54744e-05, 8.54744e-05, 8.54744e-05, 8.54744e-05, 8.54744e-05, 8.54744e-05, 8.54744e-05, 8.54744e-05, 8.54744e-05, 8.54744e-05, 8.54744e-05, 8.61664e-05, 8.54744e-05, 0.00599993, 8.54744e-05, 8.54744e-05
16.7217, 0, 0.00607223, 8.04853e-05, 1.41421, -0.00607223, 0, 8.04853e-05, 8.04853e-05, 8.04853e-05, 8.04853e-05, 8.04853e-05, 8.04853e-05, 8.04853e-05, 8.04853e-05, 8.04853e-05, 8.04853e-05, 8.04853e-05, 8.04853e-05, 8.04853e-05, 8.04853e-05, 8.04853e-05, 8.04853e-05, 8.04853e-05, 8.11779e-05, 8.04853e-05, 0.00607154, 8.04853e-05, 8.04853e-05
16.7295, 0, 0.00615214, 8.27265e-05, 1.41421, -0.00615214, 0, 8.27265e-05, 8.27265e-05, 8.27265e-05, 8.27265e-05, 8.27265e-05, 8.27265e-05, 8.27265e-05, 8.27265e-05, 8.27265e-05, 8.27265e-05, 8.27265e-05, 8.27265e-05, 8.27265e-05, 8.27265e-05, 8.27265e-05, 8.27265e-05, 8.27265e-05, 8.34198e-05, 8.27265e-05, 0.00615144, 8.27265e-05, 8.27265e-05
16.7374, 0, 0.00623047, 8.22915e-05, 1.41421, -0.00623047, 0, 8.22915e-05, 8.22915e-05, 8.22915e-05, 8.22915e-05, 8.22915e-05, 8.22915e-05, 8.22915e-05, 8.22915e-05, 8.22915e-05, 8.22915e-05, 8.22915e-05, 8.22915e-05, 8.22915e-05, 8.22915e-05, 8.22915e-05, 8.22915e-05, 8.22915e-05, 8.29854e-05, 8.22915e-05, 0.00622978, 8.22915e-05, 8.22915e-05
16.7453, 0, 0.00630727, 7.92016e-05, 1.41421, -0.00630727, 0, 7.92016e-05, 7.92016e-05, 7.92016e-05, 7.92016e-05, 7.92016e-05, 7.92016e-05, 7.92016e-05, 7.92016e-05, 7.92016e-05, 7.92016e-05, 7.92016e-05, 7.92016e-05, 7.92016e-05, 7.92016e-05, 7.92016e-05, 7.92016e-05, 7.92016e-05, 7.98961e-05, 7.92016e-05, 0.00630657, 7.92016e-05, 7.92016e-05
16.7532, 0, 0.00638395, 7.48846e-05, 1.41421, -0.00638395, 0, 7.48846e-05, 7.48846e-05, 7.48846e-05, 7.48846e-05, 7.48846e-05, 7.48846e-05, 7.48846e-05, 7.48846e-05, 7.48846e-05, 7.48846e-05, 7.48846e-05, 7.48846e-05, 7.48846e-05, 7.48846e-05, 7.48846e-05, 7.48846e-05, 7.48846e-05, 7.55797e-05, 7.48846e-05, 0.00638326, 7.48846e-05, 7.48846e-05
16.7611, 2, 0.0064619, 7.06886e-05, 2, 1.99354, 0, 7.06886e-05, 7.06886e-05, 7.06886e-05, 7.06886e-05, 7.06886e-05, 7.06886e-05, 7.06886e-05, 7.06886e-05, 7.06886e-05, 7.06886e-05, 7.06886e-05, 7.06886e-05, 7.06886e-05, 7.06886e-05, 7.06886e-05, 7.06886e-05, 7.06886e-05, 7.13843e-05, 7.06886e-05, 0.0064612, 7.06886e-05, 7.06886e-05
16.7689, 0, 0.00654607, 7.15626e-05, 1.41421, -0.00654607, 0, 7.15626e-05, 7.15626e-05, 7.15626e-05, 7.15626e-05, 7.15626e-05, 7.15626e-05, 7.15626e-05, 7.15626e-05, 7.15626e-05, 7.15626e-05, 7.15626e-05, 7.15626e-05, 7.15626e-05, 7.15626e-05, 7.15626e-05, 7.15626e-05, 7.15626e-05, 7.2259e-05, 7.15626e-05, 0.00654537, 7.15626e-05, 7.15626e-05
16.7768, 0, 0.00662907, 7.01039e-05, 1.41421, -0.00662907, 0, 7.01039e-05, 7.01039e-05, 7.01039e-05, 7.01039e-05, 7.01039e-05, 7.01039e-05, 7.01039e-05, 7.01039e-05, 7.01039e-05, 7.01039e-05, 7.01039e-05, 7.01039e-05, 7.01039e-05, 7.01039e-05, 7.01039e-05, 7.01039e-05, 7.01039e-05, 7.08008e-05, 7.01039e-05, 0.00662838, 7.01039e-05, 7.01039e-05
16.7847, 0, 0.00671101, 6.63685e-05, 1.41421, -0.00671101, 0, 6.63685e-05, 6.63685e-05, 6.63685e-05, 6.63685e-05, 6.63685e-05, 6.63685e-05, 6.63685e-05, 6.63685e-05, 6.63685e-05, 6.63685e-05, 6.63685e-05, 6.63685e-05, 6.63685e-05, 6.63685e-05, 6.63685e-05, 6.63685e-05, 6.63685e-05, 6.70662e-05, 6.63685e-05, 0.00671031, 6.63685e-05, 6.63685e-05
16.7926, 0, 0.00679313, 6.16358e-05, 1.41421, -0.00679313, 0, 6.16358e-05, 6.16358e-05, 6.16358e-05, 6.16358e-05, 6.16358e-05, 6.16358e-05, 6.16358e-05, 6.16358e-05, 6.16358e-05, 6.16358e-05, 6.16358e-05, 6.16358e-05, 6.16358e-05, 6.16358e-05, 6.16358e-05, 6.16358e-05, 6.16358e-05, 6.23341e-05, 6.16358e-05, 0.00679243, 6.16358e-05, 6.16358e-05
16.8005, 0, 0.00687663, 5.70782e-05, 1.41421, -0.00687663, 0, 5.70782e-05, 5.70782e-05, 5.70782e-05, 5.70782e-05, 5.70782e-05, 5.70782e-05, 5.70782e-05, 5.70782e-05, 5.70782e-05, 5.70782e-05, 5.70782e-05, 5.70782e-05, 5.70782e-05, 5.70782e-05, 5.70782e-05, 5.70782e-05, 5.70782e-05, 5.77771e-05, 5.70782e-05, 0.00687593, 5.70782e-05, 5.70782e-05
16.8084, 2, 0.00696574, 5.68862e-05, 2, 1.99303, 0, 5.68862e-05, 5.68862e-05, 5.68862e-05, 5.68862e-05, 5.68862e-05, 5.68862e-05, 5.68862e-05, 5.68862e-05, 5.68862e-05, 5.68862e-05, 5.68862e-05, 5.68862e-05, 5.68862e-05, 5.68862e-05, 5.68862e-05, 5.68862e-05, 5.68862e-05, 5.75857e-05, 5.68862e-05, 0.00696504, 5.68862e-05, 5.68862e-05
16.8162, 0, 0.00705463, 5.52189e-05, 1.41421, -0.00705463, 0, 5.52189e-05, 5.52189e-05, 5.52189e-05, 5.52189e-05, 5.52189e-05, 5.52189e-05, 5.52189e-05, 5.52189e-05, 5.52189e-05, 5.52189e-05, 5.52189e-05, 5.52189e-05, 5.52189e-05, 5.52189e-05, 5.52189e-05, 5.52189e-05, 5.52189e-05, 5.59191e-05, 5.52189e-05, 0.00705393, 5.52189e-05, 5.52189e-05
16.8241, 4, 0.00714337, 5.21423e-05, 2.44949, 3.99286, 0, 5.21423e-05, 5.21423e-05, 5.21423e-05, 5.21423e-05, 5.21423e-05, 5.21423e-05, 5.21423e-05, 5.21423e-05, 5.21423e-05, 5.21423e-05, 5.21423e-05, 5.21423e-05, 5.21423e-05, 5.21423e-05, 5.21423e-05, 5.21423e-05, 5.21423e-05, 5.28431e-05, 5.21423e-05, 0.00714267, 5.21423e-05, 5.21423e-05
16.832, 0, 0.00723279, 4.84648e-05, 1.41421, -0.00723279, 0, 4.84648e-05, 4.84648e-05, 4.84648e-05, 4.84648e-05, 4.84648e-05, 4.84648e-05, 4.84648e-05, 4.84648e-05, 4.84648e-05, 4.84648e-05, 4.84648e-05, 4.84648e-05, 4.84648e-05, 4.84648e-05, 4.84648e-05, 4.84648e-05, 4.84648e-05, 4.91662e-05, 4.84648e-05, 0.00723209, 4.84648e-05, 4.84648e-05
16.8399, 0, 0.00732363, 4.49218e-05, 1.41421, -0.00732363, 0, 4.49218e-05, 4.49218e-05, 4.49218e-05, 4.49218e-05, 4.49218e-05, 4.49218e-05, 4.49218e-05, 4.49218e-05, 4.49218e-05, 4.49218e-05, 4.49218e-05, 4.49218e-05, 4.49218e-05, 4.49218e-05, 4.49218e-05, 4.49218e-05, 4.49218e-05, 4.56238e-05, 4.49218e-05, 0.00732293, 4.49218e-05, 4.49218e-05
16.8478, 0, 0.0074183, 4.38639e-05, 1.41421, -0.0074183, 0, 4.38639e-05, 4.38639e-05, 4.38639e-05, 4.38639e-05, 4.38639e-05, 4.38639e-05, 4.38639e-05, 4.38639e-05, 4.38639e-05, 4.38639e-05, 4.38639e-05, 4.38639e-05, 4.38639e-05, 4.38639e-05, 4.38639e-05, 4.38639e-05, 4.38639e-05, 4.45665e-05, 4.38639e-05, 0.0074176, 4.38639e-05, 4.38639e-05
16.8557, 2, 0.00751326, 4.17554e-05, 2, 1.99249, 0, 4.17554e-05, 4.17554e-05, 4.17554e-05, 4.17554e-05, 4.17554e-05, 4.17554e-05, 4.17554e-05, 4.17554e-05, 4.17554e-05, 4.17554e-05, 4.17554e-05, 4.17554e-05, 4.17554e-05, 4.17554e-05, 4.17554e-05, 4.17554e-05, 4.17554e-05, 4.24587e-05, 4.17554e-05, 0.00751255, 4.17554e-05, 4.17554e-05
16.8635, 2, 0.0076086, 3.86753e-05, 2, 1.99239, 0, 3.86753e-05, 3.86753e-05, 3.86753e-05, 3.86753e-05, 3.86753e-05, 3.86753e-05, 3.86753e-05, 3.86753e-05, 3.86753e-05, 3.86753e-05, 3.86753e-05, 3.86753e-05, 3.86753e-05, 3.86753e-05, 3.86753e-05, 3.86753e-05, 3.86753e-05, 3.93793e-05, 3.86753e-05, 0.0076079, 3.86753e-05, 3.86753e-05
16.8714, 0, 0.00770495, 3.52264e-05, 1.41421, -0.00770495, 0, 3.52264e-05, 3.52264e-05, 3.52264e-05, 3.52264e-05, 3.52264e-05, 3.52264e-05, 3.52264e-05, 3.52264e-05, 3.52264e-05, 3.52264e-05, 3.52264e-05, 3.52264e-05, 3.52264e-05, 3.52264e-05, 3.52264e-05, 3.52264e-05, 3.52264e-05, 3.5931e-05, 3.52264e-05, 0.00770425, 3.52264e-05, 3.52264e-05
16.8793, 0, 0.00780286, 3.19385e-05, 1.41421, -0.00780286, 0, 3.19385e-05, 3.19385e-05, 3.19385e-05, 3.19385e-05, 3.19385e-05, 3.19385e-05, 3.19385e-05, 3.19385e-05, 3.19385e-05, 3.19385e-05, 3.19385e-05, 3.19385e-05, 3.19385e-05, 3.19385e-05, 3.19385e-05, 3.19385e-05, 3.19385e-05, 3.26438e-05, 3.19385e-05, 0.00780216, 3.19385e-05, 3.19385e-05
16.8872, 0, 0.00790394, 3.04019e-05, 1.41421, -0.00790394, 0, 3.04019e-05, 3.04019e-05, 3.04019e-05, 3.04019e-05, 3.04019e-05, 3.04019e-05, 3.04019e-05, 3.04019e-05, 3.04019e-05, 3.04019e-05, 3.04019e-05, 3.04019e-05, 3.04019e-05, 3.04019e-05, 3.04019e-05, 3.04019e-05, 3.04019e-05, 3.11078e-05, 3.04019e-05, 0.00790323, 3.04019e-05, 3.04019e-05
16.8951, 0, 0.00800603, 2.84176e-05, 1.41421, -0.00800603, 0, 2.84176e-05, 2.84176e-05, 2.84176e-05, 2.84176e-05, 2.84176e-05, 2.84176e-05, 2.84176e-05, 2.84176e-05, 2.84176e-05, 2.84176e-05, 2.84176e-05, 2.84176e-05, 2.84176e-05, 2.84176e-05, 2.84176e-05, 2.84176e-05, 2.84176e-05, 2.91241e-05, 2.84176e-05, 0.00800532, 2.84176e-05, 2.84176e-05
16.903, 4, 0.00810915, 2.60353e-05, 2.44949, 3.99189, 0, 2.60353e-05, 2.60353e-05, 2.60353e-05, 2.60353e-05, 2.60353e-05, 2.60353e-05, 2.60353e-05, 2.60353e-05, 2.60353e-05, 2.60353e-05, 2.60353e-05, 2.60353e-05, 2.60353e-05, 2.60353e-05, 2.60353e-05, 2.60353e-05, 2.60353e-05, 2.67425e-05, 2.60353e-05, 0.00810844, 2.60353e-05, 2.60353e-05
16.9108, 0, 0.00821363, 2.35368e-05, 1.41421, -0.00821363, 0, 2.35368e-05, 2.35368e-05, 2.35368e-05, 2.35368e-05, 2.35368e-05, 2.35368e-05, 2.35368e-05, 2.35368e-05, 2.35368e-05, 2.35368e-05, 2.35368e-05, 2.35368e-05, 2.35368e-05, 2.35368e-05, 2.35368e-05, 2.35368e-05, 2.35368e-05, 2.42446e-05, 2.35368e-05, 0.00821292, 2.35368e-05, 2.35368e-05
16.9187, 0, 0.00831974, 2.11642e-05, 1.41421, -0.00831974, 0, 2.11642e-05, 2.11642e-05, 2.11642e-05, 2.11642e-05, 2.11642e-05, 2.11642e-05, 2.11642e-05, 2.11642e-05, 2.11642e-05, 2.11642e-05, 2.11642e-05, 2.11642e-05, 2.11642e-05, 2.11642e-05, 2.11642e-05, 2.11642e-05, 2.11642e-05, 2.18727e-05, 2.11642e-05, 0.00831903, 2.11642e-05, 2.11642e-05
16.9266, 0, 0.00842797, 1.94005e-05, 1.41421, -0.00842797, 0, 1.94005e-05, 1.94005e-05, 1.94005e-05, 1.94005e-05, 1.94005e-05, 1.94005e-05, 1.94005e-05, 1.94005e-05, 1.94005e-05, 1.94005e-05, 1.94005e-05, 1.94005e-05, 1.94005e-05, 1.94005e-05, 1.94005e-05, 1.94005e-05, 1.94005e-05, 2.01097e-05, 1.94005e-05, 0.00842726, 1.94005e-05, 1.94005e-05
16.9345, 0, 0.00853764, 1.75343e-05, 1.41421, -0.00853764, 0, 1.75343e-05, 1.75343e-05, 1.75343e-05, 1.75343e-05, 1.75343e-05, 1.75343e-05, 1.75343e-05, 1.75343e-05, 1.75343e-05, 1.75343e-05, 1.75343e-05, 1.75343e-05, 1.75343e-05, 1.75343e-05, 1.75343e-05, 1.75343e-05, 1.75343e-05, 1.82441e-05, 1.75343e-05, 0.00853693, 1.75343e-05, 1.75343e-05
16.9424, 0, 0.00864879, 1.55933e-05, 1.41421, -0.00864879, 0, 1.55933e-05, 1.55933e-05, 1.55933e-05, 1.55933e-05, 1.55933e-05, 1.55933e-05, 1.55933e-05, 1.55933e-05, 1.55933e-05, 1.55933e-05, 1.55933e-05, 1.55933e-05, 1.55933e-05, 1.55933e-05, 1.55933e-05, 1.55933e-05, 1.55933e-05, 1.63037e-05, 1.55933e-05, 0.00864808, 1.55933e-05, 1.55933e-05
16.9503, 2, 0.00876154, 1.36869e-05, 2, 1.99124, 0, 1.36869e-05, 1.36869e-05, 1.36869e-05, 1.36869e-05, 1.36869e-05, 1.36869e-05, 1.36869e-05, 1.36869e-05, 1.36869e-05, 1.36869e-05, 1.36869e-05, 1.36869e-05, 1.36869e-05, 1.36869e-05, 1.36869e-05, 1.36869e-05, 1.36869e-05, 1.43981e-05, 1.36869e-05, 0.00876082, 1.36869e-05, 1.36869e-05
16.9581, 0, 0.00887604, 1.19049e-05, 1.41421, -0.00887604, 0, 1.19049e-05, 1.19049e-05, 1.19049e-05, 1.19049e-05, 1.19049e-05, 1.19049e-05, 1.19049e-05, 1.19049e-05, 1.19049e-05, 1.19049e-05, 1.19049e-05, 1.19049e-05, 1.19049e-05, 1.19049e-05, 1.19049e-05, 1.19049e-05, 1.19049e-05, 1.26167e-05, 1.19049e-05, 0.00887532, 1.19049e-05, 1.19049e-05
16.966, 0, 0.00899234, 1.02955e-05, 1.41421, -0.00899234, 0, 1.02955e-05, 1.02955e-05, 1.02955e-05, 1.02955e-05, 1.02955e-05, 1.02955e-05, 1.02955e-05, 1.02955e-05, 1.02955e-05, 1.02955e-05, 1.02955e-05, 1.02955e-05, 1.02955e-05, 1.02955e-05, 1.02955e-05, 1.02955e-05, 1.02955e-05, 1.10079e-05, 1.02955e-05, 0.00899162, 1.02955e-05, 1.02955e-05
16.9739, 2, 0.0091104, 8.80286e-06, 2, 1.99089, 0, 8.80286e-06, 8.80286e-06, 8.80286e-06, 8.80286e-06, 8.80286e-06, 8.80286e-06, 8.80286e-06, 8.80286e-06, 8.80286e-06, 8.80286e-06, 8.80286e-06, 8.80286e-06, 8.80286e-06, 8.80286e-06, 8.80286e-06, 8.80286e-06, 8.80286e-06, 9.51598e-06, 8.80286e-06, 0.00910969, 8.80286e-06, 8.80286e-06
16.9818, 0, 0.00923026, 7.42709e-06, 1.41421, -0.00923026, 0, 7.42709e-06, 7.42709e-06, 7.42709e-06, 7.42709e-06, 7.42709e-06, 7.42709e-06, 7.42709e-06, 7.42709e-06, 7.42709e-06, 7.42709e-06, 7.42709e-06, 7.42709e-06, 7.42709e-06, 7.42709e-06, 7.42709e-06, 7.42709e-06, 7.42709e-06, 8.14088e-06, 7.42709e-06, 0.00922954, 7.42709e-06, 7.42709e-06
16.9897, 4, 0.0093519, 6.1436e-06, 2.44949, 3.99065, 0, 6.1436e-06, 6.1436e-06, 6.1436e-06, 6.1436e-06, 6.1436e-06, 6.1436e-06, 6.1436e-06, 6.1436e-06, 6.1436e-06, 6.1436e-06, 6.1436e-06, 6.1436e-06, 6.1436e-06, 6.1436e-06, 6.1436e-06, 6.1436e-06, 6.1436e-06, 6.85805e-06, 6.1436e-06, 0.00935119, 6.1436e-06, 6.1436e-06
16.9976, 2, 0.00947536, 4.95797e-06, 2, 1.99052, 0, 4.95797e-06, 4.95797e-06, 4.95797e-06, 4.95797e-06, 4.95797e-06, 4.95797e-06, 4.95797e-06, 4.95797e-06, 4.95797e-06, 4.95797e-06, 4.95797e-06, 4.95797e-06, 4.95797e-06, 4.95797e-06, 4.95797e-06, 4.95797e-06, 4.95797e-06, 5.67309e-06, 4.95797e-06, 0.00947465, 4.95797e-06, 4.95797e-06
17.0054, 0, 0.00960069, 3.8629e-06, 1.41421, -0.00960069, 0, 3.8629e-06, 3.8629e-06, 3.8629e-06, 3.8629e-06, 3.8629e-06, 3.8629e-06, 3.8629e-06, 3.8629e-06, 3.8629e-06, 3.8629e-06, 3.8629e-06, 3.8629e-06, 3.8629e-06, 3.8629e-06, 3.8629e-06, 3.8629e-06, 3.8629e-06, 4.57869e-06, 3.8629e-06, 0.00959997, 3.8629e-06, 3.8629e-06
17.0133, 4, 0.00972785, 2.87741e-06, 2.44949, 3.99027, 0, 2.87741e-06, 2.87741e-06, 2.87741e-06, 2.87741e-06, 2.87741e-06, 2.87741e-06, 2.87741e-06, 2.87741e-06, 2.87741e-06, 2.87741e-06, 2.87741e-06, 2.87741e-06, 2.87741e-06, 2.87741e-06, 2.87741e-06, 2.87741e-06, 2.87741e-06, 3.59387e-06, 2.87741e-06, 0.00972714, 2.87741e-06, 2.87741e-06
17.0212, 0, 0.00985694, 2.01806e-06, 1.41421, -0.00985694, 0, 2.01806e-06, 2.01806e-06, 2.01806e-06, 2.01806e-06, 2.01806e-06, 2.01806e-06, 2.01806e-06, 2.01806e-06, 2.01806e-06, 2.01806e-06, 2.01806e-06, 2.01806e-06, 2.01806e-06, 2.01806e-06, 2.01806e-06, 2.01806e-06, 2.01806e-06, 2.73519e-06, 2.01806e-06, 0.00985622, 2.01806e-06, 2.01806e-06
17.0291, 0, 0.00998798, 1.30022e-06, 1.41421, -0.00998798, 0, 1.30022e-06, 1.30022e-06, 1.30022e-06, 1.30022e-06, 1.30022e-06, 1.30022e-06, 1.30022e-06, 1.30022e-06, 1.30022e-06, 1.30022e-06, 1.30022e-06, 1.30022e-06, 1.30022e-06, 1.30022e-06, 1.30022e-06, 1.30022e-06, 1.30022e-06, 2.01804e-06, 1.30022e-06, 0.00998726, 1.30022e-06, 1.30022e-06
17.037, 0, 0.010121, 7.34467e-07, 1.41421, -0.010121, 0, 7.34467e-07, 7.34467e-07, 7.34467e-07, 7.34467e-07, 7.34467e-07, 7.34467e-07, 7.34467e-07, 7.34467e-07, 7.34467e-07, 7.34467e-07, 7.34467e-07, 7.34467e-07, 7.34467e-07, 7.34467e-07, 7.34467e-07, 7.34467e-07, 7.34467e-07, 1.45296e-06, 7.34467e-07, 0.0101203, 7.34467e-07, 7.34467e-07
17.0448, 0, 0.0102561, 3.27118e-07, 1.41421, -0.0102561, 0, 3.27118e-07, 3.27118e-07, 3.27118e-07, 3.27118e-07, 3.27118e-07, 3.27118e-07, 3.27118e-07, 3.27118e-07, 3.27118e-07, 3.27118e-07, 3.27118e-07, 3.27118e-07, 3.27118e-07, 3.27118e-07, 3.27118e-07, 3.27118e-07, 3.27118e-07, 1.04628e-06, 3.27118e-07, 0.0102553, 3.27118e-07, 3.27118e-07
17.0527, 0, 0.0103932, 8.17794e-08, 1.41421, -0.0103932, 0, 8.17794e-08, 8.17794e-08, 8.17794e-08, 8.17794e-08, 8.17794e-08, 8.17794e-08, 8.17794e-08, 8.17794e-08, 8.17794e-08, 8.17794e-08, 8.17794e-08, 8.17794e-08, 8.17794e-08, 8.17794e-08, 8.17794e-08, 8.17794e-08, 8.17794e-08, 8.01626e-07, 8.17794e-08, 0.0103924, 8.17794e-08, 8.17794e-08
17.0606, 0, 0.0105323, 0, 1.41421, -0.0105323, 0, 0, 0, 0, 0, 0, 0, 0, 0, 0, 0, 0, 0, 0, 0, 0, 0, 0, 7.20527e-07, 0, 0.0105316, 0, 0
17.0685, 0, 0.0106735, 0, 1.41421, -0.0106735, 0, 0, 0, 0, 0, 0, 0, 0, 0, 0, 0, 0, 0, 0, 0, 0, 0, 0, 7.2121e-07, 0, 0.0106728, 0, 0
17.0764, 0, 0.0108167, 0, 1.41421, -0.0108167, 0, 0, 0, 0, 0, 0, 0, 0, 0, 0, 0, 0, 0, 0, 0, 0, 0, 0, 7.21895e-07, 0, 0.010816, 0, 0
17.0843, 0, 0.0109642, 2.35255e-06, 1.41421, -0.0109642, 0, 2.35255e-06, 2.35255e-06, 2.35255e-06, 2.35255e-06, 2.35255e-06, 2.35255e-06, 2.35255e-06, 2.35255e-06, 2.35255e-06, 2.35255e-06, 2.35255e-06, 2.35255e-06, 2.35255e-06, 2.35255e-06, 2.35255e-06, 2.35255e-06, 2.35255e-06, 3.07513e-06, 2.35255e-06, 0.0109635, 2.35255e-06, 2.35255e-06
17.0921, 0, 0.0111176, 8.58498e-06, 1.41421, -0.0111176, 0, 8.58498e-06, 8.58498e-06, 8.58498e-06, 8.58498e-06, 8.58498e-06, 8.58498e-06, 8.58498e-06, 8.58498e-06, 8.58498e-06, 8.58498e-06, 8.58498e-06, 8.58498e-06, 8.58498e-06, 8.58498e-06, 8.58498e-06, 8.58498e-06, 8.58498e-06, 9.30825e-06, 8.58498e-06, 0.0111169, 8.58498e-06, 8.58498e-06
17.1, 0, 0.0112758, 1.7554e-05, 1.41421, -0.0112758, 0, 1.7554e-05, 1.7554e-05, 1.7554e-05, 1.7554e-05, 1.7554e-05, 1.7554e-05, 1.7554e-05, 1.7554e-05, 1.7554e-05, 1.7554e-05, 1.7554e-05, 1.7554e-05, 1.7554e-05, 1.7554e-05, 1.7554e-05, 1.7554e-05, 1.7554e-05, 1.82779e-05, 1.7554e-05, 0.0112751, 1.7554e-05, 1.7554e-05
17.1079, 0, 0.0114386, 2.89578e-05, 1.41421, -0.0114386, 0, 2.89578e-05, 2.89578e-05, 2.89578e-05, 2.89578e-05, 2.89578e-05, 2.89578e-05, 2.89578e-05, 2.89578e-05, 2.89578e-05, 2.89578e-05, 2.89578e-05, 2.89578e-05, 2.89578e-05, 2.89578e-05, 2.89578e-05, 2.89578e-05, 2.89578e-05, 2.96824e-05, 2.89578e-05, 0.0114379, 2.89578e-05, 2.89578e-05
17.1158, 0, 0.0116062, 4.32009e-05, 1.41421, -0.0116062, 0, 4.32009e-05, 4.32009e-05, 4.32009e-05, 4.32009e-05, 4.32009e-05, 4.32009e-05, 4.32009e-05, 4.32009e-05, 4.32009e-05, 4.32009e-05, 4.32009e-05, 4.32009e-05, 4.32009e-05, 4.32009e-05, 4.32009e-05, 4.32009e-05, 4.32009e-05, 4.39262e-05, 4.32009e-05, 0.0116055, 4.32009e-05, 4.32009e-05
17.1237, 2, 0.0117821, 6.35278e-05, 2, 1.98822, 0, 6.35278e-05, 6.35278e-05, 6.35278e-05, 6.35278e-05, 6.35278e-05, 6.35278e-05, 6.35278e-05, 6.35278e-05, 6.35278e-05, 6.35278e-05, 6.35278e-05, 6.35278e-05, 6.35278e-05, 6.35278e-05, 6.35278e-05, 6.35278e-05, 6.35278e-05, 6.42539e-05, 6.35278e-05, 0.0117814, 6.35278e-05, 6.35278e-05
17.1316, 0, 0.0119631, 8.67909e-05, 1.41421, -0.0119631, 0, 8.67909e-05, 8.67909e-05, 8.67909e-05, 8.67909e-05, 8.67909e-05, 8.67909e-05, 8.67909e-05, 8.67909e-05, 8.67909e-05, 8.67909e-05, 8.67909e-05, 8.67909e-05, 8.67909e-05, 8.67909e-05, 8.67909e-05, 8.67909e-05, 8.67909e-05, 8.75176e-05, 8.67909e-05, 0.0119624, 8.67909e-05, 8.67909e-05
17.1394, 0, 0.0121489, 0.00011257, 1.41421, -0.0121489, 0, 0.00011257, 0.00011257, 0.00011257, 0.00011257, 0.00011257, 0.00011257, 0.00011257, 0.00011257, 0.00011257, 0.00011257, 0.00011257, 0.00011257, 0.00011257, 0.00011257, 0.00011257, 0.00011257, 0.00011257, 0.000113298, 0.00011257, 0.0121481, 0.00011257, 0.00011257
17.1473, 0, 0.0123394, 0.000140888, 1.41421, -0.0123394, 0, 0.000140888, 0.000140888, 0.000140888, 0.000140888, 0.000140888, 0.000140888, 0.000140888, 0.000140888, 0.000140888, 0.000140888, 0.000140888, 0.000140888, 0.000140888, 0.000140888, 0.000140888, 0.000140888, 0.000140888, 0.000141616, 0.000140888, 0.0123386, 0.000140888, 0.000140888
17.1552, 0, 0.0125348, 0.000171826, 1.41421, -0.0125348, 0, 0.000171826, 0.000171826, 0.000171826, 0.000171826, 0.000171826, 0.000171826, 0.000171826, 0.000171826, 0.000171826, 0.000171826, 0.000171826, 0.000171826, 0.000171826, 0.000171826, 0.000171826, 0.000171826, 0.000171826, 0.000172555, 0.000171826, 0.012534, 0.000171826, 0.000171826
17.1631, 0, 0.0127352, 0.000205531, 1.41421, -0.0127352, 0, 0.000205531, 0.000205531, 0.000205531, 0.000205531, 0.000205531, 0.000205531, 0.000205531, 0.000205531, 0.000205531, 0.000205531, 0.000205531, 0.000205531, 0.000205531, 0.000205531, 0.000205531, 0.000205531, 0.000205531, 0.00020626, 0.000205531, 0.0127345, 0.000205531, 0.000205531
17.171, 0, 0.0129399, 0.000241209, 1.41421, -0.0129399, 0, 0.000241209, 0.000241209, 0.000241209, 0.000241209, 0.000241209, 0.000241209, 0.000241209, 0.000241209, 0.000241209, 0.000241209, 0.000241209, 0.000241209, 0.000241209, 0.000241209, 0.000241209, 0.000241209, 0.000241209, 0.000241939, 0.000241209, 0.0129392, 0.000241209, 0.000241209
17.1789, 0, 0.0131487, 0.000278495, 1.41421, -0.0131487, 0, 0.000278495, 0.000278495, 0.000278495, 0.000278495, 0.000278495, 0.000278495, 0.000278495, 0.000278495, 0.000278495, 0.000278495, 0.000278495, 0.000278495, 0.000278495, 0.000278495, 0.000278495, 0.000278495, 0.000278495, 0.000279226, 0.000278495, 0.013148, 0.000278495, 0.000278495
17.1867, 4, 0.0133616, 0.000317514, 2.44949, 3.98664, 0, 0.000317514, 0.000317514, 0.000317514, 0.000317514, 0.000317514, 0.000317514, 0.000317514, 0.000317514, 0.000317514, 0.000317514, 0.000317514, 0.000317514, 0.000317514, 0.000317514, 0.000317514, 0.000317514, 0.000317514, 0.000318246, 0.000317514, 0.0133609, 0.000317514, 0.000317514
17.1946, 2, 0.0135788, 0.000358441, 2, 1.98642, 0, 0.000358441, 0.000358441, 0.000358441, 0.000358441, 0.000358441, 0.000358441, 0.000358441, 0.000358441, 0.000358441, 0.000358441, 0.000358441, 0.000358441, 0.000358441, 0.000358441, 0.000358441, 0.000358441, 0.000358441, 0.000359174, 0.000358441, 0.0135781, 0.000358441, 0.000358441
17.2025, 0, 0.0138006, 0.000401426, 1.41421, -0.0138006, 0, 0.000401426, 0.000401426, 0.000401426, 0.000401426, 0.000401426, 0.000401426, 0.000401426, 0.000401426, 0.000401426, 0.000401426, 0.000401426, 0.000401426, 0.000401426, 0.000401426, 0.000401426, 0.000401426, 0.000401426, 0.000402159, 0.000401426, 0.0137999, 0.000401426, 0.000401426
17.2104, 2, 0.0140271, 0.000446581, 2, 1.98597, 0, 0.000446581, 0.000446581, 0.000446581, 0.000446581, 0.000446581, 0.000446581, 0.000446581, 0.000446581, 0.000446581, 0.000446581, 0.000446581, 0.000446581, 0.000446581, 0.000446581, 0.000446581, 0.000446581, 0.000446581, 0.000447315, 0.000446581, 0.0140264, 0.000446581, 0.000446581
17.2183, 0, 0.0142584, 0.000493981, 1.41421, -0.0142584, 0, 0.000493981, 0.000493981, 0.000493981, 0.000493981, 0.000493981, 0.000493981, 0.000493981, 0.000493981, 0.000493981, 0.000493981, 0.000493981, 0.000493981, 0.000493981, 0.000493981, 0.000493981, 0.000493981, 0.000493981, 0.000494716, 0.000493981, 0.0142577, 0.000493981, 0.000493981
17.2262, 2, 0.0144937, 0.000542832, 2, 1.98551, 0, 0.000542832, 0.000542832, 0.000542832, 0.000542832, 0.000542832, 0.000542832, 0.000542832, 0.000542832, 0.000542832, 0.000542832, 0.000542832, 0.000542832, 0.000542832, 0.000542832, 0.000542832, 0.000542832, 0.000542832, 0.000543567, 0.000542832, 0.014493, 0.000542832, 0.000542832
17.234, 0, 0.0147327, 0.000592672, 1.41421, -0.0147327, 0, 0.000592672, 0.000592672, 0.000592672, 0.000592672, 0.000592672, 0.000592672, 0.000592672, 0.000592672, 0.000592672, 0.000592672, 0.000592672, 0.000592672, 0.000592672, 0.000592672, 0.000592672, 0.000592672, 0.000592672, 0.000593408, 0.000592672, 0.0147319, 0.000592672, 0.000592672
17.2419, 2, 0.0149746, 0.00064285, 2, 1.98503, 0, 0.00064285, 0.00064285, 0.00064285, 0.00064285, 0.00064285, 0.00064285, 0.00064285, 0.00064285, 0.00064285, 0.00064285, 0.00064285, 0.00064285, 0.00064285, 0.00064285, 0.00064285, 0.00064285, 0.00064285, 0.000643587, 0.00064285, 0.0149739, 0.00064285, 0.00064285
17.2498, 0, 0.0152197, 0.000693501, 1.41421, -0.0152197, 0, 0.000693501, 0.000693501, 0.000693501, 0.000693501, 0.000693501, 0.000693501, 0.000693501, 0.000693501, 0.000693501, 0.000693501, 0.000693501, 0.000693501, 0.000693501, 0.000693501, 0.000693501, 0.000693501, 0.000693501, 0.000694239, 0.000693501, 0.015219, 0.000693501, 0.000693501
17.2577, 0, 0.0154682, 0.000744737, 1.41421, -0.0154682, 0, 0.000744737, 0.000744737, 0.000744737, 0.000744737, 0.000744737, 0.000744737, 0.000744737, 0.000744737, 0.000744737, 0.000744737, 0.000744737, 0.000744737, 0.000744737, 0.000744737, 0.000744737, 0.000744737, 0.000744737, 0.000745475, 0.000744737, 0.0154674, 0.000744737, 0.000744737
17.2656, 2, 0.0157195, 0.000796116, 2, 1.98428, 0, 0.000796116, 0.000796116, 0.000796116, 0.000796116, 0.000796116, 0.000796116, 0.000796116, 0.000796116, 0.000796116, 0.000796116, 0.000796116, 0.000796116, 0.000796116, 0.000796116, 0.000796116, 0.000796116, 0.000796116, 0.000796854, 0.000796116, 0.0157188, 0.000796116, 0.000796116
17.2735, 0, 0.015974, 0.000847803, 1.41421, -0.015974, 0, 0.000847803, 0.000847803, 0.000847803, 0.000847803, 0.000847803, 0.000847803, 0.000847803, 0.000847803, 0.000847803, 0.000847803, 0.000847803, 0.000847803, 0.000847803, 0.000847803, 0.000847803, 0.000847803, 0.000847803, 0.000848542, 0.000847803, 0.0159732, 0.000847803, 0.000847803
17.2813, 0, 0.016231, 0.000899274, 1.41421, -0.016231, 0, 0.000899274, 0.000899274, 0.000899274, 0.000899274, 0.000899274, 0.000899274, 0.000899274, 0.000899274, 0.000899274, 0.000899274, 0.000899274, 0.000899274, 0.000899274, 0.000899274, 0.000899274, 0.000899274, 0.000899274, 0.000900014, 0.000899274, 0.0162303, 0.000899274, 0.000899274
17.2892, 0, 0.016491, 0.00095074, 1.41421, -0.016491, 0, 0.00095074, 0.00095074, 0.00095074, 0.00095074, 0.00095074, 0.00095074, 0.00095074, 0.00095074, 0.00095074, 0.00095074, 0.00095074, 0.00095074, 0.00095074, 0.00095074, 0.00095074, 0.00095074, 0.00095074, 0.000951481, 0.00095074, 0.0164903, 0.00095074, 0.00095074
17.2971, 0, 0.0167532, 0.00100149, 1.41421, -0.0167532, 0, 0.00100149, 0.00100149, 0.00100149, 0.00100149, 0.00100149, 0.00100149, 0.00100149, 0.00100149, 0.00100149, 0.00100149, 0.00100149, 0.00100149, 0.00100149, 0.00100149, 0.00100149, 0.00100149, 0.00100149, 0.00100223, 0.00100149, 0.0167525, 0.00100149, 0.00100149
17.305, 0, 0.017018, 0.00105175, 1.41421, -0.017018, 0, 0.00105175, 0.00105175, 0.00105175, 0.00105175, 0.00105175, 0.00105175, 0.00105175, 0.00105175, 0.00105175, 0.00105175, 0.00105175, 0.00105175, 0.00105175, 0.00105175, 0.00105175, 0.00105175, 0.00105175, 0.00105249, 0.00105175, 0.0170172, 0.00105175, 0.00105175
17.3129, 0, 0.0172857, 0.00110196, 1.41421, -0.0172857, 0, 0.00110196, 0.00110196, 0.00110196, 0.00110196, 0.00110196, 0.00110196, 0.00110196, 0.00110196, 0.00110196, 0.00110196, 0.00110196, 0.00110196, 0.00110196, 0.00110196, 0.00110196, 0.00110196, 0.00110196, 0.0011027, 0.00110196, 0.0172849, 0.00110196, 0.00110196
17.3207, 4, 0.0175567, 0.00115248, 2.44949, 3.98244, 0, 0.00115248, 0.00115248, 0.00115248, 0.00115248, 0.00115248, 0.00115248, 0.00115248, 0.00115248, 0.00115248, 0.00115248, 0.00115248, 0.00115248, 0.00115248, 0.00115248, 0.00115248, 0.00115248, 0.00115248, 0.00115322, 0.00115248, 0.017556, 0.00115248, 0.00115248
17.3286, 2, 0.0178316, 0.00120359, 2, 1.98217, 0, 0.00120359, 0.00120359, 0.00120359, 0.00120359, 0.00120359, 0.00120359, 0.00120359, 0.00120359, 0.00120359, 0.00120359, 0.00120359, 0.00120359, 0.00120359, 0.00120359, 0.00120359, 0.00120359, 0.00120359, 0.00120434, 0.00120359, 0.0178309, 0.00120359, 0.00120359
17.3365, 2, 0.018108, 0.00125307, 2, 1.98189, 0, 0.00125307, 0.00125307, 0.00125307, 0.00125307, 0.00125307, 0.00125307, 0.00125307, 0.00125307, 0.00125307, 0.00125307, 0.00125307, 0.00125307, 0.00125307, 0.00125307, 0.00125307, 0.00125307, 0.00125307, 0.00125381, 0.00125307, 0.0181072, 0.00125307, 0.00125307
17.3444, 0, 0.0183859, 0.00130088, 1.41421, -0.0183859, 0, 0.00130088, 0.00130088, 0.00130088, 0.00130088, 0.00130088, 0.00130088, 0.00130088, 0.00130088, 0.00130088, 0.00130088, 0.00130088, 0.00130088, 0.00130088, 0.00130088, 0.00130088, 0.00130088, 0.00130088, 0.00130163, 0.00130088, 0.0183852, 0.00130088, 0.00130088
17.3523, 0, 0.0186665, 0.001348, 1.41421, -0.0186665, 0, 0.001348, 0.001348, 0.001348, 0.001348, 0.001348, 0.001348, 0.001348, 0.001348, 0.001348, 0.001348, 0.001348, 0.001348, 0.001348, 0.001348, 0.001348, 0.001348, 0.001348, 0.00134875, 0.001348, 0.0186657, 0.001348, 0.001348
17.3602, 0, 0.0189503, 0.00139503, 1.41421, -0.0189503, 0, 0.00139503, 0.00139503, 0.00139503, 0.00139503, 0.00139503, 0.00139503, 0.00139503, 0.00139503, 0.00139503, 0.00139503, 0.00139503, 0.00139503, 0.00139503, 0.00139503, 0.00139503, 0.00139503, 0.00139503, 0.00139578, 0.00139503, 0.0189496, 0.00139503, 0.00139503
17.368, 0, 0.0192379, 0.00144233, 1.41421, -0.0192379, 0, 0.00144233, 0.00144233, 0.00144233, 0.00144233, 0.00144233, 0.00144233, 0.00144233, 0.00144233, 0.00144233, 0.00144233, 0.00144233, 0.00144233, 0.00144233, 0.00144233, 0.00144233, 0.00144233, 0.00144233, 0.00144308, 0.00144233, 0.0192371, 0.00144233, 0.00144233
17.3759, 0, 0.0195249, 0.00148561, 1.41421, -0.0195249, 0, 0.00148561, 0.00148561, 0.00148561, 0.00148561, 0.00148561, 0.00148561, 0.00148561, 0.00148561, 0.00148561, 0.00148561, 0.00148561, 0.00148561, 0.00148561, 0.00148561, 0.00148561, 0.00148561, 0.00148561, 0.00148635, 0.00148561, 0.0195242, 0.00148561, 0.00148561
17.3838, 2, 0.0198115, 0.00152479, 2, 1.98019, 0, 0.00152479, 0.00152479, 0.00152479, 0.00152479, 0.00152479, 0.00152479, 0.00152479, 0.00152479, 0.00152479, 0.00152479, 0.00152479, 0.00152479, 0.00152479, 0.00152479, 0.00152479, 0.00152479, 0.00152479, 0.00152554, 0.00152479, 0.0198107, 0.00152479, 0.00152479
17.3917, 0, 0.0200982, 0.00156057, 1.41421, -0.0200982, 0, 0.00156057, 0.00156057, 0.00156057, 0.00156057, 0.00156057, 0.00156057, 0.00156057, 0.00156057, 0.00156057, 0.00156057, 0.00156057, 0.00156057, 0.00156057, 0.00156057, 0.00156057, 0.00156057, 0.00156057, 0.00156132, 0.00156057, 0.0200975, 0.00156057, 0.00156057
17.3996, 2, 0.0203865, 0.00159404, 2, 1.97961, 0, 0.00159404, 0.00159404, 0.00159404, 0.00159404, 0.00159404, 0.00159404, 0.00159404, 0.00159404, 0.00159404, 0.00159404, 0.00159404, 0.00159404, 0.00159404, 0.00159404, 0.00159404, 0.00159404, 0.00159404, 0.00159479, 0.00159404, 0.0203857, 0.00159404, 0.00159404
17.4075, 0, 0.0206775, 0.00162648, 1.41421, -0.0206775, 0, 0.00162648, 0.00162648, 0.00162648, 0.00162648, 0.00162648, 0.00162648, 0.00162648, 0.00162648, 0.00162648, 0.00162648, 0.00162648, 0.00162648, 0.00162648, 0.00162648, 0.00162648, 0.00162648, 0.00162648, 0.00162723, 0.00162648, 0.0206768, 0.00162648, 0.00162648
17.4153, 2, 0.0209728, 0.00165925, 2, 1.97903, 0, 0.00165925, 0.00165925, 0.00165925, 0.00165925, 0.00165925, 0.00165925, 0.00165925, 0.00165925, 0.00165925, 0.00165925, 0.00165925, 0.00165925, 0.00165925, 0.00165925, 0.00165925, 0.00165925, 0.00165925, 0.00166001, 0.00165925, 0.0209721, 0.00165925, 0.00165925
17.4232, 2, 0.0212776, 0.00169746, 2, 1.97872, 0, 0.00169746, 0.00169746, 0.00169746, 0.00169746, 0.00169746, 0.00169746, 0.00169746, 0.00169746, 0.00169746, 0.00169746, 0.00169746, 0.00169746, 0.00169746, 0.00169746, 0.00169746, 0.00169746, 0.00169746, 0.00169821, 0.00169746, 0.0212768, 0.00169746, 0.00169746
17.4311, 2, 0.0215829, 0.0017322, 2, 1.97842, 0, 0.0017322, 0.0017322, 0.0017322, 0.0017322, 0.0017322, 0.0017322, 0.0017322, 0.0017322, 0.0017322, 0.0017322, 0.0017322, 0.0017322, 0.0017322, 0.0017322, 0.0017322, 0.0017322, 0.0017322, 0.00173295, 0.0017322, 0.0215822, 0.0017322, 0.0017322
17.439, 2, 0.0218898, 0.0017642, 2, 1.97811, 0, 0.0017642, 0.0017642, 0.0017642, 0.0017642, 0.0017642, 0.0017642, 0.0017642, 0.0017642, 0.0017642, 0.0017642, 0.0017642, 0.0017642, 0.0017642, 0.0017642, 0.0017642, 0.0017642, 0.0017642, 0.00176496, 0.0017642, 0.0218891, 0.0017642, 0.0017642
17.4469, 0, 0.0221996, 0.00179495, 1.41421, -0.0221996, 0, 0.00179495, 0.00179495, 0.00179495, 0.00179495, 0.00179495, 0.00179495, 0.00179495, 0.00179495, 0.00179495, 0.00179495, 0.00179495, 0.00179495, 0.00179495, 0.00179495, 0.00179495, 0.00179495, 0.00179495, 0.0017957, 0.00179495, 0.0221989, 0.00179495, 0.00179495
17.4548, 0, 0.0225097, 0.00182156, 1.41421, -0.0225097, 0, 0.00182156, 0.00182156, 0.00182156, 0.00182156, 0.00182156, 0.00182156, 0.00182156, 0.00182156, 0.00182156, 0.00182156, 0.00182156, 0.00182156, 0.00182156, 0.00182156, 0.00182156, 0.00182156, 0.00182156, 0.00182231, 0.00182156, 0.0225089, 0.00182156, 0.00182156
17.4626, 2, 0.0228183, 0.00184222, 2, 1.97718, 0, 0.00184222, 0.00184222, 0.00184222, 0.00184222, 0.00184222, 0.00184222, 0.00184222, 0.00184222, 0.00184222, 0.00184222, 0.00184222, 0.00184222, 0.00184222, 0.00184222, 0.00184222, 0.00184222, 0.00184222, 0.00184298, 0.00184222, 0.0228175, 0.00184222, 0.00184222
17.4705, 0, 0.0231254, 0.00185688, 1.41421, -0.0231254, 0, 0.00185688, 0.00185688, 0.00185688, 0.00185688, 0.00185688, 0.00185688, 0.00185688, 0.00185688, 0.00185688, 0.00185688, 0.00185688, 0.00185688, 0.00185688, 0.00185688, 0.00185688, 0.00185688, 0.00185688, 0.00185764, 0.00185688, 0.0231246, 0.00185688, 0.00185688
17.4784, 0, 0.0234326, 0.00186701, 1.41421, -0.0234326, 0, 0.00186701, 0.00186701, 0.00186701, 0.00186701, 0.00186701, 0.00186701, 0.00186701, 0.00186701, 0.00186701, 0.00186701, 0.00186701, 0.00186701, 0.00186701, 0.00186701, 0.00186701, 0.00186701, 0.00186701, 0.00186776, 0.00186701, 0.0234319, 0.00186701, 0.00186701
17.4863, 0, 0.0237423, 0.00187486, 1.41421, -0.0237423, 0, 0.00187486, 0.00187486, 0.00187486, 0.00187486, 0.00187486, 0.00187486, 0.00187486, 0.00187486, 0.00187486, 0.00187486, 0.00187486, 0.00187486, 0.00187486, 0.00187486, 0.00187486, 0.00187486, 0.00187486, 0.00187562, 0.00187486, 0.0237416, 0.00187486, 0.00187486
17.4942, 0, 0.0240569, 0.00188273, 1.41421, -0.0240569, 0, 0.00188273, 0.00188273, 0.00188273, 0.00188273, 0.00188273, 0.00188273, 0.00188273, 0.00188273, 0.00188273, 0.00188273, 0.00188273, 0.00188273, 0.00188273, 0.00188273, 0.00188273, 0.00188273, 0.00188273, 0.00188349, 0.00188273, 0.0240561, 0.00188273, 0.00188273
17.5021, 2, 0.0243912, 0.00190544, 2, 1.97561, 0, 0.00190544, 0.00190544, 0.00190544, 0.00190544, 0.00190544, 0.00190544, 0.00190544, 0.00190544, 0.00190544, 0.00190544, 0.00190544, 0.00190544, 0.00190544, 0.00190544, 0.00190544, 0.00190544, 0.00190544, 0.0019062, 0.00190544, 0.0243904, 0.00190544, 0.00190544
17.5099, 0, 0.024723, 0.0019206, 1.41421, -0.024723, 0, 0.0019206, 0.0019206, 0.0019206, 0.0019206, 0.0019206, 0.0019206, 0.0019206, 0.0019206, 0.0019206, 0.0019206, 0.0019206, 0.0019206, 0.0019206, 0.0019206, 0.0019206, 0.0019206, 0.0019206, 0.00192136, 0.0019206, 0.0247222, 0.0019206, 0.0019206
17.5178, 2, 0.0250536, 0.00192933, 2, 1.97495, 0, 0.00192933, 0.00192933, 0.00192933, 0.00192933, 0.00192933, 0.00192933, 0.00192933, 0.00192933, 0.00192933, 0.00192933, 0.00192933, 0.00192933, 0.00192933, 0.00192933, 0.00192933, 0.00192933, 0.00192933, 0.0019301, 0.00192933, 0.0250528, 0.00192933, 0.00192933
17.5257, 2, 0.0253862, 0.00193485, 2, 1.97461, 0, 0.00193485, 0.00193485, 0.00193485, 0.00193485, 0.00193485, 0.00193485, 0.00193485, 0.00193485, 0.00193485, 0.00193485, 0.00193485, 0.00193485, 0.00193485, 0.00193485, 0.00193485, 0.00193485, 0.00193485, 0.00193561, 0.00193485, 0.0253854, 0.00193485, 0.00193485
17.5336, 0, 0.0257242, 0.00194037, 1.41421, -0.0257242, 0, 0.00194037, 0.00194037, 0.00194037, 0.00194037, 0.00194037, 0.00194037, 0.00194037, 0.00194037, 0.00194037, 0.00194037, 0.00194037, 0.00194037, 0.00194037, 0.00194037, 0.00194037, 0.00194037, 0.00194037, 0.00194113, 0.00194037, 0.0257234, 0.00194037, 0.00194037
17.5415, 0, 0.0260624, 0.00194058, 1.41421, -0.0260624, 0, 0.00194058, 0.00194058, 0.00194058, 0.00194058, 0.00194058, 0.00194058, 0.00194058, 0.00194058, 0.00194058, 0.00194058, 0.00194058, 0.00194058, 0.00194058, 0.00194058, 0.00194058, 0.00194058, 0.00194058, 0.00194135, 0.00194058, 0.0260616, 0.00194058, 0.00194058
17.5493, 0, 0.0263983, 0.00193293, 1.41421, -0.0263983, 0, 0.00193293, 0.00193293, 0.00193293, 0.00193293, 0.00193293, 0.00193293, 0.00193293, 0.00193293, 0.00193293, 0.00193293, 0.00193293, 0.00193293, 0.00193293, 0.00193293, 0.00193293, 0.00193293, 0.00193293, 0.0019337, 0.00193293, 0.0263976, 0.00193293, 0.00193293
17.5572, 0, 0.0267335, 0.00191884, 1.41421, -0.0267335, 0, 0.00191884, 0.00191884, 0.00191884, 0.00191884, 0.00191884, 0.00191884, 0.00191884, 0.00191884, 0.00191884, 0.00191884, 0.00191884, 0.00191884, 0.00191884, 0.00191884, 0.00191884, 0.00191884, 0.00191884, 0.00191961, 0.00191884, 0.0267328, 0.00191884, 0.00191884
17.5651, 0, 0.0270714, 0.00190158, 1.41421, -0.0270714, 0, 0.00190158, 0.00190158, 0.00190158, 0.00190158, 0.00190158, 0.00190158, 0.00190158, 0.00190158, 0.00190158, 0.00190158, 0.00190158, 0.00190158, 0.00190158, 0.00190158, 0.00190158, 0.00190158, 0.00190158, 0.00190235, 0.00190158, 0.0270707, 0.00190158, 0.00190158
17.573, 0, 0.0274154, 0.0018844, 1.41421, -0.0274154, 0, 0.0018844, 0.0018844, 0.0018844, 0.0018844, 0.0018844, 0.0018844, 0.0018844, 0.0018844, 0.0018844, 0.0018844, 0.0018844, 0.0018844, 0.0018844, 0.0018844, 0.0018844, 0.0018844, 0.0018844, 0.00188517, 0.0018844, 0.0274146, 0.0018844, 0.0018844
17.5809, 2, 0.0277864, 0.00188809, 2, 1.97221, 0, 0.00188809, 0.00188809, 0.00188809, 0.00188809, 0.00188809, 0.00188809, 0.00188809, 0.00188809, 0.00188809, 0.00188809, 0.00188809, 0.00188809, 0.00188809, 0.00188809, 0.00188809, 0.00188809, 0.00188809, 0.00188886, 0.00188809, 0.0277856, 0.00188809, 0.00188809
17.5888, 2, 0.0281536, 0.00188177, 2, 1.97185, 0, 0.00188177, 0.00188177, 0.00188177, 0.00188177, 0.00188177, 0.00188177, 0.00188177, 0.00188177, 0.00188177, 0.00188177, 0.00188177, 0.00188177, 0.00188177, 0.00188177, 0.00188177, 0.00188177, 0.00188177, 0.00188254, 0.00188177, 0.0281528, 0.00188177, 0.00188177
17.5966, 0, 0.0285188, 0.001867, 1.41421, -0.0285188, 0, 0.001867, 0.001867, 0.001867, 0.001867, 0.001867, 0.001867, 0.001867, 0.001867, 0.001867, 0.001867, 0.001867, 0.001867, 0.001867, 0.001867, 0.001867, 0.001867, 0.001867, 0.00186777, 0.001867, 0.0285181, 0.001867, 0.001867
17.6045, 2, 0.0288866, 0.00184807, 2, 1.97111, 0, 0.00184807, 0.00184807, 0.00184807, 0.00184807, 0.00184807, 0.00184807, 0.00184807, 0.00184807, 0.00184807, 0.00184807, 0.00184807, 0.00184807, 0.00184807, 0.00184807, 0.00184807, 0.00184807, 0.00184807, 0.00184885, 0.00184807, 0.0288858, 0.00184807, 0.00184807
17.6124, 0, 0.0292611, 0.00182925, 1.41421, -0.0292611, 0, 0.00182925, 0.00182925, 0.00182925, 0.00182925, 0.00182925, 0.00182925, 0.00182925, 0.00182925, 0.00182925, 0.00182925, 0.00182925, 0.00182925, 0.00182925, 0.00182925, 0.00182925, 0.00182925, 0.00182925, 0.00183002, 0.00182925, 0.0292603, 0.00182925, 0.00182925
17.6203, 0, 0.0296445, 0.00181229, 1.41421, -0.0296445, 0, 0.00181229, 0.00181229, 0.00181229, 0.00181229, 0.00181229, 0.00181229, 0.00181229, 0.00181229, 0.00181229, 0.00181229, 0.00181229, 0.00181229, 0.00181229, 0.00181229, 0.00181229, 0.00181229, 0.00181229, 0.00181306, 0.00181229, 0.0296437, 0.00181229, 0.00181229
17.6282, 0, 0.0300256, 0.00178579, 1.41421, -0.0300256, 0, 0.00178579, 0.00178579, 0.00178579, 0.00178579, 0.00178579, 0.00178579, 0.00178579, 0.00178579, 0.00178579, 0.00178579, 0.00178579, 0.00178579, 0.00178579, 0.00178579, 0.00178579, 0.00178579, 0.00178579, 0.00178656, 0.00178579, 0.0300248, 0.00178579, 0.00178579
17.6361, 0, 0.0304063, 0.00175153, 1.41421, -0.0304063, 0, 0.00175153, 0.00175153, 0.00175153, 0.00175153, 0.00175153, 0.00175153, 0.00175153, 0.00175153, 0.00175153, 0.00175153, 0.00175153, 0.00175153, 0.00175153, 0.00175153, 0.00175153, 0.00175153, 0.00175153, 0.0017523, 0.00175153, 0.0304055, 0.00175153, 0.00175153
17.6439, 0, 0.030791, 0.00171367, 1.41421, -0.030791, 0, 0.00171367, 0.00171367, 0.00171367, 0.00171367, 0.00171367, 0.00171367, 0.00171367, 0.00171367, 0.00171367, 0.00171367, 0.00171367, 0.00171367, 0.00171367, 0.00171367, 0.00171367, 0.00171367, 0.00171367, 0.00171444, 0.00171367, 0.0307902, 0.00171367, 0.00171367
17.6518, 2, 0.0311839, 0.00167622, 2, 1.96882, 0, 0.00167622, 0.00167622, 0.00167622, 0.00167622, 0.00167622, 0.00167622, 0.00167622, 0.00167622, 0.00167622, 0.00167622, 0.00167622, 0.00167622, 0.00167622, 0.00167622, 0.00167622, 0.00167622, 0.00167622, 0.00167699, 0.00167622, 0.0311831, 0.00167622, 0.00167622
17.6597, 2, 0.0316087, 0.00166254, 2, 1.96839, 0, 0.00166254, 0.00166254, 0.00166254, 0.00166254, 0.00166254, 0.00166254, 0.00166254, 0.00166254, 0.00166254, 0.00166254, 0.00166254, 0.00166254, 0.00166254, 0.00166254, 0.00166254, 0.00166254, 0.00166254, 0.00166332, 0.00166254, 0.0316079, 0.00166254, 0.00166254
17.6676, 4, 0.032031, 0.00163812, 2.44949, 3.96797, 0, 0.00163812, 0.00163812, 0.00163812, 0.00163812, 0.00163812, 0.00163812, 0.00163812, 0.00163812, 0.00163812, 0.00163812, 0.00163812, 0.00163812, 0.00163812, 0.00163812, 0.00163812, 0.00163812, 0.00163812, 0.0016389, 0.00163812, 0.0320302, 0.00163812, 0.00163812
17.6755, 0, 0.0324528, 0.00160468, 1.41421, -0.0324528, 0, 0.00160468, 0.00160468, 0.00160468, 0.00160468, 0.00160468, 0.00160468, 0.00160468, 0.00160468, 0.00160468, 0.00160468, 0.00160468, 0.00160468, 0.00160468, 0.00160468, 0.00160468, 0.00160468, 0.00160468, 0.00160546, 0.00160468, 0.0324521, 0.00160468, 0.00160468
17.6834, 0, 0.0328793, 0.00156705, 1.41421, -0.0328793, 0, 0.00156705, 0.00156705, 0.00156705, 0.00156705, 0.00156705, 0.00156705, 0.00156705, 0.00156705, 0.00156705, 0.00156705, 0.00156705, 0.00156705, 0.00156705, 0.00156705, 0.00156705, 0.00156705, 0.00156705, 0.00156783, 0.00156705, 0.0328785, 0.00156705, 0.00156705
17.6912, 0, 0.0333153, 0.00152987, 1.41421, -0.0333153, 0, 0.00152987, 0.00152987, 0.00152987, 0.00152987, 0.00152987, 0.00152987, 0.00152987, 0.00152987, 0.00152987, 0.00152987, 0.00152987, 0.00152987, 0.00152987, 0.00152987, 0.00152987, 0.00152987, 0.00152987, 0.00153065, 0.00152987, 0.0333145, 0.00152987, 0.00152987
17.6991, 0, 0.0337668, 0.00149874, 1.41421, -0.0337668, 0, 0.00149874, 0.00149874, 0.00149874, 0.00149874, 0.00149874, 0.00149874, 0.00149874, 0.00149874, 0.00149874, 0.00149874, 0.00149874, 0.00149874, 0.00149874, 0.00149874, 0.00149874, 0.00149874, 0.00149874, 0.00149952, 0.00149874, 0.033766, 0.00149874, 0.00149874
17.707, 2, 0.0342195, 0.00145916, 2, 1.96578, 0, 0.00145916, 0.00145916, 0.00145916, 0.00145916, 0.00145916, 0.00145916, 0.00145916, 0.00145916, 0.00145916, 0.00145916, 0.00145916, 0.00145916, 0.00145916, 0.00145916, 0.00145916, 0.00145916, 0.00145916, 0.00145994, 0.00145916, 0.0342187, 0.00145916, 0.00145916
17.7149, 0, 0.0346748, 0.00141207, 1.41421, -0.0346748, 0, 0.00141207, 0.00141207, 0.00141207, 0.00141207, 0.00141207, 0.00141207, 0.00141207, 0.00141207, 0.00141207, 0.00141207, 0.00141207, 0.00141207, 0.00141207, 0.00141207, 0.00141207, 0.00141207, 0.00141207, 0.00141286, 0.00141207, 0.034674, 0.00141207, 0.00141207
17.7228, 0, 0.0351289, 0.00135363, 1.41421, -0.0351289, 0, 0.00135363, 0.00135363, 0.00135363, 0.00135363, 0.00135363, 0.00135363, 0.00135363, 0.00135363, 0.00135363, 0.00135363, 0.00135363, 0.00135363, 0.00135363, 0.00135363, 0.00135363, 0.00135363, 0.00135363, 0.00135441, 0.00135363, 0.0351281, 0.00135363, 0.00135363
17.7307, 0, 0.0355851, 0.0012865, 1.41421, -0.0355851, 0, 0.0012865, 0.0012865, 0.0012865, 0.0012865, 0.0012865, 0.0012865, 0.0012865, 0.0012865, 0.0012865, 0.0012865, 0.0012865, 0.0012865, 0.0012865, 0.0012865, 0.0012865, 0.0012865, 0.0012865, 0.00128728, 0.0012865, 0.0355843, 0.0012865, 0.0012865
17.7385, 2, 0.036047, 0.00121395, 2, 1.96395, 0, 0.00121395, 0.00121395, 0.00121395, 0.00121395, 0.00121395, 0.00121395, 0.00121395, 0.00121395, 0.00121395, 0.00121395, 0.00121395, 0.00121395, 0.00121395, 0.00121395, 0.00121395, 0.00121395, 0.00121395, 0.00121474, 0.00121395, 0.0360462, 0.00121395, 0.00121395
17.7464, 2, 0.0365174, 0.0011385, 2, 1.96348, 0, 0.0011385, 0.0011385, 0.0011385, 0.0011385, 0.0011385, 0.0011385, 0.0011385, 0.0011385, 0.0011385, 0.0011385, 0.0011385, 0.0011385, 0.0011385, 0.0011385, 0.0011385, 0.0011385, 0.0011385, 0.00113928, 0.0011385, 0.0365166, 0.0011385, 0.0011385
17.7543, 4, 0.0369912, 0.00105465, 2.44949, 3.96301, 0, 0.00105465, 0.00105465, 0.00105465, 0.00105465, 0.00105465, 0.00105465, 0.00105465, 0.00105465, 0.00105465, 0.00105465, 0.00105465, 0.00105465, 0.00105465, 0.00105465, 0.00105465, 0.00105465, 0.00105465, 0.00105543, 0.00105465, 0.0369904, 0.00105465, 0.00105465
17.7622, 0, 0.0374712, 0.000964813, 1.41421, -0.0374712, 0, 0.000964813, 0.000964813, 0.000964813, 0.000964813, 0.000964813, 0.000964813, 0.000964813, 0.000964813, 0.000964813, 0.000964813, 0.000964813, 0.000964813, 0.000964813, 0.000964813, 0.000964813, 0.000964813, 0.000964813, 0.0009656, 0.000964813, 0.0374704, 0.000964813, 0.000964813
17.7701, 0, 0.0379614, 0.000872503, 1.41421, -0.0379614, 0, 0.000872503, 0.000872503, 0.000872503, 0.000872503, 0.000872503, 0.000872503, 0.000872503, 0.000872503, 0.000872503, 0.000872503, 0.000872503, 0.000872503, 0.000872503, 0.000872503, 0.000872503, 0.000872503, 0.000872503, 0.000873292, 0.000872503, 0.0379606, 0.000872503, 0.000872503
17.778, 0, 0.0384651, 0.000780777, 1.41421, -0.0384651, 0, 0.000780777, 0.000780777, 0.000780777, 0.000780777, 0.000780777, 0.000780777, 0.000780777, 0.000780777, 0.000780777, 0.000780777, 0.000780777, 0.000780777, 0.000780777, 0.000780777, 0.000780777, 0.000780777, 0.000780777, 0.000781567, 0.000780777, 0.0384643, 0.000780777, 0.000780777
17.7858, 0, 0.0389811, 0.000687993, 1.41421, -0.0389811, 0, 0.000687993, 0.000687993, 0.000687993, 0.000687993, 0.000687993, 0.000687993, 0.000687993, 0.000687993, 0.000687993, 0.000687993, 0.000687993, 0.000687993, 0.000687993, 0.000687993, 0.000687993, 0.000687993, 0.000687993, 0.000688784, 0.000687993, 0.0389803, 0.000687993, 0.000687993
17.7937, 0, 0.039512, 0.000596238, 1.41421, -0.039512, 0, 0.000596238, 0.000596238, 0.000596238, 0.000596238, 0.000596238, 0.000596238, 0.000596238, 0.000596238, 0.000596238, 0.000596238, 0.000596238, 0.000596238, 0.000596238, 0.000596238, 0.000596238, 0.000596238, 0.000596238, 0.000597029, 0.000596238, 0.0395112, 0.000596238, 0.000596238
17.8016, 0, 0.0400606, 0.000507904, 1.41421, -0.0400606, 0, 0.000507904, 0.000507904, 0.000507904, 0.000507904, 0.000507904, 0.000507904, 0.000507904, 0.000507904, 0.000507904, 0.000507904, 0.000507904, 0.000507904, 0.000507904, 0.000507904, 0.000507904, 0.000507904, 0.000507904, 0.000508696, 0.000507904, 0.0400598, 0.000507904, 0.000507904
17.8095, 0, 0.0406292, 0.000424796, 1.41421, -0.0406292, 0, 0.000424796, 0.000424796, 0.000424796, 0.000424796, 0.000424796, 0.000424796, 0.000424796, 0.000424796, 0.000424796, 0.000424796, 0.000424796, 0.000424796, 0.000424796, 0.000424796, 0.000424796, 0.000424796, 0.000424796, 0.000425589, 0.000424796, 0.0406284, 0.000424796, 0.000424796
17.8174, 0, 0.0412168, 0.000345539, 1.41421, -0.0412168, 0, 0.000345539, 0.000345539, 0.000345539, 0.000345539, 0.000345539, 0.000345539, 0.000345539, 0.000345539, 0.000345539, 0.000345539, 0.000345539, 0.000345539, 0.000345539, 0.000345539, 0.000345539, 0.000345539, 0.000345539, 0.000346333, 0.000345539, 0.041216, 0.000345539, 0.000345539
17.8252, 2, 0.0418256, 0.000271665, 2, 1.95817, 0, 0.000271665, 0.000271665, 0.000271665, 0.000271665, 0.000271665, 0.000271665, 0.000271665, 0.000271665, 0.000271665, 0.000271665, 0.000271665, 0.000271665, 0.000271665, 0.000271665, 0.000271665, 0.000271665, 0.000271665, 0.00027246, 0.000271665, 0.0418248, 0.000271665, 0.000271665
17.8331, 2, 0.0424575, 0.000204927, 2, 1.95754, 0, 0.000204927, 0.000204927, 0.000204927, 0.000204927, 0.000204927, 0.000204927, 0.000204927, 0.000204927, 0.000204927, 0.000204927, 0.000204927, 0.000204927, 0.000204927, 0.000204927, 0.000204927, 0.000204927, 0.000204927, 0.000205723, 0.000204927, 0.0424567, 0.000204927, 0.000204927
17.841, 0, 0.0431145, 0.000146368, 1.41421, -0.0431145, 0, 0.000146368, 0.000146368, 0.000146368, 0.000146368, 0.000146368, 0.000146368, 0.000146368, 0.000146368, 0.000146368, 0.000146368, 0.000146368, 0.000146368, 0.000146368, 0.000146368, 0.000146368, 0.000146368, 0.000146368, 0.000147165, 0.000146368, 0.0431137, 0.000146368, 0.000146368
17.8489, 0, 0.0437978, 9.69509e-05, 1.41421, -0.0437978, 0, 9.69509e-05, 9.69509e-05, 9.69509e-05, 9.69509e-05, 9.69509e-05, 9.69509e-05, 9.69509e-05, 9.69509e-05, 9.69509e-05, 9.69509e-05, 9.69509e-05, 9.69509e-05, 9.69509e-05, 9.69509e-05, 9.69509e-05, 9.69509e-05, 9.69509e-05, 9.77495e-05, 9.69509e-05, 0.043797, 9.69509e-05, 9.69509e-05
17.8568, 0, 0.0445074, 5.60292e-05, 1.41421, -0.0445074, 0, 5.60292e-05, 5.60292e-05, 5.60292e-05, 5.60292e-05, 5.60292e-05, 5.60292e-05, 5.60292e-05, 5.60292e-05, 5.60292e-05, 5.60292e-05, 5.60292e-05, 5.60292e-05, 5.60292e-05, 5.60292e-05, 5.60292e-05, 5.60292e-05, 5.60292e-05, 5.68291e-05, 5.60292e-05, 0.0445066, 5.60292e-05, 5.60292e-05
17.8647, 0, 0.0452455, 2.52373e-05, 1.41421, -0.0452455, 0, 2.52373e-05, 2.52373e-05, 2.52373e-05, 2.52373e-05, 2.52373e-05, 2.52373e-05, 2.52373e-05, 2.52373e-05, 2.52373e-05, 2.52373e-05, 2.52373e-05, 2.52373e-05, 2.52373e-05, 2.52373e-05, 2.52373e-05, 2.52373e-05, 2.52373e-05, 2.60386e-05, 2.52373e-05, 0.0452447, 2.52373e-05, 2.52373e-05
17.8725, 0, 0.0460143, 6.30933e-06, 1.41421, -0.0460143, 0, 6.30933e-06, 6.30933e-06, 6.30933e-06, 6.30933e-06, 6.30933e-06, 6.30933e-06, 6.30933e-06, 6.30933e-06, 6.30933e-06, 6.30933e-06, 6.30933e-06, 6.30933e-06, 6.30933e-06, 6.30933e-06, 6.30933e-06, 6.30933e-06, 6.30933e-06, 7.11216e-06, 6.30933e-06, 0.0460135, 6.30933e-06, 6.30933e-06
17.8804, 0, 0.0468154, 0, 1.41421, -0.0468154, 0, 0, 0, 0, 0, 0, 0, 0, 0, 0, 0, 0, 0, 0, 0, 0, 0, 0, 8.045e-07, 0, 0.0468146, 0, 0
17.8883, 0, 0.0476428, 0, 1.41421, -0.0476428, 0, 0, 0, 0, 0, 0, 0, 0, 0, 0, 0, 0, 0, 0, 0, 0, 0, 0, 8.0636e-07, 0, 0.047642, 0, 0
17.8962, 0, 0.0484909, 0, 1.41421, -0.0484909, 0, 0, 0, 0, 0, 0, 0, 0, 0, 0, 0, 0, 0, 0, 0, 0, 0, 0, 8.08446e-07, 0, 0.04849, 0, 0
17.9041, 0, 0.0493603, 0, 1.41421, -0.0493603, 0, 0, 0, 0, 0, 0, 0, 0, 0, 0, 0, 0, 0, 0, 0, 0, 0, 0, 8.10808e-07, 0, 0.0493595, 0, 0
17.912, 0, 0.0502523, 5.63345e-07, 1.41421, -0.0502523, 0, 5.63345e-07, 5.63345e-07, 5.63345e-07, 5.63345e-07, 5.63345e-07, 5.63345e-07, 5.63345e-07, 5.63345e-07, 5.63345e-07, 5.63345e-07, 5.63345e-07, 5.63345e-07, 5.63345e-07, 5.63345e-07, 5.63345e-07, 5.63345e-07, 5.63345e-07, 1.37685e-06, 5.63345e-07, 0.0502515, 5.63345e-07, 5.63345e-07
17.9198, 0, 0.051168, 2.14447e-06, 1.41421, -0.051168, 0, 2.14447e-06, 2.14447e-06, 2.14447e-06, 2.14447e-06, 2.14447e-06, 2.14447e-06, 2.14447e-06, 2.14447e-06, 2.14447e-06, 2.14447e-06, 2.14447e-06, 2.14447e-06, 2.14447e-06, 2.14447e-06, 2.14447e-06, 2.14447e-06, 2.14447e-06, 2.9611e-06, 2.14447e-06, 0.0511672, 2.14447e-06, 2.14447e-06
17.9277, 0, 0.0521081, 4.61546e-06, 1.41421, -0.0521081, 0, 4.61546e-06, 4.61546e-06, 4.61546e-06, 4.61546e-06, 4.61546e-06, 4.61546e-06, 4.61546e-06, 4.61546e-06, 4.61546e-06, 4.61546e-06, 4.61546e-06, 4.61546e-06, 4.61546e-06, 4.61546e-06, 4.61546e-06, 4.61546e-06, 4.61546e-06, 5.43571e-06, 4.61546e-06, 0.0521073, 4.61546e-06, 4.61546e-06
17.9356, 0, 0.0530731, 7.89267e-06, 1.41421, -0.0530731, 0, 7.89267e-06, 7.89267e-06, 7.89267e-06, 7.89267e-06, 7.89267e-06, 7.89267e-06, 7.89267e-06, 7.89267e-06, 7.89267e-06, 7.89267e-06, 7.89267e-06, 7.89267e-06, 7.89267e-06, 7.89267e-06, 7.89267e-06, 7.89267e-06, 7.89267e-06, 8.71714e-06, 7.89267e-06, 0.0530723, 7.89267e-06, 7.89267e-06
17.9435, 0, 0.0540638, 1.19367e-05, 1.41421, -0.0540638, 0, 1.19367e-05, 1.19367e-05, 1.19367e-05, 1.19367e-05, 1.19367e-05, 1.19367e-05, 1.19367e-05, 1.19367e-05, 1.19367e-05, 1.19367e-05, 1.19367e-05, 1.19367e-05, 1.19367e-05, 1.19367e-05, 1.19367e-05, 1.19367e-05, 1.19367e-05, 1.27661e-05, 1.19367e-05, 0.0540629, 1.19367e-05, 1.19367e-05
17.9514, 2, 0.0550798, 1.5957e-05, 2, 1.94492, 0, 1.5957e-05, 1.5957e-05, 1.5957e-05, 1.5957e-05, 1.5957e-05, 1.5957e-05, 1.5957e-05, 1.5957e-05, 1.5957e-05, 1.5957e-05, 1.5957e-05, 1.5957e-05, 1.5957e-05, 1.5957e-05, 1.5957e-05, 1.5957e-05, 1.5957e-05, 1.67923e-05, 1.5957e-05, 0.055079, 1.5957e-05, 1.5957e-05
17.9593, 0, 0.0561223, 1.9645e-05, 1.41421, -0.0561223, 0, 1.9645e-05, 1.9645e-05, 1.9645e-05, 1.9645e-05, 1.9645e-05, 1.9645e-05, 1.9645e-05, 1.9645e-05, 1.9645e-05, 1.9645e-05, 1.9645e-05, 1.9645e-05, 1.9645e-05, 1.9645e-05, 1.9645e-05, 1.9645e-05, 1.9645e-05, 2.04872e-05, 1.9645e-05, 0.0561215, 1.9645e-05, 1.9645e-05
17.9671, 0, 0.0571917, 2.29859e-05, 1.41421, -0.0571917, 0, 2.29859e-05, 2.29859e-05, 2.29859e-05, 2.29859e-05, 2.29859e-05, 2.29859e-05, 2.29859e-05, 2.29859e-05, 2.29859e-05, 2.29859e-05, 2.29859e-05, 2.29859e-05, 2.29859e-05, 2.29859e-05, 2.29859e-05, 2.29859e-05, 2.29859e-05, 2.38364e-05, 2.29859e-05, 0.0571909, 2.29859e-05, 2.29859e-05
17.975, 0, 0.0582888, 2.58639e-05, 1.41421, -0.0582888, 0, 2.58639e-05, 2.58639e-05, 2.58639e-05, 2.58639e-05, 2.58639e-05, 2.58639e-05, 2.58639e-05, 2.58639e-05, 2.58639e-05, 2.58639e-05, 2.58639e-05, 2.58639e-05, 2.58639e-05, 2.58639e-05, 2.58639e-05, 2.58639e-05, 2.58639e-05, 2.67242e-05, 2.58639e-05, 0.058288, 2.58639e-05, 2.58639e-05
17.9829, 0, 0.059414, 2.77414e-05, 1.41421, -0.059414, 0, 2.77414e-05, 2.77414e-05, 2.77414e-05, 2.77414e-05, 2.77414e-05, 2.77414e-05, 2.77414e-05, 2.77414e-05, 2.77414e-05, 2.77414e-05, 2.77414e-05, 2.77414e-05, 2.77414e-05, 2.77414e-05, 2.77414e-05, 2.77414e-05, 2.77414e-05, 2.86133e-05, 2.77414e-05, 0.0594131, 2.77414e-05, 2.77414e-05
17.9908, 2, 0.0605683, 2.85183e-05, 2, 1.93943, 0, 2.85183e-05, 2.85183e-05, 2.85183e-05, 2.85183e-05, 2.85183e-05, 2.85183e-05, 2.85183e-05, 2.85183e-05, 2.85183e-05, 2.85183e-05, 2.85183e-05, 2.85183e-05, 2.85183e-05, 2.85183e-05, 2.85183e-05, 2.85183e-05, 2.85183e-05, 2.94039e-05, 2.85183e-05, 0.0605674, 2.85183e-05, 2.85183e-05
17.9987, 0, 0.061752, 2.82025e-05, 1.41421, -0.061752, 0, 2.82025e-05, 2.82025e-05, 2.82025e-05, 2.82025e-05, 2.82025e-05, 2.82025e-05, 2.82025e-05, 2.82025e-05, 2.82025e-05, 2.82025e-05, 2.82025e-05, 2.82025e-05, 2.82025e-05, 2.82025e-05, 2.82025e-05, 2.82025e-05, 2.82025e-05, 2.91044e-05, 2.82025e-05, 0.0617511, 2.82025e-05, 2.82025e-05
18.0066, 0, 0.0629668, 2.70929e-05, 1.41421, -0.0629668, 0, 2.70929e-05, 2.70929e-05, 2.70929e-05, 2.70929e-05, 2.70929e-05, 2.70929e-05, 2.70929e-05, 2.70929e-05, 2.70929e-05, 2.70929e-05, 2.70929e-05, 2.70929e-05, 2.70929e-05, 2.70929e-05, 2.70929e-05, 2.70929e-05, 2.70929e-05, 2.8014e-05, 2.70929e-05, 0.0629659, 2.70929e-05, 2.70929e-05
18.0144, 0, 0.0642133, 2.48533e-05, 1.41421, -0.0642133, 0, 2.48533e-05, 2.48533e-05, 2.48533e-05, 2.48533e-05, 2.48533e-05, 2.48533e-05, 2.48533e-05, 2.48533e-05, 2.48533e-05, 2.48533e-05, 2.48533e-05, 2.48533e-05, 2.48533e-05, 2.48533e-05, 2.48533e-05, 2.48533e-05, 2.48533e-05, 2.5797e-05, 2.48533e-05, 0.0642124, 2.48533e-05, 2.48533e-05
18.0223, 0, 0.0654929, 2.18111e-05, 1.41421, -0.0654929, 0, 2.18111e-05, 2.18111e-05, 2.18111e-05, 2.18111e-05, 2.18111e-05, 2.18111e-05, 2.18111e-05, 2.18111e-05, 2.18111e-05, 2.18111e-05, 2.18111e-05, 2.18111e-05, 2.18111e-05, 2.18111e-05, 2.18111e-05, 2.18111e-05, 2.18111e-05, 2.27814e-05, 2.18111e-05, 0.0654919, 2.18111e-05, 2.18111e-05
18.0302, 0, 0.0668069, 1.83908e-05, 1.41421, -0.0668069, 0, 1.83908e-05, 1.83908e-05, 1.83908e-05, 1.83908e-05, 1.83908e-05, 1.83908e-05, 1.83908e-05, 1.83908e-05, 1.83908e-05, 1.83908e-05, 1.83908e-05, 1.83908e-05, 1.83908e-05, 1.83908e-05, 1.83908e-05, 1.83908e-05, 1.83908e-05, 1.93921e-05, 1.83908e-05, 0.0668059, 1.83908e-05, 1.83908e-05
18.0381, 2, 0.0681566, 1.4652e-05, 2, 1.93184, 0, 1.4652e-05, 1.4652e-05, 1.4652e-05, 1.4652e-05, 1.4652e-05, 1.4652e-05, 1.4652e-05, 1.4652e-05, 1.4652e-05, 1.4652e-05, 1.4652e-05, 1.4652e-05, 1.4652e-05, 1.4652e-05, 1.4652e-05, 1.4652e-05, 1.4652e-05, 1.56896e-05, 1.4652e-05, 0.0681556, 1.4652e-05, 1.4652e-05
18.046, 0, 0.0695434, 1.0856e-05, 1.41421, -0.0695434, 0, 1.0856e-05, 1.0856e-05, 1.0856e-05, 1.0856e-05, 1.0856e-05, 1.0856e-05, 1.0856e-05, 1.0856e-05, 1.0856e-05, 1.0856e-05, 1.0856e-05, 1.0856e-05, 1.0856e-05, 1.0856e-05, 1.0856e-05, 1.0856e-05, 1.0856e-05, 1.19358e-05, 1.0856e-05, 0.0695424, 1.0856e-05, 1.0856e-05
18.0539, 0, 0.0709688, 7.34049e-06, 1.41421, -0.0709688, 0, 7.34049e-06, 7.34049e-06, 7.34049e-06, 7.34049e-06, 7.34049e-06, 7.34049e-06, 7.34049e-06, 7.34049e-06, 7.34049e-06, 7.34049e-06, 7.34049e-06, 7.34049e-06, 7.34049e-06, 7.34049e-06, 7.34049e-06, 7.34049e-06, 7.34049e-06, 8.46897e-06, 7.34049e-06, 0.0709676, 7.34049e-06, 7.34049e-06
18.0617, 0, 0.0724336, 4.29044e-06, 1.41421, -0.0724336, 0, 4.29044e-06, 4.29044e-06, 4.29044e-06, 4.29044e-06, 4.29044e-06, 4.29044e-06, 4.29044e-06, 4.29044e-06, 4.29044e-06, 4.29044e-06, 4.29044e-06, 4.29044e-06, 4.29044e-06, 4.29044e-06, 4.29044e-06, 4.29044e-06, 4.29044e-06, 5.47502e-06, 4.29044e-06, 0.0724325, 4.29044e-06, 4.29044e-06
18.0696, 0, 0.0739403, 1.94325e-06, 1.41421, -0.0739403, 0, 1.94325e-06, 1.94325e-06, 1.94325e-06, 1.94325e-06, 1.94325e-06, 1.94325e-06, 1.94325e-06, 1.94325e-06, 1.94325e-06, 1.94325e-06, 1.94325e-06, 1.94325e-06, 1.94325e-06, 1.94325e-06, 1.94325e-06, 1.94325e-06, 1.94325e-06, 3.19218e-06, 1.94325e-06, 0.0739391, 1.94325e-06, 1.94325e-06
18.0775, 0, 0.0754898, 4.85812e-07, 1.41421, -0.0754898, 0, 4.85812e-07, 4.85812e-07, 4.85812e-07, 4.85812e-07, 4.85812e-07, 4.85812e-07, 4.85812e-07, 4.85812e-07, 4.85812e-07, 4.85812e-07, 4.85812e-07, 4.85812e-07, 4.85812e-07, 4.85812e-07, 4.85812e-07, 4.85812e-07, 4.85812e-07, 1.80821e-06, 4.85812e-07, 0.0754884, 4.85812e-07, 4.85812e-07
18.0854, 0, 0.0770835, 0, 1.41421, -0.0770835, 0, 0, 0, 0, 0, 0, 0, 0, 0, 0, 0, 0, 0, 0, 0, 0, 0, 0, 1.40587e-06, 0, 0.0770821, 0, 0
18.0933, 0, 0.0787228, 0, 1.41421, -0.0787228, 0, 0, 0, 0, 0, 0, 0, 0, 0, 0, 0, 0, 0, 0, 0, 0, 0, 0, 1.50031e-06, 0, 0.0787213, 0, 0
18.1011, 0, 0.0804078, 0, 1.41421, -0.0804078, 0, 0, 0, 0, 0, 0, 0, 0, 0, 0, 0, 0, 0, 0, 0, 0, 0, 0, 1.6066e-06, 0, 0.0804062, 0, 0
18.109, 0, 0.0821402, 0, 1.41421, -0.0821402, 0, 0, 0, 0, 0, 0, 0, 0, 0, 0, 0, 0, 0, 0, 0, 0, 0, 0, 1.72569e-06, 0, 0.0821385, 0, 0
18.1169, 0, 0.0839221, 4.08006e-07, 1.41421, -0.0839221, 0, 4.08006e-07, 4.08006e-07, 4.08006e-07, 4.08006e-07, 4.08006e-07, 4.08006e-07, 4.08006e-07, 4.08006e-07, 4.08006e-07, 4.08006e-07, 4.08006e-07, 4.08006e-07, 4.08006e-07, 4.08006e-07, 4.08006e-07, 4.08006e-07, 4.08006e-07, 2.26647e-06, 4.08006e-07, 0.0839202, 4.08006e-07, 4.08006e-07
18.1248, 0, 0.0857552, 1.48291e-06, 1.41421, -0.0857552, 0, 1.48291e-06, 1.48291e-06, 1.48291e-06, 1.48291e-06, 1.48291e-06, 1.48291e-06, 1.48291e-06, 1.48291e-06, 1.48291e-06, 1.48291e-06, 1.48291e-06, 1.48291e-06, 1.48291e-06, 1.48291e-06, 1.48291e-06, 1.48291e-06, 1.48291e-06, 3.48872e-06, 1.48291e-06, 0.0857532, 1.48291e-06, 1.48291e-06
18.1327, 0, 0.087641, 3.02447e-06, 1.41421, -0.087641, 0, 3.02447e-06, 3.02447e-06, 3.02447e-06, 3.02447e-06, 3.02447e-06, 3.02447e-06, 3.02447e-06, 3.02447e-06, 3.02447e-06, 3.02447e-06, 3.02447e-06, 3.02447e-06, 3.02447e-06, 3.02447e-06, 3.02447e-06, 3.02447e-06, 3.02447e-06, 5.19298e-06, 3.02447e-06, 0.0876388, 3.02447e-06, 3.02447e-06
18.1406, 0, 0.0895811, 4.98017e-06, 1.41421, -0.0895811, 0, 4.98017e-06, 4.98017e-06, 4.98017e-06, 4.98017e-06, 4.98017e-06, 4.98017e-06, 4.98017e-06, 4.98017e-06, 4.98017e-06, 4.98017e-06, 4.98017e-06, 4.98017e-06, 4.98017e-06, 4.98017e-06, 4.98017e-06, 4.98017e-06, 4.98017e-06, 7.32749e-06, 4.98017e-06, 0.0895788, 4.98017e-06, 4.98017e-06
18.1484, 0, 0.0915773, 7.42103e-06, 1.41421, -0.0915773, 0, 7.42103e-06, 7.42103e-06, 7.42103e-06, 7.42103e-06, 7.42103e-06, 7.42103e-06, 7.42103e-06, 7.42103e-06, 7.42103e-06, 7.42103e-06, 7.42103e-06, 7.42103e-06, 7.42103e-06, 7.42103e-06, 7.42103e-06, 7.42103e-06, 7.42103e-06, 9.96393e-06, 7.42103e-06, 0.0915748, 7.42103e-06, 7.42103e-06
18.1563, 2, 0.0936322, 1.11912e-05, 2, 1.90637, 0, 1.11912e-05, 1.11912e-05, 1.11912e-05, 1.11912e-05, 1.11912e-05, 1.11912e-05, 1.11912e-05, 1.11912e-05, 1.11912e-05, 1.11912e-05, 1.11912e-05, 1.11912e-05, 1.11912e-05, 1.11912e-05, 1.11912e-05, 1.11912e-05, 1.11912e-05, 1.39469e-05, 1.11912e-05, 0.0936295, 1.11912e-05, 1.11912e-05
18.1642, 0, 0.0957469, 1.53528e-05, 1.41421, -0.0957469, 0, 1.53528e-05, 1.53528e-05, 1.53528e-05, 1.53528e-05, 1.53528e-05, 1.53528e-05, 1.53528e-05, 1.53528e-05, 1.53528e-05, 1.53528e-05, 1.53528e-05, 1.53528e-05, 1.53528e-05, 1.53528e-05, 1.53528e-05, 1.53528e-05, 1.53528e-05, 1.83391e-05, 1.53528e-05, 0.0957439, 1.53528e-05, 1.53528e-05
18.1721, 2, 0.0979224, 1.97492e-05, 2, 1.90208, 0, 1.97492e-05, 1.97492e-05, 1.97492e-05, 1.97492e-05, 1.97492e-05, 1.97492e-05, 1.97492e-05, 1.97492e-05, 1.97492e-05, 1.97492e-05, 1.97492e-05, 1.97492e-05, 1.97492e-05, 1.97492e-05, 1.97492e-05, 1.97492e-05, 1.97492e-05, 2.29841e-05, 1.97492e-05, 0.0979192, 1.97492e-05, 1.97492e-05
18.18, 0, 0.100162, 2.44645e-05, 1.41421, -0.100162, 0, 2.44645e-05, 2.44645e-05, 2.44645e-05, 2.44645e-05, 2.44645e-05, 2.44645e-05, 2.44645e-05, 2.44645e-05, 2.44645e-05, 2.44645e-05, 2.44645e-05, 2.44645e-05, 2.44645e-05, 2.44645e-05, 2.44645e-05, 2.44645e-05, 2.44645e-05, 2.79661e-05, 2.44645e-05, 0.100159, 2.44645e-05, 2.44645e-05
18.1879, 4, 0.102467, 2.96841e-05, 2.44949, 3.89753, 0, 2.96841e-05, 2.96841e-05, 2.96841e-05, 2.96841e-05, 2.96841e-05, 2.96841e-05, 2.96841e-05, 2.96841e-05, 2.96841e-05, 2.96841e-05, 2.96841e-05, 2.96841e-05, 2.96841e-05, 2.96841e-05, 2.96841e-05, 2.96841e-05, 2.96841e-05, 3.34705e-05, 2.96841e-05, 0.102464, 2.96841e-05, 2.96841e-05
18.1957, 2, 0.104841, 3.59311e-05, 2, 1.89516, 0, 3.59311e-05, 3.59311e-05, 3.59311e-05, 3.59311e-05, 3.59311e-05, 3.59311e-05, 3.59311e-05, 3.59311e-05, 3.59311e-05, 3.59311e-05, 3.59311e-05, 3.59311e-05, 3.59311e-05, 3.59311e-05, 3.59311e-05, 3.59311e-05, 3.59311e-05, 4.00202e-05, 3.59311e-05, 0.104837, 3.59311e-05, 3.59311e-05
18.2036, 0, 0.107285, 4.21879e-05, 1.41421, -0.107285, 0, 4.21879e-05, 4.21879e-05, 4.21879e-05, 4.21879e-05, 4.21879e-05, 4.21879e-05, 4.21879e-05, 4.21879e-05, 4.21879e-05, 4.21879e-05, 4.21879e-05, 4.21879e-05, 4.21879e-05, 4.21879e-05, 4.21879e-05, 4.21879e-05, 4.21879e-05, 4.65973e-05, 4.21879e-05, 0.107281, 4.21879e-05, 4.21879e-05
18.2115, 0, 0.1098, 4.82822e-05, 1.41421, -0.1098, 0, 4.82822e-05, 4.82822e-05, 4.82822e-05, 4.82822e-05, 4.82822e-05, 4.82822e-05, 4.82822e-05, 4.82822e-05, 4.82822e-05, 4.82822e-05, 4.82822e-05, 4.82822e-05, 4.82822e-05, 4.82822e-05, 4.82822e-05, 4.82822e-05, 4.82822e-05, 5.30288e-05, 4.82822e-05, 0.109796, 4.82822e-05, 4.82822e-05
18.2194, 0, 0.11239, 5.44353e-05, 1.41421, -0.11239, 0, 5.44353e-05, 5.44353e-05, 5.44353e-05, 5.44353e-05, 5.44353e-05, 5.44353e-05, 5.44353e-05, 5.44353e-05, 5.44353e-05, 5.44353e-05, 5.44353e-05, 5.44353e-05, 5.44353e-05, 5.44353e-05, 5.44353e-05, 5.44353e-05, 5.44353e-05, 5.95352e-05, 5.44353e-05, 0.112385, 5.44353e-05, 5.44353e-05
18.2273, 2, 0.115056, 6.09574e-05, 2, 1.88494, 0, 6.09574e-05, 6.09574e-05, 6.09574e-05, 6.09574e-05, 6.09574e-05, 6.09574e-05, 6.09574e-05, 6.09574e-05, 6.09574e-05, 6.09574e-05, 6.09574e-05, 6.09574e-05, 6.09574e-05, 6.09574e-05, 6.09574e-05, 6.09574e-05, 6.09574e-05, 6.64259e-05, 6.09574e-05, 0.115051, 6.09574e-05, 6.09574e-05
18.2352, 0, 0.117804, 6.95175e-05, 1.41421, -0.117804, 0, 6.95175e-05, 6.95175e-05, 6.95175e-05, 6.95175e-05, 6.95175e-05, 6.95175e-05, 6.95175e-05, 6.95175e-05, 6.95175e-05, 6.95175e-05, 6.95175e-05, 6.95175e-05, 6.95175e-05, 6.95175e-05, 6.95175e-05, 6.95175e-05, 6.95175e-05, 7.53686e-05, 6.95175e-05, 0.117798, 6.95175e-05, 6.95175e-05
18.243, 0, 0.120633, 7.79944e-05, 1.41421, -0.120633, 0, 7.79944e-05, 7.79944e-05, 7.79944e-05, 7.79944e-05, 7.79944e-05, 7.79944e-05, 7.79944e-05, 7.79944e-05, 7.79944e-05, 7.79944e-05, 7.79944e-05, 7.79944e-05, 7.79944e-05, 7.79944e-05, 7.79944e-05, 7.79944e-05, 7.79944e-05, 8.42409e-05, 7.79944e-05, 0.120627, 7.79944e-05, 7.79944e-05
18.2509, 0, 0.123547, 8.62798e-05, 1.41421, -0.123547, 0, 8.62798e-05, 8.62798e-05, 8.62798e-05, 8.62798e-05, 8.62798e-05, 8.62798e-05, 8.62798e-05, 8.62798e-05, 8.62798e-05, 8.62798e-05, 8.62798e-05, 8.62798e-05, 8.62798e-05, 8.62798e-05, 8.62798e-05, 8.62798e-05, 8.62798e-05, 9.29331e-05, 8.62798e-05, 0.12354, 8.62798e-05, 8.62798e-05
18.2588, 0, 0.126547, 9.45544e-05, 1.41421, -0.126547, 0, 9.45544e-05, 9.45544e-05, 9.45544e-05, 9.45544e-05, 9.45544e-05, 9.45544e-05, 9.45544e-05, 9.45544e-05, 9.45544e-05, 9.45544e-05, 9.45544e-05, 9.45544e-05, 9.45544e-05, 9.45544e-05, 9.45544e-05, 9.45544e-05, 9.45544e-05, 0.000101624, 9.45544e-05, 0.12654, 9.45544e-05, 9.45544e-05
18.2667, 0, 0.129638, 0.000102945, 1.41421, -0.129638, 0, 0.000102945, 0.000102945, 0.000102945, 0.000102945, 0.000102945, 0.000102945, 0.000102945, 0.000102945, 0.000102945, 0.000102945, 0.000102945, 0.000102945, 0.000102945, 0.000102945, 0.000102945, 0.000102945, 0.000102945, 0.000110439, 0.000102945, 0.12963, 0.000102945, 0.000102945
18.2746, 4, 0.132821, 0.000111556, 2.44949, 3.86718, 0, 0.000111556, 0.000111556, 0.000111556, 0.000111556, 0.000111556, 0.000111556, 0.000111556, 0.000111556, 0.000111556, 0.000111556, 0.000111556, 0.000111556, 0.000111556, 0.000111556, 0.000111556, 0.000111556, 0.000111556, 0.00011948, 0.000111556, 0.132813, 0.000111556, 0.000111556
18.2824, 0, 0.136098, 0.000120099, 1.41421, -0.136098, 0, 0.000120099, 0.000120099, 0.000120099, 0.000120099, 0.000120099, 0.000120099, 0.000120099, 0.000120099, 0.000120099, 0.000120099, 0.000120099, 0.000120099, 0.000120099, 0.000120099, 0.000120099, 0.000120099, 0.000120099, 0.000128456, 0.000120099, 0.13609, 0.000120099, 0.000120099
18.2903, 0, 0.139475, 0.000128262, 1.41421, -0.139475, 0, 0.000128262, 0.000128262, 0.000128262, 0.000128262, 0.000128262, 0.000128262, 0.000128262, 0.000128262, 0.000128262, 0.000128262, 0.000128262, 0.000128262, 0.000128262, 0.000128262, 0.000128262, 0.000128262, 0.000128262, 0.000137055, 0.000128262, 0.139466, 0.000128262, 0.000128262
18.2982, 0, 0.142952, 0.000136337, 1.41421, -0.142952, 0, 0.000136337, 0.000136337, 0.000136337, 0.000136337, 0.000136337, 0.000136337, 0.000136337, 0.000136337, 0.000136337, 0.000136337, 0.000136337, 0.000136337, 0.000136337, 0.000136337, 0.000136337, 0.000136337, 0.000136337, 0.000145565, 0.000136337, 0.142943, 0.000136337, 0.000136337
18.3061, 0, 0.146534, 0.000144658, 1.41421, -0.146534, 0, 0.000144658, 0.000144658, 0.000144658, 0.000144658, 0.000144658, 0.000144658, 0.000144658, 0.000144658, 0.000144658, 0.000144658, 0.000144658, 0.000144658, 0.000144658, 0.000144658, 0.000144658, 0.000144658, 0.000144658, 0.000154317, 0.000144658, 0.146525, 0.000144658, 0.000144658
18.314, 2, 0.150226, 0.000154313, 2, 1.84977, 0, 0.000154313, 0.000154313, 0.000154313, 0.000154313, 0.000154313, 0.000154313, 0.000154313, 0.000154313, 0.000154313, 0.000154313, 0.000154313, 0.000154313, 0.000154313, 0.000154313, 0.000154313, 0.000154313, 0.000154313, 0.000164397, 0.000154313, 0.150216, 0.000154313, 0.000154313
18.3219, 0, 0.154026, 0.000163858, 1.41421, -0.154026, 0, 0.000163858, 0.000163858, 0.000163858, 0.000163858, 0.000163858, 0.000163858, 0.000163858, 0.000163858, 0.000163858, 0.000163858, 0.000163858, 0.000163858, 0.000163858, 0.000163858, 0.000163858, 0.000163858, 0.000163858, 0.00017436, 0.000163858, 0.154016, 0.000163858, 0.000163858
18.3297, 0, 0.157939, 0.000173258, 1.41421, -0.157939, 0, 0.000173258, 0.000173258, 0.000173258, 0.000173258, 0.000173258, 0.000173258, 0.000173258, 0.000173258, 0.000173258, 0.000173258, 0.000173258, 0.000173258, 0.000173258, 0.000173258, 0.000173258, 0.000173258, 0.000173258, 0.000184166, 0.000173258, 0.157928, 0.000173258, 0.000173258
18.3376, 0, 0.161967, 0.000182095, 1.41421, -0.161967, 0, 0.000182095, 0.000182095, 0.000182095, 0.000182095, 0.000182095, 0.000182095, 0.000182095, 0.000182095, 0.000182095, 0.000182095, 0.000182095, 0.000182095, 0.000182095, 0.000182095, 0.000182095, 0.000182095, 0.000182095, 0.000193395, 0.000182095, 0.161956, 0.000182095, 0.000182095
18.3455, 0, 0.166113, 0.00019042, 1.41421, -0.166113, 0, 0.00019042, 0.00019042, 0.00019042, 0.00019042, 0.00019042, 0.00019042, 0.00019042, 0.00019042, 0.00019042, 0.00019042, 0.00019042, 0.00019042, 0.00019042, 0.00019042, 0.00019042, 0.00019042, 0.00019042, 0.000202096, 0.00019042, 0.166102, 0.00019042, 0.00019042
18.3534, 0, 0.17038, 0.000198559, 1.41421, -0.17038, 0, 0.000198559, 0.000198559, 0.000198559, 0.000198559, 0.000198559, 0.000198559, 0.000198559, 0.000198559, 0.000198559, 0.000198559, 0.000198559, 0.000198559, 0.000198559, 0.000198559, 0.000198559, 0.000198559, 0.000198559, 0.000210591, 0.000198559, 0.170368, 0.000198559, 0.000198559
18.3613, 0, 0.174771, 0.000206606, 1.41421, -0.174771, 0, 0.000206606, 0.000206606, 0.000206606, 0.000206606, 0.000206606, 0.000206606, 0.000206606, 0.000206606, 0.000206606, 0.000206606, 0.000206606, 0.000206606, 0.000206606, 0.000206606, 0.000206606, 0.000206606, 0.000206606, 0.000218973, 0.000206606, 0.174758, 0.000206606, 0.000206606
18.3692, 0, 0.179286, 0.000214352, 1.41421, -0.179286, 0, 0.000214352, 0.000214352, 0.000214352, 0.000214352, 0.000214352, 0.000214352, 0.000214352, 0.000214352, 0.000214352, 0.000214352, 0.000214352, 0.000214352, 0.000214352, 0.000214352, 0.000214352, 0.000214352, 0.000214352, 0.000227029, 0.000214352, 0.179273, 0.000214352, 0.000214352
18.377, 0, 0.183929, 0.000221938, 1.41421, -0.183929, 0, 0.000221938, 0.000221938, 0.000221938, 0.000221938, 0.000221938, 0.000221938, 0.000221938, 0.000221938, 0.000221938, 0.000221938, 0.000221938, 0.000221938, 0.000221938, 0.000221938, 0.000221938, 0.000221938, 0.000221938, 0.000234897, 0.000221938, 0.183916, 0.000221938, 0.000221938
18.3849, 0, 0.1887, 0.000229468, 1.41421, -0.1887, 0, 0.000229468, 0.000229468, 0.000229468, 0.000229468, 0.000229468, 0.000229468, 0.000229468, 0.000229468, 0.000229468, 0.000229468, 0.000229468, 0.000229468, 0.000229468, 0.000229468, 0.000229468, 0.000229468, 0.000229468, 0.000242679, 0.000229468, 0.188687, 0.000229468, 0.000229468
18.3928, 2, 0.193601, 0.000237011, 2, 1.8064, 0, 0.000237011, 0.000237011, 0.000237011, 0.000237011, 0.000237011, 0.000237011, 0.000237011, 0.000237011, 0.000237011, 0.000237011, 0.000237011, 0.000237011, 0.000237011, 0.000237011, 0.000237011, 0.000237011, 0.000237011, 0.000250442, 0.000237011, 0.193588, 0.000237011, 0.000237011
18.4007, 0, 0.198635, 0.000244414, 1.41421, -0.198635, 0, 0.000244414, 0.000244414, 0.000244414, 0.000244414, 0.000244414, 0.000244414, 0.000244414, 0.000244414, 0.000244414, 0.000244414, 0.000244414, 0.000244414, 0.000244414, 0.000244414, 0.000244414, 0.000244414, 0.000244414, 0.000258031, 0.000244414, 0.198621, 0.000244414, 0.000244414
18.4086, 0, 0.203799, 0.000251696, 1.41421, -0.203799, 0, 0.000251696, 0.000251696, 0.000251696, 0.000251696, 0.000251696, 0.000251696, 0.000251696, 0.000251696, 0.000251696, 0.000251696, 0.000251696, 0.000251696, 0.000251696, 0.000251696, 0.000251696, 0.000251696, 0.000251696, 0.000265462, 0.000251696, 0.203786, 0.000251696, 0.000251696
18.4165, 0, 0.209095, 0.000258278, 1.41421, -0.209095, 0, 0.000258278, 0.000258278, 0.000258278, 0.000258278, 0.000258278, 0.000258278, 0.000258278, 0.000258278, 0.000258278, 0.000258278, 0.000258278, 0.000258278, 0.000258278, 0.000258278, 0.000258278, 0.000258278, 0.000258278, 0.000272155, 0.000258278, 0.209081, 0.000258278, 0.000258278
18.4243, 0, 0.214521, 0.000264189, 1.41421, -0.214521, 0, 0.000264189, 0.000264189, 0.000264189, 0.000264189, 0.000264189, 0.000264189, 0.000264189, 0.000264189, 0.000264189, 0.000264189, 0.000264189, 0.000264189, 0.000264189, 0.000264189, 0.000264189, 0.000264189, 0.000264189, 0.000278137, 0.000264189, 0.214507, 0.000264189, 0.000264189
18.4322, 2, 0.220075, 0.000269785, 2, 1.77993, 0, 0.000269785, 0.000269785, 0.000269785, 0.000269785, 0.000269785, 0.000269785, 0.000269785, 0.000269785, 0.000269785, 0.000269785, 0.000269785, 0.000269785, 0.000269785, 0.000269785, 0.000269785, 0.000269785, 0.000269785, 0.000283762, 0.000269785, 0.220061, 0.000269785, 0.000269785
18.4401, 0, 0.225755, 0.000275219, 1.41421, -0.225755, 0, 0.000275219, 0.000275219, 0.000275219, 0.000275219, 0.000275219, 0.000275219, 0.000275219, 0.000275219, 0.000275219, 0.000275219, 0.000275219, 0.000275219, 0.000275219, 0.000275219, 0.000275219, 0.000275219, 0.000275219, 0.000289183, 0.000275219, 0.225741, 0.000275219, 0.000275219
18.448, 0, 0.231559, 0.000280555, 1.41421, -0.231559, 0, 0.000280555, 0.000280555, 0.000280555, 0.000280555, 0.000280555, 0.000280555, 0.000280555, 0.000280555, 0.000280555, 0.000280555, 0.000280555, 0.000280555, 0.000280555, 0.000280555, 0.000280555, 0.000280555, 0.000280555, 0.000294463, 0.000280555, 0.231546, 0.000280555, 0.000280555
18.4559, 0, 0.237483, 0.000285256, 1.41421, -0.237483, 0, 0.000285256, 0.000285256, 0.000285256, 0.000285256, 0.000285256, 0.000285256, 0.000285256, 0.000285256, 0.000285256, 0.000285256, 0.000285256, 0.000285256, 0.000285256, 0.000285256, 0.000285256, 0.000285256, 0.000285256, 0.000299066, 0.000285256, 0.237469, 0.000285256, 0.000285256
18.4638, 0, 0.24352, 0.000289344, 1.41421, -0.24352, 0, 0.000289344, 0.000289344, 0.000289344, 0.000289344, 0.000289344, 0.000289344, 0.000289344, 0.000289344, 0.000289344, 0.000289344, 0.000289344, 0.000289344, 0.000289344, 0.000289344, 0.000289344, 0.000289344, 0.000289344, 0.000303013, 0.000289344, 0.243506, 0.000289344, 0.000289344
18.4716, 0, 0.249666, 0.000292979, 1.41421, -0.249666, 0, 0.000292979, 0.000292979, 0.000292979, 0.000292979, 0.000292979, 0.000292979, 0.000292979, 0.000292979, 0.000292979, 0.000292979, 0.000292979, 0.000292979, 0.000292979, 0.000292979, 0.000292979, 0.000292979, 0.000292979, 0.000306465, 0.000292979, 0.249652, 0.000292979, 0.000292979
18.4795, 0, 0.255913, 0.000296294, 1.41421, -0.255913, 0, 0.000296294, 0.000296294, 0.000296294, 0.000296294, 0.000296294, 0.000296294, 0.000296294, 0.000296294, 0.000296294, 0.000296294, 0.000296294, 0.000296294, 0.000296294, 0.000296294, 0.000296294, 0.000296294, 0.000296294, 0.000309557, 0.000296294, 0.2559, 0.000296294, 0.000296294
18.4874, 0, 0.262254, 0.000299406, 1.41421, -0.262254, 0, 0.000299406, 0.000299406, 0.000299406, 0.000299406, 0.000299406, 0.000299406, 0.000299406, 0.000299406, 0.000299406, 0.000299406, 0.000299406, 0.000299406, 0.000299406, 0.000299406, 0.000299406, 0.000299406, 0.000299406, 0.000312407, 0.000299406, 0.262241, 0.000299406, 0.000299406
18.4953, 2, 0.268679, 0.000302011, 2, 1.73132, 0, 0.000302011, 0.000302011, 0.000302011, 0.000302011, 0.000302011, 0.000302011, 0.000302011, 0.000302011, 0.000302011, 0.000302011, 0.000302011, 0.000302011, 0.000302011, 0.000302011, 0.000302011, 0.000302011, 0.000302011, 0.000314712, 0.000302011, 0.268666, 0.000302011, 0.000302011
18.5032, 0, 0.275175, 0.000304157, 1.41421, -0.275175, 0, 0.000304157, 0.000304157, 0.000304157, 0.000304157, 0.000304157, 0.000304157, 0.000304157, 0.000304157, 0.000304157, 0.000304157, 0.000304157, 0.000304157, 0.000304157, 0.000304157, 0.000304157, 0.000304157, 0.000304157, 0.000316524, 0.000304157, 0.275163, 0.000304157, 0.000304157
18.5111, 0, 0.281735, 0.000305711, 1.41421, -0.281735, 0, 0.000305711, 0.000305711, 0.000305711, 0.000305711, 0.000305711, 0.000305711, 0.000305711, 0.000305711, 0.000305711, 0.000305711, 0.000305711, 0.000305711, 0.000305711, 0.000305711, 0.000305711, 0.000305711, 0.000305711, 0.000317711, 0.000305711, 0.281723, 0.000305711, 0.000305711
18.5189, 2, 0.288344, 0.000306787, 2, 1.71166, 0, 0.000306787, 0.000306787, 0.000306787, 0.000306787, 0.000306787, 0.000306787, 0.000306787, 0.000306787, 0.000306787, 0.000306787, 0.000306787, 0.000306787, 0.000306787, 0.000306787, 0.000306787, 0.000306787, 0.000306787, 0.000318392, 0.000306787, 0.288332, 0.000306787, 0.000306787
18.5268, 2, 0.294987, 0.000307532, 2, 1.70501, 0, 0.000307532, 0.000307532, 0.000307532, 0.000307532, 0.000307532, 0.000307532, 0.000307532, 0.000307532, 0.000307532, 0.000307532, 0.000307532, 0.000307532, 0.000307532, 0.000307532, 0.000307532, 0.000307532, 0.000307532, 0.000318717, 0.000307532, 0.294976, 0.000307532, 0.000307532
18.5347, 0, 0.301651, 0.000307837, 1.41421, -0.301651, 0, 0.000307837, 0.000307837, 0.000307837, 0.000307837, 0.000307837, 0.000307837, 0.000307837, 0.000307837, 0.000307837, 0.000307837, 0.000307837, 0.000307837, 0.000307837, 0.000307837, 0.000307837, 0.000307837, 0.000307837, 0.00031858, 0.000307837, 0.30164, 0.000307837, 0.000307837
18.5426, 0, 0.308316, 0.000307736, 1.41421, -0.308316, 0, 0.000307736, 0.000307736, 0.000307736, 0.000307736, 0.000307736, 0.000307736, 0.000307736, 0.000307736, 0.000307736, 0.000307736, 0.000307736, 0.000307736, 0.000307736, 0.000307736, 0.000307736, 0.000307736, 0.000307736, 0.000318018, 0.000307736, 0.308306, 0.000307736, 0.000307736
18.5505, 0, 0.314966, 0.000307097, 1.41421, -0.314966, 0, 0.000307097, 0.000307097, 0.000307097, 0.000307097, 0.000307097, 0.000307097, 0.000307097, 0.000307097, 0.000307097, 0.000307097, 0.000307097, 0.000307097, 0.000307097, 0.000307097, 0.000307097, 0.000307097, 0.000307097, 0.000316905, 0.000307097, 0.314956, 0.000307097, 0.000307097
18.5583, 0, 0.321582, 0.000306023, 1.41421, -0.321582, 0, 0.000306023, 0.000306023, 0.000306023, 0.000306023, 0.000306023, 0.000306023, 0.000306023, 0.000306023, 0.000306023, 0.000306023, 0.000306023, 0.000306023, 0.000306023, 0.000306023, 0.000306023, 0.000306023, 0.000306023, 0.000315348, 0.000306023, 0.321573, 0.000306023, 0.000306023
18.5662, 0, 0.328144, 0.000304498, 1.41421, -0.328144, 0, 0.000304498, 0.000304498, 0.000304498, 0.000304498, 0.000304498, 0.000304498, 0.000304498, 0.000304498, 0.000304498, 0.000304498, 0.000304498, 0.000304498, 0.000304498, 0.000304498, 0.000304498, 0.000304498, 0.000304498, 0.000313332, 0.000304498, 0.328135, 0.000304498, 0.000304498
18.5741, 0, 0.334631, 0.000302631, 1.41421, -0.334631, 0, 0.000302631, 0.000302631, 0.000302631, 0.000302631, 0.000302631, 0.000302631, 0.000302631, 0.000302631, 0.000302631, 0.000302631, 0.000302631, 0.000302631, 0.000302631, 0.000302631, 0.000302631, 0.000302631, 0.000302631, 0.000310973, 0.000302631, 0.334623, 0.000302631, 0.000302631
18.582, 0, 0.341022, 0.000300337, 1.41421, -0.341022, 0, 0.000300337, 0.000300337, 0.000300337, 0.000300337, 0.000300337, 0.000300337, 0.000300337, 0.000300337, 0.000300337, 0.000300337, 0.000300337, 0.000300337, 0.000300337, 0.000300337, 0.000300337, 0.000300337, 0.000300337, 0.000308188, 0.000300337, 0.341014, 0.000300337, 0.000300337
18.5899, 0, 0.347293, 0.000297622, 1.41421, -0.347293, 0, 0.000297622, 0.000297622, 0.000297622, 0.000297622, 0.000297622, 0.000297622, 0.000297622, 0.000297622, 0.000297622, 0.000297622, 0.000297622, 0.000297622, 0.000297622, 0.000297622, 0.000297622, 0.000297622, 0.000297622, 0.000304988, 0.000297622, 0.347286, 0.000297622, 0.000297622
18.5978, 0, 0.353423, 0.0002946, 1.41421, -0.353423, 0, 0.0002946, 0.0002946, 0.0002946, 0.0002946, 0.0002946, 0.0002946, 0.0002946, 0.0002946, 0.0002946, 0.0002946, 0.0002946, 0.0002946, 0.0002946, 0.0002946, 0.0002946, 0.0002946, 0.0002946, 0.00030149, 0.0002946, 0.353417, 0.0002946, 0.0002946
18.6056, 0, 0.359388, 0.000291096, 1.41421, -0.359388, 0, 0.000291096, 0.000291096, 0.000291096, 0.000291096, 0.000291096, 0.000291096, 0.000291096, 0.000291096, 0.000291096, 0.000291096, 0.000291096, 0.000291096, 0.000291096, 0.000291096, 0.000291096, 0.000291096, 0.000291096, 0.000297522, 0.000291096, 0.359382, 0.000291096, 0.000291096
18.6135, 2, 0.365162, 0.000287199, 2, 1.63484, 0, 0.000287199, 0.000287199, 0.000287199, 0.000287199, 0.000287199, 0.000287199, 0.000287199, 0.000287199, 0.000287199, 0.000287199, 0.000287199, 0.000287199, 0.000287199, 0.000287199, 0.000287199, 0.000287199, 0.000287199, 0.000293175, 0.000287199, 0.365156, 0.000287199, 0.000287199
18.6214, 0, 0.370725, 0.000282974, 1.41421, -0.370725, 0, 0.000282974, 0.000282974, 0.000282974, 0.000282974, 0.000282974, 0.000282974, 0.000282974, 0.000282974, 0.000282974, 0.000282974, 0.000282974, 0.000282974, 0.000282974, 0.000282974, 0.000282974, 0.000282974, 0.000282974, 0.000288517, 0.000282974, 0.370719, 0.000282974, 0.000282974
18.6293, 2, 0.376051, 0.000278532, 2, 1.62395, 0, 0.000278532, 0.000278532, 0.000278532, 0.000278532, 0.000278532, 0.000278532, 0.000278532, 0.000278532, 0.000278532, 0.000278532, 0.000278532, 0.000278532, 0.000278532, 0.000278532, 0.000278532, 0.000278532, 0.000278532, 0.00028366, 0.000278532, 0.376046, 0.000278532, 0.000278532
18.6372, 0, 0.381117, 0.000273964, 1.41421, -0.381117, 0, 0.000273964, 0.000273964, 0.000273964, 0.000273964, 0.000273964, 0.000273964, 0.000273964, 0.000273964, 0.000273964, 0.000273964, 0.000273964, 0.000273964, 0.000273964, 0.000273964, 0.000273964, 0.000273964, 0.000273964, 0.000278699, 0.000273964, 0.381112, 0.000273964, 0.000273964
18.6451, 2, 0.3859, 0.000268809, 2, 1.6141, 0, 0.000268809, 0.000268809, 0.000268809, 0.000268809, 0.000268809, 0.000268809, 0.000268809, 0.000268809, 0.000268809, 0.000268809, 0.000268809, 0.000268809, 0.000268809, 0.000268809, 0.000268809, 0.000268809, 0.000268809, 0.000273172, 0.000268809, 0.385896, 0.000268809, 0.000268809
18.6529, 2, 0.390376, 0.000263122, 2, 1.60962, 0, 0.000263122, 0.000263122, 0.000263122, 0.000263122, 0.000263122, 0.000263122, 0.000263122, 0.000263122, 0.000263122, 0.000263122, 0.000263122, 0.000263122, 0.000263122, 0.000263122, 0.000263122, 0.000263122, 0.000263122, 0.000267137, 0.000263122, 0.390372, 0.000263122, 0.000263122
18.6608, 0, 0.394524, 0.000257075, 1.41421, -0.394524, 0, 0.000257075, 0.000257075, 0.000257075, 0.000257075, 0.000257075, 0.000257075, 0.000257075, 0.000257075, 0.000257075, 0.000257075, 0.000257075, 0.000257075, 0.000257075, 0.000257075, 0.000257075, 0.000257075, 0.000257075, 0.000260765, 0.000257075, 0.394521, 0.000257075, 0.000257075
18.6687, 0, 0.398324, 0.000250825, 1.41421, -0.398324, 0, 0.000250825, 0.000250825, 0.000250825, 0.000250825, 0.000250825, 0.000250825, 0.000250825, 0.000250825, 0.000250825, 0.000250825, 0.000250825, 0.000250825, 0.000250825, 0.000250825, 0.000250825, 0.000250825, 0.000250825, 0.000254214, 0.000250825, 0.398321, 0.000250825, 0.000250825
18.6766, 2, 0.401757, 0.000244517, 2, 1.59824, 0, 0.000244517, 0.000244517, 0.000244517, 0.000244517, 0.000244517, 0.000244517, 0.000244517, 0.000244517, 0.000244517, 0.000244517, 0.000244517, 0.000244517, 0.000244517, 0.000244517, 0.000244517, 0.000244517, 0.000244517, 0.000247628, 0.000244517, 0.401753, 0.000244517, 0.000244517
18.6845, 0, 0.404803, 0.000238146, 1.41421, -0.404803, 0, 0.000238146, 0.000238146, 0.000238146, 0.000238146, 0.000238146, 0.000238146, 0.000238146, 0.000238146, 0.000238146, 0.000238146, 0.000238146, 0.000238146, 0.000238146, 0.000238146, 0.000238146, 0.000238146, 0.000238146, 0.000241003, 0.000238146, 0.404801, 0.000238146, 0.000238146
18.6924, 2, 0.407448, 0.000231534, 2, 1.59255, 0, 0.000231534, 0.000231534, 0.000231534, 0.000231534, 0.000231534, 0.000231534, 0.000231534, 0.000231534, 0.000231534, 0.000231534, 0.000231534, 0.000231534, 0.000231534, 0.000231534, 0.000231534, 0.000231534, 0.000231534, 0.00023416, 0.000231534, 0.407445, 0.000231534, 0.000231534
18.7002, 2, 0.409676, 0.000224799, 2, 1.59032, 0, 0.000224799, 0.000224799, 0.000224799, 0.000224799, 0.000224799, 0.000224799, 0.000224799, 0.000224799, 0.000224799, 0.000224799, 0.000224799, 0.000224799, 0.000224799, 0.000224799, 0.000224799, 0.000224799, 0.000224799, 0.000227214, 0.000224799, 0.409674, 0.000224799, 0.000224799
18.7081, 0, 0.411475, 0.000218028, 1.41421, -0.411475, 0, 0.000218028, 0.000218028, 0.000218028, 0.000218028, 0.000218028, 0.000218028, 0.000218028, 0.000218028, 0.000218028, 0.000218028, 0.000218028, 0.000218028, 0.000218028, 0.000218028, 0.000218028, 0.000218028, 0.000218028, 0.000220255, 0.000218028, 0.411473, 0.000218028, 0.000218028
18.716, 4, 0.412835, 0.000211281, 2.44949, 3.58716, 0, 0.000211281, 0.000211281, 0.000211281, 0.000211281, 0.000211281, 0.000211281, 0.000211281, 0.000211281, 0.000211281, 0.000211281, 0.000211281, 0.000211281, 0.000211281, 0.000211281, 0.000211281, 0.000211281, 0.000211281, 0.000213339, 0.000211281, 0.412833, 0.000211281, 0.000211281
18.7239, 0, 0.413747, 0.000204035, 1.41421, -0.413747, 0, 0.000204035, 0.000204035, 0.000204035, 0.000204035, 0.000204035, 0.000204035, 0.000204035, 0.000204035, 0.000204035, 0.000204035, 0.000204035, 0.000204035, 0.000204035, 0.000204035, 0.000204035, 0.000204035, 0.000204035, 0.000205942, 0.000204035, 0.413745, 0.000204035, 0.000204035
18.7318, 0, 0.414205, 0.000196341, 1.41421, -0.414205, 0, 0.000196341, 0.000196341, 0.000196341, 0.000196341, 0.000196341, 0.000196341, 0.000196341, 0.000196341, 0.000196341, 0.000196341, 0.000196341, 0.000196341, 0.000196341, 0.000196341, 0.000196341, 0.000196341, 0.000196341, 0.000198116, 0.000196341, 0.414203, 0.000196341, 0.000196341
18.7397, 2, 0.414205, 0.000188346, 2, 1.58579, 0, 0.000188346, 0.000188346, 0.000188346, 0.000188346, 0.000188346, 0.000188346, 0.000188346, 0.000188346, 0.000188346, 0.000188346, 0.000188346, 0.000188346, 0.000188346, 0.000188346, 0.000188346, 0.000188346, 0.000188346, 0.000190004, 0.000188346, 0.414204, 0.000188346, 0.000188346
18.7475, 0, 0.413748, 0.000180217, 1.41421, -0.413748, 0, 0.000180217, 0.000180217, 0.000180217, 0.000180217, 0.000180217, 0.000180217, 0.000180217, 0.000180217, 0.000180217, 0.000180217, 0.000180217, 0.000180217, 0.000180217, 0.000180217, 0.000180217, 0.000180217, 0.000180217, 0.000181772, 0.000180217, 0.413747, 0.000180217, 0.000180217
18.7554, 0, 0.412835, 0.000172119, 1.41421, -0.412835, 0, 0.000172119, 0.000172119, 0.000172119, 0.000172119, 0.000172119, 0.000172119, 0.000172119, 0.000172119, 0.000172119, 0.000172119, 0.000172119, 0.000172119, 0.000172119, 0.000172119, 0.000172119, 0.000172119, 0.000172119, 0.000173586, 0.000172119, 0.412833, 0.000172119, 0.000172119
18.7633, 0, 0.41147, 0.000164208, 1.41421, -0.41147, 0, 0.000164208, 0.000164208, 0.000164208, 0.000164208, 0.000164208, 0.000164208, 0.000164208, 0.000164208, 0.000164208, 0.000164208, 0.000164208, 0.000164208, 0.000164208, 0.000164208, 0.000164208, 0.000164208, 0.000164208, 0.000165598, 0.000164208, 0.411468, 0.000164208, 0.000164208
18.7712, 0, 0.40966, 0.000157216, 1.41421, -0.40966, 0, 0.000157216, 0.000157216, 0.000157216, 0.000157216, 0.000157216, 0.000157216, 0.000157216, 0.000157216, 0.000157216, 0.000157216, 0.000157216, 0.000157216, 0.000157216, 0.000157216, 0.000157216, 0.000157216, 0.000157216, 0.00015854, 0.000157216, 0.409659, 0.000157216, 0.000157216
18.7791, 0, 0.407415, 0.000149928, 1.41421, -0.407415, 0, 0.000149928, 0.000149928, 0.000149928, 0.000149928, 0.000149928, 0.000149928, 0.000149928, 0.000149928, 0.000149928, 0.000149928, 0.000149928, 0.000149928, 0.000149928, 0.000149928, 0.000149928, 0.000149928, 0.000149928, 0.000151196, 0.000149928, 0.407414, 0.000149928, 0.000149928
18.787, 0, 0.404745, 0.000142444, 1.41421, -0.404745, 0, 0.000142444, 0.000142444, 0.000142444, 0.000142444, 0.000142444, 0.000142444, 0.000142444, 0.000142444, 0.000142444, 0.000142444, 0.000142444, 0.000142444, 0.000142444, 0.000142444, 0.000142444, 0.000142444, 0.000142444, 0.000143663, 0.000142444, 0.404743, 0.000142444, 0.000142444
18.7948, 2, 0.401664, 0.000134971, 2, 1.59834, 0, 0.000134971, 0.000134971, 0.000134971, 0.000134971, 0.000134971, 0.000134971, 0.000134971, 0.000134971, 0.000134971, 0.000134971, 0.000134971, 0.000134971, 0.000134971, 0.000134971, 0.000134971, 0.000134971, 0.000134971, 0.00013615, 0.000134971, 0.401663, 0.000134971, 0.000134971
18.8027, 0, 0.398189, 0.000127699, 1.41421, -0.398189, 0, 0.000127699, 0.000127699, 0.000127699, 0.000127699, 0.000127699, 0.000127699, 0.000127699, 0.000127699, 0.000127699, 0.000127699, 0.000127699, 0.000127699, 0.000127699, 0.000127699, 0.000127699, 0.000127699, 0.000127699, 0.000128845, 0.000127699, 0.398188, 0.000127699, 0.000127699
18.8106, 0, 0.394337, 0.000120339, 1.41421, -0.394337, 0, 0.000120339, 0.000120339, 0.000120339, 0.000120339, 0.000120339, 0.000120339, 0.000120339, 0.000120339, 0.000120339, 0.000120339, 0.000120339, 0.000120339, 0.000120339, 0.000120339, 0.000120339, 0.000120339, 0.000120339, 0.000121457, 0.000120339, 0.394336, 0.000120339, 0.000120339
18.8185, 0, 0.390128, 0.000112793, 1.41421, -0.390128, 0, 0.000112793, 0.000112793, 0.000112793, 0.000112793, 0.000112793, 0.000112793, 0.000112793, 0.000112793, 0.000112793, 0.000112793, 0.000112793, 0.000112793, 0.000112793, 0.000112793, 0.000112793, 0.000112793, 0.000112793, 0.000113888, 0.000112793, 0.390127, 0.000112793, 0.000112793
18.8264, 0, 0.385584, 0.000105171, 1.41421, -0.385584, 0, 0.000105171, 0.000105171, 0.000105171, 0.000105171, 0.000105171, 0.000105171, 0.000105171, 0.000105171, 0.000105171, 0.000105171, 0.000105171, 0.000105171, 0.000105171, 0.000105171, 0.000105171, 0.000105171, 0.000105171, 0.000106246, 0.000105171, 0.385582, 0.000105171, 0.000105171
18.8342, 2, 0.380727, 9.76602e-05, 2, 1.61927, 0, 9.76602e-05, 9.76602e-05, 9.76602e-05, 9.76602e-05, 9.76602e-05, 9.76602e-05, 9.76602e-05, 9.76602e-05, 9.76602e-05, 9.76602e-05, 9.76602e-05, 9.76602e-05, 9.76602e-05, 9.76602e-05, 9.76602e-05, 9.76602e-05, 9.76602e-05, 9.87198e-05, 9.76602e-05, 0.380726, 9.76602e-05, 9.76602e-05
18.8421, 0, 0.375581, 9.04279e-05, 1.41421, -0.375581, 0, 9.04279e-05, 9.04279e-05, 9.04279e-05, 9.04279e-05, 9.04279e-05, 9.04279e-05, 9.04279e-05, 9.04279e-05, 9.04279e-05, 9.04279e-05, 9.04279e-05, 9.04279e-05, 9.04279e-05, 9.04279e-05, 9.04279e-05, 9.04279e-05, 9.04279e-05, 9.14749e-05, 9.04279e-05, 0.37558, 9.04279e-05, 9.04279e-05
18.85, 0, 0.370171, 8.44607e-05, 1.41421, -0.370171, 0, 8.44607e-05, 8.44607e-05, 8.44607e-05, 8.44607e-05, 8.44607e-05, 8.44607e-05, 8.44607e-05, 8.44607e-05, 8.44607e-05, 8.44607e-05, 8.44607e-05, 8.44607e-05, 8.44607e-05, 8.44607e-05, 8.44607e-05, 8.44607e-05, 8.44607e-05, 8.54977e-05, 8.44607e-05, 0.37017, 8.44607e-05, 8.44607e-05
18.8579, 0, 0.364521, 7.82314e-05, 1.41421, -0.364521, 0, 7.82314e-05, 7.82314e-05, 7.82314e-05, 7.82314e-05, 7.82314e-05, 7.82314e-05, 7.82314e-05, 7.82314e-05, 7.82314e-05, 7.82314e-05, 7.82314e-05, 7.82314e-05, 7.82314e-05, 7.82314e-05, 7.82314e-05, 7.82314e-05, 7.82314e-05, 7.92603e-05, 7.82314e-05, 0.36452, 7.82314e-05, 7.82314e-05
18.8658, 0, 0.358656, 7.18573e-05, 1.41421, -0.358656, 0, 7.18573e-05, 7.18573e-05, 7.18573e-05, 7.18573e-05, 7.18573e-05, 7.18573e-05, 7.18573e-05, 7.18573e-05, 7.18573e-05, 7.18573e-05, 7.18573e-05, 7.18573e-05, 7.18573e-05, 7.18573e-05, 7.18573e-05, 7.18573e-05, 7.18573e-05, 7.288e-05, 7.18573e-05, 0.358655, 7.18573e-05, 7.18573e-05
18.8737, 0, 0.352604, 6.5571e-05, 1.41421, -0.352604, 0, 6.5571e-05, 6.5571e-05, 6.5571e-05, 6.5571e-05, 6.5571e-05, 6.5571e-05, 6.5571e-05, 6.5571e-05, 6.5571e-05, 6.5571e-05, 6.5571e-05, 6.5571e-05, 6.5571e-05, 6.5571e-05, 6.5571e-05, 6.5571e-05, 6.5571e-05, 6.65889e-05, 6.5571e-05, 0.352603, 6.5571e-05, 6.5571e-05
18.8815, 2, 0.34639, 5.95725e-05, 2, 1.65361, 0, 5.95725e-05, 5.95725e-05, 5.95725e-05, 5.95725e-05, 5.95725e-05, 5.95725e-05, 5.95725e-05, 5.95725e-05, 5.95725e-05, 5.95725e-05, 5.95725e-05, 5.95725e-05, 5.95725e-05, 5.95725e-05, 5.95725e-05, 5.95725e-05, 5.95725e-05, 6.05867e-05, 5.95725e-05, 0.346389, 5.95725e-05, 5.95725e-05
18.8894, 0, 0.340039, 5.43461e-05, 1.41421, -0.340039, 0, 5.43461e-05, 5.43461e-05, 5.43461e-05, 5.43461e-05, 5.43461e-05, 5.43461e-05, 5.43461e-05, 5.43461e-05, 5.43461e-05, 5.43461e-05, 5.43461e-05, 5.43461e-05, 5.43461e-05, 5.43461e-05, 5.43461e-05, 5.43461e-05, 5.43461e-05, 5.53576e-05, 5.43461e-05, 0.340038, 5.43461e-05, 5.43461e-05
18.8973, 0, 0.333576, 4.8984e-05, 1.41421, -0.333576, 0, 4.8984e-05, 4.8984e-05, 4.8984e-05, 4.8984e-05, 4.8984e-05, 4.8984e-05, 4.8984e-05, 4.8984e-05, 4.8984e-05, 4.8984e-05, 4.8984e-05, 4.8984e-05, 4.8984e-05, 4.8984e-05, 4.8984e-05, 4.8984e-05, 4.8984e-05, 4.99937e-05, 4.8984e-05, 0.333575, 4.8984e-05, 4.8984e-05
18.9052, 2, 0.327024, 4.36003e-05, 2, 1.67298, 0, 4.36003e-05, 4.36003e-05, 4.36003e-05, 4.36003e-05, 4.36003e-05, 4.36003e-05, 4.36003e-05, 4.36003e-05, 4.36003e-05, 4.36003e-05, 4.36003e-05, 4.36003e-05, 4.36003e-05, 4.36003e-05, 4.36003e-05, 4.36003e-05, 4.36003e-05, 4.46086e-05, 4.36003e-05, 0.327023, 4.36003e-05, 4.36003e-05
18.9131, 0, 0.320407, 3.83891e-05, 1.41421, -0.320407, 0, 3.83891e-05, 3.83891e-05, 3.83891e-05, 3.83891e-05, 3.83891e-05, 3.83891e-05, 3.83891e-05, 3.83891e-05, 3.83891e-05, 3.83891e-05, 3.83891e-05, 3.83891e-05, 3.83891e-05, 3.83891e-05, 3.83891e-05, 3.83891e-05, 3.83891e-05, 3.93966e-05, 3.83891e-05, 0.320406, 3.83891e-05, 3.83891e-05
18.921, 0, 0.313747, 3.35095e-05, 1.41421, -0.313747, 0, 3.35095e-05, 3.35095e-05, 3.35095e-05, 3.35095e-05, 3.35095e-05, 3.35095e-05, 3.35095e-05, 3.35095e-05, 3.35095e-05, 3.35095e-05, 3.35095e-05, 3.35095e-05, 3.35095e-05, 3.35095e-05, 3.35095e-05, 3.35095e-05, 3.35095e-05, 3.45166e-05, 3.35095e-05, 0.313746, 3.35095e-05, 3.35095e-05
18.9288, 0, 0.307065, 2.96277e-05, 1.41421, -0.307065, 0, 2.96277e-05, 2.96277e-05, 2.96277e-05, 2.96277e-05, 2.96277e-05, 2.96277e-05, 2.96277e-05, 2.96277e-05, 2.96277e-05, 2.96277e-05, 2.96277e-05, 2.96277e-05, 2.96277e-05, 2.96277e-05, 2.96277e-05, 2.96277e-05, 2.96277e-05, 3.06348e-05, 2.96277e-05, 0.307064, 2.96277e-05, 2.96277e-05
18.9367, 0, 0.30038, 2.57136e-05, 1.41421, -0.30038, 0, 2.57136e-05, 2.57136e-05, 2.57136e-05, 2.57136e-05, 2.57136e-05, 2.57136e-05, 2.57136e-05, 2.57136e-05, 2.57136e-05, 2.57136e-05, 2.57136e-05, 2.57136e-05, 2.57136e-05, 2.57136e-05, 2.57136e-05, 2.57136e-05, 2.57136e-05, 2.67208e-05, 2.57136e-05, 0.300379, 2.57136e-05, 2.57136e-05
18.9446, 0, 0.293713, 2.18543e-05, 1.41421, -0.293713, 0, 2.18543e-05, 2.18543e-05, 2.18543e-05, 2.18543e-05, 2.18543e-05, 2.18543e-05, 2.18543e-05, 2.18543e-05, 2.18543e-05, 2.18543e-05, 2.18543e-05, 2.18543e-05, 2.18543e-05, 2.18543e-05, 2.18543e-05, 2.18543e-05, 2.18543e-05, 2.28619e-05, 2.18543e-05, 0.293712, 2.18543e-05, 2.18543e-05
18.9525, 0, 0.287076, 1.82074e-05, 1.41421, -0.287076, 0, 1.82074e-05, 1.82074e-05, 1.82074e-05, 1.82074e-05, 1.82074e-05, 1.82074e-05, 1.82074e-05, 1.82074e-05, 1.82074e-05, 1.82074e-05, 1.82074e-05, 1.82074e-05, 1.82074e-05, 1.82074e-05, 1.82074e-05, 1.82074e-05, 1.82074e-05, 1.92155e-05, 1.82074e-05, 0.287075, 1.82074e-05, 1.82074e-05
18.9604, 0, 0.280487, 1.48931e-05, 1.41421, -0.280487, 0, 1.48931e-05, 1.48931e-05, 1.48931e-05, 1.48931e-05, 1.48931e-05, 1.48931e-05, 1.48931e-05, 1.48931e-05, 1.48931e-05, 1.48931e-05, 1.48931e-05, 1.48931e-05, 1.48931e-05, 1.48931e-05, 1.48931e-05, 1.48931e-05, 1.48931e-05, 1.59018e-05, 1.48931e-05, 0.280486, 1.48931e-05, 1.48931e-05
18.9683, 0, 0.27396, 1.20177e-05, 1.41421, -0.27396, 0, 1.20177e-05, 1.20177e-05, 1.20177e-05, 1.20177e-05, 1.20177e-05, 1.20177e-05, 1.20177e-05, 1.20177e-05, 1.20177e-05, 1.20177e-05, 1.20177e-05, 1.20177e-05, 1.20177e-05, 1.20177e-05, 1.20177e-05, 1.20177e-05, 1.20177e-05, 1.30271e-05, 1.20177e-05, 0.273959, 1.20177e-05, 1.20177e-05
18.9761, 0, 0.267506, 9.40084e-06, 1.41421, -0.267506, 0, 9.40084e-06, 9.40084e-06, 9.40084e-06, 9.40084e-06, 9.40084e-06, 9.40084e-06, 9.40084e-06, 9.40084e-06, 9.40084e-06, 9.40084e-06, 9.40084e-06, 9.40084e-06, 9.40084e-06, 9.40084e-06, 9.40084e-06, 9.40084e-06, 9.40084e-06, 1.04111e-05, 9.40084e-06, 0.267505, 9.40084e-06, 9.40084e-06
18.984, 2, 0.261139, 7.07265e-06, 2, 1.73886, 0, 7.07265e-06, 7.07265e-06, 7.07265e-06, 7.07265e-06, 7.07265e-06, 7.07265e-06, 7.07265e-06, 7.07265e-06, 7.07265e-06, 7.07265e-06, 7.07265e-06, 7.07265e-06, 7.07265e-06, 7.07265e-06, 7.07265e-06, 7.07265e-06, 7.07265e-06, 8.08372e-06, 7.07265e-06, 0.261138, 7.07265e-06, 7.07265e-06
18.9919, 0, 0.254867, 5.02695e-06, 1.41421, -0.254867, 0, 5.02695e-06, 5.02695e-06, 5.02695e-06, 5.02695e-06, 5.02695e-06, 5.02695e-06, 5.02695e-06, 5.02695e-06, 5.02695e-06, 5.02695e-06, 5.02695e-06, 5.02695e-06, 5.02695e-06, 5.02695e-06, 5.02695e-06, 5.02695e-06, 5.02695e-06, 6.03889e-06, 5.02695e-06, 0.254866, 5.02695e-06, 5.02695e-06
18.9998, 0, 0.248698, 3.29608e-06, 1.41421, -0.248698, 0, 3.29608e-06, 3.29608e-06, 3.29608e-06, 3.29608e-06, 3.29608e-06, 3.29608e-06, 3.29608e-06, 3.29608e-06, 3.29608e-06, 3.29608e-06, 3.29608e-06, 3.29608e-06, 3.29608e-06, 3.29608e-06, 3.29608e-06, 3.29608e-06, 3.29608e-06, 4.30893e-06, 3.29608e-06, 0.248697, 3.29608e-06, 3.29608e-06
19.0077, 0, 0.24264, 1.88824e-06, 1.41421, -0.24264, 0, 1.88824e-06, 1.88824e-06, 1.88824e-06, 1.88824e-06, 1.88824e-06, 1.88824e-06, 1.88824e-06, 1.88824e-06, 1.88824e-06, 1.88824e-06, 1.88824e-06, 1.88824e-06, 1.88824e-06, 1.88824e-06, 1.88824e-06, 1.88824e-06, 1.88824e-06, 2.90202e-06, 1.88824e-06, 0.242639, 1.88824e-06, 1.88824e-06
19.0156, 0, 0.236698, 8.4687e-07, 1.41421, -0.236698, 0, 8.4687e-07, 8.4687e-07, 8.4687e-07, 8.4687e-07, 8.4687e-07, 8.4687e-07, 8.4687e-07, 8.4687e-07, 8.4687e-07, 8.4687e-07, 8.4687e-07, 8.4687e-07, 8.4687e-07, 8.4687e-07, 8.4687e-07, 8.4687e-07, 8.4687e-07, 1.8616e-06, 8.4687e-07, 0.236697, 8.4687e-07, 8.4687e-07
19.0234, 0, 0.230878, 2.11717e-07, 1.41421, -0.230878, 0, 2.11717e-07, 2.11717e-07, 2.11717e-07, 2.11717e-07, 2.11717e-07, 2.11717e-07, 2.11717e-07, 2.11717e-07, 2.11717e-07, 2.11717e-07, 2.11717e-07, 2.11717e-07, 2.11717e-07, 2.11717e-07, 2.11717e-07, 2.11717e-07, 2.11717e-07, 1.22741e-06, 2.11717e-07, 0.230877, 2.11717e-07, 2.11717e-07
19.0313, 0, 0.225182, 0, 1.41421, -0.225182, 0, 0, 0, 0, 0, 0, 0, 0, 0, 0, 0, 0, 0, 0, 0, 0, 0, 0, 1.01666e-06, 0, 0.225181, 0, 0
19.0392, 0, 0.219614, 0, 1.41421, -0.219614, 0, 0, 0, 0, 0, 0, 0, 0, 0, 0, 0, 0, 0, 0, 0, 0, 0, 0, 1.01764e-06, 0, 0.219613, 0, 0
19.0471, 0, 0.214176, 0, 1.41421, -0.214176, 0, 0, 0, 0, 0, 0, 0, 0, 0, 0, 0, 0, 0, 0, 0, 0, 0, 0, 1.01863e-06, 0, 0.214175, 0, 0
19.055, 0, 0.208869, 0, 1.41421, -0.208869, 0, 0, 0, 0, 0, 0, 0, 0, 0, 0, 0, 0, 0, 0, 0, 0, 0, 0, 1.01962e-06, 0, 0.208868, 0, 0
19.0628, 0, 0.203691, 0, 1.41421, -0.203691, 0, 0, 0, 0, 0, 0, 0, 0, 0, 0, 0, 0, 0, 0, 0, 0, 0, 0, 1.02061e-06, 0, 0.20369, 0, 0
19.0707, 0, 0.198645, 0, 1.41421, -0.198645, 0, 0, 0, 0, 0, 0, 0, 0, 0, 0, 0, 0, 0, 0, 0, 0, 0, 0, 1.02161e-06, 0, 0.198644, 0, 0
19.0786, 0, 0.193727, 0, 1.41421, -0.193727, 0, 0, 0, 0, 0, 0, 0, 0, 0, 0, 0, 0, 0, 0, 0, 0, 0, 0, 1.02261e-06, 0, 0.193726, 0, 0
19.0865, 0, 0.188939, 0, 1.41421, -0.188939, 0, 0, 0, 0, 0, 0, 0, 0, 0, 0, 0, 0, 0, 0, 0, 0, 0, 0, 1.02361e-06, 0, 0.188938, 0, 0
19.0944, 0, 0.184279, 0, 1.41421, -0.184279, 0, 0, 0, 0, 0, 0, 0, 0, 0, 0, 0, 0, 0, 0, 0, 0, 0, 0, 1.02461e-06, 0, 0.184278, 0, 0
19.1023, 0, 0.179744, 0, 1.41421, -0.179744, 0, 0, 0, 0, 0, 0, 0, 0, 0, 0, 0, 0, 0, 0, 0, 0, 0, 0, 1.02561e-06, 0, 0.179743, 0, 0
19.1101, 2, 0.175332, 0, 2, 1.82467, 0, 0, 0, 0, 0, 0, 0, 0, 0, 0, 0, 0, 0, 0, 0, 0, 0, 0, 1.02661e-06, 0, 0.175331, 0, 0
19.118, 0, 0.171042, 0, 1.41421, -0.171042, 0, 0, 0, 0, 0, 0, 0, 0, 0, 0, 0, 0, 0, 0, 0, 0, 0, 0, 1.02762e-06, 0, 0.171041, 0, 0
19.1259, 0, 0.16687, 0, 1.41421, -0.16687, 0, 0, 0, 0, 0, 0, 0, 0, 0, 0, 0, 0, 0, 0, 0, 0, 0, 0, 1.02863e-06, 0, 0.166868, 0, 0
19.1338, 0, 0.162813, 0, 1.41421, -0.162813, 0, 0, 0, 0, 0, 0, 0, 0, 0, 0, 0, 0, 0, 0, 0, 0, 0, 0, 1.02964e-06, 0, 0.162812, 0, 0
19.1417, 0, 0.158869, 0, 1.41421, -0.158869, 0, 0, 0, 0, 0, 0, 0, 0, 0, 0, 0, 0, 0, 0, 0, 0, 0, 0, 1.03064e-06, 0, 0.158868, 0, 0
19.1496, 0, 0.155036, 0, 1.41421, -0.155036, 0, 0, 0, 0, 0, 0, 0, 0, 0, 0, 0, 0, 0, 0, 0, 0, 0, 0, 1.03165e-06, 0, 0.155035, 0, 0
19.1574, 0, 0.151309, 0, 1.41421, -0.151309, 0, 0, 0, 0, 0, 0, 0, 0, 0, 0, 0, 0, 0, 0, 0, 0, 0, 0, 1.03267e-06, 0, 0.151308, 0, 0
19.1653, 0, 0.147688, 0, 1.41421, -0.147688, 0, 0, 0, 0, 0, 0, 0, 0, 0, 0, 0, 0, 0, 0, 0, 0, 0, 0, 1.03368e-06, 0, 0.147687, 0, 0
19.1732, 0, 0.144167, 0, 1.41421, -0.144167, 0, 0, 0, 0, 0, 0, 0, 0, 0, 0, 0, 0, 0, 0, 0, 0, 0, 0, 1.03469e-06, 0, 0.144165, 0, 0
19.1811, 0, 0.140744, 0, 1.41421, -0.140744, 0, 0, 0, 0, 0, 0, 0, 0, 0, 0, 0, 0, 0, 0, 0, 0, 0, 0, 1.03571e-06, 0, 0.140743, 0, 0
19.189, 0, 0.137415, 4.17232e-35, 1.41421, -0.137415, 0, 4.17232e-35, 4.17232e-35, 4.17232e-35, 4.17232e-35, 4.17232e-35, 4.17232e-35, 4.17232e-35, 4.17232e-35, 4.17232e-35, 4.17232e-35, 4.17232e-35, 4.17232e-35, 4.17232e-35, 4.17232e-35, 4.17232e-35, 4.17232e-35, 4.17232e-35, 1.03672e-06, 4.17232e-35, 0.137414, 4.17232e-35, 4.17232e-35
19.1969, 0, 0.13418, 1.58425e-34, 1.41421, -0.13418, 0, 1.58425e-34, 1.58425e-34, 1.58425e-34, 1.58425e-34, 1.58425e-34, 1.58425e-34, 1.58425e-34, 1.58425e-34, 1.58425e-34, 1.58425e-34, 1.58425e-34, 1.58425e-34, 1.58425e-34, 1.58425e-34, 1.58425e-34, 1.58425e-34, 1.58425e-34, 1.03774e-06, 1.58425e-34, 0.134179, 1.58425e-34, 1.58425e-34
19.2047, 0, 0.131034, 3.38502e-34, 1.41421, -0.131034, 0, 3.38502e-34, 3.38502e-34, 3.38502e-34, 3.38502e-34, 3.38502e-34, 3.38502e-34, 3.38502e-34, 3.38502e-34, 3.38502e-34, 3.38502e-34, 3.38502e-34, 3.38502e-34, 3.38502e-34, 3.38502e-34, 3.38502e-34, 3.38502e-34, 3.38502e-34, 1.03876e-06, 3.38502e-34, 0.131033, 3.38502e-34, 3.38502e-34
19.2126, 0, 0.127975, 5.74922e-34, 1.41421, -0.127975, 0, 5.74922e-34, 5.74922e-34, 5.74922e-34, 5.74922e-34, 5.74922e-34, 5.74922e-34, 5.74922e-34, 5.74922e-34, 5.74922e-34, 5.74922e-34, 5.74922e-34, 5.74922e-34, 5.74922e-34, 5.74922e-34, 5.74922e-34, 5.74922e-34, 5.74922e-34, 1.03979e-06, 5.74922e-34, 0.127974, 5.74922e-34, 5.74922e-34
19.2205, 0, 0.125, 8.22874e-34, 1.41421, -0.125, 0, 8.22874e-34, 8.22874e-34, 8.22874e-34, 8.22874e-34, 8.22874e-34, 8.22874e-34, 8.22874e-34, 8.22874e-34, 8.22874e-34, 8.22874e-34, 8.22874e-34, 8.22874e-34, 8.22874e-34, 8.22874e-34, 8.22874e-34, 8.22874e-34, 8.22874e-34, 1.04082e-06, 8.22874e-34, 0.124999, 8.22874e-34, 8.22874e-34
19.2284, 2, 0.122107, 1.06154e-33, 2, 1.87789, 0, 1.06154e-33, 1.06154e-33, 1.06154e-33, 1.06154e-33, 1.06154e-33, 1.06154e-33, 1.06154e-33, 1.06154e-33, 1.06154e-33, 1.06154e-33, 1.06154e-33, 1.06154e-33, 1.06154e-33, 1.06154e-33, 1.06154e-33, 1.06154e-33, 1.06154e-33, 1.04185e-06, 1.06154e-33, 0.122106, 1.06154e-33, 1.06154e-33
19.2363, 2, 0.119292, 1.28486e-33, 2, 1.88071, 0, 1.28486e-33, 1.28486e-33, 1.28486e-33, 1.28486e-33, 1.28486e-33, 1.28486e-33, 1.28486e-33, 1.28486e-33, 1.28486e-33, 1.28486e-33, 1.28486e-33, 1.28486e-33, 1.28486e-33, 1.28486e-33, 1.28486e-33, 1.28486e-33, 1.28486e-33, 1.04289e-06, 1.28486e-33, 0.119291, 1.28486e-33, 1.28486e-33
19.2442, 0, 0.116553, 1.47846e-33, 1.41421, -0.116553, 0, 1.47846e-33, 1.47846e-33, 1.47846e-33, 1.47846e-33, 1.47846e-33, 1.47846e-33, 1.47846e-33, 1.47846e-33, 1.47846e-33, 1.47846e-33, 1.47846e-33, 1.47846e-33, 1.47846e-33, 1.47846e-33, 1.47846e-33, 1.47846e-33, 1.47846e-33, 1.04393e-06, 1.47846e-33, 0.116552, 1.47846e-33, 1.47846e-33
19.252, 0, 0.113887, 1.6018e-33, 1.41421, -0.113887, 0, 1.6018e-33, 1.6018e-33, 1.6018e-33, 1.6018e-33, 1.6018e-33, 1.6018e-33, 1.6018e-33, 1.6018e-33, 1.6018e-33, 1.6018e-33, 1.6018e-33, 1.6018e-33, 1.6018e-33, 1.6018e-33, 1.6018e-33, 1.6018e-33, 1.6018e-33, 1.04499e-06, 1.6018e-33, 0.113886, 1.6018e-33, 1.6018e-33
19.2599, 0, 0.111292, 1.65667e-33, 1.41421, -0.111292, 0, 1.65667e-33, 1.65667e-33, 1.65667e-33, 1.65667e-33, 1.65667e-33, 1.65667e-33, 1.65667e-33, 1.65667e-33, 1.65667e-33, 1.65667e-33, 1.65667e-33, 1.65667e-33, 1.65667e-33, 1.65667e-33, 1.65667e-33, 1.65667e-33, 1.65667e-33, 1.04607e-06, 1.65667e-33, 0.111291, 1.65667e-33, 1.65667e-33
19.2678, 0, 0.108767, 1.64571e-33, 1.41421, -0.108767, 0, 1.64571e-33, 1.64571e-33, 1.64571e-33, 1.64571e-33, 1.64571e-33, 1.64571e-33, 1.64571e-33, 1.64571e-33, 1.64571e-33, 1.64571e-33, 1.64571e-33, 1.64571e-33, 1.64571e-33, 1.64571e-33, 1.64571e-33, 1.64571e-33, 1.64571e-33, 1.04717e-06, 1.64571e-33, 0.108765, 1.64571e-33, 1.64571e-33
19.2757, 0, 0.106307, 1.58256e-33, 1.41421, -0.106307, 0, 1.58256e-33, 1.58256e-33, 1.58256e-33, 1.58256e-33, 1.58256e-33, 1.58256e-33, 1.58256e-33, 1.58256e-33, 1.58256e-33, 1.58256e-33, 1.58256e-33, 1.58256e-33, 1.58256e-33, 1.58256e-33, 1.58256e-33, 1.58256e-33, 1.58256e-33, 1.04831e-06, 1.58256e-33, 0.106306, 1.58256e-33, 1.58256e-33
19.2836, 0, 0.103912, 1.45905e-33, 1.41421, -0.103912, 0, 1.45905e-33, 1.45905e-33, 1.45905e-33, 1.45905e-33, 1.45905e-33, 1.45905e-33, 1.45905e-33, 1.45905e-33, 1.45905e-33, 1.45905e-33, 1.45905e-33, 1.45905e-33, 1.45905e-33, 1.45905e-33, 1.45905e-33, 1.45905e-33, 1.45905e-33, 1.04949e-06, 1.45905e-33, 0.10391, 1.45905e-33, 1.45905e-33
19.2914, 0, 0.101577, 1.28387e-33, 1.41421, -0.101577, 0, 1.28387e-33, 1.28387e-33, 1.28387e-33, 1.28387e-33, 1.28387e-33, 1.28387e-33, 1.28387e-33, 1.28387e-33, 1.28387e-33, 1.28387e-33, 1.28387e-33, 1.28387e-33, 1.28387e-33, 1.28387e-33, 1.28387e-33, 1.28387e-33, 1.28387e-33, 1.05073e-06, 1.28387e-33, 0.101576, 1.28387e-33, 1.28387e-33
19.2993, 0, 0.0993021, 1.08122e-33, 1.41421, -0.0993021, 0, 1.08122e-33, 1.08122e-33, 1.08122e-33, 1.08122e-33, 1.08122e-33, 1.08122e-33, 1.08122e-33, 1.08122e-33, 1.08122e-33, 1.08122e-33, 1.08122e-33, 1.08122e-33, 1.08122e-33, 1.08122e-33, 1.08122e-33, 1.08122e-33, 1.08122e-33, 1.05205e-06, 1.08122e-33, 0.099301, 1.08122e-33, 1.08122e-33
19.3072, 2, 0.0970848, 8.62599e-34, 2, 1.90292, 0, 8.62599e-34, 8.62599e-34, 8.62599e-34, 8.62599e-34, 8.62599e-34, 8.62599e-34, 8.62599e-34, 8.62599e-34, 8.62599e-34, 8.62599e-34, 8.62599e-34, 8.62599e-34, 8.62599e-34, 8.62599e-34, 8.62599e-34, 8.62599e-34, 8.62599e-34, 1.0535e-06, 8.62599e-34, 0.0970838, 8.62599e-34, 8.62599e-34
19.3151, 0, 0.0949228, 6.41285e-34, 1.41421, -0.0949228, 0, 6.41285e-34, 6.41285e-34, 6.41285e-34, 6.41285e-34, 6.41285e-34, 6.41285e-34, 6.41285e-34, 6.41285e-34, 6.41285e-34, 6.41285e-34, 6.41285e-34, 6.41285e-34, 6.41285e-34, 6.41285e-34, 6.41285e-34, 6.41285e-34, 6.41285e-34, 1.0551e-06, 6.41285e-34, 0.0949218, 6.41285e-34, 6.41285e-34
19.323, 0, 0.0928142, 4.3611e-34, 1.41421, -0.0928142, 0, 4.3611e-34, 4.3611e-34, 4.3611e-34, 4.3611e-34, 4.3611e-34, 4.3611e-34, 4.3611e-34, 4.3611e-34, 4.3611e-34, 4.3611e-34, 4.3611e-34, 4.3611e-34, 4.3611e-34, 4.3611e-34, 4.3611e-34, 4.3611e-34, 4.3611e-34, 1.05691e-06, 4.3611e-34, 0.0928132, 4.3611e-34, 4.3611e-34
19.3309, 0, 0.090757, 2.5611e-34, 1.41421, -0.090757, 0, 2.5611e-34, 2.5611e-34, 2.5611e-34, 2.5611e-34, 2.5611e-34, 2.5611e-34, 2.5611e-34, 2.5611e-34, 2.5611e-34, 2.5611e-34, 2.5611e-34, 2.5611e-34, 2.5611e-34, 2.5611e-34, 2.5611e-34, 2.5611e-34, 2.5611e-34, 1.05901e-06, 2.5611e-34, 0.090756, 2.5611e-34, 2.5611e-34
19.3387, 0, 0.0887492, 1.16265e-34, 1.41421, -0.0887492, 0, 1.16265e-34, 1.16265e-34, 1.16265e-34, 1.16265e-34, 1.16265e-34, 1.16265e-34, 1.16265e-34, 1.16265e-34, 1.16265e-34, 1.16265e-34, 1.16265e-34, 1.16265e-34, 1.16265e-34, 1.16265e-34, 1.16265e-34, 1.16265e-34, 1.16265e-34, 1.06149e-06, 1.16265e-34, 0.0887481, 1.16265e-34, 1.16265e-34
19.3466, 0, 0.0867891, 2.90662e-35, 1.41421, -0.0867891, 0, 2.90662e-35, 2.90662e-35, 2.90662e-35, 2.90662e-35, 2.90662e-35, 2.90662e-35, 2.90662e-35, 2.90662e-35, 2.90662e-35, 2.90662e-35, 2.90662e-35, 2.90662e-35, 2.90662e-35, 2.90662e-35, 2.90662e-35, 2.90662e-35, 2.90662e-35, 1.06448e-06, 2.90662e-35, 0.086788, 2.90662e-35, 2.90662e-35
19.3545, 0, 0.0848748, 0, 1.41421, -0.0848748, 0, 0, 0, 0, 0, 0, 0, 0, 0, 0, 0, 0, 0, 0, 0, 0, 0, 0, 1.06813e-06, 0, 0.0848737, 0, 0
19.3624, 0, 0.0830045, 0, 1.41421, -0.0830045, 0, 0, 0, 0, 0, 0, 0, 0, 0, 0, 0, 0, 0, 0, 0, 0, 0, 0, 1.07267e-06, 0, 0.0830034, 0, 0
19.3703, 0, 0.0811767, 0, 1.41421, -0.0811767, 0, 0, 0, 0, 0, 0, 0, 0, 0, 0, 0, 0, 0, 0, 0, 0, 0, 0, 1.07834e-06, 0, 0.0811756, 0, 0
19.3782, 0, 0.0793897, 0, 1.41421, -0.0793897, 0, 0, 0, 0, 0, 0, 0, 0, 0, 0, 0, 0, 0, 0, 0, 0, 0, 0, 1.08549e-06, 0, 0.0793886, 0, 0
19.386, 0, 0.0776418, 0, 1.41421, -0.0776418, 0, 0, 0, 0, 0, 0, 0, 0, 0, 0, 0, 0, 0, 0, 0, 0, 0, 0, 1.09456e-06, 0, 0.0776407, 0, 0
19.3939, 0, 0.0759321, 0, 1.41421, -0.0759321, 0, 0, 0, 0, 0, 0, 0, 0, 0, 0, 0, 0, 0, 0, 0, 0, 0, 0, 1.10606e-06, 0, 0.075931, 0, 0
19.4018, 0, 0.0742581, 0, 1.41421, -0.0742581, 0, 0, 0, 0, 0, 0, 0, 0, 0, 0, 0, 0, 0, 0, 0, 0, 0, 0, 1.12067e-06, 0, 0.074257, 0, 0
19.4097, 0, 0.0726187, 0, 1.41421, -0.0726187, 0, 0, 0, 0, 0, 0, 0, 0, 0, 0, 0, 0, 0, 0, 0, 0, 0, 0, 1.13922e-06, 0, 0.0726176, 0, 0
19.4176, 0, 0.0710131, 0, 1.41421, -0.0710131, 0, 0, 0, 0, 0, 0, 0, 0, 0, 0, 0, 0, 0, 0, 0, 0, 0, 0, 1.1627e-06, 0, 0.071012, 0, 0
19.4255, 4, 0.0694398, 0, 2.44949, 3.93056, 0, 0, 0, 0, 0, 0, 0, 0, 0, 0, 0, 0, 0, 0, 0, 0, 0, 0, 1.19235e-06, 0, 0.0694386, 0, 0
19.4333, 0, 0.0678974, 0, 1.41421, -0.0678974, 0, 0, 0, 0, 0, 0, 0, 0, 0, 0, 0, 0, 0, 0, 0, 0, 0, 0, 1.22966e-06, 0, 0.0678962, 0, 0
19.4412, 0, 0.0663849, 0, 1.41421, -0.0663849, 0, 0, 0, 0, 0, 0, 0, 0, 0, 0, 0, 0, 0, 0, 0, 0, 0, 0, 1.27646e-06, 0, 0.0663837, 0, 0
19.4491, 0, 0.0649012, 0, 1.41421, -0.0649012, 0, 0, 0, 0, 0, 0, 0, 0, 0, 0, 0, 0, 0, 0, 0, 0, 0, 0, 1.33501e-06, 0, 0.0648999, 0, 0
19.457, 0, 0.0634453, 0, 1.41421, -0.0634453, 0, 0, 0, 0, 0, 0, 0, 0, 0, 0, 0, 0, 0, 0, 0, 0, 0, 0, 1.40932e-06, 0, 0.0634439, 0, 0
19.4649, 0, 0.0620161, 0, 1.41421, -0.0620161, 0, 0, 0, 0, 0, 0, 0, 0, 0, 0, 0, 0, 0, 0, 0, 0, 0, 0, 1.50047e-06, 0, 0.0620146, 0, 0
19.4728, 0, 0.0606129, 0, 1.41421, -0.0606129, 0, 0, 0, 0, 0, 0, 0, 0, 0, 0, 0, 0, 0, 0, 0, 0, 0, 0, 1.6125e-06, 0, 0.0606113, 0, 0
19.4806, 0, 0.0592348, 0, 1.41421, -0.0592348, 0, 0, 0, 0, 0, 0, 0, 0, 0, 0, 0, 0, 0, 0, 0, 0, 0, 0, 1.74998e-06, 0, 0.0592331, 0, 0
19.4885, 0, 0.057881, 0, 1.41421, -0.057881, 0, 0, 0, 0, 0, 0, 0, 0, 0, 0, 0, 0, 0, 0, 0, 0, 0, 0, 1.91793e-06, 0, 0.0578791, 0, 0
19.4964, 0, 0.0565509, 0, 1.41421, -0.0565509, 0, 0, 0, 0, 0, 0, 0, 0, 0, 0, 0, 0, 0, 0, 0, 0, 0, 0, 2.12225e-06, 0, 0.0565488, 0, 0
19.5043, 0, 0.0552441, 0, 1.41421, -0.0552441, 0, 0, 0, 0, 0, 0, 0, 0, 0, 0, 0, 0, 0, 0, 0, 0, 0, 0, 2.36971e-06, 0, 0.0552418, 0, 0
19.5122, 0, 0.0539595, 0, 1.41421, -0.0539595, 0, 0, 0, 0, 0, 0, 0, 0, 0, 0, 0, 0, 0, 0, 0, 0, 0, 0, 2.66838e-06, 0, 0.0539569, 0, 0
19.5201, 0, 0.0526965, 0, 1.41421, -0.0526965, 0, 0, 0, 0, 0, 0, 0, 0, 0, 0, 0, 0, 0, 0, 0, 0, 0, 0, 3.02753e-06, 0, 0.0526935, 0, 0
19.5279, 0, 0.0514554, 0, 1.41421, -0.0514554, 0, 0, 0, 0, 0, 0, 0, 0, 0, 0, 0, 0, 0, 0, 0, 0, 0, 0, 3.45776e-06, 0, 0.0514519, 0, 0
19.5358, 4, 0.0502354, 0, 2.44949, 3.94976, 0, 0, 0, 0, 0, 0, 0, 0, 0, 0, 0, 0, 0, 0, 0, 0, 0, 0, 3.97172e-06, 0, 0.0502314, 0, 0
19.5437, 0, 0.0490362, 0, 1.41421, -0.0490362, 0, 0, 0, 0, 0, 0, 0, 0, 0, 0, 0, 0, 0, 0, 0, 0, 0, 0, 4.5842e-06, 0, 0.0490316, 0, 0
19.5516, 0, 0.0478575, 0, 1.41421, -0.0478575, 0, 0, 0, 0, 0, 0, 0, 0, 0, 0, 0, 0, 0, 0, 0, 0, 0, 0, 5.3127e-06, 0, 0.0478522, 0, 0
19.5595, 0, 0.0466991, 0, 1.41421, -0.0466991, 0, 0, 0, 0, 0, 0, 0, 0, 0, 0, 0, 0, 0, 0, 0, 0, 0, 0, 6.17808e-06, 0, 0.046693, 0, 0
19.5674, 0, 0.045561, 0, 1.41421, -0.045561, 0, 0, 0, 0, 0, 0, 0, 0, 0, 0, 0, 0, 0, 0, 0, 0, 0, 0, 7.20545e-06, 0, 0.0455538, 0, 0
19.5752, 0, 0.0444428, 0, 1.41421, -0.0444428, 0, 0, 0, 0, 0, 0, 0, 0, 0, 0, 0, 0, 0, 0, 0, 0, 0, 0, 8.42529e-06, 0, 0.0444344, 0, 0
19.5831, 0, 0.0433447, 0, 1.41421, -0.0433447, 0, 0, 0, 0, 0, 0, 0, 0, 0, 0, 0, 0, 0, 0, 0, 0, 0, 0, 9.87504e-06, 0, 0.0433348, 0, 0
19.591, 0, 0.0422666, 0, 1.41421, -0.0422666, 0, 0, 0, 0, 0, 0, 0, 0, 0, 0, 0, 0, 0, 0, 0, 0, 0, 0, 1.16026e-05, 0, 0.042255, 0, 0
19.5989, 0, 0.0412087, 0, 1.41421, -0.0412087, 0, 0, 0, 0, 0, 0, 0, 0, 0, 0, 0, 0, 0, 0, 0, 0, 0, 0, 1.36629e-05, 0, 0.041195, 0, 0
19.6068, 0, 0.040171, 0, 1.41421, -0.040171, 0, 0, 0, 0, 0, 0, 0, 0, 0, 0, 0, 0, 0, 0, 0, 0, 0, 0, 1.61279e-05, 0, 0.0401549, 0, 0
19.6146, 0, 0.0391541, 0, 1.41421, -0.0391541, 0, 0, 0, 0, 0, 0, 0, 0, 0, 0, 0, 0, 0, 0, 0, 0, 0, 0, 1.90871e-05, 0, 0.039135, 0, 0
19.6225, 0, 0.0381576, 0, 1.41421, -0.0381576, 0, 0, 0, 0, 0, 0, 0, 0, 0, 0, 0, 0, 0, 0, 0, 0, 0, 0, 2.26551e-05, 0, 0.0381349, 0, 0
19.6304, 0, 0.0371819, 0, 1.41421, -0.0371819, 0, 0, 0, 0, 0, 0, 0, 0, 0, 0, 0, 0, 0, 0, 0, 0, 0, 0, 2.69747e-05, 0, 0.0371549, 0, 0
19.6383, 0, 0.036228, 0, 1.41421, -0.036228, 0, 0, 0, 0, 0, 0, 0, 0, 0, 0, 0, 0, 0, 0, 0, 0, 0, 0, 3.22226e-05, 0, 0.0361958, 0, 0
19.6462, 0, 0.035296, 0, 1.41421, -0.035296, 0, 0, 0, 0, 0, 0, 0, 0, 0, 0, 0, 0, 0, 0, 0, 0, 0, 0, 3.86241e-05, 0, 0.0352574, 0, 0
19.6541, 0, 0.0343865, 0, 1.41421, -0.0343865, 0, 0, 0, 0, 0, 0, 0, 0, 0, 0, 0, 0, 0, 0, 0, 0, 0, 0, 4.64595e-05, 0, 0.0343401, 0, 0
19.6619, 0, 0.0335002, 0, 1.41421, -0.0335002, 0, 0, 0, 0, 0, 0, 0, 0, 0, 0, 0, 0, 0, 0, 0, 0, 0, 0, 5.6078e-05, 0, 0.0334441, 0, 0
19.6698, 0, 0.0326376, 0, 1.41421, -0.0326376, 0, 0, 0, 0, 0, 0, 0, 0, 0, 0, 0, 0, 0, 0, 0, 0, 0, 0, 6.79119e-05, 0, 0.0325697, 0, 0
19.6777, 0, 0.0317997, 0, 1.41421, -0.0317997, 0, 0, 0, 0, 0, 0, 0, 0, 0, 0, 0, 0, 0, 0, 0, 0, 0, 0, 8.24942e-05, 0, 0.0317172, 0, 0
19.6856, 0, 0.0309873, 0, 1.41421, -0.0309873, 0, 0, 0, 0, 0, 0, 0, 0, 0, 0, 0, 0, 0, 0, 0, 0, 0, 0, 0.000100477, 0, 0.0308868, 0, 0
19.6935, 0, 0.0302014, 0, 1.41421, -0.0302014, 0, 0, 0, 0, 0, 0, 0, 0, 0, 0, 0, 0, 0, 0, 0, 0, 0, 0, 0.000122655, 0, 0.0300787, 0, 0
19.7014, 0, 0.0294432, 0, 1.41421, -0.0294432, 0, 0, 0, 0, 0, 0, 0, 0, 0, 0, 0, 0, 0, 0, 0, 0, 0, 0, 0.000149987, 0, 0.0292932, 0, 0
19.7092, 0, 0.0287139, 0, 1.41421, -0.0287139, 0, 0, 0, 0, 0, 0, 0, 0, 0, 0, 0, 0, 0, 0, 0, 0, 0, 0, 0.000183625, 0, 0.0285303, 0, 0
19.7171, 2, 0.028015, 0, 2, 1.97198, 0, 0, 0, 0, 0, 0, 0, 0, 0, 0, 0, 0, 0, 0, 0, 0, 0, 0, 0.000224941, 0, 0.02779, 0, 0
19.725, 0, 0.0273482, 0, 1.41421, -0.0273482, 0, 0, 0, 0, 0, 0, 0, 0, 0, 0, 0, 0, 0, 0, 0, 0, 0, 0, 0.000275543, 0, 0.0270727, 0, 0
19.7329, 2, 0.0267151, 0, 2, 1.97328, 0, 0, 0, 0, 0, 0, 0, 0, 0, 0, 0, 0, 0, 0, 0, 0, 0, 0, 0.000337361, 0, 0.0263778, 0, 0
19.7408, 0, 0.0261178, 0, 1.41421, -0.0261178, 0, 0, 0, 0, 0, 0, 0, 0, 0, 0, 0, 0, 0, 0, 0, 0, 0, 0, 0.000412619, 0, 0.0257051, 0, 0
19.7487, 0, 0.0255588, 0, 1.41421, -0.0255588, 0, 0, 0, 0, 0, 0, 0, 0, 0, 0, 0, 0, 0, 0, 0, 0, 0, 0, 0.000503841, 0, 0.0250549, 0, 0
19.7565, 2, 0.0250407, 0, 2, 1.97496, 0, 0, 0, 0, 0, 0, 0, 0, 0, 0, 0, 0, 0, 0, 0, 0, 0, 0, 0.000613974, 0, 0.0244267, 0, 0
19.7644, 2, 0.0245663, 0, 2, 1.97543, 0, 0, 0, 0, 0, 0, 0, 0, 0, 0, 0, 0, 0, 0, 0, 0, 0, 0, 0.000746349, 0, 0.02382, 0, 0
19.7723, 0, 0.0241391, 0, 1.41421, -0.0241391, 0, 0, 0, 0, 0, 0, 0, 0, 0, 0, 0, 0, 0, 0, 0, 0, 0, 0, 0.000904712, 0, 0.0232344, 0, 0
19.7802, 0, 0.0237626, 0, 1.41421, -0.0237626, 0, 0, 0, 0, 0, 0, 0, 0, 0, 0, 0, 0, 0, 0, 0, 0, 0, 0, 0.00109325, 0, 0.0226693, 0, 0
19.7881, 0, 0.0234408, 0, 1.41421, -0.0234408, 0, 0, 0, 0, 0, 0, 0, 0, 0, 0, 0, 0, 0, 0, 0, 0, 0, 0, 0.00131658, 0, 0.0221242, 0, 0
19.796, 0, 0.0231781, 0, 1.41421, -0.0231781, 0, 0, 0, 0, 0, 0, 0, 0, 0, 0, 0, 0, 0, 0, 0, 0, 0, 0, 0.00157977, 0, 0.0215983, 0, 0
19.8038, 2, 0.0229793, 0, 2, 1.97702, 0, 0, 0, 0, 0, 0, 0, 0, 0, 0, 0, 0, 0, 0, 0, 0, 0, 0, 0.00188831, 0, 0.021091, 0, 0
19.8117, 0, 0.0228496, 0, 1.41421, -0.0228496, 0, 0, 0, 0, 0, 0, 0, 0, 0, 0, 0, 0, 0, 0, 0, 0, 0, 0, 0.00224808, 0, 0.0206015, 0, 0
19.8196, 0, 0.0227944, 0, 1.41421, -0.0227944, 0, 0, 0, 0, 0, 0, 0, 0, 0, 0, 0, 0, 0, 0, 0, 0, 0, 0, 0.00266535, 0, 0.020129, 0, 0
19.8275, 0, 0.0228194, 0, 1.41421, -0.0228194, 0, 0, 0, 0, 0, 0, 0, 0, 0, 0, 0, 0, 0, 0, 0, 0, 0, 0, 0.00314666, 0, 0.0196727, 0, 0
19.8354, 0, 0.0229305, 0, 1.41421, -0.0229305, 0, 0, 0, 0, 0, 0, 0, 0, 0, 0, 0, 0, 0, 0, 0, 0, 0, 0, 0.00369867, 0, 0.0192319, 0, 0
19.8432, 0, 0.023134, 0, 1.41421, -0.023134, 0, 0, 0, 0, 0, 0, 0, 0, 0, 0, 0, 0, 0, 0, 0, 0, 0, 0, 0.0043286, 0, 0.0188054, 0, 0
19.8511, 0, 0.0234361, 0, 1.41421, -0.0234361, 0, 0, 0, 0, 0, 0, 0, 0, 0, 0, 0, 0, 0, 0, 0, 0, 0, 0, 0.00504351, 0, 0.0183926, 0, 0
19.859, 0, 0.0238428, 0, 1.41421, -0.0238428, 0, 0, 0, 0, 0, 0, 0, 0, 0, 0, 0, 0, 0, 0, 0, 0, 0, 0, 0.00585, 0, 0.0179928, 0, 0
19.8669, 0, 0.0243602, 0, 1.41421, -0.0243602, 0, 0, 0, 0, 0, 0, 0, 0, 0, 0, 0, 0, 0, 0, 0, 0, 0, 0, 0.00675498, 0, 0.0176052, 0, 0
19.8748, 0, 0.0249939, 0, 1.41421, -0.0249939, 0, 0, 0, 0, 0, 0, 0, 0, 0, 0, 0, 0, 0, 0, 0, 0, 0, 0, 0.0077649, 0, 0.017229, 0, 0
19.8827, 0, 0.0257492, 0, 1.41421, -0.0257492, 0, 0, 0, 0, 0, 0, 0, 0, 0, 0, 0, 0, 0, 0, 0, 0, 0, 0, 0.00888574, 0, 0.0168634, 0, 0
19.8905, 0, 0.0266308, 0, 1.41421, -0.0266308, 0, 0, 0, 0, 0, 0, 0, 0, 0, 0, 0, 0, 0, 0, 0, 0, 0, 0, 0.0101229, 0, 0.0165079, 0, 0
19.8984, 0, 0.0276428, 0, 1.41421, -0.0276428, 0, 0, 0, 0, 0, 0, 0, 0, 0, 0, 0, 0, 0, 0, 0, 0, 0, 0, 0.0114809, 0, 0.0161619, 0, 0
19.9063, 0, 0.0287883, 0, 1.41421, -0.0287883, 0, 0, 0, 0, 0, 0, 0, 0, 0, 0, 0, 0, 0, 0, 0, 0, 0, 0, 0.0129636, 0, 0.0158247, 0, 0
19.9142, 0, 0.0300697, 0, 1.41421, -0.0300697, 0, 0, 0, 0, 0, 0, 0, 0, 0, 0, 0, 0, 0, 0, 0, 0, 0, 0, 0.0145737, 0, 0.015496, 0, 0
19.9221, 0, 0.0314879, 0, 1.41421, -0.0314879, 0, 0, 0, 0, 0, 0, 0, 0, 0, 0, 0, 0, 0, 0, 0, 0, 0, 0, 0.0163128, 0, 0.0151752, 0, 0
19.93, 0, 0.0330432, 0, 1.41421, -0.0330432, 0, 0, 0, 0, 0, 0, 0, 0, 0, 0, 0, 0, 0, 0, 0, 0, 0, 0, 0.0181812, 0, 0.014862, 0, 0
19.9378, 0, 0.0347341, 0, 1.41421, -0.0347341, 0, 0, 0, 0, 0, 0, 0, 0, 0, 0, 0, 0, 0, 0, 0, 0, 0, 0, 0.020178, 0, 0.014556, 0, 0
19.9457, 0, 0.0365576, 0, 1.41421, -0.0365576, 0, 0, 0, 0, 0, 0, 0, 0, 0, 0, 0, 0, 0, 0, 0, 0, 0, 0, 0.0223005, 0, 0.0142572, 0, 0
19.9536, 0, 0.0385113, 0, 1.41421, -0.0385113, 0, 0, 0, 0, 0, 0, 0, 0, 0, 0, 0, 0, 0, 0, 0, 0, 0, 0, 0.0245464, 0, 0.0139649, 0, 0
19.9615, 0, 0.0405886, 0, 1.41421, -0.0405886, 0, 0, 0, 0, 0, 0, 0, 0, 0, 0, 0, 0, 0, 0, 0, 0, 0, 0, 0.0269092, 0, 0.0136794, 0, 0
19.9694, 0, 0.0427833, 0, 1.41421, -0.0427833, 0, 0, 0, 0, 0, 0, 0, 0, 0, 0, 0, 0, 0, 0, 0, 0, 0, 0, 0.0293829, 0, 0.0134005, 0, 0
19.9773, 0, 0.0450876, 0, 1.41421, -0.0450876, 0, 0, 0, 0, 0, 0, 0, 0, 0, 0, 0, 0, 0, 0, 0, 0, 0, 0, 0.0319596, 0, 0.013128, 0, 0
19.9851, 0, 0.0474923, 0, 1.41421, -0.0474923, 0, 0, 0, 0, 0, 0, 0, 0, 0, 0, 0, 0, 0, 0, 0, 0, 0, 0, 0.0346303, 0, 0.012862, 0, 0
19.993, 0, 0.0499872, 0, 1.41421, -0.0499872, 0, 0, 0, 0, 0, 0, 0, 0, 0, 0, 0, 0, 0, 0, 0, 0, 0, 0, 0.0373847, 0, 0.0126026, 0, 0
20.0009, 0, 0.052561, 0, 1.41421, -0.052561, 0, 0, 0, 0, 0, 0, 0, 0, 0, 0, 0, 0, 0, 0, 0, 0, 0, 0, 0.0402112, 0, 0.0123498, 0, 0
20.0088, 0, 0.0552011, 0, 1.41421, -0.0552011, 0, 0, 0, 0, 0, 0, 0, 0, 0, 0, 0, 0, 0, 0, 0, 0, 0, 0, 0.0430974, 0, 0.0121037, 0, 0
20.0167, 0, 0.0578943, 0, 1.41421, -0.0578943, 0, 0, 0, 0, 0, 0, 0, 0, 0, 0, 0, 0, 0, 0, 0, 0, 0, 0, 0.0460298, 0, 0.0118646, 0, 0
20.0246, 0, 0.0606265, 0, 1.41421, -0.0606265, 0, 0, 0, 0, 0, 0, 0, 0, 0, 0, 0, 0, 0, 0, 0, 0, 0, 0, 0.048994, 0, 0.0116325, 0, 0
20.0324, 0, 0.0633827, 0, 1.41421, -0.0633827, 0, 0, 0, 0, 0, 0, 0, 0, 0, 0, 0, 0, 0, 0, 0, 0, 0, 0, 0.0519748, 0, 0.0114079, 0, 0
20.0403, 0, 0.0661473, 0, 1.41421, -0.0661473, 0, 0, 0, 0, 0, 0, 0, 0, 0, 0, 0, 0, 0, 0, 0, 0, 0, 0, 0.0549564, 0, 0.0111909, 0, 0
20.0482, 0, 0.068904, 0, 1.41421, -0.068904, 0, 0, 0, 0, 0, 0, 0, 0, 0, 0, 0, 0, 0, 0, 0, 0, 0, 0, 0.0579223, 0, 0.0109817, 0, 0
20.0561, 0, 0.0716355, 0, 1.41421, -0.0716355, 0, 0, 0, 0, 0, 0, 0, 0, 0, 0, 0, 0, 0, 0, 0, 0, 0, 0, 0.0608546, 0, 0.0107808, 0, 0
20.064, 0, 0.0743263, 0, 1.41421, -0.0743263, 0, 0, 0, 0, 0, 0, 0, 0, 0, 0, 0, 0, 0, 0, 0, 0, 0, 0, 0.0637379, 0, 0.0105884, 0, 0
20.0718, 2, 0.0769566, 0, 2, 1.92304, 0, 0, 0, 0, 0, 0, 0, 0, 0, 0, 0, 0, 0, 0, 0, 0, 0, 0, 0.0665518, 0, 0.0104048, 0, 0
20.0797, 0, 0.0795089, 0, 1.41421, -0.0795089, 0, 0, 0, 0, 0, 0, 0, 0, 0, 0, 0, 0, 0, 0, 0, 0, 0, 0, 0.0692784, 0, 0.0102304, 0, 0
20.0876, 0, 0.0819645, 0, 1.41421, -0.0819645, 0, 0, 0, 0, 0, 0, 0, 0, 0, 0, 0, 0, 0, 0, 0, 0, 0, 0, 0.0718989, 0, 0.0100656, 0, 0
20.0955, 0, 0.0843047, 0, 1.41421, -0.0843047, 0, 0, 0, 0, 0, 0, 0, 0, 0, 0, 0, 0, 0, 0, 0, 0, 0, 0, 0.074394, 0, 0.0099107, 0, 0
20.1034, 0, 0.0865103, 0, 1.41421, -0.0865103, 0, 0, 0, 0, 0, 0, 0, 0, 0, 0, 0, 0, 0, 0, 0, 0, 0, 0, 0.0767443, 0, 0.009766, 0, 0
20.1113, 0, 0.0885622, 0, 1.41421, -0.0885622, 0, 0, 0, 0, 0, 0, 0, 0, 0, 0, 0, 0, 0, 0, 0, 0, 0, 0, 0.0789303, 0, 0.00963187, 0, 0
20.1191, 0, 0.0904414, 0, 1.41421, -0.0904414, 0, 0, 0, 0, 0, 0, 0, 0, 0, 0, 0, 0, 0, 0, 0, 0, 0, 0, 0.0809328, 0, 0.00950862, 0, 0
20.127, 0, 0.0921293, 0, 1.41421, -0.0921293, 0, 0, 0, 0, 0, 0, 0, 0, 0, 0, 0, 0, 0, 0, 0, 0, 0, 0, 0.0827327, 0, 0.00939654, 0, 0
20.1349, 0, 0.0936076, 0, 1.41421, -0.0936076, 0, 0, 0, 0, 0, 0, 0, 0, 0, 0, 0, 0, 0, 0, 0, 0, 0, 0, 0.0843116, 0, 0.00929591, 0, 0
20.1428, 2, 0.094859, 0, 2, 1.90514, 0, 0, 0, 0, 0, 0, 0, 0, 0, 0, 0, 0, 0, 0, 0, 0, 0, 0, 0.085652, 0, 0.00920699, 0, 0
20.1507, 0, 0.0958672, 0, 1.41421, -0.0958672, 0, 0, 0, 0, 0, 0, 0, 0, 0, 0, 0, 0, 0, 0, 0, 0, 0, 0, 0.0867372, 0, 0.00912999, 0, 0
20.1586, 0, 0.0966175, 0, 1.41421, -0.0966175, 0, 0, 0, 0, 0, 0, 0, 0, 0, 0, 0, 0, 0, 0, 0, 0, 0, 0, 0.0875524, 0, 0.0090651, 0, 0
20.1664, 0, 0.0970968, 0, 1.41421, -0.0970968, 0, 0, 0, 0, 0, 0, 0, 0, 0, 0, 0, 0, 0, 0, 0, 0, 0, 0, 0.0880843, 0, 0.00901249, 0, 0
20.1743, 0, 0.0972945, 0, 1.41421, -0.0972945, 0, 0, 0, 0, 0, 0, 0, 0, 0, 0, 0, 0, 0, 0, 0, 0, 0, 0, 0.0883222, 0, 0.00897223, 0, 0
20.1822, 0, 0.0972018, 0, 1.41421, -0.0972018, 0, 0, 0, 0, 0, 0, 0, 0, 0, 0, 0, 0, 0, 0, 0, 0, 0, 0, 0.0882573, 0, 0.00894443, 0, 0
20.1901, 0, 0.0968133, 0, 1.41421, -0.0968133, 0, 0, 0, 0, 0, 0, 0, 0, 0, 0, 0, 0, 0, 0, 0, 0, 0, 0, 0.0878842, 0, 0.00892912, 0, 0
20.198, 0, 0.0961265, 0, 1.41421, -0.0961265, 0, 0, 0, 0, 0, 0, 0, 0, 0, 0, 0, 0, 0, 0, 0, 0, 0, 0, 0.0872002, 0, 0.0089263, 0, 0
20.2059, 0, 0.0951422, 0, 1.41421, -0.0951422, 0, 0, 0, 0, 0, 0, 0, 0, 0, 0, 0, 0, 0, 0, 0, 0, 0, 0, 0.0862062, 0, 0.00893594, 0, 0
20.2137, 0, 0.0938646, 0, 1.41421, -0.0938646, 0, 0, 0, 0, 0, 0, 0, 0, 0, 0, 0, 0, 0, 0, 0, 0, 0, 0, 0.0849067, 0, 0.00895796, 0, 0
20.2216, 0, 0.0923017, 0, 1.41421, -0.0923017, 0, 0, 0, 0, 0, 0, 0, 0, 0, 0, 0, 0, 0, 0, 0, 0, 0, 0, 0.0833095, 0, 0.00899224, 0, 0
20.2295, 0, 0.090465, 0, 1.41421, -0.090465, 0, 0, 0, 0, 0, 0, 0, 0, 0, 0, 0, 0, 0, 0, 0, 0, 0, 0, 0.0814263, 0, 0.00903866, 0, 0
20.2374, 0, 0.0883693, 0, 1.41421, -0.0883693, 0, 0, 0, 0, 0, 0, 0, 0, 0, 0, 0, 0, 0, 0, 0, 0, 0, 0, 0.0792723, 0, 0.00909705, 0, 0
20.2453, 0, 0.086033, 0, 1.41421, -0.086033, 0, 0, 0, 0, 0, 0, 0, 0, 0, 0, 0, 0, 0, 0, 0, 0, 0, 0, 0.0768658, 0, 0.00916721, 0, 0
20.2532, 0, 0.0834776, 0, 1.41421, -0.0834776, 0, 0, 0, 0, 0, 0, 0, 0, 0, 0, 0, 0, 0, 0, 0, 0, 0, 0, 0.0742287, 0, 0.00924894, 0, 0
20.261, 0, 0.0807271, 0, 1.41421, -0.0807271, 0, 0, 0, 0, 0, 0, 0, 0, 0, 0, 0, 0, 0, 0, 0, 0, 0, 0, 0.0713851, 0, 0.009342, 0, 0
20.2689, 0, 0.0778082, 0, 1.41421, -0.0778082, 0, 0, 0, 0, 0, 0, 0, 0, 0, 0, 0, 0, 0, 0, 0, 0, 0, 0, 0.068362, 0, 0.00944616, 0, 0
20.2768, 0, 0.0747498, 0, 1.41421, -0.0747498, 0, 0, 0, 0, 0, 0, 0, 0, 0, 0, 0, 0, 0, 0, 0, 0, 0, 0, 0.0651887, 0, 0.00956114, 0, 0
20.2847, 0, 0.0715795, 0, 1.41421, -0.0715795, 0, 0, 0, 0, 0, 0, 0, 0, 0, 0, 0, 0, 0, 0, 0, 0, 0, 0, 0.0618927, 0, 0.00968677, 0, 0
20.2926, 0, 0.06833, 0, 1.41421, -0.06833, 0, 0, 0, 0, 0, 0, 0, 0, 0, 0, 0, 0, 0, 0, 0, 0, 0, 0, 0.0585073, 0, 0.00982273, 0, 0
20.3005, 0, 0.0650314, 0, 1.41421, -0.0650314, 0, 0, 0, 0, 0, 0, 0, 0, 0, 0, 0, 0, 0, 0, 0, 0, 0, 0, 0.0550626, 0, 0.00996878, 0, 0
20.3083, 0, 0.061714, 0, 1.41421, -0.061714, 0, 0, 0, 0, 0, 0, 0, 0, 0, 0, 0, 0, 0, 0, 0, 0, 0, 0, 0.0515893, 0, 0.0101247, 0, 0
20.3162, 2, 0.0584073, 0, 2, 1.94159, 0, 0, 0, 0, 0, 0, 0, 0, 0, 0, 0, 0, 0, 0, 0, 0, 0, 0, 0.0481171, 0, 0.0102902, 0, 0
20.3241, 0, 0.0551396, 0, 1.41421, -0.0551396, 0, 0, 0, 0, 0, 0, 0, 0, 0, 0, 0, 0, 0, 0, 0, 0, 0, 0, 0.0446744, 0, 0.0104652, 0, 0
20.332, 0, 0.0519373, 0, 1.41421, -0.0519373, 0, 0, 0, 0, 0, 0, 0, 0, 0, 0, 0, 0, 0, 0, 0, 0, 0, 0, 0.0412879, 0, 0.0106494, 0, 0
20.3399, 0, 0.0488244, 0, 1.41421, -0.0488244, 0, 0, 0, 0, 0, 0, 0, 0, 0, 0, 0, 0, 0, 0, 0, 0, 0, 0, 0.0379817, 0, 0.0108427, 0, 0
20.3477, 0, 0.0458226, 0, 1.41421, -0.0458226, 0, 0, 0, 0, 0, 0, 0, 0, 0, 0, 0, 0, 0, 0, 0, 0, 0, 0, 0.0347778, 0, 0.0110448, 0, 0
20.3556, 0, 0.0429508, 0, 1.41421, -0.0429508, 0, 0, 0, 0, 0, 0, 0, 0, 0, 0, 0, 0, 0, 0, 0, 0, 0, 0, 0.0316951, 0, 0.0112557, 0, 0
20.3635, 2, 0.0402249, 0, 2, 1.95978, 0, 0, 0, 0, 0, 0, 0, 0, 0, 0, 0, 0, 0, 0, 0, 0, 0, 0, 0.0287497, 0, 0.0114752, 0, 0
20.3714, 2, 0.037658, 0, 2, 1.96234, 0, 0, 0, 0, 0, 0, 0, 0, 0, 0, 0, 0, 0, 0, 0, 0, 0, 0, 0.0259546, 0, 0.0117034, 0, 0
20.3793, 0, 0.0352599, 0, 1.41421, -0.0352599, 0, 0, 0, 0, 0, 0, 0, 0, 0, 0, 0, 0, 0, 0, 0, 0, 0, 0, 0.02332, 0, 0.01194, 0, 0
20.3872, 0, 0.0330383, 0, 1.41421, -0.0330383, 0, 0, 0, 0, 0, 0, 0, 0, 0, 0, 0, 0, 0, 0, 0, 0, 0, 0, 0.0208534, 0, 0.012185, 0, 0
20.395, 0, 0.0309958, 0, 1.41421, -0.0309958, 0, 0, 0, 0, 0, 0, 0, 0, 0, 0, 0, 0, 0, 0, 0, 0, 0, 0, 0.0185573, 0, 0.0124385, 0, 0
20.4029, 0, 0.0291357, 0, 1.41421, -0.0291357, 0, 0, 0, 0, 0, 0, 0, 0, 0, 0, 0, 0, 0, 0, 0, 0, 0, 0, 0.0164352, 0, 0.0127005, 0, 0
20.4108, 0, 0.0274565, 0, 1.41421, -0.0274565, 0, 0, 0, 0, 0, 0, 0, 0, 0, 0, 0, 0, 0, 0, 0, 0, 0, 0, 0.0144856, 0, 0.0129709, 0, 0
20.4187, 0, 0.0259555, 0, 1.41421, -0.0259555, 0, 0, 0, 0, 0, 0, 0, 0, 0, 0, 0, 0, 0, 0, 0, 0, 0, 0, 0.0127056, 0, 0.0132499, 0, 0
20.4266, 0, 0.0246278, 0, 1.41421, -0.0246278, 0, 0, 0, 0, 0, 0, 0, 0, 0, 0, 0, 0, 0, 0, 0, 0, 0, 0, 0.0110903, 0, 0.0135375, 0, 0
20.4345, 0, 0.0234673, 0, 1.41421, -0.0234673, 0, 0, 0, 0, 0, 0, 0, 0, 0, 0, 0, 0, 0, 0, 0, 0, 0, 0, 0.00963345, 0, 0.0138338, 0, 0
20.4423, 0, 0.0224662, 0, 1.41421, -0.0224662, 0, 0, 0, 0, 0, 0, 0, 0, 0, 0, 0, 0, 0, 0, 0, 0, 0, 0, 0.00832729, 0, 0.0141389, 0, 0
20.4502, 0, 0.0216162, 0, 1.41421, -0.0216162, 0, 0, 0, 0, 0, 0, 0, 0, 0, 0, 0, 0, 0, 0, 0, 0, 0, 0, 0.00716319, 0, 0.014453, 0, 0
20.4581, 0, 0.0209079, 0, 1.41421, -0.0209079, 0, 0, 0, 0, 0, 0, 0, 0, 0, 0, 0, 0, 0, 0, 0, 0, 0, 0, 0.0061318, 0, 0.0147761, 0, 0
20.466, 0, 0.0203318, 0, 1.41421, -0.0203318, 0, 0, 0, 0, 0, 0, 0, 0, 0, 0, 0, 0, 0, 0, 0, 0, 0, 0, 0.0052233, 0, 0.0151085, 0, 0
20.4739, 0, 0.019878, 0, 1.41421, -0.019878, 0, 0, 0, 0, 0, 0, 0, 0, 0, 0, 0, 0, 0, 0, 0, 0, 0, 0, 0.00442769, 0, 0.0154503, 0, 0
20.4818, 0, 0.0195367, 0, 1.41421, -0.0195367, 0, 0, 0, 0, 0, 0, 0, 0, 0, 0, 0, 0, 0, 0, 0, 0, 0, 0, 0.00373492, 0, 0.0158018, 0, 0
20.4896, 0, 0.0192981, 0, 1.41421, -0.0192981, 0, 0, 0, 0, 0, 0, 0, 0, 0, 0, 0, 0, 0, 0, 0, 0, 0, 0, 0.00313514, 0, 0.016163, 0, 0
20.4975, 0, 0.0191531, 0, 1.41421, -0.0191531, 0, 0, 0, 0, 0, 0, 0, 0, 0, 0, 0, 0, 0, 0, 0, 0, 0, 0, 0.00261894, 0, 0.0165341, 0, 0
20.5054, 0, 0.0190925, 0, 1.41421, -0.0190925, 0, 0, 0, 0, 0, 0, 0, 0, 0, 0, 0, 0, 0, 0, 0, 0, 0, 0, 0.00217682, 0, 0.0169156, 0, 0
20.5133, 2, 0.0191081, 0, 2, 1.98089, 0, 0, 0, 0, 0, 0, 0, 0, 0, 0, 0, 0, 0, 0, 0, 0, 0, 0, 0.00180058, 0, 0.0173075, 0, 0
20.5212, 0, 0.0191921, 0, 1.41421, -0.0191921, 0, 0, 0, 0, 0, 0, 0, 0, 0, 0, 0, 0, 0, 0, 0, 0, 0, 0, 0.00148208, 0, 0.01771, 0, 0
20.5291, 0, 0.0193373, 0, 1.41421, -0.0193373, 0, 0, 0, 0, 0, 0, 0, 0, 0, 0, 0, 0, 0, 0, 0, 0, 0, 0, 0.00121396, 0, 0.0181233, 0, 0
20.5369, 0, 0.0195372, 0, 1.41421, -0.0195372, 0, 0, 0, 0, 0, 0, 0, 0, 0, 0, 0, 0, 0, 0, 0, 0, 0, 0, 0.000989478, 0, 0.0185477, 0, 0
20.5448, 0, 0.0197859, 0, 1.41421, -0.0197859, 0, 0, 0, 0, 0, 0, 0, 0, 0, 0, 0, 0, 0, 0, 0, 0, 0, 0, 0.000802568, 0, 0.0189833, 0, 0
20.5527, 0, 0.0200782, 0, 1.41421, -0.0200782, 0, 0, 0, 0, 0, 0, 0, 0, 0, 0, 0, 0, 0, 0, 0, 0, 0, 0, 0.000647787, 0, 0.0194304, 0, 0
20.5606, 0, 0.0204095, 0, 1.41421, -0.0204095, 0, 0, 0, 0, 0, 0, 0, 0, 0, 0, 0, 0, 0, 0, 0, 0, 0, 0, 0.000520305, 0, 0.0198892, 0, 0
20.5685, 2, 0.0207756, 0, 2, 1.97922, 0, 0, 0, 0, 0, 0, 0, 0, 0, 0, 0, 0, 0, 0, 0, 0, 0, 0, 0.000415874, 0, 0.0203597, 0, 0
20.5763, 0, 0.0211729, 0, 1.41421, -0.0211729, 0, 0, 0, 0, 0, 0, 0, 0, 0, 0, 0, 0, 0, 0, 0, 0, 0, 0, 0.000330785, 0, 0.0208421, 0, 0
20.5842, 0, 0.0215985, 0, 1.41421, -0.0215985, 0, 0, 0, 0, 0, 0, 0, 0, 0, 0, 0, 0, 0, 0, 0, 0, 0, 0, 0.000261826, 0, 0.0213366, 0, 0
20.5921, 0, 0.0220495, 0, 1.41421, -0.0220495, 0, 0, 0, 0, 0, 0, 0, 0, 0, 0, 0, 0, 0, 0, 0, 0, 0, 0, 0.000206236, 0, 0.0218433, 0, 0
20.6, 0, 0.0225237, 0, 1.41421, -0.0225237, 0, 0, 0, 0, 0, 0, 0, 0, 0, 0, 0, 0, 0, 0, 0, 0, 0, 0, 0.000161662, 0, 0.0223621, 0, 0
20.6079, 0, 0.0230191, 0, 1.41421, -0.0230191, 0, 0, 0, 0, 0, 0, 0, 0, 0, 0, 0, 0, 0, 0, 0, 0, 0, 0, 0.000126118, 0, 0.0228929, 0, 0
20.6158, 0, 0.0235341, 0, 1.41421, -0.0235341, 0, 0, 0, 0, 0, 0, 0, 0, 0, 0, 0, 0, 0, 0, 0, 0, 0, 0, 9.79027e-05, 0, 0.0234361, 0, 0
20.6236, 0, 0.0240669, 0, 1.41421, -0.0240669, 0, 0, 0, 0, 0, 0, 0, 0, 0, 0, 0, 0, 0, 0, 0, 0, 0, 0, 7.56403e-05, 0, 0.0239912, 0, 0
20.6315, 0, 0.0246163, 0, 1.41421, -0.0246163, 0, 0, 0, 0, 0, 0, 0, 0, 0, 0, 0, 0, 0, 0, 0, 0, 0, 0, 5.81619e-05, 0, 0.0245581, 0, 0
20.6394, 0, 0.025181, 0, 1.41421, -0.025181, 0, 0, 0, 0, 0, 0, 0, 0, 0, 0, 0, 0, 0, 0, 0, 0, 0, 0, 4.45113e-05, 0, 0.0251365, 0, 0
20.6473, 0, 0.0257601, 0, 1.41421, -0.0257601, 0, 0, 0, 0, 0, 0, 0, 0, 0, 0, 0, 0, 0, 0, 0, 0, 0, 0, 3.39059e-05, 0, 0.0257262, 0, 0
20.6552, 0, 0.0263523, 0, 1.41421, -0.0263523, 0, 0, 0, 0, 0, 0, 0, 0, 0, 0, 0, 0, 0, 0, 0, 0, 0, 0, 2.57092e-05, 0, 0.0263266, 0, 0
20.6631, 0, 0.0269566, 0, 1.41421, -0.0269566, 0, 0, 0, 0, 0, 0, 0, 0, 0, 0, 0, 0, 0, 0, 0, 0, 0, 0, 1.94076e-05, 0, 0.0269372, 0, 0
20.6709, 0, 0.027572, 0, 1.41421, -0.027572, 0, 0, 0, 0, 0, 0, 0, 0, 0, 0, 0, 0, 0, 0, 0, 0, 0, 0, 1.45881e-05, 0, 0.0275574, 0, 0
20.6788, 0, 0.0281974, 0, 1.41421, -0.0281974, 0, 0, 0, 0, 0, 0, 0, 0, 0, 0, 0, 0, 0, 0, 0, 0, 0, 0, 1.09219e-05, 0, 0.0281865, 0, 0
20.6867, 0, 0.0288316, 0, 1.41421, -0.0288316, 0, 0, 0, 0, 0, 0, 0, 0, 0, 0, 0, 0, 0, 0, 0, 0, 0, 0, 8.14786e-06, 0, 0.0288235, 0, 0
20.6946, 0, 0.0294735, 0, 1.41421, -0.0294735, 0, 0, 0, 0, 0, 0, 0, 0, 0, 0, 0, 0, 0, 0, 0, 0, 0, 0, 6.06052e-06, 0, 0.0294674, 0, 0
20.7025, 0, 0.0301216, 0, 1.41421, -0.0301216, 0, 0, 0, 0, 0, 0, 0, 0, 0, 0, 0, 0, 0, 0, 0, 0, 0, 0, 4.4988e-06, 0, 0.0301171, 0, 0
20.7104, 0, 0.0307747, 0, 1.41421, -0.0307747, 0, 0, 0, 0, 0, 0, 0, 0, 0, 0, 0, 0, 0, 0, 0, 0, 0, 0, 3.33732e-06, 0, 0.0307714, 0, 0
20.7182, 0, 0.0314311, 0, 1.41421, -0.0314311, 0, 0, 0, 0, 0, 0, 0, 0, 0, 0, 0, 0, 0, 0, 0, 0, 0, 0, 2.47854e-06, 0, 0.0314287, 0, 0
20.7261, 0, 0.0320893, 0, 1.41421, -0.0320893, 0, 0, 0, 0, 0, 0, 0, 0, 0, 0, 0, 0, 0, 0, 0, 0, 0, 0, 1.84916e-06, 0, 0.0320875, 0, 0
20.734, 0, 0.0327475, 0, 1.41421, -0.0327475, 0, 0, 0, 0, 0, 0, 0, 0, 0, 0, 0, 0, 0, 0, 0, 0, 0, 0, 1.39156e-06, 0, 0.0327461, 0, 0
20.7419, 0, 0.0334038, 0, 1.41421, -0.0334038, 0, 0, 0, 0, 0, 0, 0, 0, 0, 0, 0, 0, 0, 0, 0, 0, 0, 0, 1.06212e-06, 0, 0.0334028, 0, 0
20.7498, 0, 0.0340563, 0, 1.41421, -0.0340563, 0, 0, 0, 0, 0, 0, 0, 0, 0, 0, 0, 0, 0, 0, 0, 0, 0, 0, 8.28022e-07, 0, 0.0340554, 0, 0
20.7577, 0, 0.0347027, 0, 1.41421, -0.0347027, 0, 0, 0, 0, 0, 0, 0, 0, 0, 0, 0, 0, 0, 0, 0, 0, 0, 0, 6.64592e-07, 0, 0.0347021, 0, 0
20.7655, 0, 0.035341, 0, 1.41421, -0.035341, 0, 0, 0, 0, 0, 0, 0, 0, 0, 0, 0, 0, 0, 0, 0, 0, 0, 0, 5.53389e-07, 0, 0.0353404, 0, 0
20.7734, 0, 0.0359687, 0, 1.41421, -0.0359687, 0, 0, 0, 0, 0, 0, 0, 0, 0, 0, 0, 0, 0, 0, 0, 0, 0, 0, 4.80688e-07, 0, 0.0359683, 0, 0
20.7813, 0, 0.0365837, 0, 1.41421, -0.0365837, 0, 0, 0, 0, 0, 0, 0, 0, 0, 0, 0, 0, 0, 0, 0, 0, 0, 0, 4.36327e-07, 0, 0.0365832, 0, 0
20.7892, 0, 0.0371833, 0, 1.41421, -0.0371833, 0, 0, 0, 0, 0, 0, 0, 0, 0, 0, 0, 0, 0, 0, 0, 0, 0, 0, 4.12806e-07, 0, 0.0371828, 0, 0
20.7971, 0, 0.0377651, 0, 1.41421, -0.0377651, 0, 0, 0, 0, 0, 0, 0, 0, 0, 0, 0, 0, 0, 0, 0, 0, 0, 0, 4.04607e-07, 0, 0.0377647, 0, 0
20.805, 0, 0.0383267, 0, 1.41421, -0.0383267, 0, 0, 0, 0, 0, 0, 0, 0, 0, 0, 0, 0, 0, 0, 0, 0, 0, 0, 4.07682e-07, 0, 0.0383263, 0, 0
20.8128, 0, 0.0388655, 0, 1.41421, -0.0388655, 0, 0, 0, 0, 0, 0, 0, 0, 0, 0, 0, 0, 0, 0, 0, 0, 0, 0, 4.19053e-07, 0, 0.0388651, 0, 0
20.8207, 0, 0.0393791, 0, 1.41421, -0.0393791, 0, 0, 0, 0, 0, 0, 0, 0, 0, 0, 0, 0, 0, 0, 0, 0, 0, 0, 4.36521e-07, 0, 0.0393787, 0, 0
20.8286, 0, 0.0398651, 0, 1.41421, -0.0398651, 0, 0, 0, 0, 0, 0, 0, 0, 0, 0, 0, 0, 0, 0, 0, 0, 0, 0, 4.58447e-07, 0, 0.0398647, 0, 0
20.8365, 0, 0.0403212, 0, 1.41421, -0.0403212, 0, 0, 0, 0, 0, 0, 0, 0, 0, 0, 0, 0, 0, 0, 0, 0, 0, 0, 4.83622e-07, 0, 0.0403207, 0, 0
20.8444, 0, 0.0407452, 0, 1.41421, -0.0407452, 0, 0, 0, 0, 0, 0, 0, 0, 0, 0, 0, 0, 0, 0, 0, 0, 0, 0, 5.11047e-07, 0, 0.0407446, 0, 0
20.8522, 0, 0.0411349, 0, 1.41421, -0.0411349, 0, 0, 0, 0, 0, 0, 0, 0, 0, 0, 0, 0, 0, 0, 0, 0, 0, 0, 5.39972e-07, 0, 0.0411344, 0, 0
20.8601, 0, 0.0414886, 0, 1.41421, -0.0414886, 0, 0, 0, 0, 0, 0, 0, 0, 0, 0, 0, 0, 0, 0, 0, 0, 0, 0, 5.69724e-07, 0, 0.041488, 0, 0
20.868, 0, 0.0418044, 0, 1.41421, -0.0418044, 0, 0, 0, 0, 0, 0, 0, 0, 0, 0, 0, 0, 0, 0, 0, 0, 0, 0, 5.99058e-07, 0, 0.0418038, 0, 0
20.8759, 2, 0.0420809, 0, 2, 1.95792, 0, 0, 0, 0, 0, 0, 0, 0, 0, 0, 0, 0, 0, 0, 0, 0, 0, 0, 6.29215e-07, 0, 0.0420803, 0, 0
20.8838, 0, 0.0423167, 0, 1.41421, -0.0423167, 0, 0, 0, 0, 0, 0, 0, 0, 0, 0, 0, 0, 0, 0, 0, 0, 0, 0, 6.59116e-07, 0, 0.042316, 0, 0
20.8917, 0, 0.0425109, 0, 1.41421, -0.0425109, 0, 0, 0, 0, 0, 0, 0, 0, 0, 0, 0, 0, 0, 0, 0, 0, 0, 0, 6.88069e-07, 0, 0.0425102, 0, 0
20.8995, 0, 0.0426625, 0, 1.41421, -0.0426625, 0, 0, 0, 0, 0, 0, 0, 0, 0, 0, 0, 0, 0, 0, 0, 0, 0, 0, 7.15705e-07, 0, 0.0426618, 0, 0
20.9074, 0, 0.0427712, 0, 1.41421, -0.0427712, 0, 0, 0, 0, 0, 0, 0, 0, 0, 0, 0, 0, 0, 0, 0, 0, 0, 0, 7.41699e-07, 0, 0.0427704, 0, 0
20.9153, 0, 0.0428366, 0, 1.41421, -0.0428366, 0, 0, 0, 0, 0, 0, 0, 0, 0, 0, 0, 0, 0, 0, 0, 0, 0, 0, 7.65753e-07, 0, 0.0428358, 0, 0
20.9232, 0, 0.0428588, 0, 1.41421, -0.0428588, 0, 0, 0, 0, 0, 0, 0, 0, 0, 0, 0, 0, 0, 0, 0, 0, 0, 0, 7.87585e-07, 0, 0.042858, 0, 0
20.9311, 0, 0.0428381, 0, 1.41421, -0.0428381, 0, 0, 0, 0, 0, 0, 0, 0, 0, 0, 0, 0, 0, 0, 0, 0, 0, 0, 8.06939e-07, 0, 0.0428373, 0, 0
20.939, 0, 0.0427751, 0, 1.41421, -0.0427751, 0, 0, 0, 0, 0, 0, 0, 0, 0, 0, 0, 0, 0, 0, 0, 0, 0, 0, 8.23588e-07, 0, 0.0427743, 0, 0
20.9468, 0, 0.0426706, 0, 1.41421, -0.0426706, 0, 0, 0, 0, 0, 0, 0, 0, 0, 0, 0, 0, 0, 0, 0, 0, 0, 0, 8.37321e-07, 0, 0.0426698, 0, 0
20.9547, 0, 0.0425257, 0, 1.41421, -0.0425257, 0, 0, 0, 0, 0, 0, 0, 0, 0, 0, 0, 0, 0, 0, 0, 0, 0, 0, 8.47981e-07, 0, 0.0425249, 0, 0
20.9626, 0, 0.0423418, 0, 1.41421, -0.0423418, 0, 0, 0, 0, 0, 0, 0, 0, 0, 0, 0, 0, 0, 0, 0, 0, 0, 0, 8.55434e-07, 0, 0.0423409, 0, 0
20.9705, 0, 0.0421203, 0, 1.41421, -0.0421203, 0, 0, 0, 0, 0, 0, 0, 0, 0, 0, 0, 0, 0, 0, 0, 0, 0, 0, 8.5959e-07, 0, 0.0421195, 0, 0
20.9784, 0, 0.0418632, 0, 1.41421, -0.0418632, 0, 0, 0, 0, 0, 0, 0, 0, 0, 0, 0, 0, 0, 0, 0, 0, 0, 0, 8.60402e-07, 0, 0.0418623, 0, 0
20.9863, 0, 0.0415722, 0, 1.41421, -0.0415722, 0, 0, 0, 0, 0, 0, 0, 0, 0, 0, 0, 0, 0, 0, 0, 0, 0, 0, 8.57864e-07, 0, 0.0415713, 0, 0
20.9941, 0, 0.0412494, 0, 1.41421, -0.0412494, 0, 0, 0, 0, 0, 0, 0, 0, 0, 0, 0, 0, 0, 0, 0, 0, 0, 0, 8.52013e-07, 0, 0.0412485, 0, 0
21.002, 0, 0.040897, 0, 1.41421, -0.040897, 0, 0, 0, 0, 0, 0, 0, 0, 0, 0, 0, 0, 0, 0, 0, 0, 0, 0, 8.42928e-07, 0, 0.0408962, 0, 0
21.0099, 0, 0.0405174, 0, 1.41421, -0.0405174, 0, 0, 0, 0, 0, 0, 0, 0, 0, 0, 0, 0, 0, 0, 0, 0, 0, 0, 8.30726e-07, 0, 0.0405166, 0, 0
21.0178, 0, 0.0401129, 0, 1.41421, -0.0401129, 0, 0, 0, 0, 0, 0, 0, 0, 0, 0, 0, 0, 0, 0, 0, 0, 0, 0, 8.15566e-07, 0, 0.040112, 0, 0
21.0257, 0, 0.0396858, 0, 1.41421, -0.0396858, 0, 0, 0, 0, 0, 0, 0, 0, 0, 0, 0, 0, 0, 0, 0, 0, 0, 0, 7.97638e-07, 0, 0.039685, 0, 0
21.0336, 0, 0.0392386, 0, 1.41421, -0.0392386, 0, 0, 0, 0, 0, 0, 0, 0, 0, 0, 0, 0, 0, 0, 0, 0, 0, 0, 7.77166e-07, 0, 0.0392378, 0, 0
21.0414, 0, 0.0387737, 0, 1.41421, -0.0387737, 0, 0, 0, 0, 0, 0, 0, 0, 0, 0, 0, 0, 0, 0, 0, 0, 0, 0, 7.54397e-07, 0, 0.0387729, 0, 0
21.0493, 0, 0.0382933, 0, 1.41421, -0.0382933, 0, 0, 0, 0, 0, 0, 0, 0, 0, 0, 0, 0, 0, 0, 0, 0, 0, 0, 7.29597e-07, 0, 0.0382926, 0, 0
21.0572, 0, 0.0378001, 0, 1.41421, -0.0378001, 0, 0, 0, 0, 0, 0, 0, 0, 0, 0, 0, 0, 0, 0, 0, 0, 0, 0, 7.03072e-07, 0, 0.0377994, 0, 0
21.0651, 0, 0.037296, 0, 1.41421, -0.037296, 0, 0, 0, 0, 0, 0, 0, 0, 0, 0, 0, 0, 0, 0, 0, 0, 0, 0, 6.75101e-07, 0, 0.0372953, 0, 0
21.073, 0, 0.0367832, 0, 1.41421, -0.0367832, 0, 0, 0, 0, 0, 0, 0, 0, 0, 0, 0, 0, 0, 0, 0, 0, 0, 0, 6.45997e-07, 0, 0.0367825, 0, 0
21.0808, 0, 0.0362637, 0, 1.41421, -0.0362637, 0, 0, 0, 0, 0, 0, 0, 0, 0, 0, 0, 0, 0, 0, 0, 0, 0, 0, 6.16066e-07, 0, 0.0362631, 0, 0
21.0887, 0, 0.0357395, 0, 1.41421, -0.0357395, 0, 0, 0, 0, 0, 0, 0, 0, 0, 0, 0, 0, 0, 0, 0, 0, 0, 0, 5.85611e-07, 0, 0.0357389, 0, 0
21.0966, 0, 0.0352123, 0, 1.41421, -0.0352123, 0, 0, 0, 0, 0, 0, 0, 0, 0, 0, 0, 0, 0, 0, 0, 0, 0, 0, 5.54925e-07, 0, 0.0352118, 0, 0
21.1045, 0, 0.0346838, 0, 1.41421, -0.0346838, 0, 0, 0, 0, 0, 0, 0, 0, 0, 0, 0, 0, 0, 0, 0, 0, 0, 0, 5.2429e-07, 0, 0.0346832, 0, 0
21.1124, 0, 0.0341553, 0, 1.41421, -0.0341553, 0, 0, 0, 0, 0, 0, 0, 0, 0, 0, 0, 0, 0, 0, 0, 0, 0, 0, 4.93971e-07, 0, 0.0341548, 0, 0
21.1203, 0, 0.0336282, 0, 1.41421, -0.0336282, 0, 0, 0, 0, 0, 0, 0, 0, 0, 0, 0, 0, 0, 0, 0, 0, 0, 0, 4.64213e-07, 0, 0.0336277, 0, 0
21.1281, 0, 0.0331037, 0, 1.41421, -0.0331037, 0, 0, 0, 0, 0, 0, 0, 0, 0, 0, 0, 0, 0, 0, 0, 0, 0, 0, 4.35239e-07, 0, 0.0331033, 0, 0
21.136, 0, 0.0325828, 0, 1.41421, -0.0325828, 0, 0, 0, 0, 0, 0, 0, 0, 0, 0, 0, 0, 0, 0, 0, 0, 0, 0, 4.07249e-07, 0, 0.0325824, 0, 0
21.1439, 2, 0.0320664, 0, 2, 1.96793, 0, 0, 0, 0, 0, 0, 0, 0, 0, 0, 0, 0, 0, 0, 0, 0, 0, 0, 3.80417e-07, 0, 0.032066, 0, 0
21.1518, 0, 0.0315551, 0, 1.41421, -0.0315551, 0, 0, 0, 0, 0, 0, 0, 0, 0, 0, 0, 0, 0, 0, 0, 0, 0, 0, 3.5489e-07, 0, 0.0315548, 0, 0
21.1597, 0, 0.0310495, 0, 1.41421, -0.0310495, 0, 0, 0, 0, 0, 0, 0, 0, 0, 0, 0, 0, 0, 0, 0, 0, 0, 0, 3.30783e-07, 0, 0.0310492, 0, 0
21.1676, 0, 0.0305504, 0, 1.41421, -0.0305504, 0, 0, 0, 0, 0, 0, 0, 0, 0, 0, 0, 0, 0, 0, 0, 0, 0, 0, 3.08209e-07, 0, 0.0305501, 0, 0
21.1754, 0, 0.0300577, 0, 1.41421, -0.0300577, 0, 0, 0, 0, 0, 0, 0, 0, 0, 0, 0, 0, 0, 0, 0, 0, 0, 0, 2.87221e-07, 0, 0.0300574, 0, 0
21.1833, 0, 0.0295717, 0, 1.41421, -0.0295717, 0, 0, 0, 0, 0, 0, 0, 0, 0, 0, 0, 0, 0, 0, 0, 0, 0, 0, 2.6787e-07, 0, 0.0295715, 0, 0
21.1912, 0, 0.0290927, 0, 1.41421, -0.0290927, 0, 0, 0, 0, 0, 0, 0, 0, 0, 0, 0, 0, 0, 0, 0, 0, 0, 0, 2.5018e-07, 0, 0.0290925, 0, 0
21.1991, 0, 0.0286206, 0, 1.41421, -0.0286206, 0, 0, 0, 0, 0, 0, 0, 0, 0, 0, 0, 0, 0, 0, 0, 0, 0, 0, 2.34152e-07, 0, 0.0286204, 0, 0
21.207, 0, 0.0281555, 0, 1.41421, -0.0281555, 0, 0, 0, 0, 0, 0, 0, 0, 0, 0, 0, 0, 0, 0, 0, 0, 0, 0, 2.1977e-07, 0, 0.0281552, 0, 0
21.2149, 0, 0.0276971, 0, 1.41421, -0.0276971, 0, 0, 0, 0, 0, 0, 0, 0, 0, 0, 0, 0, 0, 0, 0, 0, 0, 0, 2.07001e-07, 0, 0.0276968, 0, 0
21.2227, 2, 0.0272453, 0, 2, 1.97275, 0, 0, 0, 0, 0, 0, 0, 0, 0, 0, 0, 0, 0, 0, 0, 0, 0, 0, 1.95795e-07, 0, 0.0272451, 0, 0
21.2306, 0, 0.0267999, 0, 1.41421, -0.0267999, 0, 0, 0, 0, 0, 0, 0, 0, 0, 0, 0, 0, 0, 0, 0, 0, 0, 0, 1.86092e-07, 0, 0.0267997, 0, 0
21.2385, 0, 0.0263607, 0, 1.41421, -0.0263607, 0, 0, 0, 0, 0, 0, 0, 0, 0, 0, 0, 0, 0, 0, 0, 0, 0, 0, 1.77818e-07, 0, 0.0263605, 0, 0
21.2464, 0, 0.0259274, 0, 1.41421, -0.0259274, 0, 0, 0, 0, 0, 0, 0, 0, 0, 0, 0, 0, 0, 0, 0, 0, 0, 0, 1.70894e-07, 0, 0.0259272, 0, 0
21.2543, 0, 0.0254997, 0, 1.41421, -0.0254997, 0, 0, 0, 0, 0, 0, 0, 0, 0, 0, 0, 0, 0, 0, 0, 0, 0, 0, 1.65231e-07, 0, 0.0254996, 0, 0
21.2622, 0, 0.0250774, 0, 1.41421, -0.0250774, 0, 0, 0, 0, 0, 0, 0, 0, 0, 0, 0, 0, 0, 0, 0, 0, 0, 0, 1.60736e-07, 0, 0.0250772, 0, 0
21.27, 0, 0.0246599, 0, 1.41421, -0.0246599, 0, 0, 0, 0, 0, 0, 0, 0, 0, 0, 0, 0, 0, 0, 0, 0, 0, 0, 1.5731e-07, 0, 0.0246598, 0, 0
21.2779, 0, 0.0242474, 0, 1.41421, -0.0242474, 0, 0, 0, 0, 0, 0, 0, 0, 0, 0, 0, 0, 0, 0, 0, 0, 0, 0, 1.54857e-07, 0, 0.0242473, 0, 0
21.2858, 0, 0.0238394, 0, 1.41421, -0.0238394, 0, 0, 0, 0, 0, 0, 0, 0, 0, 0, 0, 0, 0, 0, 0, 0, 0, 0, 1.53273e-07, 0, 0.0238392, 0, 0
21.2937, 0, 0.0234356, 0, 1.41421, -0.0234356, 0, 0, 0, 0, 0, 0, 0, 0, 0, 0, 0, 0, 0, 0, 0, 0, 0, 0, 1.52459e-07, 0, 0.0234354, 0, 0
21.3016, 0, 0.0230358, 0, 1.41421, -0.0230358, 0, 0, 0, 0, 0, 0, 0, 0, 0, 0, 0, 0, 0, 0, 0, 0, 0, 0, 1.52314e-07, 0, 0.0230356, 0, 0
21.3095, 0, 0.0226398, 0, 1.41421, -0.0226398, 0, 0, 0, 0, 0, 0, 0, 0, 0, 0, 0, 0, 0, 0, 0, 0, 0, 0, 1.5274e-07, 0, 0.0226397, 0, 0
21.3173, 0, 0.0222476, 0, 1.41421, -0.0222476, 0, 0, 0, 0, 0, 0, 0, 0, 0, 0, 0, 0, 0, 0, 0, 0, 0, 0, 1.53642e-07, 0, 0.0222475, 0, 0
21.3252, 0, 0.0218589, 0, 1.41421, -0.0218589, 0, 0, 0, 0, 0, 0, 0, 0, 0, 0, 0, 0, 0, 0, 0, 0, 0, 0, 1.54927e-07, 0, 0.0218588, 0, 0
21.3331, 0, 0.0214737, 0, 1.41421, -0.0214737, 0, 0, 0, 0, 0, 0, 0, 0, 0, 0, 0, 0, 0, 0, 0, 0, 0, 0, 1.56506e-07, 0, 0.0214736, 0, 0
21.341, 0, 0.021092, 0, 1.41421, -0.021092, 0, 0, 0, 0, 0, 0, 0, 0, 0, 0, 0, 0, 0, 0, 0, 0, 0, 0, 1.58294e-07, 0, 0.0210918, 0, 0
21.3489, 2, 0.0207136, 0, 2, 1.97929, 0, 0, 0, 0, 0, 0, 0, 0, 0, 0, 0, 0, 0, 0, 0, 0, 0, 0, 1.60211e-07, 0, 0.0207134, 0, 0
21.3567, 0, 0.0203386, 0, 1.41421, -0.0203386, 0, 0, 0, 0, 0, 0, 0, 0, 0, 0, 0, 0, 0, 0, 0, 0, 0, 0, 1.62182e-07, 0, 0.0203384, 0, 0
21.3646, 0, 0.019967, 0, 1.41421, -0.019967, 0, 0, 0, 0, 0, 0, 0, 0, 0, 0, 0, 0, 0, 0, 0, 0, 0, 0, 1.64137e-07, 0, 0.0199668, 0, 0
21.3725, 0, 0.0195989, 0, 1.41421, -0.0195989, 0, 0, 0, 0, 0, 0, 0, 0, 0, 0, 0, 0, 0, 0, 0, 0, 0, 0, 1.66011e-07, 0, 0.0195987, 0, 0
21.3804, 0, 0.0192343, 0, 1.41421, -0.0192343, 0, 0, 0, 0, 0, 0, 0, 0, 0, 0, 0, 0, 0, 0, 0, 0, 0, 0, 1.67748e-07, 0, 0.0192341, 0, 0
21.3883, 0, 0.0188736, 0, 1.41421, -0.0188736, 0, 0, 0, 0, 0, 0, 0, 0, 0, 0, 0, 0, 0, 0, 0, 0, 0, 0, 1.69292e-07, 0, 0.0188734, 0, 0
21.3962, 0, 0.0185165, 0, 1.41421, -0.0185165, 0, 0, 0, 0, 0, 0, 0, 0, 0, 0, 0, 0, 0, 0, 0, 0, 0, 0, 1.70602e-07, 0, 0.0185164, 0, 0
21.404, 0, 0.0181634, 0, 1.41421, -0.0181634, 0, 0, 0, 0, 0, 0, 0, 0, 0, 0, 0, 0, 0, 0, 0, 0, 0, 0, 1.71636e-07, 0, 0.0181633, 0, 0
21.4119, 0, 0.0178144, 0, 1.41421, -0.0178144, 0, 0, 0, 0, 0, 0, 0, 0, 0, 0, 0, 0, 0, 0, 0, 0, 0, 0, 1.72362e-07, 0, 0.0178142, 0, 0
21.4198, 0, 0.0174696, 0, 1.41421, -0.0174696, 0, 0, 0, 0, 0, 0, 0, 0, 0, 0, 0, 0, 0, 0, 0, 0, 0, 0, 1.72756e-07, 0, 0.0174695, 0, 0
21.4277, 0, 0.0171293, 0, 1.41421, -0.0171293, 0, 0, 0, 0, 0, 0, 0, 0, 0, 0, 0, 0, 0, 0, 0, 0, 0, 0, 1.72797e-07, 0, 0.0171291, 0, 0
21.4356, 0, 0.0167934, 0, 1.41421, -0.0167934, 0, 0, 0, 0, 0, 0, 0, 0, 0, 0, 0, 0, 0, 0, 0, 0, 0, 0, 1.72474e-07, 0, 0.0167933, 0, 0
21.4435, 0, 0.0164623, 0, 1.41421, -0.0164623, 0, 0, 0, 0, 0, 0, 0, 0, 0, 0, 0, 0, 0, 0, 0, 0, 0, 0, 1.71781e-07, 0, 0.0164621, 0, 0
21.4513, 0, 0.016136, 0, 1.41421, -0.016136, 0, 0, 0, 0, 0, 0, 0, 0, 0, 0, 0, 0, 0, 0, 0, 0, 0, 0, 1.70717e-07, 0, 0.0161359, 0, 0
21.4592, 0, 0.0158148, 0, 1.41421, -0.0158148, 0, 0, 0, 0, 0, 0, 0, 0, 0, 0, 0, 0, 0, 0, 0, 0, 0, 0, 1.69289e-07, 0, 0.0158146, 0, 0
21.4671, 0, 0.0154986, 0, 1.41421, -0.0154986, 0, 0, 0, 0, 0, 0, 0, 0, 0, 0, 0, 0, 0, 0, 0, 0, 0, 0, 1.67508e-07, 0, 0.0154985, 0, 0
21.475, 0, 0.0151878, 0, 1.41421, -0.0151878, 0, 0, 0, 0, 0, 0, 0, 0, 0, 0, 0, 0, 0, 0, 0, 0, 0, 0, 1.65391e-07, 0, 0.0151876, 0, 0
21.4829, 0, 0.0148823, 0, 1.41421, -0.0148823, 0, 0, 0, 0, 0, 0, 0, 0, 0, 0, 0, 0, 0, 0, 0, 0, 0, 0, 1.62959e-07, 0, 0.0148821, 0, 0
21.4908, 2, 0.0145821, 0, 2, 1.98542, 0, 0, 0, 0, 0, 0, 0, 0, 0, 0, 0, 0, 0, 0, 0, 0, 0, 0, 1.60237e-07, 0, 0.014582, 0, 0
21.4986, 0, 0.0142877, 0, 1.41421, -0.0142877, 0, 0, 0, 0, 0, 0, 0, 0, 0, 0, 0, 0, 0, 0, 0, 0, 0, 0, 1.57254e-07, 0, 0.0142875, 0, 0
21.5065, 0, 0.0139988, 0, 1.41421, -0.0139988, 0, 0, 0, 0, 0, 0, 0, 0, 0, 0, 0, 0, 0, 0, 0, 0, 0, 0, 1.5404e-07, 0, 0.0139986, 0, 0
21.5144, 0, 0.0137155, 0, 1.41421, -0.0137155, 0, 0, 0, 0, 0, 0, 0, 0, 0, 0, 0, 0, 0, 0, 0, 0, 0, 0, 1.50628e-07, 0, 0.0137153, 0, 0
21.5223, 0, 0.0134379, 0, 1.41421, -0.0134379, 0, 0, 0, 0, 0, 0, 0, 0, 0, 0, 0, 0, 0, 0, 0, 0, 0, 0, 1.47053e-07, 0, 0.0134378, 0, 0
21.5302, 0, 0.013166, 0, 1.41421, -0.013166, 0, 0, 0, 0, 0, 0, 0, 0, 0, 0, 0, 0, 0, 0, 0, 0, 0, 0, 1.43351e-07, 0, 0.0131659, 0, 0
21.5381, 0, 0.0128998, 0, 1.41421, -0.0128998, 0, 0, 0, 0, 0, 0, 0, 0, 0, 0, 0, 0, 0, 0, 0, 0, 0, 0, 1.39556e-07, 0, 0.0128997, 0, 0
21.5459, 0, 0.0126394, 0, 1.41421, -0.0126394, 0, 0, 0, 0, 0, 0, 0, 0, 0, 0, 0, 0, 0, 0, 0, 0, 0, 0, 1.35703e-07, 0, 0.0126392, 0, 0
21.5538, 0, 0.0123845, 0, 1.41421, -0.0123845, 0, 0, 0, 0, 0, 0, 0, 0, 0, 0, 0, 0, 0, 0, 0, 0, 0, 0, 1.31827e-07, 0, 0.0123844, 0, 0
21.5617, 0, 0.0121353, 0, 1.41421, -0.0121353, 0, 0, 0, 0, 0, 0, 0, 0, 0, 0, 0, 0, 0, 0, 0, 0, 0, 0, 1.27959e-07, 0, 0.0121352, 0, 0
21.5696, 0, 0.0118917, 0, 1.41421, -0.0118917, 0, 0, 0, 0, 0, 0, 0, 0, 0, 0, 0, 0, 0, 0, 0, 0, 0, 0, 1.24129e-07, 0, 0.0118916, 0, 0
21.5775, 0, 0.0116536, 0, 1.41421, -0.0116536, 0, 0, 0, 0, 0, 0, 0, 0, 0, 0, 0, 0, 0, 0, 0, 0, 0, 0, 1.20367e-07, 0, 0.0116535, 0, 0
21.5854, 0, 0.0114209, 0, 1.41421, -0.0114209, 0, 0, 0, 0, 0, 0, 0, 0, 0, 0, 0, 0, 0, 0, 0, 0, 0, 0, 1.16695e-07, 0, 0.0114208, 0, 0
21.5932, 0, 0.0111937, 0, 1.41421, -0.0111937, 0, 0, 0, 0, 0, 0, 0, 0, 0, 0, 0, 0, 0, 0, 0, 0, 0, 0, 1.13138e-07, 0, 0.0111935, 0, 0
21.6011, 0, 0.0109716, 0, 1.41421, -0.0109716, 0, 0, 0, 0, 0, 0, 0, 0, 0, 0, 0, 0, 0, 0, 0, 0, 0, 0, 1.09714e-07, 0, 0.0109715, 0, 0
21.609, 0, 0.0107549, 0, 1.41421, -0.0107549, 0, 0, 0, 0, 0, 0, 0, 0, 0, 0, 0, 0, 0, 0, 0, 0, 0, 0, 1.06441e-07, 0, 0.0107548, 0, 0
21.6169, 0, 0.0105432, 0, 1.41421, -0.0105432, 0, 0, 0, 0, 0, 0, 0, 0, 0, 0, 0, 0, 0, 0, 0, 0, 0, 0, 1.0333e-07, 0, 0.010543, 0, 0
21.6248, 0, 0.0103364, 0, 1.41421, -0.0103364, 0, 0, 0, 0, 0, 0, 0, 0, 0, 0, 0, 0, 0, 0, 0, 0, 0, 0, 1.00393e-07, 0, 0.0103363, 0, 0
21.6326, 0, 0.0101346, 0, 1.41421, -0.0101346, 0, 0, 0, 0, 0, 0, 0, 0, 0, 0, 0, 0, 0, 0, 0, 0, 0, 0, 9.76349e-08, 0, 0.0101345, 0, 0
21.6405, 0, 0.00993755, 0, 1.41421, -0.00993755, 0, 0, 0, 0, 0, 0, 0, 0, 0, 0, 0, 0, 0, 0, 0, 0, 0, 0, 9.50617e-08, 0, 0.00993746, 0, 0
21.6484, 0, 0.00974517, 0, 1.41421, -0.00974517, 0, 0, 0, 0, 0, 0, 0, 0, 0, 0, 0, 0, 0, 0, 0, 0, 0, 0, 9.26749e-08, 0, 0.00974508, 0, 0
21.6563, 0, 0.00955733, 0, 1.41421, -0.00955733, 0, 0, 0, 0, 0, 0, 0, 0, 0, 0, 0, 0, 0, 0, 0, 0, 0, 0, 9.04736e-08, 0, 0.00955724, 0, 0
21.6642, 0, 0.00937394, 0, 1.41421, -0.00937394, 0, 0, 0, 0, 0, 0, 0, 0, 0, 0, 0, 0, 0, 0, 0, 0, 0, 0, 8.84552e-08, 0, 0.00937385, 0, 0
21.6721, 0, 0.00919487, 0, 1.41421, -0.00919487, 0, 0, 0, 0, 0, 0, 0, 0, 0, 0, 0, 0, 0, 0, 0, 0, 0, 0, 8.66152e-08, 0, 0.00919478, 0, 0
21.6799, 0, 0.00901999, 0, 1.41421, -0.00901999, 0, 0, 0, 0, 0, 0, 0, 0, 0, 0, 0, 0, 0, 0, 0, 0, 0, 0, 8.49474e-08, 0, 0.00901991, 0, 0
21.6878, 0, 0.00884921, 0, 1.41421, -0.00884921, 0, 0, 0, 0, 0, 0, 0, 0, 0, 0, 0, 0, 0, 0, 0, 0, 0, 0, 8.34444e-08, 0, 0.00884912, 0, 0
21.6957, 0, 0.0086824, 0, 1.41421, -0.0086824, 0, 0, 0, 0, 0, 0, 0, 0, 0, 0, 0, 0, 0, 0, 0, 0, 0, 0, 8.20976e-08, 0, 0.00868232, 0, 0
21.7036, 0, 0.00851945, 0, 1.41421, -0.00851945, 0, 0, 0, 0, 0, 0, 0, 0, 0, 0, 0, 0, 0, 0, 0, 0, 0, 0, 8.0898e-08, 0, 0.00851937, 0, 0
21.7115, 0, 0.0083602, 0, 1.41421, -0.0083602, 0, 0, 0, 0, 0, 0, 0, 0, 0, 0, 0, 0, 0, 0, 0, 0, 0, 0, 7.98354e-08, 0, 0.00836012, 0, 0
21.7194, 0, 0.00820466, 0, 1.41421, -0.00820466, 0, 0, 0, 0, 0, 0, 0, 0, 0, 0, 0, 0, 0, 0, 0, 0, 0, 0, 7.89006e-08, 0, 0.00820458, 0, 0
21.7272, 0, 0.00805259, 0, 1.41421, -0.00805259, 0, 0, 0, 0, 0, 0, 0, 0, 0, 0, 0, 0, 0, 0, 0, 0, 0, 0, 7.80826e-08, 0, 0.00805251, 0, 0
21.7351, 0, 0.00790394, 0, 1.41421, -0.00790394, 0, 0, 0, 0, 0, 0, 0, 0, 0, 0, 0, 0, 0, 0, 0, 0, 0, 0, 7.73717e-08, 0, 0.00790386, 0, 0
21.743, 0, 0.00775858, 0, 1.41421, -0.00775858, 0, 0, 0, 0, 0, 0, 0, 0, 0, 0, 0, 0, 0, 0, 0, 0, 0, 0, 7.67579e-08, 0, 0.0077585, 0, 0
21.7509, 0, 0.00761641, 0, 1.41421, -0.00761641, 0, 0, 0, 0, 0, 0, 0, 0, 0, 0, 0, 0, 0, 0, 0, 0, 0, 0, 7.62316e-08, 0, 0.00761633, 0, 0
21.7588, 0, 0.00747732, 0, 1.41421, -0.00747732, 0, 0, 0, 0, 0, 0, 0, 0, 0, 0, 0, 0, 0, 0, 0, 0, 0, 0, 7.57838e-08, 0, 0.00747725, 0, 0
21.7667, 0, 0.00734123, 0, 1.41421, -0.00734123, 0, 0, 0, 0, 0, 0, 0, 0, 0, 0, 0, 0, 0, 0, 0, 0, 0, 0, 7.54057e-08, 0, 0.00734115, 0, 0
21.7745, 0, 0.00720802, 0, 1.41421, -0.00720802, 0, 0, 0, 0, 0, 0, 0, 0, 0, 0, 0, 0, 0, 0, 0, 0, 0, 0, 7.50896e-08, 0, 0.00720794, 0, 0
21.7824, 0, 0.00707759, 0, 1.41421, -0.00707759, 0, 0, 0, 0, 0, 0, 0, 0, 0, 0, 0, 0, 0, 0, 0, 0, 0, 0, 7.48277e-08, 0, 0.00707751, 0, 0
21.7903, 0, 0.00694985, 0, 1.41421, -0.00694985, 0, 0, 0, 0, 0, 0, 0, 0, 0, 0, 0, 0, 0, 0, 0, 0, 0, 0, 7.46133e-08, 0, 0.00694978, 0, 0
21.7982, 0, 0.00682472, 0, 1.41421, -0.00682472, 0, 0, 0, 0, 0, 0, 0, 0, 0, 0, 0, 0, 0, 0, 0, 0, 0, 0, 7.44402e-08, 0, 0.00682464, 0, 0
21.8061, 0, 0.00670208, 0, 1.41421, -0.00670208, 0, 0, 0, 0, 0, 0, 0, 0, 0, 0, 0, 0, 0, 0, 0, 0, 0, 0, 7.43028e-08, 0, 0.00670201, 0, 0
21.814, 0, 0.00658187, 0, 1.41421, -0.00658187, 0, 0, 0, 0, 0, 0, 0, 0, 0, 0, 0, 0, 0, 0, 0, 0, 0, 0, 7.4196e-08, 0, 0.00658179, 0, 0
21.8218, 0, 0.00646396, 0, 1.41421, -0.00646396, 0, 0, 0, 0, 0, 0, 0, 0, 0, 0, 0, 0, 0, 0, 0, 0, 0, 0, 7.41154e-08, 0, 0.00646389, 0, 0
21.8297, 0, 0.00634836, 0, 1.41421, -0.00634836, 0, 0, 0, 0, 0, 0, 0, 0, 0, 0, 0, 0, 0, 0, 0, 0, 0, 0, 7.4057e-08, 0, 0.00634829, 0, 0
21.8376, 0, 0.0062349, 0, 1.41421, -0.0062349, 0, 0, 0, 0, 0, 0, 0, 0, 0, 0, 0, 0, 0, 0, 0, 0, 0, 0, 7.40174e-08, 0, 0.00623482, 0, 0
21.8455, 0, 0.00612354, 0, 1.41421, -0.00612354, 0, 0, 0, 0, 0, 0, 0, 0, 0, 0, 0, 0, 0, 0, 0, 0, 0, 0, 7.39936e-08, 0, 0.00612346, 0, 0
21.8534, 0, 0.00601418, 0, 1.41421, -0.00601418, 0, 0, 0, 0, 0, 0, 0, 0, 0, 0, 0, 0, 0, 0, 0, 0, 0, 0, 7.3983e-08, 0, 0.00601411, 0, 0
21.8612, 0, 0.00590678, 0, 1.41421, -0.00590678, 0, 0, 0, 0, 0, 0, 0, 0, 0, 0, 0, 0, 0, 0, 0, 0, 0, 0, 7.39833e-08, 0, 0.0059067, 0, 0
21.8691, 0, 0.00580124, 0, 1.41421, -0.00580124, 0, 0, 0, 0, 0, 0, 0, 0, 0, 0, 0, 0, 0, 0, 0, 0, 0, 0, 7.39927e-08, 0, 0.00580117, 0, 0
21.877, 0, 0.00569751, 0, 1.41421, -0.00569751, 0, 0, 0, 0, 0, 0, 0, 0, 0, 0, 0, 0, 0, 0, 0, 0, 0, 0, 7.40095e-08, 0, 0.00569744, 0, 0
21.8849, 0, 0.00559552, 0, 1.41421, -0.00559552, 0, 0, 0, 0, 0, 0, 0, 0, 0, 0, 0, 0, 0, 0, 0, 0, 0, 0, 7.40324e-08, 0, 0.00559544, 0, 0
21.8928, 0, 0.00549519, 0, 1.41421, -0.00549519, 0, 0, 0, 0, 0, 0, 0, 0, 0, 0, 0, 0, 0, 0, 0, 0, 0, 0, 7.40603e-08, 0, 0.00549511, 0, 0
21.9007, 0, 0.00539647, 0, 1.41421, -0.00539647, 0, 0, 0, 0, 0, 0, 0, 0, 0, 0, 0, 0, 0, 0, 0, 0, 0, 0, 7.40922e-08, 0, 0.00539639, 0, 0
21.9085, 0, 0.00529928, 0, 1.41421, -0.00529928, 0, 0, 0, 0, 0, 0, 0, 0, 0, 0, 0, 0, 0, 0, 0, 0, 0, 0, 7.41273e-08, 0, 0.00529921, 0, 0
21.9164, 0, 0.00520358, 0, 1.41421, -0.00520358, 0, 0, 0, 0, 0, 0, 0, 0, 0, 0, 0, 0, 0, 0, 0, 0, 0, 0, 7.41649e-08, 0, 0.00520351, 0, 0
21.9243, 0, 0.00510928, 0, 1.41421, -0.00510928, 0, 0, 0, 0, 0, 0, 0, 0, 0, 0, 0, 0, 0, 0, 0, 0, 0, 0, 7.42046e-08, 0, 0.00510921, 0, 0
21.9322, 0, 0.00501636, 0, 1.41421, -0.00501636, 0, 0, 0, 0, 0, 0, 0, 0, 0, 0, 0, 0, 0, 0, 0, 0, 0, 0, 7.42459e-08, 0, 0.00501628, 0, 0
21.9401, 0, 0.00492476, 0, 1.41421, -0.00492476, 0, 0, 0, 0, 0, 0, 0, 0, 0, 0, 0, 0, 0, 0, 0, 0, 0, 0, 7.42884e-08, 0, 0.00492469, 0, 0
21.948, 0, 0.00483439, 0, 1.41421, -0.00483439, 0, 0, 0, 0, 0, 0, 0, 0, 0, 0, 0, 0, 0, 0, 0, 0, 0, 0, 7.43319e-08, 0, 0.00483431, 0, 0
21.9558, 0, 0.0047452, 0, 1.41421, -0.0047452, 0, 0, 0, 0, 0, 0, 0, 0, 0, 0, 0, 0, 0, 0, 0, 0, 0, 0, 7.43761e-08, 0, 0.00474512, 0, 0
21.9637, 0, 0.00465714, 0, 1.41421, -0.00465714, 0, 0, 0, 0, 0, 0, 0, 0, 0, 0, 0, 0, 0, 0, 0, 0, 0, 0, 7.44208e-08, 0, 0.00465706, 0, 0
21.9716, 0, 0.00457015, 0, 1.41421, -0.00457015, 0, 0, 0, 0, 0, 0, 0, 0, 0, 0, 0, 0, 0, 0, 0, 0, 0, 0, 7.4466e-08, 0, 0.00457008, 0, 0
21.9795, 0, 0.00448419, 0, 1.41421, -0.00448419, 0, 0, 0, 0, 0, 0, 0, 0, 0, 0, 0, 0, 0, 0, 0, 0, 0, 0, 7.45117e-08, 0, 0.00448411, 0, 0
21.9874, 0, 0.00439919, 0, 1.41421, -0.00439919, 0, 0, 0, 0, 0, 0, 0, 0, 0, 0, 0, 0, 0, 0, 0, 0, 0, 0, 7.45578e-08, 0, 0.00439912, 0, 0
21.9953, 0, 0.00431511, 0, 1.41421, -0.00431511, 0, 0, 0, 0, 0, 0, 0, 0, 0, 0, 0, 0, 0, 0, 0, 0, 0, 0, 7.46043e-08, 0, 0.00431504, 0, 0
22.0031, 0, 0.00423191, 0, 1.41421, -0.00423191, 0, 0, 0, 0, 0, 0, 0, 0, 0, 0, 0, 0, 0, 0, 0, 0, 0, 0, 7.46515e-08, 0, 0.00423183, 0, 0
22.011, 0, 0.00414952, 0, 1.41421, -0.00414952, 0, 0, 0, 0, 0, 0, 0, 0, 0, 0, 0, 0, 0, 0, 0, 0, 0, 0, 7.47003e-08, 0, 0.00414944, 0, 0
22.0189, 0, 0.00406791, 0, 1.41421, -0.00406791, 0, 0, 0, 0, 0, 0, 0, 0, 0, 0, 0, 0, 0, 0, 0, 0, 0, 0, 7.47513e-08, 0, 0.00406783, 0, 0
22.0268, 0, 0.00398704, 0, 1.41421, -0.00398704, 0, 0, 0, 0, 0, 0, 0, 0, 0, 0, 0, 0, 0, 0, 0, 0, 0, 0, 7.48062e-08, 0, 0.00398697, 0, 0
22.0347, 0, 0.00390685, 0, 1.41421, -0.00390685, 0, 0, 0, 0, 0, 0, 0, 0, 0, 0, 0, 0, 0, 0, 0, 0, 0, 0, 7.48684e-08, 0, 0.00390678, 0, 0
22.0426, 0, 0.00382736, 0, 1.41421, -0.00382736, 0, 0, 0, 0, 0, 0, 0, 0, 0, 0, 0, 0, 0, 0, 0, 0, 0, 0, 7.49495e-08, 0, 0.00382729, 0, 0
22.0504, 0, 0.00374853, 0, 1.41421, -0.00374853, 0, 0, 0, 0, 0, 0, 0, 0, 0, 0, 0, 0, 0, 0, 0, 0, 0, 0, 7.51554e-08, 0, 0.00374846, 0, 0
22.0583, 0, 0.00367031, 0, 1.41421, -0.00367031, 0, 0, 0, 0, 0, 0, 0, 0, 0, 0, 0, 0, 0, 0, 0, 0, 0, 0, 7.53578e-08, 0, 0.00367023, 0, 0
22.0662, 0, 0.00359269, 0, 1.41421, -0.00359269, 0, 0, 0, 0, 0, 0, 0, 0, 0, 0, 0, 0, 0, 0, 0, 0, 0, 0, 7.56248e-08, 0, 0.00359262, 0, 0
22.0741, 0, 0.00351568, 0, 1.41421, -0.00351568, 0, 0, 0, 0, 0, 0, 0, 0, 0, 0, 0, 0, 0, 0, 0, 0, 0, 0, 7.61516e-08, 0, 0.0035156, 0, 0
22.082, 0, 0.00343927, 0, 1.41421, -0.00343927, 0, 0, 0, 0, 0, 0, 0, 0, 0, 0, 0, 0, 0, 0, 0, 0, 0, 0, 7.68196e-08, 0, 0.00343919, 0, 0
22.0898, 0, 0.00336346, 0, 1.41421, -0.00336346, 0, 0, 0, 0, 0, 0, 0, 0, 0, 0, 0, 0, 0, 0, 0, 0, 0, 0, 7.7684e-08, 0, 0.00336339, 0, 0
22.0977, 0, 0.00328828, 0, 1.41421, -0.00328828, 0, 0, 0, 0, 0, 0, 0, 0, 0, 0, 0, 0, 0, 0, 0, 0, 0, 0, 7.88985e-08, 0, 0.0032882, 0, 0
22.1056, 0, 0.00321374, 0, 1.41421, -0.00321374, 0, 0, 0, 0, 0, 0, 0, 0, 0, 0, 0, 0, 0, 0, 0, 0, 0, 0, 8.0618e-08, 0, 0.00321366, 0, 0
22.1135, 0, 0.00313986, 0, 1.41421, -0.00313986, 0, 0, 0, 0, 0, 0, 0, 0, 0, 0, 0, 0, 0, 0, 0, 0, 0, 0, 8.30524e-08, 0, 0.00313978, 0, 0
22.1214, 0, 0.00306669, 0, 1.41421, -0.00306669, 0, 0, 0, 0, 0, 0, 0, 0, 0, 0, 0, 0, 0, 0, 0, 0, 0, 0, 8.64912e-08, 0, 0.00306661, 0, 0
22.1293, 0, 0.00299427, 0, 1.41421, -0.00299427, 0, 0, 0, 0, 0, 0, 0, 0, 0, 0, 0, 0, 0, 0, 0, 0, 0, 0, 9.13325e-08, 0, 0.00299418, 0, 0
22.1371, 0, 0.00292264, 0, 1.41421, -0.00292264, 0, 0, 0, 0, 0, 0, 0, 0, 0, 0, 0, 0, 0, 0, 0, 0, 0, 0, 9.81225e-08, 0, 0.00292255, 0, 0
22.145, 0, 0.00285184, 0, 1.41421, -0.00285184, 0, 0, 0, 0, 0, 0, 0, 0, 0, 0, 0, 0, 0, 0, 0, 0, 0, 0, 1.07608e-07, 0, 0.00285174, 0, 0
22.1529, 0, 0.00278197, 0, 1.41421, -0.00278197, 0, 0, 0, 0, 0, 0, 0, 0, 0, 0, 0, 0, 0, 0, 0, 0, 0, 0, 1.20794e-07, 0, 0.00278185, 0, 0
22.1608, 0, 0.00271306, 0, 1.41421, -0.00271306, 0, 0, 0, 0, 0, 0, 0, 0, 0, 0, 0, 0, 0, 0, 0, 0, 0, 0, 1.3904e-07, 0, 0.00271292, 0, 0
22.1687, 0, 0.00264519, 0, 1.41421, -0.00264519, 0, 0, 0, 0, 0, 0, 0, 0, 0, 0, 0, 0, 0, 0, 0, 0, 0, 0, 1.64163e-07, 0, 0.00264502, 0, 0
22.1766, 0, 0.00257839, 0, 1.41421, -0.00257839, 0, 0, 0, 0, 0, 0, 0, 0, 0, 0, 0, 0, 0, 0, 0, 0, 0, 0, 1.98602e-07, 0, 0.00257819, 0, 0
22.1844, 0, 0.00251276, 0, 1.41421, -0.00251276, 0, 0, 0, 0, 0, 0, 0, 0, 0, 0, 0, 0, 0, 0, 0, 0, 0, 0, 2.45571e-07, 0, 0.00251251, 0, 0
22.1923, 0, 0.00244834, 0, 1.41421, -0.00244834, 0, 0, 0, 0, 0, 0, 0, 0, 0, 0, 0, 0, 0, 0, 0, 0, 0, 0, 3.09309e-07, 0, 0.00244803, 0, 0
22.2002, 0, 0.00238521, 0, 1.41421, -0.00238521, 0, 0, 0, 0, 0, 0, 0, 0, 0, 0, 0, 0, 0, 0, 0, 0, 0, 0, 3.95373e-07, 0, 0.00238482, 0, 0
22.2081, 0, 0.00232343, 0, 1.41421, -0.00232343, 0, 0, 0, 0, 0, 0, 0, 0, 0, 0, 0, 0, 0, 0, 0, 0, 0, 0, 5.10996e-07, 0, 0.00232292, 0, 0
22.216, 0, 0.00226305, 0, 1.41421, -0.00226305, 0, 0, 0, 0, 0, 0, 0, 0, 0, 0, 0, 0, 0, 0, 0, 0, 0, 0, 6.65551e-07, 0, 0.00226238, 0, 0
22.2239, 0, 0.00220412, 0, 1.41421, -0.00220412, 0, 0, 0, 0, 0, 0, 0, 0, 0, 0, 0, 0, 0, 0, 0, 0, 0, 0, 8.71103e-07, 0, 0.00220325, 0, 0
22.2317, 0, 0.00214671, 0, 1.41421, -0.00214671, 0, 0, 0, 0, 0, 0, 0, 0, 0, 0, 0, 0, 0, 0, 0, 0, 0, 0, 1.14309e-06, 0, 0.00214556, 0, 0
22.2396, 0, 0.00209085, 0, 1.41421, -0.00209085, 0, 0, 0, 0, 0, 0, 0, 0, 0, 0, 0, 0, 0, 0, 0, 0, 0, 0, 1.50116e-06, 0, 0.00208935, 0, 0
22.2475, 0, 0.0020366, 0, 1.41421, -0.0020366, 0, 0, 0, 0, 0, 0, 0, 0, 0, 0, 0, 0, 0, 0, 0, 0, 0, 0, 1.97015e-06, 0, 0.00203463, 0, 0
22.2554, 0, 0.00198397, 0, 1.41421, -0.00198397, 0, 0, 0, 0, 0, 0, 0, 0, 0, 0, 0, 0, 0, 0, 0, 0, 0, 0, 2.58147e-06, 0, 0.00198139, 0, 0
22.2633, 0, 0.00193306, 0, 1.41421, -0.00193306, 0, 0, 0, 0, 0, 0, 0, 0, 0, 0, 0, 0, 0, 0, 0, 0, 0, 0, 3.37385e-06, 0, 0.00192968, 0, 0
22.2712, 0, 0.00188387, 0, 1.41421, -0.00188387, 0, 0, 0, 0, 0, 0, 0, 0, 0, 0, 0, 0, 0, 0, 0, 0, 0, 0, 4.39587e-06, 0, 0.00187947, 0, 0
22.279, 0, 0.00183647, 0, 1.41421, -0.00183647, 0, 0, 0, 0, 0, 0, 0, 0, 0, 0, 0, 0, 0, 0, 0, 0, 0, 0, 5.70695e-06, 0, 0.00183077, 0, 0
22.2869, 0, 0.0017909, 0, 1.41421, -0.0017909, 0, 0, 0, 0, 0, 0, 0, 0, 0, 0, 0, 0, 0, 0, 0, 0, 0, 0, 7.38106e-06, 0, 0.00178352, 0, 0
22.2948, 0, 0.00174721, 0, 1.41421, -0.00174721, 0, 0, 0, 0, 0, 0, 0, 0, 0, 0, 0, 0, 0, 0, 0, 0, 0, 0, 9.50724e-06, 0, 0.00173771, 0, 0
22.3027, 0, 0.00170549, 0, 1.41421, -0.00170549, 0, 0, 0, 0, 0, 0, 0, 0, 0, 0, 0, 0, 0, 0, 0, 0, 0, 0, 1.21936e-05, 0, 0.0016933, 0, 0
22.3106, 0, 0.00166582, 0, 1.41421, -0.00166582, 0, 0, 0, 0, 0, 0, 0, 0, 0, 0, 0, 0, 0, 0, 0, 0, 0, 0, 1.55703e-05, 0, 0.00165025, 0, 0
22.3185, 0, 0.00162831, 0, 1.41421, -0.00162831, 0, 0, 0, 0, 0, 0, 0, 0, 0, 0, 0, 0, 0, 0, 0, 0, 0, 0, 1.97925e-05, 0, 0.00160852, 0, 0
22.3263, 0, 0.0015931, 0, 1.41421, -0.0015931, 0, 0, 0, 0, 0, 0, 0, 0, 0, 0, 0, 0, 0, 0, 0, 0, 0, 0, 2.50448e-05, 0, 0.00156805, 0, 0
22.3342, 0, 0.00156033, 0, 1.41421, -0.00156033, 0, 0, 0, 0, 0, 0, 0, 0, 0, 0, 0, 0, 0, 0, 0, 0, 0, 0, 3.15442e-05, 0, 0.00152878, 0, 0
22.3421, 0, 0.00153021, 0, 1.41421, -0.00153021, 0, 0, 0, 0, 0, 0, 0, 0, 0, 0, 0, 0, 0, 0, 0, 0, 0, 0, 3.95449e-05, 0, 0.00149066, 0, 0
22.35, 0, 0.00150296, 0, 1.41421, -0.00150296, 0, 0, 0, 0, 0, 0, 0, 0, 0, 0, 0, 0, 0, 0, 0, 0, 0, 0, 4.93422e-05, 0, 0.00145362, 0, 0
22.3579, 0, 0.00147887, 0, 1.41421, -0.00147887, 0, 0, 0, 0, 0, 0, 0, 0, 0, 0, 0, 0, 0, 0, 0, 0, 0, 0, 6.12762e-05, 0, 0.00141759, 0, 0
22.3657, 0, 0.00145824, 0, 1.41421, -0.00145824, 0, 0, 0, 0, 0, 0, 0, 0, 0, 0, 0, 0, 0, 0, 0, 0, 0, 0, 7.57406e-05, 0, 0.0013825, 0, 0
22.3736, 0, 0.00144148, 0, 1.41421, -0.00144148, 0, 0, 0, 0, 0, 0, 0, 0, 0, 0, 0, 0, 0, 0, 0, 0, 0, 0, 9.31699e-05, 0, 0.00134831, 0, 0
22.3815, 0, 0.001429, 0, 1.41421, -0.001429, 0, 0, 0, 0, 0, 0, 0, 0, 0, 0, 0, 0, 0, 0, 0, 0, 0, 0, 0.000114065, 0, 0.00131493, 0, 0
22.3894, 0, 0.0014213, 0, 1.41421, -0.0014213, 0, 0, 0, 0, 0, 0, 0, 0, 0, 0, 0, 0, 0, 0, 0, 0, 0, 0, 0.000138976, 0, 0.00128232, 0, 0
22.3973, 0, 0.00141892, 0, 1.41421, -0.00141892, 0, 0, 0, 0, 0, 0, 0, 0, 0, 0, 0, 0, 0, 0, 0, 0, 0, 0, 0.000168528, 0, 0.00125039, 0, 0
22.4052, 0, 0.00142248, 0, 1.41421, -0.00142248, 0, 0, 0, 0, 0, 0, 0, 0, 0, 0, 0, 0, 0, 0, 0, 0, 0, 0, 0.000203391, 0, 0.00121909, 0, 0
22.413, 0, 0.00143265, 0, 1.41421, -0.00143265, 0, 0, 0, 0, 0, 0, 0, 0, 0, 0, 0, 0, 0, 0, 0, 0, 0, 0, 0.000244296, 0, 0.00118836, 0, 0
22.4209, 0, 0.00145017, 0, 1.41421, -0.00145017, 0, 0, 0, 0, 0, 0, 0, 0, 0, 0, 0, 0, 0, 0, 0, 0, 0, 0, 0.000292029, 0, 0.00115814, 0, 0
22.4288, 2, 0.00147581, 0, 2, 1.99852, 0, 0, 0, 0, 0, 0, 0, 0, 0, 0, 0, 0, 0, 0, 0, 0, 0, 0, 0.000347424, 0, 0.00112839, 0, 0
22.4367, 0, 0.0015104, 0, 1.41421, -0.0015104, 0, 0, 0, 0, 0, 0, 0, 0, 0, 0, 0, 0, 0, 0, 0, 0, 0, 0, 0.000411358, 0, 0.00109905, 0, 0
22.4446, 0, 0.00155481, 0, 1.41421, -0.00155481, 0, 0, 0, 0, 0, 0, 0, 0, 0, 0, 0, 0, 0, 0, 0, 0, 0, 0, 0.000484736, 0, 0.00107007, 0, 0
22.4525, 0, 0.00160991, 0, 1.41421, -0.00160991, 0, 0, 0, 0, 0, 0, 0, 0, 0, 0, 0, 0, 0, 0, 0, 0, 0, 0, 0.000568484, 0, 0.00104143, 0, 0
22.4603, 0, 0.0016766, 0, 1.41421, -0.0016766, 0, 0, 0, 0, 0, 0, 0, 0, 0, 0, 0, 0, 0, 0, 0, 0, 0, 0, 0.000663526, 0, 0.00101307, 0, 0
22.4682, 0, 0.00175574, 0, 1.41421, -0.00175574, 0, 0, 0, 0, 0, 0, 0, 0, 0, 0, 0, 0, 0, 0, 0, 0, 0, 0, 0.000770773, 0, 0.00098497, 0, 0
22.4761, 0, 0.00184822, 0, 1.41421, -0.00184822, 0, 0, 0, 0, 0, 0, 0, 0, 0, 0, 0, 0, 0, 0, 0, 0, 0, 0, 0.000891128, 0, 0.000957095, 0, 0
22.484, 0, 0.00195477, 0, 1.41421, -0.00195477, 0, 0, 0, 0, 0, 0, 0, 0, 0, 0, 0, 0, 0, 0, 0, 0, 0, 0, 0.00102534, 0, 0.000929433, 0, 0
22.4919, 0, 0.00207612, 0, 1.41421, -0.00207612, 0, 0, 0, 0, 0, 0, 0, 0, 0, 0, 0, 0, 0, 0, 0, 0, 0, 0, 0.00117416, 0, 0.00090196, 0, 0
22.4998, 0, 0.00221283, 0, 1.41421, -0.00221283, 0, 0, 0, 0, 0, 0, 0, 0, 0, 0, 0, 0, 0, 0, 0, 0, 0, 0, 0.00133816, 0, 0.000874671, 0, 0
22.5076, 0, 0.00236542, 0, 1.41421, -0.00236542, 0, 0, 0, 0, 0, 0, 0, 0, 0, 0, 0, 0, 0, 0, 0, 0, 0, 0, 0.00151788, 0, 0.000847544, 0, 0
22.5155, 0, 0.00253415, 0, 1.41421, -0.00253415, 0, 0, 0, 0, 0, 0, 0, 0, 0, 0, 0, 0, 0, 0, 0, 0, 0, 0, 0.00171356, 0, 0.000820585, 0, 0
22.5234, 0, 0.0027191, 0, 1.41421, -0.0027191, 0, 0, 0, 0, 0, 0, 0, 0, 0, 0, 0, 0, 0, 0, 0, 0, 0, 0, 0.00192531, 0, 0.000793794, 0, 0
22.5313, 0, 0.00292016, 0, 1.41421, -0.00292016, 0, 0, 0, 0, 0, 0, 0, 0, 0, 0, 0, 0, 0, 0, 0, 0, 0, 0, 0.00215298, 0, 0.000767181, 0, 0
22.5392, 0, 0.00313692, 0, 1.41421, -0.00313692, 0, 0, 0, 0, 0, 0, 0, 0, 0, 0, 0, 0, 0, 0, 0, 0, 0, 0, 0.00239617, 0, 0.000740757, 0, 0
22.5471, 0, 0.00336876, 0, 1.41421, -0.00336876, 0, 0, 0, 0, 0, 0, 0, 0, 0, 0, 0, 0, 0, 0, 0, 0, 0, 0, 0.00265422, 0, 0.000714539, 0, 0
22.5549, 0, 0.00361471, 0, 1.41421, -0.00361471, 0, 0, 0, 0, 0, 0, 0, 0, 0, 0, 0, 0, 0, 0, 0, 0, 0, 0, 0.00292616, 0, 0.000688549, 0, 0
22.5628, 0, 0.00387354, 0, 1.41421, -0.00387354, 0, 0, 0, 0, 0, 0, 0, 0, 0, 0, 0, 0, 0, 0, 0, 0, 0, 0, 0.00321073, 0, 0.000662811, 0, 0
22.5707, 0, 0.0041437, 0, 1.41421, -0.0041437, 0, 0, 0, 0, 0, 0, 0, 0, 0, 0, 0, 0, 0, 0, 0, 0, 0, 0, 0.00350634, 0, 0.000637355, 0, 0
22.5786, 0, 0.00442333, 0, 1.41421, -0.00442333, 0, 0, 0, 0, 0, 0, 0, 0, 0, 0, 0, 0, 0, 0, 0, 0, 0, 0, 0.00381112, 0, 0.000612213, 0, 0
22.5865, 0, 0.00471035, 0, 1.41421, -0.00471035, 0, 0, 0, 0, 0, 0, 0, 0, 0, 0, 0, 0, 0, 0, 0, 0, 0, 0, 0.00412294, 0, 0.000587412, 0, 0
22.5944, 0, 0.00500218, 0, 1.41421, -0.00500218, 0, 0, 0, 0, 0, 0, 0, 0, 0, 0, 0, 0, 0, 0, 0, 0, 0, 0, 0.00443918, 0, 0.000563001, 0, 0
22.6022, 0, 0.00529619, 0, 1.41421, -0.00529619, 0, 0, 0, 0, 0, 0, 0, 0, 0, 0, 0, 0, 0, 0, 0, 0, 0, 0, 0.00475718, 0, 0.000539012, 0, 0
22.6101, 0, 0.00558941, 0, 1.41421, -0.00558941, 0, 0, 0, 0, 0, 0, 0, 0, 0, 0, 0, 0, 0, 0, 0, 0, 0, 0, 0.00507392, 0, 0.000515489, 0, 0
22.618, 0, 0.00587886, 0, 1.41421, -0.00587886, 0, 0, 0, 0, 0, 0, 0, 0, 0, 0, 0, 0, 0, 0, 0, 0, 0, 0, 0.00538641, 0, 0.000492458, 0, 0
22.6259, 0, 0.00616127, 0, 1.41421, -0.00616127, 0, 0, 0, 0, 0, 0, 0, 0, 0, 0, 0, 0, 0, 0, 0, 0, 0, 0, 0.0056913, 0, 0.000469964, 0, 0
22.6338, 0, 0.00643331, 0, 1.41421, -0.00643331, 0, 0, 0, 0, 0, 0, 0, 0, 0, 0, 0, 0, 0, 0, 0, 0, 0, 0, 0.00598526, 0, 0.000448044, 0, 0
22.6416, 0, 0.00669163, 0, 1.41421, -0.00669163, 0, 0, 0, 0, 0, 0, 0, 0, 0, 0, 0, 0, 0, 0, 0, 0, 0, 0, 0.0062649, 0, 0.000426732, 0, 0
22.6495, 0, 0.00693297, 0, 1.41421, -0.00693297, 0, 0, 0, 0, 0, 0, 0, 0, 0, 0, 0, 0, 0, 0, 0, 0, 0, 0, 0.00652691, 0, 0.000406061, 0, 0
22.6574, 0, 0.00715414, 0, 1.41421, -0.00715414, 0, 0, 0, 0, 0, 0, 0, 0, 0, 0, 0, 0, 0, 0, 0, 0, 0, 0, 0.00676808, 0, 0.00038606, 0, 0
22.6653, 0, 0.00735212, 0, 1.41421, -0.00735212, 0, 0, 0, 0, 0, 0, 0, 0, 0, 0, 0, 0, 0, 0, 0, 0, 0, 0, 0.00698536, 0, 0.000366756, 0, 0
22.6732, 0, 0.00752414, 0, 1.41421, -0.00752414, 0, 0, 0, 0, 0, 0, 0, 0, 0, 0, 0, 0, 0, 0, 0, 0, 0, 0, 0.00717597, 0, 0.000348171, 0, 0
22.6811, 0, 0.00766774, 0, 1.41421, -0.00766774, 0, 0, 0, 0, 0, 0, 0, 0, 0, 0, 0, 0, 0, 0, 0, 0, 0, 0, 0.00733741, 0, 0.000330324, 0, 0
22.6889, 0, 0.00778077, 0, 1.41421, -0.00778077, 0, 0, 0, 0, 0, 0, 0, 0, 0, 0, 0, 0, 0, 0, 0, 0, 0, 0, 0.00746755, 0, 0.000313227, 0, 0
22.6968, 0, 0.00786155, 0, 1.41421, -0.00786155, 0, 0, 0, 0, 0, 0, 0, 0, 0, 0, 0, 0, 0, 0, 0, 0, 0, 0, 0.00756466, 0, 0.000296888, 0, 0
22.7047, 0, 0.00790873, 0, 1.41421, -0.00790873, 0, 0, 0, 0, 0, 0, 0, 0, 0, 0, 0, 0, 0, 0, 0, 0, 0, 0, 0.00762741, 0, 0.000281318, 0, 0
22.7126, 0, 0.00792152, 0, 1.41421, -0.00792152, 0, 0, 0, 0, 0, 0, 0, 0, 0, 0, 0, 0, 0, 0, 0, 0, 0, 0, 0.007655, 0, 0.000266514, 0, 0
22.7205, 0, 0.00789959, 0, 1.41421, -0.00789959, 0, 0, 0, 0, 0, 0, 0, 0, 0, 0, 0, 0, 0, 0, 0, 0, 0, 0, 0.00764711, 0, 0.000252474, 0, 0
22.7284, 0, 0.00784309, 0, 1.41421, -0.00784309, 0, 0, 0, 0, 0, 0, 0, 0, 0, 0, 0, 0, 0, 0, 0, 0, 0, 0, 0.0076039, 0, 0.000239183, 0, 0
22.7362, 0, 0.00775266, 0, 1.41421, -0.00775266, 0, 0, 0, 0, 0, 0, 0, 0, 0, 0, 0, 0, 0, 0, 0, 0, 0, 0, 0.00752603, 0, 0.000226632, 0, 0
22.7441, 0, 0.00762944, 0, 1.41421, -0.00762944, 0, 0, 0, 0, 0, 0, 0, 0, 0, 0, 0, 0, 0, 0, 0, 0, 0, 0, 0.00741463, 0, 0.000214803, 0, 0
22.752, 0, 0.00747498, 0, 1.41421, -0.00747498, 0, 0, 0, 0, 0, 0, 0, 0, 0, 0, 0, 0, 0, 0, 0, 0, 0, 0, 0.0072713, 0, 0.000203676, 0, 0
22.7599, 0, 0.00729127, 0, 1.41421, -0.00729127, 0, 0, 0, 0, 0, 0, 0, 0, 0, 0, 0, 0, 0, 0, 0, 0, 0, 0, 0.00709804, 0, 0.000193229, 0, 0
22.7678, 0, 0.00708065, 0, 1.41421, -0.00708065, 0, 0, 0, 0, 0, 0, 0, 0, 0, 0, 0, 0, 0, 0, 0, 0, 0, 0, 0.00689722, 0, 0.000183434, 0, 0
22.7757, 0, 0.00684579, 0, 1.41421, -0.00684579, 0, 0, 0, 0, 0, 0, 0, 0, 0, 0, 0, 0, 0, 0, 0, 0, 0, 0, 0.00667153, 0, 0.000174264, 0, 0
22.7835, 0, 0.00658961, 0, 1.41421, -0.00658961, 0, 0, 0, 0, 0, 0, 0, 0, 0, 0, 0, 0, 0, 0, 0, 0, 0, 0, 0.00642392, 0, 0.000165688, 0, 0
22.7914, 0, 0.00631521, 0, 1.41421, -0.00631521, 0, 0, 0, 0, 0, 0, 0, 0, 0, 0, 0, 0, 0, 0, 0, 0, 0, 0, 0.00615753, 0, 0.000157675, 0, 0
22.7993, 0, 0.00602578, 0, 1.41421, -0.00602578, 0, 0, 0, 0, 0, 0, 0, 0, 0, 0, 0, 0, 0, 0, 0, 0, 0, 0, 0.00587559, 0, 0.000150189, 0, 0
22.8072, 0, 0.00572477, 0, 1.41421, -0.00572477, 0, 0, 0, 0, 0, 0, 0, 0, 0, 0, 0, 0, 0, 0, 0, 0, 0, 0, 0.00558157, 0, 0.000143202, 0, 0
22.8151, 0, 0.00541545, 0, 1.41421, -0.00541545, 0, 0, 0, 0, 0, 0, 0, 0, 0, 0, 0, 0, 0, 0, 0, 0, 0, 0, 0.00527877, 0, 0.000136678, 0, 0
22.823, 0, 0.00510107, 0, 1.41421, -0.00510107, 0, 0, 0, 0, 0, 0, 0, 0, 0, 0, 0, 0, 0, 0, 0, 0, 0, 0, 0.00497049, 0, 0.000130583, 0, 0
22.8308, 0, 0.00478488, 0, 1.41421, -0.00478488, 0, 0, 0, 0, 0, 0, 0, 0, 0, 0, 0, 0, 0, 0, 0, 0, 0, 0, 0.00466, 0, 0.000124886, 0, 0
22.8387, 0, 0.00446974, 0, 1.41421, -0.00446974, 0, 0, 0, 0, 0, 0, 0, 0, 0, 0, 0, 0, 0, 0, 0, 0, 0, 0, 0.00435019, 0, 0.000119552, 0, 0
22.8466, 0, 0.00415853, 0, 1.41421, -0.00415853, 0, 0, 0, 0, 0, 0, 0, 0, 0, 0, 0, 0, 0, 0, 0, 0, 0, 0, 0.00404398, 0, 0.000114552, 0, 0
22.8545, 0, 0.00385383, 0, 1.41421, -0.00385383, 0, 0, 0, 0, 0, 0, 0, 0, 0, 0, 0, 0, 0, 0, 0, 0, 0, 0, 0.00374398, 0, 0.000109855, 0, 0
22.8624, 0, 0.00355796, 0, 1.41421, -0.00355796, 0, 0, 0, 0, 0, 0, 0, 0, 0, 0, 0, 0, 0, 0, 0, 0, 0, 0, 0.00345253, 0, 0.000105433, 0, 0
22.8702, 2, 0.00327297, 0, 2, 1.99673, 0, 0, 0, 0, 0, 0, 0, 0, 0, 0, 0, 0, 0, 0, 0, 0, 0, 0, 0.00317172, 0, 0.000101259, 0, 0
22.8781, 0, 0.00300061, 0, 1.41421, -0.00300061, 0, 0, 0, 0, 0, 0, 0, 0, 0, 0, 0, 0, 0, 0, 0, 0, 0, 0, 0.00290331, 0, 9.73076e-05, 0, 0
22.886, 0, 0.00274235, 0, 1.41421, -0.00274235, 0, 0, 0, 0, 0, 0, 0, 0, 0, 0, 0, 0, 0, 0, 0, 0, 0, 0, 0.00264879, 0, 9.35553e-05, 0, 0
22.8939, 0, 0.00249934, 0, 1.41421, -0.00249934, 0, 0, 0, 0, 0, 0, 0, 0, 0, 0, 0, 0, 0, 0, 0, 0, 0, 0, 0.00240936, 0, 8.99804e-05, 0, 0
22.9018, 0, 0.00227248, 0, 1.41421, -0.00227248, 0, 0, 0, 0, 0, 0, 0, 0, 0, 0, 0, 0, 0, 0, 0, 0, 0, 0, 0.00218592, 0, 8.65626e-05, 0, 0
22.9097, 0, 0.00206234, 0, 1.41421, -0.00206234, 0, 0, 0, 0, 0, 0, 0, 0, 0, 0, 0, 0, 0, 0, 0, 0, 0, 0, 0.00197906, 0, 8.32829e-05, 0, 0
22.9175, 0, 0.00186939, 0, 1.41421, -0.00186939, 0, 0, 0, 0, 0, 0, 0, 0, 0, 0, 0, 0, 0, 0, 0, 0, 0, 0, 0.00178926, 0, 8.01264e-05, 0, 0
22.9254, 0, 0.0016937, 0, 1.41421, -0.0016937, 0, 0, 0, 0, 0, 0, 0, 0, 0, 0, 0, 0, 0, 0, 0, 0, 0, 0, 0.00161662, 0, 7.70776e-05, 0, 0
22.9333, 0, 0.00153522, 0, 1.41421, -0.00153522, 0, 0, 0, 0, 0, 0, 0, 0, 0, 0, 0, 0, 0, 0, 0, 0, 0, 0, 0.00146109, 0, 7.41235e-05, 0, 0
22.9412, 0, 0.0013937, 0, 1.41421, -0.0013937, 0, 0, 0, 0, 0, 0, 0, 0, 0, 0, 0, 0, 0, 0, 0, 0, 0, 0, 0.00132245, 0, 7.12532e-05, 0, 0
22.9491, 0, 0.00126867, 0, 1.41421, -0.00126867, 0, 0, 0, 0, 0, 0, 0, 0, 0, 0, 0, 0, 0, 0, 0, 0, 0, 0, 0.00120021, 0, 6.84554e-05, 0, 0
22.957, 0, 0.0011596, 0, 1.41421, -0.0011596, 0, 0, 0, 0, 0, 0, 0, 0, 0, 0, 0, 0, 0, 0, 0, 0, 0, 0, 0.00109388, 0, 6.57226e-05, 0, 0
22.9648, 0, 0.00106582, 0, 1.41421, -0.00106582, 0, 0, 0, 0, 0, 0, 0, 0, 0, 0, 0, 0, 0, 0, 0, 0, 0, 0, 0.00100277, 0, 6.30477e-05, 0, 0
22.9727, 0, 0.000986566, 0, 1.41421, -0.000986566, 0, 0, 0, 0, 0, 0, 0, 0, 0, 0, 0, 0, 0, 0, 0, 0, 0, 0, 0.000926141, 0, 6.04252e-05, 0, 0
22.9806, 0, 0.000921001, 0, 1.41421, -0.000921001, 0, 0, 0, 0, 0, 0, 0, 0, 0, 0, 0, 0, 0, 0, 0, 0, 0, 0, 0.000863151, 0, 5.78506e-05, 0, 0
22.9885, 0, 0.000868228, 0, 1.41421, -0.000868228, 0, 0, 0, 0, 0, 0, 0, 0, 0, 0, 0, 0, 0, 0, 0, 0, 0, 0, 0.000812908, 0, 5.53207e-05, 0, 0
22.9964, 0, 0.000827309, 0, 1.41421, -0.000827309, 0, 0, 0, 0, 0, 0, 0, 0, 0, 0, 0, 0, 0, 0, 0, 0, 0, 0, 0.000774476, 0, 5.28332e-05, 0, 0
23.0043, 0, 0.000797279, 0, 1.41421, -0.000797279, 0, 0, 0, 0, 0, 0, 0, 0, 0, 0, 0, 0, 0, 0, 0, 0, 0, 0, 0.000746892, 0, 5.03871e-05, 0, 0
23.0121, 0, 0.000777154, 0, 1.41421, -0.000777154, 0, 0, 0, 0, 0, 0, 0, 0, 0, 0, 0, 0, 0, 0, 0, 0, 0, 0, 0.000729172, 0, 4.79818e-05, 0, 0
23.02, 0, 0.00076594, 0, 1.41421, -0.00076594, 0, 0, 0, 0, 0, 0, 0, 0, 0, 0, 0, 0, 0, 0, 0, 0, 0, 0, 0.000720323, 0, 4.56172e-05, 0, 0
23.0279, 0, 0.000762652, 0, 1.41421, -0.000762652, 0, 0, 0, 0, 0, 0, 0, 0, 0, 0, 0, 0, 0, 0, 0, 0, 0, 0, 0.000719356, 0, 4.32956e-05, 0, 0
23.0358, 0, 0.000766299, 0, 1.41421, -0.000766299, 0, 0, 0, 0, 0, 0, 0, 0, 0, 0, 0, 0, 0, 0, 0, 0, 0, 0, 0.000725281, 0, 4.10179e-05, 0, 0
23.0437, 0, 0.000775907, 0, 1.41421, -0.000775907, 0, 0, 0, 0, 0, 0, 0, 0, 0, 0, 0, 0, 0, 0, 0, 0, 0, 0, 0.000737121, 0, 3.87863e-05, 0, 0
23.0516, 0, 0.000790516, 0, 1.41421, -0.000790516, 0, 0, 0, 0, 0, 0, 0, 0, 0, 0, 0, 0, 0, 0, 0, 0, 0, 0, 0.000753912, 0, 3.66039e-05, 0, 0
23.0594, 0, 0.000809194, 0, 1.41421, -0.000809194, 0, 0, 0, 0, 0, 0, 0, 0, 0, 0, 0, 0, 0, 0, 0, 0, 0, 0, 0.000774721, 0, 3.44721e-05, 0, 0
23.0673, 0, 0.000831027, 0, 1.41421, -0.000831027, 0, 0, 0, 0, 0, 0, 0, 0, 0, 0, 0, 0, 0, 0, 0, 0, 0, 0, 0.000798632, 0, 3.23946e-05, 0, 0
23.0752, 0, 0.000855133, 0, 1.41421, -0.000855133, 0, 0, 0, 0, 0, 0, 0, 0, 0, 0, 0, 0, 0, 0, 0, 0, 0, 0, 0.000824759, 0, 3.03743e-05, 0, 0
23.0831, 0, 0.000880662, 0, 1.41421, -0.000880662, 0, 0, 0, 0, 0, 0, 0, 0, 0, 0, 0, 0, 0, 0, 0, 0, 0, 0, 0.000852248, 0, 2.84142e-05, 0, 0
23.091, 0, 0.000906806, 0, 1.41421, -0.000906806, 0, 0, 0, 0, 0, 0, 0, 0, 0, 0, 0, 0, 0, 0, 0, 0, 0, 0, 0.000880289, 0, 2.65174e-05, 0, 0
23.0989, 0, 0.000932795, 0, 1.41421, -0.000932795, 0, 0, 0, 0, 0, 0, 0, 0, 0, 0, 0, 0, 0, 0, 0, 0, 0, 0, 0.000908108, 0, 2.46865e-05, 0, 0
23.1067, 0, 0.00095791, 0, 1.41421, -0.00095791, 0, 0, 0, 0, 0, 0, 0, 0, 0, 0, 0, 0, 0, 0, 0, 0, 0, 0, 0.000934986, 0, 2.29241e-05, 0, 0
23.1146, 0, 0.000981485, 0, 1.41421, -0.000981485, 0, 0, 0, 0, 0, 0, 0, 0, 0, 0, 0, 0, 0, 0, 0, 0, 0, 0, 0.000960253, 0, 2.12327e-05, 0, 0
23.1225, 0, 0.00100291, 0, 1.41421, -0.00100291, 0, 0, 0, 0, 0, 0, 0, 0, 0, 0, 0, 0, 0, 0, 0, 0, 0, 0, 0.000983299, 0, 1.96141e-05, 0, 0
23.1304, 0, 0.00102165, 0, 1.41421, -0.00102165, 0, 0, 0, 0, 0, 0, 0, 0, 0, 0, 0, 0, 0, 0, 0, 0, 0, 0, 0.00100358, 0, 1.80696e-05, 0, 0
23.1383, 0, 0.00103721, 0, 1.41421, -0.00103721, 0, 0, 0, 0, 0, 0, 0, 0, 0, 0, 0, 0, 0, 0, 0, 0, 0, 0, 0.00102061, 0, 1.66012e-05, 0, 0
23.1461, 0, 0.0010492, 0, 1.41421, -0.0010492, 0, 0, 0, 0, 0, 0, 0, 0, 0, 0, 0, 0, 0, 0, 0, 0, 0, 0, 0.00103399, 0, 1.52094e-05, 0, 0
23.154, 0, 0.00105728, 0, 1.41421, -0.00105728, 0, 0, 0, 0, 0, 0, 0, 0, 0, 0, 0, 0, 0, 0, 0, 0, 0, 0, 0.00104339, 0, 1.38944e-05, 0, 0
23.1619, 0, 0.0010612, 0, 1.41421, -0.0010612, 0, 0, 0, 0, 0, 0, 0, 0, 0, 0, 0, 0, 0, 0, 0, 0, 0, 0, 0.00104855, 0, 1.26565e-05, 0, 0
23.1698, 0, 0.00106079, 0, 1.41421, -0.00106079, 0, 0, 0, 0, 0, 0, 0, 0, 0, 0, 0, 0, 0, 0, 0, 0, 0, 0, 0.0010493, 0, 1.14946e-05, 0, 0
23.1777, 0, 0.00105595, 0, 1.41421, -0.00105595, 0, 0, 0, 0, 0, 0, 0, 0, 0, 0, 0, 0, 0, 0, 0, 0, 0, 0, 0.00104554, 0, 1.04082e-05, 0, 0
23.1856, 0, 0.00104665, 0, 1.41421, -0.00104665, 0, 0, 0, 0, 0, 0, 0, 0, 0, 0, 0, 0, 0, 0, 0, 0, 0, 0, 0.00103725, 0, 9.39584e-06, 0, 0
23.1934, 0, 0.00103296, 0, 1.41421, -0.00103296, 0, 0, 0, 0, 0, 0, 0, 0, 0, 0, 0, 0, 0, 0, 0, 0, 0, 0, 0.0010245, 0, 8.4559e-06, 0, 0
23.2013, 0, 0.00101499, 0, 1.41421, -0.00101499, 0, 0, 0, 0, 0, 0, 0, 0, 0, 0, 0, 0, 0, 0, 0, 0, 0, 0, 0.00100741, 0, 7.58633e-06, 0, 0
23.2092, 0, 0.000992951, 0, 1.41421, -0.000992951, 0, 0, 0, 0, 0, 0, 0, 0, 0, 0, 0, 0, 0, 0, 0, 0, 0, 0, 0.000986167, 0, 6.7848e-06, 0, 0
23.2171, 0, 0.000967082, 0, 1.41421, -0.000967082, 0, 0, 0, 0, 0, 0, 0, 0, 0, 0, 0, 0, 0, 0, 0, 0, 0, 0, 0.000961033, 0, 6.04868e-06, 0, 0
23.225, 0, 0.000937689, 0, 1.41421, -0.000937689, 0, 0, 0, 0, 0, 0, 0, 0, 0, 0, 0, 0, 0, 0, 0, 0, 0, 0, 0.000932313, 0, 5.37514e-06, 0, 0
23.2329, 0, 0.00090512, 0, 1.41421, -0.00090512, 0, 0, 0, 0, 0, 0, 0, 0, 0, 0, 0, 0, 0, 0, 0, 0, 0, 0, 0.000900358, 0, 4.76114e-06, 0, 0
23.2407, 0, 0.00086975, 0, 1.41421, -0.00086975, 0, 0, 0, 0, 0, 0, 0, 0, 0, 0, 0, 0, 0, 0, 0, 0, 0, 0, 0.000865546, 0, 4.20339e-06, 0, 0
23.2486, 0, 0.000832008, 0, 1.41421, -0.000832008, 0, 0, 0, 0, 0, 0, 0, 0, 0, 0, 0, 0, 0, 0, 0, 0, 0, 0, 0.000828309, 0, 3.69889e-06, 0, 0
23.2565, 0, 0.000792315, 0, 1.41421, -0.000792315, 0, 0, 0, 0, 0, 0, 0, 0, 0, 0, 0, 0, 0, 0, 0, 0, 0, 0, 0.000789071, 0, 3.24415e-06, 0, 0
23.2644, 0, 0.000751107, 0, 1.41421, -0.000751107, 0, 0, 0, 0, 0, 0, 0, 0, 0, 0, 0, 0, 0, 0, 0, 0, 0, 0, 0.000748272, 0, 2.83584e-06, 0, 0
23.2723, 0, 0.000708835, 0, 1.41421, -0.000708835, 0, 0, 0, 0, 0, 0, 0, 0, 0, 0, 0, 0, 0, 0, 0, 0, 0, 0, 0.000706364, 0, 2.47068e-06, 0, 0
23.2802, 0, 0.000665907, 0, 1.41421, -0.000665907, 0, 0, 0, 0, 0, 0, 0, 0, 0, 0, 0, 0, 0, 0, 0, 0, 0, 0, 0.000663761, 0, 2.1452e-06, 0, 0
23.288, 0, 0.000622747, 0, 1.41421, -0.000622747, 0, 0, 0, 0, 0, 0, 0, 0, 0, 0, 0, 0, 0, 0, 0, 0, 0, 0, 0.000620891, 0, 1.85628e-06, 0, 0
23.2959, 0, 0.000579748, 0, 1.41421, -0.000579748, 0, 0, 0, 0, 0, 0, 0, 0, 0, 0, 0, 0, 0, 0, 0, 0, 0, 0, 0.000578148, 0, 1.60079e-06, 0, 0
23.3038, 0, 0.000537276, 0, 1.41421, -0.000537276, 0, 0, 0, 0, 0, 0, 0, 0, 0, 0, 0, 0, 0, 0, 0, 0, 0, 0, 0.0005359, 0, 1.37573e-06, 0, 0
23.3117, 0, 0.000495661, 0, 1.41421, -0.000495661, 0, 0, 0, 0, 0, 0, 0, 0, 0, 0, 0, 0, 0, 0, 0, 0, 0, 0, 0.000494483, 0, 1.17824e-06, 0, 0
23.3196, 0, 0.000455201, 0, 1.41421, -0.000455201, 0, 0, 0, 0, 0, 0, 0, 0, 0, 0, 0, 0, 0, 0, 0, 0, 0, 0, 0.000454196, 0, 1.00561e-06, 0, 0
23.3275, 0, 0.000416153, 0, 1.41421, -0.000416153, 0, 0, 0, 0, 0, 0, 0, 0, 0, 0, 0, 0, 0, 0, 0, 0, 0, 0, 0.000415298, 0, 8.553e-07, 0, 0
23.3353, 0, 0.000378735, 0, 1.41421, -0.000378735, 0, 0, 0, 0, 0, 0, 0, 0, 0, 0, 0, 0, 0, 0, 0, 0, 0, 0, 0.00037801, 0, 7.24921e-07, 0, 0
23.3432, 0, 0.000343124, 0, 1.41421, -0.000343124, 0, 0, 0, 0, 0, 0, 0, 0, 0, 0, 0, 0, 0, 0, 0, 0, 0, 0, 0.000342512, 0, 6.1227e-07, 0, 0
23.3511, 0, 0.00030945, 0, 1.41421, -0.00030945, 0, 0, 0, 0, 0, 0, 0, 0, 0, 0, 0, 0, 0, 0, 0, 0, 0, 0, 0.000308935, 0, 5.1529e-07, 0, 0
23.359, 0, 0.000277829, 0, 1.41421, -0.000277829, 0, 0, 0, 0, 0, 0, 0, 0, 0, 0, 0, 0, 0, 0, 0, 0, 0, 0, 0.000277397, 0, 4.32165e-07, 0, 0
23.3669, 0, 0.000248314, 0, 1.41421, -0.000248314, 0, 0, 0, 0, 0, 0, 0, 0, 0, 0, 0, 0, 0, 0, 0, 0, 0, 0, 0.000247953, 0, 3.61173e-07, 0, 0
23.3748, 0, 0.000220935, 0, 1.41421, -0.000220935, 0, 0, 0, 0, 0, 0, 0, 0, 0, 0, 0, 0, 0, 0, 0, 0, 0, 0, 0.000220635, 0, 3.00776e-07, 0, 0
23.3826, 0, 0.000195696, 0, 1.41421, -0.000195696, 0, 0, 0, 0, 0, 0, 0, 0, 0, 0, 0, 0, 0, 0, 0, 0, 0, 0, 0.000195447, 0, 2.49604e-07, 0, 0
23.3905, 0, 0.000172556, 0, 1.41421, -0.000172556, 0, 0, 0, 0, 0, 0, 0, 0, 0, 0, 0, 0, 0, 0, 0, 0, 0, 0, 0.00017235, 0, 2.06393e-07, 0, 0
23.3984, 0, 0.000151469, 0, 1.41421, -0.000151469, 0, 0, 0, 0, 0, 0, 0, 0, 0, 0, 0, 0, 0, 0, 0, 0, 0, 0, 0.000151299, 0, 1.70057e-07, 0, 0
23.4063, 0, 0.000132362, 0, 1.41421, -0.000132362, 0, 0, 0, 0, 0, 0, 0, 0, 0, 0, 0, 0, 0, 0, 0, 0, 0, 0, 0.000132222, 0, 1.39618e-07, 0, 0
23.4142, 0, 0.000115146, 0, 1.41421, -0.000115146, 0, 0, 0, 0, 0, 0, 0, 0, 0, 0, 0, 0, 0, 0, 0, 0, 0, 0, 0.000115032, 0, 1.14219e-07, 0, 0
23.422, 0, 9.97213e-05, 0, 1.41421, -9.97213e-05, 0, 0, 0, 0, 0, 0, 0, 0, 0, 0, 0, 0, 0, 0, 0, 0, 0, 0, 9.96282e-05, 0, 9.31061e-08, 0, 0
23.4299, 0, 8.59763e-05, 0, 1.41421, -8.59763e-05, 0, 0, 0, 0, 0, 0, 0, 0, 0, 0, 0, 0, 0, 0, 0, 0, 0, 0, 8.59007e-05, 0, 7.56243e-08, 0, 0
23.4378, 0, 7.37945e-05, 0, 1.41421, -7.37945e-05, 0, 0, 0, 0, 0, 0, 0, 0, 0, 0, 0, 0, 0, 0, 0, 0, 0, 0, 7.37333e-05, 0, 6.12047e-08, 0, 0
23.4457, 0, 6.3056e-05, 0, 1.41421, -6.3056e-05, 0, 0, 0, 0, 0, 0, 0, 0, 0, 0, 0, 0, 0, 0, 0, 0, 0, 0, 6.30066e-05, 0, 4.93566e-08, 0, 0
23.4536, 0, 5.36398e-05, 0, 1.41421, -5.36398e-05, 0, 0, 0, 0, 0, 0, 0, 0, 0, 0, 0, 0, 0, 0, 0, 0, 0, 0, 5.36002e-05, 0, 3.9659e-08, 0, 0
23.4615, 0, 4.54247e-05, 0, 1.41421, -4.54247e-05, 0, 0, 0, 0, 0, 0, 0, 0, 0, 0, 0, 0, 0, 0, 0, 0, 0, 0, 4.53929e-05, 0, 3.17503e-08, 0, 0
23.4693, 0, 3.82981e-05, 0, 1.41421, -3.82981e-05, 0, 0, 0, 0, 0, 0, 0, 0, 0, 0, 0, 0, 0, 0, 0, 0, 0, 0, 3.82728e-05, 0, 2.53284e-08, 0, 0
23.4772, 0, 3.21461e-05, 0, 1.41421, -3.21461e-05, 0, 0, 0, 0, 0, 0, 0, 0, 0, 0, 0, 0, 0, 0, 0, 0, 0, 0, 3.2126e-05, 0, 2.01325e-08, 0, 0
23.4851, 0, 2.68626e-05, 0, 1.41421, -2.68626e-05, 0, 0, 0, 0, 0, 0, 0, 0, 0, 0, 0, 0, 0, 0, 0, 0, 0, 0, 2.68467e-05, 0, 1.59446e-08, 0, 0
23.493, 0, 2.2348e-05, 0, 1.41421, -2.2348e-05, 0, 0, 0, 0, 0, 0, 0, 0, 0, 0, 0, 0, 0, 0, 0, 0, 0, 0, 2.23354e-05, 0, 1.25822e-08, 0, 0
23.5009, 0, 1.85106e-05, 0, 1.41421, -1.85106e-05, 0, 0, 0, 0, 0, 0, 0, 0, 0, 0, 0, 0, 0, 0, 0, 0, 0, 0, 1.85007e-05, 0, 9.89344e-09, 0, 0
23.5088, 0, 1.52637e-05, 0, 1.41421, -1.52637e-05, 0, 0, 0, 0, 0, 0, 0, 0, 0, 0, 0, 0, 0, 0, 0, 0, 0, 0, 1.52559e-05, 0, 7.75055e-09, 0, 0
23.5166, 0, 1.25307e-05, 0, 1.41421, -1.25307e-05, 0, 0, 0, 0, 0, 0, 0, 0, 0, 0, 0, 0, 0, 0, 0, 0, 0, 0, 1.25247e-05, 0, 6.04973e-09, 0, 0
23.5245, 0, 1.02417e-05, 0, 1.41421, -1.02417e-05, 0, 0, 0, 0, 0, 0, 0, 0, 0, 0, 0, 0, 0, 0, 0, 0, 0, 0, 1.0237e-05, 0, 4.70496e-09, 0, 0
23.5324, 0, 8.33397e-06, 0, 1.41421, -8.33397e-06, 0, 0, 0, 0, 0, 0, 0, 0, 0, 0, 0, 0, 0, 0, 0, 0, 0, 0, 8.33033e-06, 0, 3.64577e-09, 0, 0
23.5403, 0, 6.75176e-06, 0, 1.41421, -6.75176e-06, 0, 0, 0, 0, 0, 0, 0, 0, 0, 0, 0, 0, 0, 0, 0, 0, 0, 0, 6.74894e-06, 0, 2.81471e-09, 0, 0
23.5482, 0, 5.4459e-06, 0, 1.41421, -5.4459e-06, 0, 0, 0, 0, 0, 0, 0, 0, 0, 0, 0, 0, 0, 0, 0, 0, 0, 0, 5.44373e-06, 0, 2.16513e-09, 0, 0
23.5561, 0, 4.37334e-06, 0, 1.41421, -4.37334e-06, 0, 0, 0, 0, 0, 0, 0, 0, 0, 0, 0, 0, 0, 0, 0, 0, 0, 0, 4.37168e-06, 0, 1.65936e-09, 0, 0
23.5639, 0, 3.49663e-06, 0, 1.41421, -3.49663e-06, 0, 0, 0, 0, 0, 0, 0, 0, 0, 0, 0, 0, 0, 0, 0, 0, 0, 0, 3.49536e-06, 0, 1.26707e-09, 0, 0
23.5718, 0, 2.78328e-06, 0, 1.41421, -2.78328e-06, 0, 0, 0, 0, 0, 0, 0, 0, 0, 0, 0, 0, 0, 0, 0, 0, 0, 0, 2.78232e-06, 0, 9.63885e-10, 0, 0
23.5797, 0, 2.20591e-06, 0, 1.41421, -2.20591e-06, 0, 0, 0, 0, 0, 0, 0, 0, 0, 0, 0, 0, 0, 0, 0, 0, 0, 0, 2.20518e-06, 0, 7.3059e-10, 0, 0
23.5876, 0, 1.74068e-06, 0, 1.41421, -1.74068e-06, 0, 0, 0, 0, 0, 0, 0, 0, 0, 0, 0, 0, 0, 0, 0, 0, 0, 0, 1.74013e-06, 0, 5.51709e-10, 0, 0
23.5955, 0, 1.36759e-06, 0, 1.41421, -1.36759e-06, 0, 0, 0, 0, 0, 0, 0, 0, 0, 0, 0, 0, 0, 0, 0, 0, 0, 0, 1.36717e-06, 0, 4.15078e-10, 0, 0
23.6034, 0, 1.06979e-06, 0, 1.41421, -1.06979e-06, 0, 0, 0, 0, 0, 0, 0, 0, 0, 0, 0, 0, 0, 0, 0, 0, 0, 0, 1.06948e-06, 0, 3.11116e-10, 0, 0
23.6112, 0, 8.33254e-07, 0, 1.41421, -8.33254e-07, 0, 0, 0, 0, 0, 0, 0, 0, 0, 0, 0, 0, 0, 0, 0, 0, 0, 0, 8.33022e-07, 0, 2.32334e-10, 0, 0
23.6191, 0, 6.46163e-07, 0, 1.41421, -6.46163e-07, 0, 0, 0, 0, 0, 0, 0, 0, 0, 0, 0, 0, 0, 0, 0, 0, 0, 0, 6.4599e-07, 0, 1.72832e-10, 0, 0
23.627, 0, 4.98911e-07, 0, 1.41421, -4.98911e-07, 0, 0, 0, 0, 0, 0, 0, 0, 0, 0, 0, 0, 0, 0, 0, 0, 0, 0, 4.98783e-07, 0, 1.28078e-10, 0, 0
23.6349, 0, 3.8355e-07, 0, 1.41421, -3.8355e-07, 0, 0, 0, 0, 0, 0, 0, 0, 0, 0, 0, 0, 0, 0, 0, 0, 0, 0, 3.83456e-07, 0, 9.45457e-11, 0, 0
23.6428, 0, 2.93591e-07, 0, 1.41421, -2.93591e-07, 0, 0, 0, 0, 0, 0, 0, 0, 0, 0, 0, 0, 0, 0, 0, 0, 0, 0, 2.93521e-07, 0, 6.95184e-11, 0, 0
23.6506, 0, 2.23762e-07, 0, 1.41421, -2.23762e-07, 0, 0, 0, 0, 0, 0, 0, 0, 0, 0, 0, 0, 0, 0, 0, 0, 0, 0, 2.23711e-07, 0, 5.09799e-11, 0, 0
23.6585, 0, 1.69808e-07, 0, 1.41421, -1.69808e-07, 0, 0, 0, 0, 0, 0, 0, 0, 0, 0, 0, 0, 0, 0, 0, 0, 0, 0, 1.6977e-07, 0, 3.72038e-11, 0, 0
23.6664, 0, 1.28309e-07, 0, 1.41421, -1.28309e-07, 0, 0, 0, 0, 0, 0, 0, 0, 0, 0, 0, 0, 0, 0, 0, 0, 0, 0, 1.28282e-07, 0, 2.704e-11, 0, 0
23.6743, 0, 9.65368e-08, 0, 1.41421, -9.65368e-08, 0, 0, 0, 0, 0, 0, 0, 0, 0, 0, 0, 0, 0, 0, 0, 0, 0, 0, 9.65173e-08, 0, 1.95704e-11, 0, 0
23.6822, 0, 7.23156e-08, 0, 1.41421, -7.23156e-08, 0, 0, 0, 0, 0, 0, 0, 0, 0, 0, 0, 0, 0, 0, 0, 0, 0, 0, 7.23015e-08, 0, 1.4101e-11, 0, 0
23.6901, 0, 5.39439e-08, 0, 1.41421, -5.39439e-08, 0, 0, 0, 0, 0, 0, 0, 0, 0, 0, 0, 0, 0, 0, 0, 0, 0, 0, 5.39338e-08, 0, 1.01138e-11, 0, 0
23.6979, 0, 4.00675e-08, 0, 1.41421, -4.00675e-08, 0, 0, 0, 0, 0, 0, 0, 0, 0, 0, 0, 0, 0, 0, 0, 0, 0, 0, 4.00603e-08, 0, 7.22349e-12, 0, 0
23.7058, 0, 2.96339e-08, 0, 1.41421, -2.96339e-08, 0, 0, 0, 0, 0, 0, 0, 0, 0, 0, 0, 0, 0, 0, 0, 0, 0, 0, 2.96288e-08, 0, 5.13225e-12, 0, 0
23.7137, 0, 2.1824e-08, 0, 1.41421, -2.1824e-08, 0, 0, 0, 0, 0, 0, 0, 0, 0, 0, 0, 0, 0, 0, 0, 0, 0, 0, 2.18204e-08, 0, 3.62498e-12, 0, 0
23.7216, 0, 1.60053e-08, 0, 1.41421, -1.60053e-08, 0, 0, 0, 0, 0, 0, 0, 0, 0, 0, 0, 0, 0, 0, 0, 0, 0, 0, 1.60028e-08, 0, 2.54428e-12, 0, 0
23.7295, 0, 1.16873e-08, 0, 1.41421, -1.16873e-08, 0, 0, 0, 0, 0, 0, 0, 0, 0, 0, 0, 0, 0, 0, 0, 0, 0, 0, 1.16856e-08, 0, 1.77133e-12, 0, 0
23.7374, 0, 8.49817e-09, 0, 1.41421, -8.49817e-09, 0, 0, 0, 0, 0, 0, 0, 0, 0, 0, 0, 0, 0, 0, 0, 0, 0, 0, 8.49695e-09, 0, 1.22093e-12, 0, 0
23.7452, 0, 6.15311e-09, 0, 1.41421, -6.15311e-09, 0, 0, 0, 0, 0, 0, 0, 0, 0, 0, 0, 0, 0, 0, 0, 0, 0, 0, 6.15228e-09, 0, 8.30721e-13, 0, 0
23.7531, 0, 4.43639e-09, 0, 1.41421, -4.43639e-09, 0, 0, 0, 0, 0, 0, 0, 0, 0, 0, 0, 0, 0, 0, 0, 0, 0, 0, 4.43583e-09, 0, 5.55217e-13, 0, 0
23.761, 0, 3.18517e-09, 0, 1.41421, -3.18517e-09, 0, 0, 0, 0, 0, 0, 0, 0, 0, 0, 0, 0, 0, 0, 0, 0, 0, 0, 3.18479e-09, 0, 3.80812e-13, 0, 0
23.7689, 0, 2.27722e-09, 0, 1.41421, -2.27722e-09, 0, 0, 0, 0, 0, 0, 0, 0, 0, 0, 0, 0, 0, 0, 0, 0, 0, 0, 2.27696e-09, 0, 2.58036e-13, 0, 0
23.7768, 0, 1.62123e-09, 0, 1.41421, -1.62123e-09, 0, 0, 0, 0, 0, 0, 0, 0, 0, 0, 0, 0, 0, 0, 0, 0, 0, 0, 1.62106e-09, 0, 1.72007e-13, 0, 0
23.7847, 0, 1.14925e-09, 0, 1.41421, -1.14925e-09, 0, 0, 0, 0, 0, 0, 0, 0, 0, 0, 0, 0, 0, 0, 0, 0, 0, 0, 1.14913e-09, 0, 1.14694e-13, 0, 0
23.7925, 0, 8.11314e-10, 0, 1.41421, -8.11314e-10, 0, 0, 0, 0, 0, 0, 0, 0, 0, 0, 0, 0, 0, 0, 0, 0, 0, 0, 8.1124e-10, 0, 7.48405e-14, 0, 0
23.8004, 0, 5.70324e-10, 0, 1.41421, -5.70324e-10, 0, 0, 0, 0, 0, 0, 0, 0, 0, 0, 0, 0, 0, 0, 0, 0, 0, 0, 5.70277e-10, 0, 4.72628e-14, 0, 0
23.8083, 0, 3.99199e-10, 0, 1.41421, -3.99199e-10, 0, 0, 0, 0, 0, 0, 0, 0, 0, 0, 0, 0, 0, 0, 0, 0, 0, 0, 3.99168e-10, 0, 3.08231e-14, 0, 0
23.8162, 0, 2.78182e-10, 0, 1.41421, -2.78182e-10, 0, 0, 0, 0, 0, 0, 0, 0, 0, 0, 0, 0, 0, 0, 0, 0, 0, 0, 2.78162e-10, 0, 1.94948e-14, 0, 0
23.8241, 0, 1.92917e-10, 0, 1.41421, -1.92917e-10, 0, 0, 0, 0, 0, 0, 0, 0, 0, 0, 0, 0, 0, 0, 0, 0, 0, 0, 1.92905e-10, 0, 1.17368e-14, 0, 0
23.832, 0, 1.32991e-10, 0, 1.41421, -1.32991e-10, 0, 0, 0, 0, 0, 0, 0, 0, 0, 0, 0, 0, 0, 0, 0, 0, 0, 0, 1.32985e-10, 0, 6.53779e-15, 0, 0
23.8398, 0, 9.06489e-11, 0, 1.41421, -9.06489e-11, 0, 0, 0, 0, 0, 0, 0, 0, 0, 0, 0, 0, 0, 0, 0, 0, 0, 0, 9.06458e-11, 0, 3.05948e-15, 0, 0
23.8477, 0, 5.88031e-11, 0, 1.41421, -5.88031e-11, 0, 0, 0, 0, 0, 0, 0, 0, 0, 0, 0, 0, 0, 0, 0, 0, 0, 0, 5.88023e-11, 0, 7.76369e-16, 0, 0
23.8556, 0, 2.15941e-11, 0, 1.41421, -2.15941e-11, 0, 0, 0, 0, 0, 0, 0, 0, 0, 0, 0, 0, 0, 0, 0, 0, 0, 0, 2.15936e-11, 0, 4.94193e-16, 0, 0
23.8635, 0, 1.18565e-11, 0, 1.41421, -1.18565e-11, 0, 0, 0, 0, 0, 0, 0, 0, 0, 0, 0, 0, 0, 0, 0, 0, 0, 0, 1.18562e-11, 0, 3.18188e-16, 0, 0
23.8714, 0, 7.27849e-12, 0, 1.41421, -7.27849e-12, 0, 0, 0, 0, 0, 0, 0, 0, 0, 0, 0, 0, 0, 0, 0, 0, 0, 0, 7.27829e-12, 0, 1.97397e-16, 0, 0
23.8792, 0, 4.5898e-12, 0, 1.41421, -4.5898e-12, 0, 0, 0, 0, 0, 0, 0, 0, 0, 0, 0, 0, 0, 0, 0, 0, 0, 0, 4.58968e-12, 0, 1.1607e-16, 0, 0
23.8871, 0, 2.90315e-12, 0, 1.41421, -2.90315e-12, 0, 0, 0, 0, 0, 0, 0, 0, 0, 0, 0, 0, 0, 0, 0, 0, 0, 0, 2.90309e-12, 0, 6.09987e-17, 0, 0
23.895, 0, 1.80569e-12, 0, 1.41421, -1.80569e-12, 0, 0, 0, 0, 0, 0, 0, 0, 0, 0, 0, 0, 0, 0, 0, 0, 0, 0, 1.80567e-12, 0, 2.39965e-17, 0, 0
23.9029, 0, 9.24121e-13, 0, 1.41421, -9.24121e-13, 0, 0, 0, 0, 0, 0, 0, 0, 0, 0, 0, 0, 0, 0, 0, 0, 0, 0, 9.24121e-13, 0, 0, 0, 0
23.9108, 0, 4.48102e-13, 0, 1.41421, -4.48102e-13, 0, 0, 0, 0, 0, 0, 0, 0, 0, 0, 0, 0, 0, 0, 0, 0, 0, 0, 4.48102e-13, 0, 0, 0, 0
23.9187, 0, 2.2416e-13, 0, 1.41421, -2.2416e-13, 0, 0, 0, 0, 0, 0, 0, 0, 0, 0, 0, 0, 0, 0, 0, 0, 0, 0, 2.2416e-13, 0, 0, 0, 0
23.9265, 0, 9.57958e-14, 0, 1.41421, -9.57958e-14, 0, 0, 0, 0, 0, 0, 0, 0, 0, 0, 0, 0, 0, 0, 0, 0, 0, 0, 9.57958e-14, 0, 0, 0, 0
23.9344, 0, 2.117e-14, 0, 1.41421, -2.117e-14, 0, 0, 0, 0, 0, 0, 0, 0, 0, 0, 0, 0, 0, 0, 0, 0, 0, 0, 2.117e-14, 0, 0, 0, 0
23.9423, 0, 1.18916e-14, 0, 1.41421, -1.18916e-14, 0, 0, 0, 0, 0, 0, 0, 0, 0, 0, 0, 0, 0, 0, 0, 0, 0, 0, 1.18916e-14, 0, 0, 0, 0
23.9502, 0, 6.35636e-15, 0, 1.41421, -6.35636e-15, 0, 0, 0, 0, 0, 0, 0, 0, 0, 0, 0, 0, 0, 0, 0, 0, 0, 0, 6.35636e-15, 0, 0, 0, 0
23.9581, 0, 3.05571e-15, 0, 1.41421, -3.05571e-15, 0, 0, 0, 0, 0, 0, 0, 0, 0, 0, 0, 0, 0, 0, 0, 0, 0, 0, 3.05571e-15, 0, 0, 0, 0
23.966, 0, 1.11291e-15, 0, 1.41421, -1.11291e-15, 0, 0, 0, 0, 0, 0, 0, 0, 0, 0, 0, 0, 0, 0, 0, 0, 0, 0, 1.11291e-15, 0, 0, 0, 0
23.9738, 0, 0, 0, 1.41421, 0, 0, 0, 0, 0, 0, 0, 0, 0, 0, 0, 0, 0, 0, 0, 0, 0, 0, 0, 0, 0, 0, 0, 0
23.9817, 0, 0, 0, 1.41421, 0, 0, 0, 0, 0, 0, 0, 0, 0, 0, 0, 0, 0, 0, 0, 0, 0, 0, 0, 0, 0, 0, 0, 0
23.9896, 0, 0, 0, 1.41421, 0, 0, 0, 0, 0, 0, 0, 0, 0, 0, 0, 0, 0, 0, 0, 0, 0, 0, 0, 0, 0, 0, 0, 0
23.9975, 0, 0, 0, 1.41421, 0, 0, 0, 0, 0, 0, 0, 0, 0, 0, 0, 0, 0, 0, 0, 0, 0, 0, 0, 0, 0, 0, 0, 0
24.0054, 0, 0, 0, 1.41421, 0, 0, 0, 0, 0, 0, 0, 0, 0, 0, 0, 0, 0, 0, 0, 0, 0, 0, 0, 0, 0, 0, 0, 0
24.0133, 0, 0, 0, 1.41421, 0, 0, 0, 0, 0, 0, 0, 0, 0, 0, 0, 0, 0, 0, 0, 0, 0, 0, 0, 0, 0, 0, 0, 0
24.0211, 0, 0, 0, 1.41421, 0, 0, 0, 0, 0, 0, 0, 0, 0, 0, 0, 0, 0, 0, 0, 0, 0, 0, 0, 0, 0, 0, 0, 0
24.029, 0, 0, 0, 1.41421, 0, 0, 0, 0, 0, 0, 0, 0, 0, 0, 0, 0, 0, 0, 0, 0, 0, 0, 0, 0, 0, 0, 0, 0
24.0369, 0, 0, 0, 1.41421, 0, 0, 0, 0, 0, 0, 0, 0, 0, 0, 0, 0, 0, 0, 0, 0, 0, 0, 0, 0, 0, 0, 0, 0
24.0448, 0, 0, 0, 1.41421, 0, 0, 0, 0, 0, 0, 0, 0, 0, 0, 0, 0, 0, 0, 0, 0, 0, 0, 0, 0, 0, 0, 0, 0
24.0527, 0, 0, 0, 1.41421, 0, 0, 0, 0, 0, 0, 0, 0, 0, 0, 0, 0, 0, 0, 0, 0, 0, 0, 0, 0, 0, 0, 0, 0
24.0606, 0, 0, 0, 1.41421, 0, 0, 0, 0, 0, 0, 0, 0, 0, 0, 0, 0, 0, 0, 0, 0, 0, 0, 0, 0, 0, 0, 0, 0
24.0684, 0, 0, 0, 1.41421, 0, 0, 0, 0, 0, 0, 0, 0, 0, 0, 0, 0, 0, 0, 0, 0, 0, 0, 0, 0, 0, 0, 0, 0
24.0763, 0, 0, 0, 1.41421, 0, 0, 0, 0, 0, 0, 0, 0, 0, 0, 0, 0, 0, 0, 0, 0, 0, 0, 0, 0, 0, 0, 0, 0
24.0842, 0, 0, 0, 1.41421, 0, 0, 0, 0, 0, 0, 0, 0, 0, 0, 0, 0, 0, 0, 0, 0, 0, 0, 0, 0, 0, 0, 0, 0
24.0921, 0, 0, 0, 1.41421, 0, 0, 0, 0, 0, 0, 0, 0, 0, 0, 0, 0, 0, 0, 0, 0, 0, 0, 0, 0, 0, 0, 0, 0
24.1, 0, 0, 0, 1.41421, 0, 0, 0, 0, 0, 0, 0, 0, 0, 0, 0, 0, 0, 0, 0, 0, 0, 0, 0, 0, 0, 0, 0, 0
24.1078, 0, 0, 0, 1.41421, 0, 0, 0, 0, 0, 0, 0, 0, 0, 0, 0, 0, 0, 0, 0, 0, 0, 0, 0, 0, 0, 0, 0, 0
24.1157, 0, 0, 0, 1.41421, 0, 0, 0, 0, 0, 0, 0, 0, 0, 0, 0, 0, 0, 0, 0, 0, 0, 0, 0, 0, 0, 0, 0, 0
24.1236, 0, 0, 0, 1.41421, 0, 0, 0, 0, 0, 0, 0, 0, 0, 0, 0, 0, 0, 0, 0, 0, 0, 0, 0, 0, 0, 0, 0, 0
24.1315, 0, 0, 0, 1.41421, 0, 0, 0, 0, 0, 0, 0, 0, 0, 0, 0, 0, 0, 0, 0, 0, 0, 0, 0, 0, 0, 0, 0, 0
24.1394, 0, 0, 0, 1.41421, 0, 0, 0, 0, 0, 0, 0, 0, 0, 0, 0, 0, 0, 0, 0, 0, 0, 0, 0, 0, 0, 0, 0, 0
24.1473, 0, 0, 0, 1.41421, 0, 0, 0, 0, 0, 0, 0, 0, 0, 0, 0, 0, 0, 0, 0, 0, 0, 0, 0, 0, 0, 0, 0, 0
24.1551, 0, 0, 0, 1.41421, 0, 0, 0, 0, 0, 0, 0, 0, 0, 0, 0, 0, 0, 0, 0, 0, 0, 0, 0, 0, 0, 0, 0, 0
24.163, 0, 0, 0, 1.41421, 0, 0, 0, 0, 0, 0, 0, 0, 0, 0, 0, 0, 0, 0, 0, 0, 0, 0, 0, 0, 0, 0, 0, 0
24.1709, 0, 0, 0, 1.41421, 0, 0, 0, 0, 0, 0, 0, 0, 0, 0, 0, 0, 0, 0, 0, 0, 0, 0, 0, 0, 0, 0, 0, 0
24.1788, 0, 0, 0, 1.41421, 0, 0, 0, 0, 0, 0, 0, 0, 0, 0, 0, 0, 0, 0, 0, 0, 0, 0, 0, 0, 0, 0, 0, 0
24.1867, 0, 0, 0, 1.41421, 0, 0, 0, 0, 0, 0, 0, 0, 0, 0, 0, 0, 0, 0, 0, 0, 0, 0, 0, 0, 0, 0, 0, 0
24.1946, 0, 0, 0, 1.41421, 0, 0, 0, 0, 0, 0, 0, 0, 0, 0, 0, 0, 0, 0, 0, 0, 0, 0, 0, 0, 0, 0, 0, 0
24.2024, 0, 0, 0, 1.41421, 0, 0, 0, 0, 0, 0, 0, 0, 0, 0, 0, 0, 0, 0, 0, 0, 0, 0, 0, 0, 0, 0, 0, 0
24.2103, 0, 0, 0, 1.41421, 0, 0, 0, 0, 0, 0, 0, 0, 0, 0, 0, 0, 0, 0, 0, 0, 0, 0, 0, 0, 0, 0, 0, 0
24.2182, 0, 0, 0, 1.41421, 0, 0, 0, 0, 0, 0, 0, 0, 0, 0, 0, 0, 0, 0, 0, 0, 0, 0, 0, 0, 0, 0, 0, 0
24.2261, 0, 0, 0, 1.41421, 0, 0, 0, 0, 0, 0, 0, 0, 0, 0, 0, 0, 0, 0, 0, 0, 0, 0, 0, 0, 0, 0, 0, 0
24.234, 0, 0, 0, 1.41421, 0, 0, 0, 0, 0, 0, 0, 0, 0, 0, 0, 0, 0, 0, 0, 0, 0, 0, 0, 0, 0, 0, 0, 0
24.2419, 0, 0, 0, 1.41421, 0, 0, 0, 0, 0, 0, 0, 0, 0, 0, 0, 0, 0, 0, 0, 0, 0, 0, 0, 0, 0, 0, 0, 0
24.2497, 0, 0, 0, 1.41421, 0, 0, 0, 0, 0, 0, 0, 0, 0, 0, 0, 0, 0, 0, 0, 0, 0, 0, 0, 0, 0, 0, 0, 0
24.2576, 0, 0, 0, 1.41421, 0, 0, 0, 0, 0, 0, 0, 0, 0, 0, 0, 0, 0, 0, 0, 0, 0, 0, 0, 0, 0, 0, 0, 0
24.2655, 0, 0, 0, 1.41421, 0, 0, 0, 0, 0, 0, 0, 0, 0, 0, 0, 0, 0, 0, 0, 0, 0, 0, 0, 0, 0, 0, 0, 0
24.2734, 0, 0, 0, 1.41421, 0, 0, 0, 0, 0, 0, 0, 0, 0, 0, 0, 0, 0, 0, 0, 0, 0, 0, 0, 0, 0, 0, 0, 0
24.2813, 0, 0, 0, 1.41421, 0, 0, 0, 0, 0, 0, 0, 0, 0, 0, 0, 0, 0, 0, 0, 0, 0, 0, 0, 0, 0, 0, 0, 0
24.2892, 0, 0, 0, 1.41421, 0, 0, 0, 0, 0, 0, 0, 0, 0, 0, 0, 0, 0, 0, 0, 0, 0, 0, 0, 0, 0, 0, 0, 0
24.297, 0, 0, 0, 1.41421, 0, 0, 0, 0, 0, 0, 0, 0, 0, 0, 0, 0, 0, 0, 0, 0, 0, 0, 0, 0, 0, 0, 0, 0
24.3049, 0, 0, 0, 1.41421, 0, 0, 0, 0, 0, 0, 0, 0, 0, 0, 0, 0, 0, 0, 0, 0, 0, 0, 0, 0, 0, 0, 0, 0
24.3128, 0, 0, 0, 1.41421, 0, 0, 0, 0, 0, 0, 0, 0, 0, 0, 0, 0, 0, 0, 0, 0, 0, 0, 0, 0, 0, 0, 0, 0
24.3207, 0, 0, 0, 1.41421, 0, 0, 0, 0, 0, 0, 0, 0, 0, 0, 0, 0, 0, 0, 0, 0, 0, 0, 0, 0, 0, 0, 0, 0
24.3286, 0, 0, 0, 1.41421, 0, 0, 0, 0, 0, 0, 0, 0, 0, 0, 0, 0, 0, 0, 0, 0, 0, 0, 0, 0, 0, 0, 0, 0
24.3365, 0, 0, 0, 1.41421, 0, 0, 0, 0, 0, 0, 0, 0, 0, 0, 0, 0, 0, 0, 0, 0, 0, 0, 0, 0, 0, 0, 0, 0
24.3443, 0, 0, 0, 1.41421, 0, 0, 0, 0, 0, 0, 0, 0, 0, 0, 0, 0, 0, 0, 0, 0, 0, 0, 0, 0, 0, 0, 0, 0
24.3522, 0, 0, 0, 1.41421, 0, 0, 0, 0, 0, 0, 0, 0, 0, 0, 0, 0, 0, 0, 0, 0, 0, 0, 0, 0, 0, 0, 0, 0
24.3601, 0, 0, 0, 1.41421, 0, 0, 0, 0, 0, 0, 0, 0, 0, 0, 0, 0, 0, 0, 0, 0, 0, 0, 0, 0, 0, 0, 0, 0
24.368, 0, 0, 0, 1.41421, 0, 0, 0, 0, 0, 0, 0, 0, 0, 0, 0, 0, 0, 0, 0, 0, 0, 0, 0, 0, 0, 0, 0, 0
24.3759, 0, 0, 0, 1.41421, 0, 0, 0, 0, 0, 0, 0, 0, 0, 0, 0, 0, 0, 0, 0, 0, 0, 0, 0, 0, 0, 0, 0, 0
24.3837, 0, 0, 0, 1.41421, 0, 0, 0, 0, 0, 0, 0, 0, 0, 0, 0, 0, 0, 0, 0, 0, 0, 0, 0, 0, 0, 0, 0, 0
24.3916, 0, 0, 0, 1.41421, 0, 0, 0, 0, 0, 0, 0, 0, 0, 0, 0, 0, 0, 0, 0, 0, 0, 0, 0, 0, 0, 0, 0, 0
24.3995, 0, 0, 0, 1.41421, 0, 0, 0, 0, 0, 0, 0, 0, 0, 0, 0, 0, 0, 0, 0, 0, 0, 0, 0, 0, 0, 0, 0, 0
24.4074, 0, 0, 0, 1.41421, 0, 0, 0, 0, 0, 0, 0, 0, 0, 0, 0, 0, 0, 0, 0, 0, 0, 0, 0, 0, 0, 0, 0, 0
24.4153, 0, 0, 0, 1.41421, 0, 0, 0, 0, 0, 0, 0, 0, 0, 0, 0, 0, 0, 0, 0, 0, 0, 0, 0, 0, 0, 0, 0, 0
24.4232, 0, 0, 0, 1.41421, 0, 0, 0, 0, 0, 0, 0, 0, 0, 0, 0, 0, 0, 0, 0, 0, 0, 0, 0, 0, 0, 0, 0, 0
24.431, 0, 0, 0, 1.41421, 0, 0, 0, 0, 0, 0, 0, 0, 0, 0, 0, 0, 0, 0, 0, 0, 0, 0, 0, 0, 0, 0, 0, 0
24.4389, 0, 0, 0, 1.41421, 0, 0, 0, 0, 0, 0, 0, 0, 0, 0, 0, 0, 0, 0, 0, 0, 0, 0, 0, 0, 0, 0, 0, 0
24.4468, 0, 0, 0, 1.41421, 0, 0, 0, 0, 0, 0, 0, 0, 0, 0, 0, 0, 0, 0, 0, 0, 0, 0, 0, 0, 0, 0, 0, 0
24.4547, 0, 0, 0, 1.41421, 0, 0, 0, 0, 0, 0, 0, 0, 0, 0, 0, 0, 0, 0, 0, 0, 0, 0, 0, 0, 0, 0, 0, 0
24.4626, 2, 0, 0, 2, 2, 0, 0, 0, 0, 0, 0, 0, 0, 0, 0, 0, 0, 0, 0, 0, 0, 0, 0, 0, 0, 0, 0, 0
24.4705, 0, 0, 0, 1.41421, 0, 0, 0, 0, 0, 0, 0, 0, 0, 0, 0, 0, 0, 0, 0, 0, 0, 0, 0, 0, 0, 0, 0, 0
24.4783, 0, 0, 0, 1.41421, 0, 0, 0, 0, 0, 0, 0, 0, 0, 0, 0, 0, 0, 0, 0, 0, 0, 0, 0, 0, 0, 0, 0, 0
24.4862, 0, 0, 0, 1.41421, 0, 0, 0, 0, 0, 0, 0, 0, 0, 0, 0, 0, 0, 0, 0, 0, 0, 0, 0, 0, 0, 0, 0, 0
24.4941, 0, 0, 0, 1.41421, 0, 0, 0, 0, 0, 0, 0, 0, 0, 0, 0, 0, 0, 0, 0, 0, 0, 0, 0, 0, 0, 0, 0, 0
24.502, 0, 0, 0, 1.41421, 0, 0, 0, 0, 0, 0, 0, 0, 0, 0, 0, 0, 0, 0, 0, 0, 0, 0, 0, 0, 0, 0, 0, 0
24.5099, 0, 0, 0, 1.41421, 0, 0, 0, 0, 0, 0, 0, 0, 0, 0, 0, 0, 0, 0, 0, 0, 0, 0, 0, 0, 0, 0, 0, 0
24.5178, 0, 0, 0, 1.41421, 0, 0, 0, 0, 0, 0, 0, 0, 0, 0, 0, 0, 0, 0, 0, 0, 0, 0, 0, 0, 0, 0, 0, 0
24.5256, 0, 0, 0, 1.41421, 0, 0, 0, 0, 0, 0, 0, 0, 0, 0, 0, 0, 0, 0, 0, 0, 0, 0, 0, 0, 0, 0, 0, 0
24.5335, 0, 0, 0, 1.41421, 0, 0, 0, 0, 0, 0, 0, 0, 0, 0, 0, 0, 0, 0, 0, 0, 0, 0, 0, 0, 0, 0, 0, 0
24.5414, 0, 0, 0, 1.41421, 0, 0, 0, 0, 0, 0, 0, 0, 0, 0, 0, 0, 0, 0, 0, 0, 0, 0, 0, 0, 0, 0, 0, 0
24.5493, 0, 0, 0, 1.41421, 0, 0, 0, 0, 0, 0, 0, 0, 0, 0, 0, 0, 0, 0, 0, 0, 0, 0, 0, 0, 0, 0, 0, 0
24.5572, 0, 0, 0, 1.41421, 0, 0, 0, 0, 0, 0, 0, 0, 0, 0, 0, 0, 0, 0, 0, 0, 0, 0, 0, 0, 0, 0, 0, 0
24.5651, 0, 0, 0, 1.41421, 0, 0, 0, 0, 0, 0, 0, 0, 0, 0, 0, 0, 0, 0, 0, 0, 0, 0, 0, 0, 0, 0, 0, 0
24.5729, 0, 0, 0, 1.41421, 0, 0, 0, 0, 0, 0, 0, 0, 0, 0, 0, 0, 0, 0, 0, 0, 0, 0, 0, 0, 0, 0, 0, 0
24.5808, 0, 0, 0, 1.41421, 0, 0, 0, 0, 0, 0, 0, 0, 0, 0, 0, 0, 0, 0, 0, 0, 0, 0, 0, 0, 0, 0, 0, 0
24.5887, 0, 0, 0, 1.41421, 0, 0, 0, 0, 0, 0, 0, 0, 0, 0, 0, 0, 0, 0, 0, 0, 0, 0, 0, 0, 0, 0, 0, 0
24.5966, 0, 0, 0, 1.41421, 0, 0, 0, 0, 0, 0, 0, 0, 0, 0, 0, 0, 0, 0, 0, 0, 0, 0, 0, 0, 0, 0, 0, 0
24.6045, 0, 0, 0, 1.41421, 0, 0, 0, 0, 0, 0, 0, 0, 0, 0, 0, 0, 0, 0, 0, 0, 0, 0, 0, 0, 0, 0, 0, 0
24.6124, 0, 0, 0, 1.41421, 0, 0, 0, 0, 0, 0, 0, 0, 0, 0, 0, 0, 0, 0, 0, 0, 0, 0, 0, 0, 0, 0, 0, 0
24.6202, 0, 0, 0, 1.41421, 0, 0, 0, 0, 0, 0, 0, 0, 0, 0, 0, 0, 0, 0, 0, 0, 0, 0, 0, 0, 0, 0, 0, 0
24.6281, 0, 0, 0, 1.41421, 0, 0, 0, 0, 0, 0, 0, 0, 0, 0, 0, 0, 0, 0, 0, 0, 0, 0, 0, 0, 0, 0, 0, 0
24.636, 0, 0, 0, 1.41421, 0, 0, 0, 0, 0, 0, 0, 0, 0, 0, 0, 0, 0, 0, 0, 0, 0, 0, 0, 0, 0, 0, 0, 0
24.6439, 0, 0, 0, 1.41421, 0, 0, 0, 0, 0, 0, 0, 0, 0, 0, 0, 0, 0, 0, 0, 0, 0, 0, 0, 0, 0, 0, 0, 0
24.6518, 0, 0, 0, 1.41421, 0, 0, 0, 0, 0, 0, 0, 0, 0, 0, 0, 0, 0, 0, 0, 0, 0, 0, 0, 0, 0, 0, 0, 0
24.6596, 0, 0, 0, 1.41421, 0, 0, 0, 0, 0, 0, 0, 0, 0, 0, 0, 0, 0, 0, 0, 0, 0, 0, 0, 0, 0, 0, 0, 0
24.6675, 0, 0, 0, 1.41421, 0, 0, 0, 0, 0, 0, 0, 0, 0, 0, 0, 0, 0, 0, 0, 0, 0, 0, 0, 0, 0, 0, 0, 0
24.6754, 0, 0, 0, 1.41421, 0, 0, 0, 0, 0, 0, 0, 0, 0, 0, 0, 0, 0, 0, 0, 0, 0, 0, 0, 0, 0, 0, 0, 0
24.6833, 0, 0, 0, 1.41421, 0, 0, 0, 0, 0, 0, 0, 0, 0, 0, 0, 0, 0, 0, 0, 0, 0, 0, 0, 0, 0, 0, 0, 0
24.6912, 0, 0, 0, 1.41421, 0, 0, 0, 0, 0, 0, 0, 0, 0, 0, 0, 0, 0, 0, 0, 0, 0, 0, 0, 0, 0, 0, 0, 0
24.6991, 0, 0, 0, 1.41421, 0, 0, 0, 0, 0, 0, 0, 0, 0, 0, 0, 0, 0, 0, 0, 0, 0, 0, 0, 0, 0, 0, 0, 0
24.7069, 0, 0, 0, 1.41421, 0, 0, 0, 0, 0, 0, 0, 0, 0, 0, 0, 0, 0, 0, 0, 0, 0, 0, 0, 0, 0, 0, 0, 0
24.7148, 0, 0, 0, 1.41421, 0, 0, 0, 0, 0, 0, 0, 0, 0, 0, 0, 0, 0, 0, 0, 0, 0, 0, 0, 0, 0, 0, 0, 0
24.7227, 0, 0, 0, 1.41421, 0, 0, 0, 0, 0, 0, 0, 0, 0, 0, 0, 0, 0, 0, 0, 0, 0, 0, 0, 0, 0, 0, 0, 0
24.7306, 0, 0, 0, 1.41421, 0, 0, 0, 0, 0, 0, 0, 0, 0, 0, 0, 0, 0, 0, 0, 0, 0, 0, 0, 0, 0, 0, 0, 0
24.7385, 0, 0, 0, 1.41421, 0, 0, 0, 0, 0, 0, 0, 0, 0, 0, 0, 0, 0, 0, 0, 0, 0, 0, 0, 0, 0, 0, 0, 0
24.7464, 0, 0, 0, 1.41421, 0, 0, 0, 0, 0, 0, 0, 0, 0, 0, 0, 0, 0, 0, 0, 0, 0, 0, 0, 0, 0, 0, 0, 0
24.7542, 0, 0, 0, 1.41421, 0, 0, 0, 0, 0, 0, 0, 0, 0, 0, 0, 0, 0, 0, 0, 0, 0, 0, 0, 0, 0, 0, 0, 0
24.7621, 0, 0, 0, 1.41421, 0, 0, 0, 0, 0, 0, 0, 0, 0, 0, 0, 0, 0, 0, 0, 0, 0, 0, 0, 0, 0, 0, 0, 0
24.77, 0, 0, 0, 1.41421, 0, 0, 0, 0, 0, 0, 0, 0, 0, 0, 0, 0, 0, 0, 0, 0, 0, 0, 0, 0, 0, 0, 0, 0
24.7779, 0, 0, 0, 1.41421, 0, 0, 0, 0, 0, 0, 0, 0, 0, 0, 0, 0, 0, 0, 0, 0, 0, 0, 0, 0, 0, 0, 0, 0
24.7858, 0, 0, 0, 1.41421, 0, 0, 0, 0, 0, 0, 0, 0, 0, 0, 0, 0, 0, 0, 0, 0, 0, 0, 0, 0, 0, 0, 0, 0
24.7937, 0, 0, 0, 1.41421, 0, 0, 0, 0, 0, 0, 0, 0, 0, 0, 0, 0, 0, 0, 0, 0, 0, 0, 0, 0, 0, 0, 0, 0
24.8015, 0, 0, 0, 1.41421, 0, 0, 0, 0, 0, 0, 0, 0, 0, 0, 0, 0, 0, 0, 0, 0, 0, 0, 0, 0, 0, 0, 0, 0
24.8094, 0, 0, 0, 1.41421, 0, 0, 0, 0, 0, 0, 0, 0, 0, 0, 0, 0, 0, 0, 0, 0, 0, 0, 0, 0, 0, 0, 0, 0
24.8173, 0, 0, 0, 1.41421, 0, 0, 0, 0, 0, 0, 0, 0, 0, 0, 0, 0, 0, 0, 0, 0, 0, 0, 0, 0, 0, 0, 0, 0
24.8252, 0, 0, 0, 1.41421, 0, 0, 0, 0, 0, 0, 0, 0, 0, 0, 0, 0, 0, 0, 0, 0, 0, 0, 0, 0, 0, 0, 0, 0
24.8331, 0, 0, 0, 1.41421, 0, 0, 0, 0, 0, 0, 0, 0, 0, 0, 0, 0, 0, 0, 0, 0, 0, 0, 0, 0, 0, 0, 0, 0
24.841, 0, 0, 0, 1.41421, 0, 0, 0, 0, 0, 0, 0, 0, 0, 0, 0, 0, 0, 0, 0, 0, 0, 0, 0, 0, 0, 0, 0, 0
24.8488, 0, 0, 0, 1.41421, 0, 0, 0, 0, 0, 0, 0, 0, 0, 0, 0, 0, 0, 0, 0, 0, 0, 0, 0, 0, 0, 0, 0, 0
24.8567, 0, 0, 0, 1.41421, 0, 0, 0, 0, 0, 0, 0, 0, 0, 0, 0, 0, 0, 0, 0, 0, 0, 0, 0, 0, 0, 0, 0, 0
24.8646, 0, 0, 0, 1.41421, 0, 0, 0, 0, 0, 0, 0, 0, 0, 0, 0, 0, 0, 0, 0, 0, 0, 0, 0, 0, 0, 0, 0, 0
24.8725, 0, 0, 0, 1.41421, 0, 0, 0, 0, 0, 0, 0, 0, 0, 0, 0, 0, 0, 0, 0, 0, 0, 0, 0, 0, 0, 0, 0, 0
24.8804, 0, 0, 0, 1.41421, 0, 0, 0, 0, 0, 0, 0, 0, 0, 0, 0, 0, 0, 0, 0, 0, 0, 0, 0, 0, 0, 0, 0, 0
24.8883, 0, 0, 0, 1.41421, 0, 0, 0, 0, 0, 0, 0, 0, 0, 0, 0, 0, 0, 0, 0, 0, 0, 0, 0, 0, 0, 0, 0, 0
24.8961, 0, 0, 0, 1.41421, 0, 0, 0, 0, 0, 0, 0, 0, 0, 0, 0, 0, 0, 0, 0, 0, 0, 0, 0, 0, 0, 0, 0, 0
24.904, 0, 0, 0, 1.41421, 0, 0, 0, 0, 0, 0, 0, 0, 0, 0, 0, 0, 0, 0, 0, 0, 0, 0, 0, 0, 0, 0, 0, 0
24.9119, 0, 0, 0, 1.41421, 0, 0, 0, 0, 0, 0, 0, 0, 0, 0, 0, 0, 0, 0, 0, 0, 0, 0, 0, 0, 0, 0, 0, 0
24.9198, 0, 0, 0, 1.41421, 0, 0, 0, 0, 0, 0, 0, 0, 0, 0, 0, 0, 0, 0, 0, 0, 0, 0, 0, 0, 0, 0, 0, 0
24.9277, 0, 0, 0, 1.41421, 0, 0, 0, 0, 0, 0, 0, 0, 0, 0, 0, 0, 0, 0, 0, 0, 0, 0, 0, 0, 0, 0, 0, 0
24.9355, 0, 0, 0, 1.41421, 0, 0, 0, 0, 0, 0, 0, 0, 0, 0, 0, 0, 0, 0, 0, 0, 0, 0, 0, 0, 0, 0, 0, 0
24.9434, 0, 0, 0, 1.41421, 0, 0, 0, 0, 0, 0, 0, 0, 0, 0, 0, 0, 0, 0, 0, 0, 0, 0, 0, 0, 0, 0, 0, 0
24.9513, 0, 0, 0, 1.41421, 0, 0, 0, 0, 0, 0, 0, 0, 0, 0, 0, 0, 0, 0, 0, 0, 0, 0, 0, 0, 0, 0, 0, 0
24.9592, 0, 0, 0, 1.41421, 0, 0, 0, 0, 0, 0, 0, 0, 0, 0, 0, 0, 0, 0, 0, 0, 0, 0, 0, 0, 0, 0, 0, 0
24.9671, 0, 0, 0, 1.41421, 0, 0, 0, 0, 0, 0, 0, 0, 0, 0, 0, 0, 0, 0, 0, 0, 0, 0, 0, 0, 0, 0, 0, 0
24.975, 0, 0, 0, 1.41421, 0, 0, 0, 0, 0, 0, 0, 0, 0, 0, 0, 0, 0, 0, 0, 0, 0, 0, 0, 0, 0, 0, 0, 0
24.9828, 0, 0, 0, 1.41421, 0, 0, 0, 0, 0, 0, 0, 0, 0, 0, 0, 0, 0, 0, 0, 0, 0, 0, 0, 0, 0, 0, 0, 0
24.9907, 0, 0, 0, 1.41421, 0, 0, 0, 0, 0, 0, 0, 0, 0, 0, 0, 0, 0, 0, 0, 0, 0, 0, 0, 0, 0, 0, 0, 0
24.9986, 0, 0, 0, 1.41421, 0, 0, 0, 0, 0, 0, 0, 0, 0, 0, 0, 0, 0, 0, 0, 0, 0, 0, 0, 0, 0, 0, 0, 0
25.0065, 0, 0, 0, 1.41421, 0, 0, 0, 0, 0, 0, 0, 0, 0, 0, 0, 0, 0, 0, 0, 0, 0, 0, 0, 0, 0, 0, 0, 0
25.0144, 0, 0, 0, 1.41421, 0, 0, 0, 0, 0, 0, 0, 0, 0, 0, 0, 0, 0, 0, 0, 0, 0, 0, 0, 0, 0, 0, 0, 0
25.0223, 0, 0, 0, 1.41421, 0, 0, 0, 0, 0, 0, 0, 0, 0, 0, 0, 0, 0, 0, 0, 0, 0, 0, 0, 0, 0, 0, 0, 0
25.0301, 0, 0, 0, 1.41421, 0, 0, 0, 0, 0, 0, 0, 0, 0, 0, 0, 0, 0, 0, 0, 0, 0, 0, 0, 0, 0, 0, 0, 0
25.038, 0, 0, 0, 1.41421, 0, 0, 0, 0, 0, 0, 0, 0, 0, 0, 0, 0, 0, 0, 0, 0, 0, 0, 0, 0, 0, 0, 0, 0
25.0459, 0, 0, 0, 1.41421, 0, 0, 0, 0, 0, 0, 0, 0, 0, 0, 0, 0, 0, 0, 0, 0, 0, 0, 0, 0, 0, 0, 0, 0
25.0538, 0, 0, 0, 1.41421, 0, 0, 0, 0, 0, 0, 0, 0, 0, 0, 0, 0, 0, 0, 0, 0, 0, 0, 0, 0, 0, 0, 0, 0
25.0617, 0, 0, 0, 1.41421, 0, 0, 0, 0, 0, 0, 0, 0, 0, 0, 0, 0, 0, 0, 0, 0, 0, 0, 0, 0, 0, 0, 0, 0
25.0696, 0, 0, 0, 1.41421, 0, 0, 0, 0, 0, 0, 0, 0, 0, 0, 0, 0, 0, 0, 0, 0, 0, 0, 0, 0, 0, 0, 0, 0
25.0774, 0, 0, 0, 1.41421, 0, 0, 0, 0, 0, 0, 0, 0, 0, 0, 0, 0, 0, 0, 0, 0, 0, 0, 0, 0, 0, 0, 0, 0
25.0853, 0, 0, 0, 1.41421, 0, 0, 0, 0, 0, 0, 0, 0, 0, 0, 0, 0, 0, 0, 0, 0, 0, 0, 0, 0, 0, 0, 0, 0
25.0932, 0, 0, 0, 1.41421, 0, 0, 0, 0, 0, 0, 0, 0, 0, 0, 0, 0, 0, 0, 0, 0, 0, 0, 0, 0, 0, 0, 0, 0
25.1011, 0, 0, 0, 1.41421, 0, 0, 0, 0, 0, 0, 0, 0, 0, 0, 0, 0, 0, 0, 0, 0, 0, 0, 0, 0, 0, 0, 0, 0
25.109, 0, 0, 0, 1.41421, 0, 0, 0, 0, 0, 0, 0, 0, 0, 0, 0, 0, 0, 0, 0, 0, 0, 0, 0, 0, 0, 0, 0, 0
25.1169, 0, 0, 0, 1.41421, 0, 0, 0, 0, 0, 0, 0, 0, 0, 0, 0, 0, 0, 0, 0, 0, 0, 0, 0, 0, 0, 0, 0, 0
25.1247, 0, 0, 0, 1.41421, 0, 0, 0, 0, 0, 0, 0, 0, 0, 0, 0, 0, 0, 0, 0, 0, 0, 0, 0, 0, 0, 0, 0, 0
25.1326, 0, 0, 0, 1.41421, 0, 0, 0, 0, 0, 0, 0, 0, 0, 0, 0, 0, 0, 0, 0, 0, 0, 0, 0, 0, 0, 0, 0, 0
25.1405, 0, 0, 0, 1.41421, 0, 0, 0, 0, 0, 0, 0, 0, 0, 0, 0, 0, 0, 0, 0, 0, 0, 0, 0, 0, 0, 0, 0, 0
25.1484, 0, 0, 0, 1.41421, 0, 0, 0, 0, 0, 0, 0, 0, 0, 0, 0, 0, 0, 0, 0, 0, 0, 0, 0, 0, 0, 0, 0, 0
25.1563, 0, 0, 0, 1.41421, 0, 0, 0, 0, 0, 0, 0, 0, 0, 0, 0, 0, 0, 0, 0, 0, 0, 0, 0, 0, 0, 0, 0, 0
25.1641, 0, 0, 0, 1.41421, 0, 0, 0, 0, 0, 0, 0, 0, 0, 0, 0, 0, 0, 0, 0, 0, 0, 0, 0, 0, 0, 0, 0, 0
25.172, 0, 0, 0, 1.41421, 0, 0, 0, 0, 0, 0, 0, 0, 0, 0, 0, 0, 0, 0, 0, 0, 0, 0, 0, 0, 0, 0, 0, 0
25.1799, 0, 0, 0, 1.41421, 0, 0, 0, 0, 0, 0, 0, 0, 0, 0, 0, 0, 0, 0, 0, 0, 0, 0, 0, 0, 0, 0, 0, 0
25.1878, 0, 0, 0, 1.41421, 0, 0, 0, 0, 0, 0, 0, 0, 0, 0, 0, 0, 0, 0, 0, 0, 0, 0, 0, 0, 0, 0, 0, 0
25.1957, 0, 0, 0, 1.41421, 0, 0, 0, 0, 0, 0, 0, 0, 0, 0, 0, 0, 0, 0, 0, 0, 0, 0, 0, 0, 0, 0, 0, 0
25.2036, 0, 0, 0, 1.41421, 0, 0, 0, 0, 0, 0, 0, 0, 0, 0, 0, 0, 0, 0, 0, 0, 0, 0, 0, 0, 0, 0, 0, 0
25.2114, 0, 0, 0, 1.41421, 0, 0, 0, 0, 0, 0, 0, 0, 0, 0, 0, 0, 0, 0, 0, 0, 0, 0, 0, 0, 0, 0, 0, 0
25.2193, 0, 0, 0, 1.41421, 0, 0, 0, 0, 0, 0, 0, 0, 0, 0, 0, 0, 0, 0, 0, 0, 0, 0, 0, 0, 0, 0, 0, 0
25.2272, 0, 0, 0, 1.41421, 0, 0, 0, 0, 0, 0, 0, 0, 0, 0, 0, 0, 0, 0, 0, 0, 0, 0, 0, 0, 0, 0, 0, 0
25.2351, 0, 0, 0, 1.41421, 0, 0, 0, 0, 0, 0, 0, 0, 0, 0, 0, 0, 0, 0, 0, 0, 0, 0, 0, 0, 0, 0, 0, 0
25.243, 0, 0, 0, 1.41421, 0, 0, 0, 0, 0, 0, 0, 0, 0, 0, 0, 0, 0, 0, 0, 0, 0, 0, 0, 0, 0, 0, 0, 0
25.2509, 0, 0, 0, 1.41421, 0, 0, 0, 0, 0, 0, 0, 0, 0, 0, 0, 0, 0, 0, 0, 0, 0, 0, 0, 0, 0, 0, 0, 0
25.2587, 0, 0, 0, 1.41421, 0, 0, 0, 0, 0, 0, 0, 0, 0, 0, 0, 0, 0, 0, 0, 0, 0, 0, 0, 0, 0, 0, 0, 0
25.2666, 0, 0, 0, 1.41421, 0, 0, 0, 0, 0, 0, 0, 0, 0, 0, 0, 0, 0, 0, 0, 0, 0, 0, 0, 0, 0, 0, 0, 0
25.2745, 0, 0, 0, 1.41421, 0, 0, 0, 0, 0, 0, 0, 0, 0, 0, 0, 0, 0, 0, 0, 0, 0, 0, 0, 0, 0, 0, 0, 0
25.2824, 0, 0, 0, 1.41421, 0, 0, 0, 0, 0, 0, 0, 0, 0, 0, 0, 0, 0, 0, 0, 0, 0, 0, 0, 0, 0, 0, 0, 0
25.2903, 0, 0, 0, 1.41421, 0, 0, 0, 0, 0, 0, 0, 0, 0, 0, 0, 0, 0, 0, 0, 0, 0, 0, 0, 0, 0, 0, 0, 0
25.2982, 0, 0, 0, 1.41421, 0, 0, 0, 0, 0, 0, 0, 0, 0, 0, 0, 0, 0, 0, 0, 0, 0, 0, 0, 0, 0, 0, 0, 0
25.306, 0, 0, 0, 1.41421, 0, 0, 0, 0, 0, 0, 0, 0, 0, 0, 0, 0, 0, 0, 0, 0, 0, 0, 0, 0, 0, 0, 0, 0
25.3139, 0, 0, 0, 1.41421, 0, 0, 0, 0, 0, 0, 0, 0, 0, 0, 0, 0, 0, 0, 0, 0, 0, 0, 0, 0, 0, 0, 0, 0
25.3218, 0, 0, 0, 1.41421, 0, 0, 0, 0, 0, 0, 0, 0, 0, 0, 0, 0, 0, 0, 0, 0, 0, 0, 0, 0, 0, 0, 0, 0
25.3297, 0, 0, 0, 1.41421, 0, 0, 0, 0, 0, 0, 0, 0, 0, 0, 0, 0, 0, 0, 0, 0, 0, 0, 0, 0, 0, 0, 0, 0
25.3376, 0, 0, 0, 1.41421, 0, 0, 0, 0, 0, 0, 0, 0, 0, 0, 0, 0, 0, 0, 0, 0, 0, 0, 0, 0, 0, 0, 0, 0
25.3455, 0, 0, 0, 1.41421, 0, 0, 0, 0, 0, 0, 0, 0, 0, 0, 0, 0, 0, 0, 0, 0, 0, 0, 0, 0, 0, 0, 0, 0
25.3533, 0, 0, 0, 1.41421, 0, 0, 0, 0, 0, 0, 0, 0, 0, 0, 0, 0, 0, 0, 0, 0, 0, 0, 0, 0, 0, 0, 0, 0
25.3612, 0, 0, 0, 1.41421, 0, 0, 0, 0, 0, 0, 0, 0, 0, 0, 0, 0, 0, 0, 0, 0, 0, 0, 0, 0, 0, 0, 0, 0
25.3691, 0, 0, 0, 1.41421, 0, 0, 0, 0, 0, 0, 0, 0, 0, 0, 0, 0, 0, 0, 0, 0, 0, 0, 0, 0, 0, 0, 0, 0
25.377, 0, 0, 0, 1.41421, 0, 0, 0, 0, 0, 0, 0, 0, 0, 0, 0, 0, 0, 0, 0, 0, 0, 0, 0, 0, 0, 0, 0, 0
25.3849, 0, 0, 0, 1.41421, 0, 0, 0, 0, 0, 0, 0, 0, 0, 0, 0, 0, 0, 0, 0, 0, 0, 0, 0, 0, 0, 0, 0, 0
25.3927, 0, 0, 0, 1.41421, 0, 0, 0, 0, 0, 0, 0, 0, 0, 0, 0, 0, 0, 0, 0, 0, 0, 0, 0, 0, 0, 0, 0, 0
25.4006, 0, 0, 0, 1.41421, 0, 0, 0, 0, 0, 0, 0, 0, 0, 0, 0, 0, 0, 0, 0, 0, 0, 0, 0, 0, 0, 0, 0, 0
25.4085, 0, 0, 0, 1.41421, 0, 0, 0, 0, 0, 0, 0, 0, 0, 0, 0, 0, 0, 0, 0, 0, 0, 0, 0, 0, 0, 0, 0, 0
25.4164, 0, 0, 0, 1.41421, 0, 0, 0, 0, 0, 0, 0, 0, 0, 0, 0, 0, 0, 0, 0, 0, 0, 0, 0, 0, 0, 0, 0, 0
25.4243, 0, 0, 0, 1.41421, 0, 0, 0, 0, 0, 0, 0, 0, 0, 0, 0, 0, 0, 0, 0, 0, 0, 0, 0, 0, 0, 0, 0, 0
25.4322, 0, 0, 0, 1.41421, 0, 0, 0, 0, 0, 0, 0, 0, 0, 0, 0, 0, 0, 0, 0, 0, 0, 0, 0, 0, 0, 0, 0, 0
25.44, 0, 0, 0, 1.41421, 0, 0, 0, 0, 0, 0, 0, 0, 0, 0, 0, 0, 0, 0, 0, 0, 0, 0, 0, 0, 0, 0, 0, 0
25.4479, 0, 0, 0, 1.41421, 0, 0, 0, 0, 0, 0, 0, 0, 0, 0, 0, 0, 0, 0, 0, 0, 0, 0, 0, 0, 0, 0, 0, 0
25.4558, 0, 0, 0, 1.41421, 0, 0, 0, 0, 0, 0, 0, 0, 0, 0, 0, 0, 0, 0, 0, 0, 0, 0, 0, 0, 0, 0, 0, 0
25.4637, 0, 0, 0, 1.41421, 0, 0, 0, 0, 0, 0, 0, 0, 0, 0, 0, 0, 0, 0, 0, 0, 0, 0, 0, 0, 0, 0, 0, 0
25.4716, 0, 0, 0, 1.41421, 0, 0, 0, 0, 0, 0, 0, 0, 0, 0, 0, 0, 0, 0, 0, 0, 0, 0, 0, 0, 0, 0, 0, 0
25.4795, 0, 0, 0, 1.41421, 0, 0, 0, 0, 0, 0, 0, 0, 0, 0, 0, 0, 0, 0, 0, 0, 0, 0, 0, 0, 0, 0, 0, 0
25.4873, 0, 0, 0, 1.41421, 0, 0, 0, 0, 0, 0, 0, 0, 0, 0, 0, 0, 0, 0, 0, 0, 0, 0, 0, 0, 0, 0, 0, 0
25.4952, 0, 0, 0, 1.41421, 0, 0, 0, 0, 0, 0, 0, 0, 0, 0, 0, 0, 0, 0, 0, 0, 0, 0, 0, 0, 0, 0, 0, 0
25.5031, 0, 0, 0, 1.41421, 0, 0, 0, 0, 0, 0, 0, 0, 0, 0, 0, 0, 0, 0, 0, 0, 0, 0, 0, 0, 0, 0, 0, 0
25.511, 0, 0, 0, 1.41421, 0, 0, 0, 0, 0, 0, 0, 0, 0, 0, 0, 0, 0, 0, 0, 0, 0, 0, 0, 0, 0, 0, 0, 0
25.5189, 0, 0, 0, 1.41421, 0, 0, 0, 0, 0, 0, 0, 0, 0, 0, 0, 0, 0, 0, 0, 0, 0, 0, 0, 0, 0, 0, 0, 0
25.5268, 0, 0, 0, 1.41421, 0, 0, 0, 0, 0, 0, 0, 0, 0, 0, 0, 0, 0, 0, 0, 0, 0, 0, 0, 0, 0, 0, 0, 0
25.5346, 0, 0, 0, 1.41421, 0, 0, 0, 0, 0, 0, 0, 0, 0, 0, 0, 0, 0, 0, 0, 0, 0, 0, 0, 0, 0, 0, 0, 0
25.5425, 0, 0, 0, 1.41421, 0, 0, 0, 0, 0, 0, 0, 0, 0, 0, 0, 0, 0, 0, 0, 0, 0, 0, 0, 0, 0, 0, 0, 0
25.5504, 0, 0, 0, 1.41421, 0, 0, 0, 0, 0, 0, 0, 0, 0, 0, 0, 0, 0, 0, 0, 0, 0, 0, 0, 0, 0, 0, 0, 0
25.5583, 0, 0, 0, 1.41421, 0, 0, 0, 0, 0, 0, 0, 0, 0, 0, 0, 0, 0, 0, 0, 0, 0, 0, 0, 0, 0, 0, 0, 0
25.5662, 0, 0, 0, 1.41421, 0, 0, 0, 0, 0, 0, 0, 0, 0, 0, 0, 0, 0, 0, 0, 0, 0, 0, 0, 0, 0, 0, 0, 0
25.5741, 0, 0, 0, 1.41421, 0, 0, 0, 0, 0, 0, 0, 0, 0, 0, 0, 0, 0, 0, 0, 0, 0, 0, 0, 0, 0, 0, 0, 0
25.5819, 0, 0, 0, 1.41421, 0, 0, 0, 0, 0, 0, 0, 0, 0, 0, 0, 0, 0, 0, 0, 0, 0, 0, 0, 0, 0, 0, 0, 0
25.5898, 0, 0, 0, 1.41421, 0, 0, 0, 0, 0, 0, 0, 0, 0, 0, 0, 0, 0, 0, 0, 0, 0, 0, 0, 0, 0, 0, 0, 0
25.5977, 0, 0, 0, 1.41421, 0, 0, 0, 0, 0, 0, 0, 0, 0, 0, 0, 0, 0, 0, 0, 0, 0, 0, 0, 0, 0, 0, 0, 0
25.6056, 0, 0, 0, 1.41421, 0, 0, 0, 0, 0, 0, 0, 0, 0, 0, 0, 0, 0, 0, 0, 0, 0, 0, 0, 0, 0, 0, 0, 0
25.6135, 0, 0, 0, 1.41421, 0, 0, 0, 0, 0, 0, 0, 0, 0, 0, 0, 0, 0, 0, 0, 0, 0, 0, 0, 0, 0, 0, 0, 0
25.6213, 0, 0, 0, 1.41421, 0, 0, 0, 0, 0, 0, 0, 0, 0, 0, 0, 0, 0, 0, 0, 0, 0, 0, 0, 0, 0, 0, 0, 0
25.6292, 0, 0, 0, 1.41421, 0, 0, 0, 0, 0, 0, 0, 0, 0, 0, 0, 0, 0, 0, 0, 0, 0, 0, 0, 0, 0, 0, 0, 0
25.6371, 0, 0, 0, 1.41421, 0, 0, 0, 0, 0, 0, 0, 0, 0, 0, 0, 0, 0, 0, 0, 0, 0, 0, 0, 0, 0, 0, 0, 0
25.645, 0, 0, 0, 1.41421, 0, 0, 0, 0, 0, 0, 0, 0, 0, 0, 0, 0, 0, 0, 0, 0, 0, 0, 0, 0, 0, 0, 0, 0
25.6529, 0, 0, 0, 1.41421, 0, 0, 0, 0, 0, 0, 0, 0, 0, 0, 0, 0, 0, 0, 0, 0, 0, 0, 0, 0, 0, 0, 0, 0
25.6608, 0, 0, 0, 1.41421, 0, 0, 0, 0, 0, 0, 0, 0, 0, 0, 0, 0, 0, 0, 0, 0, 0, 0, 0, 0, 0, 0, 0, 0
25.6686, 0, 0, 0, 1.41421, 0, 0, 0, 0, 0, 0, 0, 0, 0, 0, 0, 0, 0, 0, 0, 0, 0, 0, 0, 0, 0, 0, 0, 0
25.6765, 0, 0, 0, 1.41421, 0, 0, 0, 0, 0, 0, 0, 0, 0, 0, 0, 0, 0, 0, 0, 0, 0, 0, 0, 0, 0, 0, 0, 0
25.6844, 0, 0, 0, 1.41421, 0, 0, 0, 0, 0, 0, 0, 0, 0, 0, 0, 0, 0, 0, 0, 0, 0, 0, 0, 0, 0, 0, 0, 0
25.6923, 0, 0, 0, 1.41421, 0, 0, 0, 0, 0, 0, 0, 0, 0, 0, 0, 0, 0, 0, 0, 0, 0, 0, 0, 0, 0, 0, 0, 0
25.7002, 0, 0, 0, 1.41421, 0, 0, 0, 0, 0, 0, 0, 0, 0, 0, 0, 0, 0, 0, 0, 0, 0, 0, 0, 0, 0, 0, 0, 0
25.7081, 0, 0, 0, 1.41421, 0, 0, 0, 0, 0, 0, 0, 0, 0, 0, 0, 0, 0, 0, 0, 0, 0, 0, 0, 0, 0, 0, 0, 0
25.7159, 0, 0, 0, 1.41421, 0, 0, 0, 0, 0, 0, 0, 0, 0, 0, 0, 0, 0, 0, 0, 0, 0, 0, 0, 0, 0, 0, 0, 0
25.7238, 0, 0, 0, 1.41421, 0, 0, 0, 0, 0, 0, 0, 0, 0, 0, 0, 0, 0, 0, 0, 0, 0, 0, 0, 0, 0, 0, 0, 0
25.7317, 0, 0, 0, 1.41421, 0, 0, 0, 0, 0, 0, 0, 0, 0, 0, 0, 0, 0, 0, 0, 0, 0, 0, 0, 0, 0, 0, 0, 0
25.7396, 0, 0, 0, 1.41421, 0, 0, 0, 0, 0, 0, 0, 0, 0, 0, 0, 0, 0, 0, 0, 0, 0, 0, 0, 0, 0, 0, 0, 0
25.7475, 0, 0, 0, 1.41421, 0, 0, 0, 0, 0, 0, 0, 0, 0, 0, 0, 0, 0, 0, 0, 0, 0, 0, 0, 0, 0, 0, 0, 0
25.7554, 0, 0, 0, 1.41421, 0, 0, 0, 0, 0, 0, 0, 0, 0, 0, 0, 0, 0, 0, 0, 0, 0, 0, 0, 0, 0, 0, 0, 0
25.7632, 0, 0, 0, 1.41421, 0, 0, 0, 0, 0, 0, 0, 0, 0, 0, 0, 0, 0, 0, 0, 0, 0, 0, 0, 0, 0, 0, 0, 0
25.7711, 0, 0, 0, 1.41421, 0, 0, 0, 0, 0, 0, 0, 0, 0, 0, 0, 0, 0, 0, 0, 0, 0, 0, 0, 0, 0, 0, 0, 0
25.779, 0, 0, 0, 1.41421, 0, 0, 0, 0, 0, 0, 0, 0, 0, 0, 0, 0, 0, 0, 0, 0, 0, 0, 0, 0, 0, 0, 0, 0
25.7869, 0, 0, 0, 1.41421, 0, 0, 0, 0, 0, 0, 0, 0, 0, 0, 0, 0, 0, 0, 0, 0, 0, 0, 0, 0, 0, 0, 0, 0
25.7948, 0, 0, 0, 1.41421, 0, 0, 0, 0, 0, 0, 0, 0, 0, 0, 0, 0, 0, 0, 0, 0, 0, 0, 0, 0, 0, 0, 0, 0
25.8027, 0, 0, 0, 1.41421, 0, 0, 0, 0, 0, 0, 0, 0, 0, 0, 0, 0, 0, 0, 0, 0, 0, 0, 0, 0, 0, 0, 0, 0
25.8105, 0, 0, 0, 1.41421, 0, 0, 0, 0, 0, 0, 0, 0, 0, 0, 0, 0, 0, 0, 0, 0, 0, 0, 0, 0, 0, 0, 0, 0
25.8184, 0, 0, 0, 1.41421, 0, 0, 0, 0, 0, 0, 0, 0, 0, 0, 0, 0, 0, 0, 0, 0, 0, 0, 0, 0, 0, 0, 0, 0
25.8263, 0, 0, 0, 1.41421, 0, 0, 0, 0, 0, 0, 0, 0, 0, 0, 0, 0, 0, 0, 0, 0, 0, 0, 0, 0, 0, 0, 0, 0
25.8342, 0, 0, 0, 1.41421, 0, 0, 0, 0, 0, 0, 0, 0, 0, 0, 0, 0, 0, 0, 0, 0, 0, 0, 0, 0, 0, 0, 0, 0
25.8421, 0, 0, 0, 1.41421, 0, 0, 0, 0, 0, 0, 0, 0, 0, 0, 0, 0, 0, 0, 0, 0, 0, 0, 0, 0, 0, 0, 0, 0
25.85, 0, 0, 0, 1.41421, 0, 0, 0, 0, 0, 0, 0, 0, 0, 0, 0, 0, 0, 0, 0, 0, 0, 0, 0, 0, 0, 0, 0, 0
25.8578, 0, 0, 0, 1.41421, 0, 0, 0, 0, 0, 0, 0, 0, 0, 0, 0, 0, 0, 0, 0, 0, 0, 0, 0, 0, 0, 0, 0, 0
25.8657, 0, 0, 0, 1.41421, 0, 0, 0, 0, 0, 0, 0, 0, 0, 0, 0, 0, 0, 0, 0, 0, 0, 0, 0, 0, 0, 0, 0, 0
25.8736, 0, 0, 0, 1.41421, 0, 0, 0, 0, 0, 0, 0, 0, 0, 0, 0, 0, 0, 0, 0, 0, 0, 0, 0, 0, 0, 0, 0, 0
25.8815, 0, 0, 0, 1.41421, 0, 0, 0, 0, 0, 0, 0, 0, 0, 0, 0, 0, 0, 0, 0, 0, 0, 0, 0, 0, 0, 0, 0, 0
25.8894, 0, 0, 0, 1.41421, 0, 0, 0, 0, 0, 0, 0, 0, 0, 0, 0, 0, 0, 0, 0, 0, 0, 0, 0, 0, 0, 0, 0, 0
25.8972, 0, 0, 0, 1.41421, 0, 0, 0, 0, 0, 0, 0, 0, 0, 0, 0, 0, 0, 0, 0, 0, 0, 0, 0, 0, 0, 0, 0, 0
25.9051, 0, 0, 0, 1.41421, 0, 0, 0, 0, 0, 0, 0, 0, 0, 0, 0, 0, 0, 0, 0, 0, 0, 0, 0, 0, 0, 0, 0, 0
25.913, 0, 0, 0, 1.41421, 0, 0, 0, 0, 0, 0, 0, 0, 0, 0, 0, 0, 0, 0, 0, 0, 0, 0, 0, 0, 0, 0, 0, 0
25.9209, 0, 0, 0, 1.41421, 0, 0, 0, 0, 0, 0, 0, 0, 0, 0, 0, 0, 0, 0, 0, 0, 0, 0, 0, 0, 0, 0, 0, 0
25.9288, 0, 0, 0, 1.41421, 0, 0, 0, 0, 0, 0, 0, 0, 0, 0, 0, 0, 0, 0, 0, 0, 0, 0, 0, 0, 0, 0, 0, 0
25.9367, 0, 0, 0, 1.41421, 0, 0, 0, 0, 0, 0, 0, 0, 0, 0, 0, 0, 0, 0, 0, 0, 0, 0, 0, 0, 0, 0, 0, 0
25.9445, 0, 0, 0, 1.41421, 0, 0, 0, 0, 0, 0, 0, 0, 0, 0, 0, 0, 0, 0, 0, 0, 0, 0, 0, 0, 0, 0, 0, 0
25.9524, 0, 0, 0, 1.41421, 0, 0, 0, 0, 0, 0, 0, 0, 0, 0, 0, 0, 0, 0, 0, 0, 0, 0, 0, 0, 0, 0, 0, 0
25.9603, 0, 0, 0, 1.41421, 0, 0, 0, 0, 0, 0, 0, 0, 0, 0, 0, 0, 0, 0, 0, 0, 0, 0, 0, 0, 0, 0, 0, 0
25.9682, 0, 0, 0, 1.41421, 0, 0, 0, 0, 0, 0, 0, 0, 0, 0, 0, 0, 0, 0, 0, 0, 0, 0, 0, 0, 0, 0, 0, 0
25.9761, 0, 0, 0, 1.41421, 0, 0, 0, 0, 0, 0, 0, 0, 0, 0, 0, 0, 0, 0, 0, 0, 0, 0, 0, 0, 0, 0, 0, 0
25.984, 0, 0, 0, 1.41421, 0, 0, 0, 0, 0, 0, 0, 0, 0, 0, 0, 0, 0, 0, 0, 0, 0, 0, 0, 0, 0, 0, 0, 0
25.9918, 0, 0, 0, 1.41421, 0, 0, 0, 0, 0, 0, 0, 0, 0, 0, 0, 0, 0, 0, 0, 0, 0, 0, 0, 0, 0, 0, 0, 0
25.9997, 0, 0, 0, 1.41421, 0, 0, 0, 0, 0, 0, 0, 0, 0, 0, 0, 0, 0, 0, 0, 0, 0, 0, 0, 0, 0, 0, 0, 0
26.0076, 0, 0, 0, 1.41421, 0, 0, 0, 0, 0, 0, 0, 0, 0, 0, 0, 0, 0, 0, 0, 0, 0, 0, 0, 0, 0, 0, 0, 0
26.0155, 0, 0, 0, 1.41421, 0, 0, 0, 0, 0, 0, 0, 0, 0, 0, 0, 0, 0, 0, 0, 0, 0, 0, 0, 0, 0, 0, 0, 0
26.0234, 0, 0, 0, 1.41421, 0, 0, 0, 0, 0, 0, 0, 0, 0, 0, 0, 0, 0, 0, 0, 0, 0, 0, 0, 0, 0, 0, 0, 0
26.0313, 0, 0, 0, 1.41421, 0, 0, 0, 0, 0, 0, 0, 0, 0, 0, 0, 0, 0, 0, 0, 0, 0, 0, 0, 0, 0, 0, 0, 0
26.0391, 0, 0, 0, 1.41421, 0, 0, 0, 0, 0, 0, 0, 0, 0, 0, 0, 0, 0, 0, 0, 0, 0, 0, 0, 0, 0, 0, 0, 0
26.047, 0, 0, 0, 1.41421, 0, 0, 0, 0, 0, 0, 0, 0, 0, 0, 0, 0, 0, 0, 0, 0, 0, 0, 0, 0, 0, 0, 0, 0
26.0549, 0, 0, 0, 1.41421, 0, 0, 0, 0, 0, 0, 0, 0, 0, 0, 0, 0, 0, 0, 0, 0, 0, 0, 0, 0, 0, 0, 0, 0
26.0628, 0, 0, 0, 1.41421, 0, 0, 0, 0, 0, 0, 0, 0, 0, 0, 0, 0, 0, 0, 0, 0, 0, 0, 0, 0, 0, 0, 0, 0
26.0707, 0, 0, 0, 1.41421, 0, 0, 0, 0, 0, 0, 0, 0, 0, 0, 0, 0, 0, 0, 0, 0, 0, 0, 0, 0, 0, 0, 0, 0
26.0786, 0, 0, 0, 1.41421, 0, 0, 0, 0, 0, 0, 0, 0, 0, 0, 0, 0, 0, 0, 0, 0, 0, 0, 0, 0, 0, 0, 0, 0
26.0864, 0, 0, 0, 1.41421, 0, 0, 0, 0, 0, 0, 0, 0, 0, 0, 0, 0, 0, 0, 0, 0, 0, 0, 0, 0, 0, 0, 0, 0
26.0943, 0, 0, 0, 1.41421, 0, 0, 0, 0, 0, 0, 0, 0, 0, 0, 0, 0, 0, 0, 0, 0, 0, 0, 0, 0, 0, 0, 0, 0
26.1022, 0, 0, 0, 1.41421, 0, 0, 0, 0, 0, 0, 0, 0, 0, 0, 0, 0, 0, 0, 0, 0, 0, 0, 0, 0, 0, 0, 0, 0
26.1101, 0, 0, 0, 1.41421, 0, 0, 0, 0, 0, 0, 0, 0, 0, 0, 0, 0, 0, 0, 0, 0, 0, 0, 0, 0, 0, 0, 0, 0
26.118, 0, 0, 0, 1.41421, 0, 0, 0, 0, 0, 0, 0, 0, 0, 0, 0, 0, 0, 0, 0, 0, 0, 0, 0, 0, 0, 0, 0, 0
26.1259, 0, 0, 0, 1.41421, 0, 0, 0, 0, 0, 0, 0, 0, 0, 0, 0, 0, 0, 0, 0, 0, 0, 0, 0, 0, 0, 0, 0, 0
26.1337, 0, 0, 0, 1.41421, 0, 0, 0, 0, 0, 0, 0, 0, 0, 0, 0, 0, 0, 0, 0, 0, 0, 0, 0, 0, 0, 0, 0, 0
26.1416, 0, 0, 0, 1.41421, 0, 0, 0, 0, 0, 0, 0, 0, 0, 0, 0, 0, 0, 0, 0, 0, 0, 0, 0, 0, 0, 0, 0, 0
26.1495, 0, 0, 0, 1.41421, 0, 0, 0, 0, 0, 0, 0, 0, 0, 0, 0, 0, 0, 0, 0, 0, 0, 0, 0, 0, 0, 0, 0, 0
26.1574, 0, 0, 0, 1.41421, 0, 0, 0, 0, 0, 0, 0, 0, 0, 0, 0, 0, 0, 0, 0, 0, 0, 0, 0, 0, 0, 0, 0, 0
26.1653, 0, 0, 0, 1.41421, 0, 0, 0, 0, 0, 0, 0, 0, 0, 0, 0, 0, 0, 0, 0, 0, 0, 0, 0, 0, 0, 0, 0, 0
26.1731, 0, 0, 0, 1.41421, 0, 0, 0, 0, 0, 0, 0, 0, 0, 0, 0, 0, 0, 0, 0, 0, 0, 0, 0, 0, 0, 0, 0, 0
26.181, 0, 0, 0, 1.41421, 0, 0, 0, 0, 0, 0, 0, 0, 0, 0, 0, 0, 0, 0, 0, 0, 0, 0, 0, 0, 0, 0, 0, 0
26.1889, 0, 0, 0, 1.41421, 0, 0, 0, 0, 0, 0, 0, 0, 0, 0, 0, 0, 0, 0, 0, 0, 0, 0, 0, 0, 0, 0, 0, 0
26.1968, 0, 0, 0, 1.41421, 0, 0, 0, 0, 0, 0, 0, 0, 0, 0, 0, 0, 0, 0, 0, 0, 0, 0, 0, 0, 0, 0, 0, 0
26.2047, 0, 0, 0, 1.41421, 0, 0, 0, 0, 0, 0, 0, 0, 0, 0, 0, 0, 0, 0, 0, 0, 0, 0, 0, 0, 0, 0, 0, 0
26.2126, 0, 0, 0, 1.41421, 0, 0, 0, 0, 0, 0, 0, 0, 0, 0, 0, 0, 0, 0, 0, 0, 0, 0, 0, 0, 0, 0, 0, 0
26.2204, 0, 0, 0, 1.41421, 0, 0, 0, 0, 0, 0, 0, 0, 0, 0, 0, 0, 0, 0, 0, 0, 0, 0, 0, 0, 0, 0, 0, 0
26.2283, 0, 0, 0, 1.41421, 0, 0, 0, 0, 0, 0, 0, 0, 0, 0, 0, 0, 0, 0, 0, 0, 0, 0, 0, 0, 0, 0, 0, 0
26.2362, 0, 0, 0, 1.41421, 0, 0, 0, 0, 0, 0, 0, 0, 0, 0, 0, 0, 0, 0, 0, 0, 0, 0, 0, 0, 0, 0, 0, 0
26.2441, 0, 0, 0, 1.41421, 0, 0, 0, 0, 0, 0, 0, 0, 0, 0, 0, 0, 0, 0, 0, 0, 0, 0, 0, 0, 0, 0, 0, 0
26.252, 0, 0, 0, 1.41421, 0, 0, 0, 0, 0, 0, 0, 0, 0, 0, 0, 0, 0, 0, 0, 0, 0, 0, 0, 0, 0, 0, 0, 0
26.2599, 0, 0, 0, 1.41421, 0, 0, 0, 0, 0, 0, 0, 0, 0, 0, 0, 0, 0, 0, 0, 0, 0, 0, 0, 0, 0, 0, 0, 0
26.2677, 0, 0, 0, 1.41421, 0, 0, 0, 0, 0, 0, 0, 0, 0, 0, 0, 0, 0, 0, 0, 0, 0, 0, 0, 0, 0, 0, 0, 0
26.2756, 0, 0, 0, 1.41421, 0, 0, 0, 0, 0, 0, 0, 0, 0, 0, 0, 0, 0, 0, 0, 0, 0, 0, 0, 0, 0, 0, 0, 0
26.2835, 0, 0, 0, 1.41421, 0, 0, 0, 0, 0, 0, 0, 0, 0, 0, 0, 0, 0, 0, 0, 0, 0, 0, 0, 0, 0, 0, 0, 0
26.2914, 0, 0, 0, 1.41421, 0, 0, 0, 0, 0, 0, 0, 0, 0, 0, 0, 0, 0, 0, 0, 0, 0, 0, 0, 0, 0, 0, 0, 0
26.2993, 0, 0, 0, 1.41421, 0, 0, 0, 0, 0, 0, 0, 0, 0, 0, 0, 0, 0, 0, 0, 0, 0, 0, 0, 0, 0, 0, 0, 0
26.3072, 0, 0, 0, 1.41421, 0, 0, 0, 0, 0, 0, 0, 0, 0, 0, 0, 0, 0, 0, 0, 0, 0, 0, 0, 0, 0, 0, 0, 0
26.315, 0, 0, 0, 1.41421, 0, 0, 0, 0, 0, 0, 0, 0, 0, 0, 0, 0, 0, 0, 0, 0, 0, 0, 0, 0, 0, 0, 0, 0
26.3229, 0, 0, 0, 1.41421, 0, 0, 0, 0, 0, 0, 0, 0, 0, 0, 0, 0, 0, 0, 0, 0, 0, 0, 0, 0, 0, 0, 0, 0
26.3308, 0, 0, 0, 1.41421, 0, 0, 0, 0, 0, 0, 0, 0, 0, 0, 0, 0, 0, 0, 0, 0, 0, 0, 0, 0, 0, 0, 0, 0
26.3387, 0, 0, 0, 1.41421, 0, 0, 0, 0, 0, 0, 0, 0, 0, 0, 0, 0, 0, 0, 0, 0, 0, 0, 0, 0, 0, 0, 0, 0
26.3466, 0, 0, 0, 1.41421, 0, 0, 0, 0, 0, 0, 0, 0, 0, 0, 0, 0, 0, 0, 0, 0, 0, 0, 0, 0, 0, 0, 0, 0
26.3545, 0, 0, 0, 1.41421, 0, 0, 0, 0, 0, 0, 0, 0, 0, 0, 0, 0, 0, 0, 0, 0, 0, 0, 0, 0, 0, 0, 0, 0
26.3623, 0, 0, 0, 1.41421, 0, 0, 0, 0, 0, 0, 0, 0, 0, 0, 0, 0, 0, 0, 0, 0, 0, 0, 0, 0, 0, 0, 0, 0
26.3702, 0, 0, 0, 1.41421, 0, 0, 0, 0, 0, 0, 0, 0, 0, 0, 0, 0, 0, 0, 0, 0, 0, 0, 0, 0, 0, 0, 0, 0
26.3781, 0, 0, 0, 1.41421, 0, 0, 0, 0, 0, 0, 0, 0, 0, 0, 0, 0, 0, 0, 0, 0, 0, 0, 0, 0, 0, 0, 0, 0
26.386, 2, 0, 0, 2, 2, 0, 0, 0, 0, 0, 0, 0, 0, 0, 0, 0, 0, 0, 0, 0, 0, 0, 0, 0, 0, 0, 0, 0
26.3939, 0, 0, 0, 1.41421, 0, 0, 0, 0, 0, 0, 0, 0, 0, 0, 0, 0, 0, 0, 0, 0, 0, 0, 0, 0, 0, 0, 0, 0
26.4017, 0, 0, 0, 1.41421, 0, 0, 0, 0, 0, 0, 0, 0, 0, 0, 0, 0, 0, 0, 0, 0, 0, 0, 0, 0, 0, 0, 0, 0
26.4096, 0, 0, 0, 1.41421, 0, 0, 0, 0, 0, 0, 0, 0, 0, 0, 0, 0, 0, 0, 0, 0, 0, 0, 0, 0, 0, 0, 0, 0
26.4175, 0, 0, 0, 1.41421, 0, 0, 0, 0, 0, 0, 0, 0, 0, 0, 0, 0, 0, 0, 0, 0, 0, 0, 0, 0, 0, 0, 0, 0
26.4254, 0, 0, 0, 1.41421, 0, 0, 0, 0, 0, 0, 0, 0, 0, 0, 0, 0, 0, 0, 0, 0, 0, 0, 0, 0, 0, 0, 0, 0
26.4333, 0, 0, 0, 1.41421, 0, 0, 0, 0, 0, 0, 0, 0, 0, 0, 0, 0, 0, 0, 0, 0, 0, 0, 0, 0, 0, 0, 0, 0
26.4412, 0, 0, 0, 1.41421, 0, 0, 0, 0, 0, 0, 0, 0, 0, 0, 0, 0, 0, 0, 0, 0, 0, 0, 0, 0, 0, 0, 0, 0
26.449, 0, 0, 0, 1.41421, 0, 0, 0, 0, 0, 0, 0, 0, 0, 0, 0, 0, 0, 0, 0, 0, 0, 0, 0, 0, 0, 0, 0, 0
26.4569, 0, 0, 0, 1.41421, 0, 0, 0, 0, 0, 0, 0, 0, 0, 0, 0, 0, 0, 0, 0, 0, 0, 0, 0, 0, 0, 0, 0, 0
26.4648, 0, 0, 0, 1.41421, 0, 0, 0, 0, 0, 0, 0, 0, 0, 0, 0, 0, 0, 0, 0, 0, 0, 0, 0, 0, 0, 0, 0, 0
26.4727, 0, 0, 0, 1.41421, 0, 0, 0, 0, 0, 0, 0, 0, 0, 0, 0, 0, 0, 0, 0, 0, 0, 0, 0, 0, 0, 0, 0, 0
26.4806, 0, 0, 0, 1.41421, 0, 0, 0, 0, 0, 0, 0, 0, 0, 0, 0, 0, 0, 0, 0, 0, 0, 0, 0, 0, 0, 0, 0, 0
26.4885, 0, 0, 0, 1.41421, 0, 0, 0, 0, 0, 0, 0, 0, 0, 0, 0, 0, 0, 0, 0, 0, 0, 0, 0, 0, 0, 0, 0, 0
26.4963, 0, 0, 0, 1.41421, 0, 0, 0, 0, 0, 0, 0, 0, 0, 0, 0, 0, 0, 0, 0, 0, 0, 0, 0, 0, 0, 0, 0, 0
26.5042, 0, 0, 0, 1.41421, 0, 0, 0, 0, 0, 0, 0, 0, 0, 0, 0, 0, 0, 0, 0, 0, 0, 0, 0, 0, 0, 0, 0, 0
26.5121, 0, 0, 0, 1.41421, 0, 0, 0, 0, 0, 0, 0, 0, 0, 0, 0, 0, 0, 0, 0, 0, 0, 0, 0, 0, 0, 0, 0, 0
26.52, 0, 0, 0, 1.41421, 0, 0, 0, 0, 0, 0, 0, 0, 0, 0, 0, 0, 0, 0, 0, 0, 0, 0, 0, 0, 0, 0, 0, 0
26.5279, 0, 0, 0, 1.41421, 0, 0, 0, 0, 0, 0, 0, 0, 0, 0, 0, 0, 0, 0, 0, 0, 0, 0, 0, 0, 0, 0, 0, 0
26.5358, 0, 0, 0, 1.41421, 0, 0, 0, 0, 0, 0, 0, 0, 0, 0, 0, 0, 0, 0, 0, 0, 0, 0, 0, 0, 0, 0, 0, 0
26.5436, 0, 0, 0, 1.41421, 0, 0, 0, 0, 0, 0, 0, 0, 0, 0, 0, 0, 0, 0, 0, 0, 0, 0, 0, 0, 0, 0, 0, 0
26.5515, 0, 0, 0, 1.41421, 0, 0, 0, 0, 0, 0, 0, 0, 0, 0, 0, 0, 0, 0, 0, 0, 0, 0, 0, 0, 0, 0, 0, 0
26.5594, 0, 0, 0, 1.41421, 0, 0, 0, 0, 0, 0, 0, 0, 0, 0, 0, 0, 0, 0, 0, 0, 0, 0, 0, 0, 0, 0, 0, 0
26.5673, 0, 0, 0, 1.41421, 0, 0, 0, 0, 0, 0, 0, 0, 0, 0, 0, 0, 0, 0, 0, 0, 0, 0, 0, 0, 0, 0, 0, 0
26.5752, 0, 0, 0, 1.41421, 0, 0, 0, 0, 0, 0, 0, 0, 0, 0, 0, 0, 0, 0, 0, 0, 0, 0, 0, 0, 0, 0, 0, 0
26.5831, 0, 0, 0, 1.41421, 0, 0, 0, 0, 0, 0, 0, 0, 0, 0, 0, 0, 0, 0, 0, 0, 0, 0, 0, 0, 0, 0, 0, 0
26.5909, 0, 0, 0, 1.41421, 0, 0, 0, 0, 0, 0, 0, 0, 0, 0, 0, 0, 0, 0, 0, 0, 0, 0, 0, 0, 0, 0, 0, 0
26.5988, 0, 0, 0, 1.41421, 0, 0, 0, 0, 0, 0, 0, 0, 0, 0, 0, 0, 0, 0, 0, 0, 0, 0, 0, 0, 0, 0, 0, 0
26.6067, 0, 0, 0, 1.41421, 0, 0, 0, 0, 0, 0, 0, 0, 0, 0, 0, 0, 0, 0, 0, 0, 0, 0, 0, 0, 0, 0, 0, 0
26.6146, 0, 0, 0, 1.41421, 0, 0, 0, 0, 0, 0, 0, 0, 0, 0, 0, 0, 0, 0, 0, 0, 0, 0, 0, 0, 0, 0, 0, 0
26.6225, 0, 0, 0, 1.41421, 0, 0, 0, 0, 0, 0, 0, 0, 0, 0, 0, 0, 0, 0, 0, 0, 0, 0, 0, 0, 0, 0, 0, 0
26.6304, 0, 0, 0, 1.41421, 0, 0, 0, 0, 0, 0, 0, 0, 0, 0, 0, 0, 0, 0, 0, 0, 0, 0, 0, 0, 0, 0, 0, 0
26.6382, 0, 0, 0, 1.41421, 0, 0, 0, 0, 0, 0, 0, 0, 0, 0, 0, 0, 0, 0, 0, 0, 0, 0, 0, 0, 0, 0, 0, 0
26.6461, 0, 0, 0, 1.41421, 0, 0, 0, 0, 0, 0, 0, 0, 0, 0, 0, 0, 0, 0, 0, 0, 0, 0, 0, 0, 0, 0, 0, 0
26.654, 0, 0, 0, 1.41421, 0, 0, 0, 0, 0, 0, 0, 0, 0, 0, 0, 0, 0, 0, 0, 0, 0, 0, 0, 0, 0, 0, 0, 0
26.6619, 0, 0, 0, 1.41421, 0, 0, 0, 0, 0, 0, 0, 0, 0, 0, 0, 0, 0, 0, 0, 0, 0, 0, 0, 0, 0, 0, 0, 0
26.6698, 0, 0, 0, 1.41421, 0, 0, 0, 0, 0, 0, 0, 0, 0, 0, 0, 0, 0, 0, 0, 0, 0, 0, 0, 0, 0, 0, 0, 0
26.6776, 0, 0, 0, 1.41421, 0, 0, 0, 0, 0, 0, 0, 0, 0, 0, 0, 0, 0, 0, 0, 0, 0, 0, 0, 0, 0, 0, 0, 0
26.6855, 0, 0, 0, 1.41421, 0, 0, 0, 0, 0, 0, 0, 0, 0, 0, 0, 0, 0, 0, 0, 0, 0, 0, 0, 0, 0, 0, 0, 0
26.6934, 0, 0, 0, 1.41421, 0, 0, 0, 0, 0, 0, 0, 0, 0, 0, 0, 0, 0, 0, 0, 0, 0, 0, 0, 0, 0, 0, 0, 0
26.7013, 0, 0, 0, 1.41421, 0, 0, 0, 0, 0, 0, 0, 0, 0, 0, 0, 0, 0, 0, 0, 0, 0, 0, 0, 0, 0, 0, 0, 0
26.7092, 0, 0, 0, 1.41421, 0, 0, 0, 0, 0, 0, 0, 0, 0, 0, 0, 0, 0, 0, 0, 0, 0, 0, 0, 0, 0, 0, 0, 0
26.7171, 0, 0, 0, 1.41421, 0, 0, 0, 0, 0, 0, 0, 0, 0, 0, 0, 0, 0, 0, 0, 0, 0, 0, 0, 0, 0, 0, 0, 0
26.7249, 0, 0, 0, 1.41421, 0, 0, 0, 0, 0, 0, 0, 0, 0, 0, 0, 0, 0, 0, 0, 0, 0, 0, 0, 0, 0, 0, 0, 0
26.7328, 0, 0, 0, 1.41421, 0, 0, 0, 0, 0, 0, 0, 0, 0, 0, 0, 0, 0, 0, 0, 0, 0, 0, 0, 0, 0, 0, 0, 0
26.7407, 0, 0, 0, 1.41421, 0, 0, 0, 0, 0, 0, 0, 0, 0, 0, 0, 0, 0, 0, 0, 0, 0, 0, 0, 0, 0, 0, 0, 0
26.7486, 0, 0, 0, 1.41421, 0, 0, 0, 0, 0, 0, 0, 0, 0, 0, 0, 0, 0, 0, 0, 0, 0, 0, 0, 0, 0, 0, 0, 0
26.7565, 0, 0, 0, 1.41421, 0, 0, 0, 0, 0, 0, 0, 0, 0, 0, 0, 0, 0, 0, 0, 0, 0, 0, 0, 0, 0, 0, 0, 0
26.7644, 0, 0, 0, 1.41421, 0, 0, 0, 0, 0, 0, 0, 0, 0, 0, 0, 0, 0, 0, 0, 0, 0, 0, 0, 0, 0, 0, 0, 0
26.7722, 0, 0, 0, 1.41421, 0, 0, 0, 0, 0, 0, 0, 0, 0, 0, 0, 0, 0, 0, 0, 0, 0, 0, 0, 0, 0, 0, 0, 0
26.7801, 0, 0, 0, 1.41421, 0, 0, 0, 0, 0, 0, 0, 0, 0, 0, 0, 0, 0, 0, 0, 0, 0, 0, 0, 0, 0, 0, 0, 0
26.788, 0, 0, 0, 1.41421, 0, 0, 0, 0, 0, 0, 0, 0, 0, 0, 0, 0, 0, 0, 0, 0, 0, 0, 0, 0, 0, 0, 0, 0
26.7959, 0, 0, 0, 1.41421, 0, 0, 0, 0, 0, 0, 0, 0, 0, 0, 0, 0, 0, 0, 0, 0, 0, 0, 0, 0, 0, 0, 0, 0
26.8038, 0, 0, 0, 1.41421, 0, 0, 0, 0, 0, 0, 0, 0, 0, 0, 0, 0, 0, 0, 0, 0, 0, 0, 0, 0, 0, 0, 0, 0
26.8117, 0, 0, 0, 1.41421, 0, 0, 0, 0, 0, 0, 0, 0, 0, 0, 0, 0, 0, 0, 0, 0, 0, 0, 0, 0, 0, 0, 0, 0
26.8195, 0, 0, 0, 1.41421, 0, 0, 0, 0, 0, 0, 0, 0, 0, 0, 0, 0, 0, 0, 0, 0, 0, 0, 0, 0, 0, 0, 0, 0
26.8274, 0, 0, 0, 1.41421, 0, 0, 0, 0, 0, 0, 0, 0, 0, 0, 0, 0, 0, 0, 0, 0, 0, 0, 0, 0, 0, 0, 0, 0
26.8353, 0, 0, 0, 1.41421, 0, 0, 0, 0, 0, 0, 0, 0, 0, 0, 0, 0, 0, 0, 0, 0, 0, 0, 0, 0, 0, 0, 0, 0
26.8432, 0, 0, 0, 1.41421, 0, 0, 0, 0, 0, 0, 0, 0, 0, 0, 0, 0, 0, 0, 0, 0, 0, 0, 0, 0, 0, 0, 0, 0
26.8511, 0, 0, 0, 1.41421, 0, 0, 0, 0, 0, 0, 0, 0, 0, 0, 0, 0, 0, 0, 0, 0, 0, 0, 0, 0, 0, 0, 0, 0
26.859, 0, 0, 0, 1.41421, 0, 0, 0, 0, 0, 0, 0, 0, 0, 0, 0, 0, 0, 0, 0, 0, 0, 0, 0, 0, 0, 0, 0, 0
26.8668, 0, 0, 0, 1.41421, 0, 0, 0, 0, 0, 0, 0, 0, 0, 0, 0, 0, 0, 0, 0, 0, 0, 0, 0, 0, 0, 0, 0, 0
26.8747, 0, 0, 0, 1.41421, 0, 0, 0, 0, 0, 0, 0, 0, 0, 0, 0, 0, 0, 0, 0, 0, 0, 0, 0, 0, 0, 0, 0, 0
26.8826, 0, 0, 0, 1.41421, 0, 0, 0, 0, 0, 0, 0, 0, 0, 0, 0, 0, 0, 0, 0, 0, 0, 0, 0, 0, 0, 0, 0, 0
26.8905, 0, 0, 0, 1.41421, 0, 0, 0, 0, 0, 0, 0, 0, 0, 0, 0, 0, 0, 0, 0, 0, 0, 0, 0, 0, 0, 0, 0, 0
26.8984, 0, 0, 0, 1.41421, 0, 0, 0, 0, 0, 0, 0, 0, 0, 0, 0, 0, 0, 0, 0, 0, 0, 0, 0, 0, 0, 0, 0, 0
26.9062, 0, 0, 0, 1.41421, 0, 0, 0, 0, 0, 0, 0, 0, 0, 0, 0, 0, 0, 0, 0, 0, 0, 0, 0, 0, 0, 0, 0, 0
26.9141, 0, 0, 0, 1.41421, 0, 0, 0, 0, 0, 0, 0, 0, 0, 0, 0, 0, 0, 0, 0, 0, 0, 0, 0, 0, 0, 0, 0, 0
26.922, 0, 0, 0, 1.41421, 0, 0, 0, 0, 0, 0, 0, 0, 0, 0, 0, 0, 0, 0, 0, 0, 0, 0, 0, 0, 0, 0, 0, 0
26.9299, 0, 0, 0, 1.41421, 0, 0, 0, 0, 0, 0, 0, 0, 0, 0, 0, 0, 0, 0, 0, 0, 0, 0, 0, 0, 0, 0, 0, 0
26.9378, 0, 0, 0, 1.41421, 0, 0, 0, 0, 0, 0, 0, 0, 0, 0, 0, 0, 0, 0, 0, 0, 0, 0, 0, 0, 0, 0, 0, 0
26.9457, 0, 0, 0, 1.41421, 0, 0, 0, 0, 0, 0, 0, 0, 0, 0, 0, 0, 0, 0, 0, 0, 0, 0, 0, 0, 0, 0, 0, 0
26.9535, 0, 0, 0, 1.41421, 0, 0, 0, 0, 0, 0, 0, 0, 0, 0, 0, 0, 0, 0, 0, 0, 0, 0, 0, 0, 0, 0, 0, 0
26.9614, 0, 0, 0, 1.41421, 0, 0, 0, 0, 0, 0, 0, 0, 0, 0, 0, 0, 0, 0, 0, 0, 0, 0, 0, 0, 0, 0, 0, 0
26.9693, 0, 0, 0, 1.41421, 0, 0, 0, 0, 0, 0, 0, 0, 0, 0, 0, 0, 0, 0, 0, 0, 0, 0, 0, 0, 0, 0, 0, 0
26.9772, 0, 0, 0, 1.41421, 0, 0, 0, 0, 0, 0, 0, 0, 0, 0, 0, 0, 0, 0, 0, 0, 0, 0, 0, 0, 0, 0, 0, 0
26.9851, 0, 0, 0, 1.41421, 0, 0, 0, 0, 0, 0, 0, 0, 0, 0, 0, 0, 0, 0, 0, 0, 0, 0, 0, 0, 0, 0, 0, 0
26.993, 0, 0, 0, 1.41421, 0, 0, 0, 0, 0, 0, 0, 0, 0, 0, 0, 0, 0, 0, 0, 0, 0, 0, 0, 0, 0, 0, 0, 0
27.0008, 0, 0, 0, 1.41421, 0, 0, 0, 0, 0, 0, 0, 0, 0, 0, 0, 0, 0, 0, 0, 0, 0, 0, 0, 0, 0, 0, 0, 0
27.0087, 0, 0, 0, 1.41421, 0, 0, 0, 0, 0, 0, 0, 0, 0, 0, 0, 0, 0, 0, 0, 0, 0, 0, 0, 0, 0, 0, 0, 0
27.0166, 0, 0, 0, 1.41421, 0, 0, 0, 0, 0, 0, 0, 0, 0, 0, 0, 0, 0, 0, 0, 0, 0, 0, 0, 0, 0, 0, 0, 0
27.0245, 0, 0, 0, 1.41421, 0, 0, 0, 0, 0, 0, 0, 0, 0, 0, 0, 0, 0, 0, 0, 0, 0, 0, 0, 0, 0, 0, 0, 0
27.0324, 0, 0, 0, 1.41421, 0, 0, 0, 0, 0, 0, 0, 0, 0, 0, 0, 0, 0, 0, 0, 0, 0, 0, 0, 0, 0, 0, 0, 0
27.0403, 0, 0, 0, 1.41421, 0, 0, 0, 0, 0, 0, 0, 0, 0, 0, 0, 0, 0, 0, 0, 0, 0, 0, 0, 0, 0, 0, 0, 0
27.0481, 0, 0, 0, 1.41421, 0, 0, 0, 0, 0, 0, 0, 0, 0, 0, 0, 0, 0, 0, 0, 0, 0, 0, 0, 0, 0, 0, 0, 0
27.056, 0, 0, 0, 1.41421, 0, 0, 0, 0, 0, 0, 0, 0, 0, 0, 0, 0, 0, 0, 0, 0, 0, 0, 0, 0, 0, 0, 0, 0
27.0639, 0, 0, 0, 1.41421, 0, 0, 0, 0, 0, 0, 0, 0, 0, 0, 0, 0, 0, 0, 0, 0, 0, 0, 0, 0, 0, 0, 0, 0
27.0718, 0, 0, 0, 1.41421, 0, 0, 0, 0, 0, 0, 0, 0, 0, 0, 0, 0, 0, 0, 0, 0, 0, 0, 0, 0, 0, 0, 0, 0
27.0797, 0, 0, 0, 1.41421, 0, 0, 0, 0, 0, 0, 0, 0, 0, 0, 0, 0, 0, 0, 0, 0, 0, 0, 0, 0, 0, 0, 0, 0
27.0876, 0, 0, 0, 1.41421, 0, 0, 0, 0, 0, 0, 0, 0, 0, 0, 0, 0, 0, 0, 0, 0, 0, 0, 0, 0, 0, 0, 0, 0
27.0954, 0, 0, 0, 1.41421, 0, 0, 0, 0, 0, 0, 0, 0, 0, 0, 0, 0, 0, 0, 0, 0, 0, 0, 0, 0, 0, 0, 0, 0
27.1033, 0, 0, 0, 1.41421, 0, 0, 0, 0, 0, 0, 0, 0, 0, 0, 0, 0, 0, 0, 0, 0, 0, 0, 0, 0, 0, 0, 0, 0
27.1112, 0, 0, 0, 1.41421, 0, 0, 0, 0, 0, 0, 0, 0, 0, 0, 0, 0, 0, 0, 0, 0, 0, 0, 0, 0, 0, 0, 0, 0
27.1191, 0, 0, 0, 1.41421, 0, 0, 0, 0, 0, 0, 0, 0, 0, 0, 0, 0, 0, 0, 0, 0, 0, 0, 0, 0, 0, 0, 0, 0
27.127, 0, 0, 0, 1.41421, 0, 0, 0, 0, 0, 0, 0, 0, 0, 0, 0, 0, 0, 0, 0, 0, 0, 0, 0, 0, 0, 0, 0, 0
27.1349, 0, 0, 0, 1.41421, 0, 0, 0, 0, 0, 0, 0, 0, 0, 0, 0, 0, 0, 0, 0, 0, 0, 0, 0, 0, 0, 0, 0, 0
27.1427, 0, 0, 0, 1.41421, 0, 0, 0, 0, 0, 0, 0, 0, 0, 0, 0, 0, 0, 0, 0, 0, 0, 0, 0, 0, 0, 0, 0, 0
27.1506, 0, 0, 0, 1.41421, 0, 0, 0, 0, 0, 0, 0, 0, 0, 0, 0, 0, 0, 0, 0, 0, 0, 0, 0, 0, 0, 0, 0, 0
27.1585, 0, 0, 0, 1.41421, 0, 0, 0, 0, 0, 0, 0, 0, 0, 0, 0, 0, 0, 0, 0, 0, 0, 0, 0, 0, 0, 0, 0, 0
27.1664, 0, 0, 0, 1.41421, 0, 0, 0, 0, 0, 0, 0, 0, 0, 0, 0, 0, 0, 0, 0, 0, 0, 0, 0, 0, 0, 0, 0, 0
27.1743, 0, 0, 0, 1.41421, 0, 0, 0, 0, 0, 0, 0, 0, 0, 0, 0, 0, 0, 0, 0, 0, 0, 0, 0, 0, 0, 0, 0, 0
27.1821, 0, 0, 0, 1.41421, 0, 0, 0, 0, 0, 0, 0, 0, 0, 0, 0, 0, 0, 0, 0, 0, 0, 0, 0, 0, 0, 0, 0, 0
27.19, 0, 0, 0, 1.41421, 0, 0, 0, 0, 0, 0, 0, 0, 0, 0, 0, 0, 0, 0, 0, 0, 0, 0, 0, 0, 0, 0, 0, 0
27.1979, 0, 0, 0, 1.41421, 0, 0, 0, 0, 0, 0, 0, 0, 0, 0, 0, 0, 0, 0, 0, 0, 0, 0, 0, 0, 0, 0, 0, 0
27.2058, 0, 0, 0, 1.41421, 0, 0, 0, 0, 0, 0, 0, 0, 0, 0, 0, 0, 0, 0, 0, 0, 0, 0, 0, 0, 0, 0, 0, 0
27.2137, 0, 0, 0, 1.41421, 0, 0, 0, 0, 0, 0, 0, 0, 0, 0, 0, 0, 0, 0, 0, 0, 0, 0, 0, 0, 0, 0, 0, 0
27.2216, 0, 0, 0, 1.41421, 0, 0, 0, 0, 0, 0, 0, 0, 0, 0, 0, 0, 0, 0, 0, 0, 0, 0, 0, 0, 0, 0, 0, 0
27.2294, 0, 0, 0, 1.41421, 0, 0, 0, 0, 0, 0, 0, 0, 0, 0, 0, 0, 0, 0, 0, 0, 0, 0, 0, 0, 0, 0, 0, 0
27.2373, 0, 0, 0, 1.41421, 0, 0, 0, 0, 0, 0, 0, 0, 0, 0, 0, 0, 0, 0, 0, 0, 0, 0, 0, 0, 0, 0, 0, 0
27.2452, 0, 0, 0, 1.41421, 0, 0, 0, 0, 0, 0, 0, 0, 0, 0, 0, 0, 0, 0, 0, 0, 0, 0, 0, 0, 0, 0, 0, 0
27.2531, 0, 0, 0, 1.41421, 0, 0, 0, 0, 0, 0, 0, 0, 0, 0, 0, 0, 0, 0, 0, 0, 0, 0, 0, 0, 0, 0, 0, 0
27.261, 0, 0, 0, 1.41421, 0, 0, 0, 0, 0, 0, 0, 0, 0, 0, 0, 0, 0, 0, 0, 0, 0, 0, 0, 0, 0, 0, 0, 0
27.2689, 0, 0, 0, 1.41421, 0, 0, 0, 0, 0, 0, 0, 0, 0, 0, 0, 0, 0, 0, 0, 0, 0, 0, 0, 0, 0, 0, 0, 0
27.2767, 0, 0, 0, 1.41421, 0, 0, 0, 0, 0, 0, 0, 0, 0, 0, 0, 0, 0, 0, 0, 0, 0, 0, 0, 0, 0, 0, 0, 0
27.2846, 0, 0, 0, 1.41421, 0, 0, 0, 0, 0, 0, 0, 0, 0, 0, 0, 0, 0, 0, 0, 0, 0, 0, 0, 0, 0, 0, 0, 0
27.2925, 0, 0, 0, 1.41421, 0, 0, 0, 0, 0, 0, 0, 0, 0, 0, 0, 0, 0, 0, 0, 0, 0, 0, 0, 0, 0, 0, 0, 0
27.3004, 0, 0, 0, 1.41421, 0, 0, 0, 0, 0, 0, 0, 0, 0, 0, 0, 0, 0, 0, 0, 0, 0, 0, 0, 0, 0, 0, 0, 0
27.3083, 0, 0, 0, 1.41421, 0, 0, 0, 0, 0, 0, 0, 0, 0, 0, 0, 0, 0, 0, 0, 0, 0, 0, 0, 0, 0, 0, 0, 0
27.3162, 0, 0, 0, 1.41421, 0, 0, 0, 0, 0, 0, 0, 0, 0, 0, 0, 0, 0, 0, 0, 0, 0, 0, 0, 0, 0, 0, 0, 0
27.324, 0, 0, 0, 1.41421, 0, 0, 0, 0, 0, 0, 0, 0, 0, 0, 0, 0, 0, 0, 0, 0, 0, 0, 0, 0, 0, 0, 0, 0
27.3319, 0, 0, 0, 1.41421, 0, 0, 0, 0, 0, 0, 0, 0, 0, 0, 0, 0, 0, 0, 0, 0, 0, 0, 0, 0, 0, 0, 0, 0
27.3398, 0, 0, 0, 1.41421, 0, 0, 0, 0, 0, 0, 0, 0, 0, 0, 0, 0, 0, 0, 0, 0, 0, 0, 0, 0, 0, 0, 0, 0
27.3477, 0, 0, 0, 1.41421, 0, 0, 0, 0, 0, 0, 0, 0, 0, 0, 0, 0, 0, 0, 0, 0, 0, 0, 0, 0, 0, 0, 0, 0
27.3556, 0, 0, 0, 1.41421, 0, 0, 0, 0, 0, 0, 0, 0, 0, 0, 0, 0, 0, 0, 0, 0, 0, 0, 0, 0, 0, 0, 0, 0
27.3635, 0, 0, 0, 1.41421, 0, 0, 0, 0, 0, 0, 0, 0, 0, 0, 0, 0, 0, 0, 0, 0, 0, 0, 0, 0, 0, 0, 0, 0
27.3713, 0, 0, 0, 1.41421, 0, 0, 0, 0, 0, 0, 0, 0, 0, 0, 0, 0, 0, 0, 0, 0, 0, 0, 0, 0, 0, 0, 0, 0
27.3792, 0, 0, 0, 1.41421, 0, 0, 0, 0, 0, 0, 0, 0, 0, 0, 0, 0, 0, 0, 0, 0, 0, 0, 0, 0, 0, 0, 0, 0
27.3871, 0, 0, 0, 1.41421, 0, 0, 0, 0, 0, 0, 0, 0, 0, 0, 0, 0, 0, 0, 0, 0, 0, 0, 0, 0, 0, 0, 0, 0
27.395, 0, 0, 0, 1.41421, 0, 0, 0, 0, 0, 0, 0, 0, 0, 0, 0, 0, 0, 0, 0, 0, 0, 0, 0, 0, 0, 0, 0, 0
27.4029, 0, 0, 0, 1.41421, 0, 0, 0, 0, 0, 0, 0, 0, 0, 0, 0, 0, 0, 0, 0, 0, 0, 0, 0, 0, 0, 0, 0, 0
27.4107, 0, 0, 0, 1.41421, 0, 0, 0, 0, 0, 0, 0, 0, 0, 0, 0, 0, 0, 0, 0, 0, 0, 0, 0, 0, 0, 0, 0, 0
27.4186, 0, 0, 0, 1.41421, 0, 0, 0, 0, 0, 0, 0, 0, 0, 0, 0, 0, 0, 0, 0, 0, 0, 0, 0, 0, 0, 0, 0, 0
27.4265, 0, 0, 0, 1.41421, 0, 0, 0, 0, 0, 0, 0, 0, 0, 0, 0, 0, 0, 0, 0, 0, 0, 0, 0, 0, 0, 0, 0, 0
27.4344, 0, 0, 0, 1.41421, 0, 0, 0, 0, 0, 0, 0, 0, 0, 0, 0, 0, 0, 0, 0, 0, 0, 0, 0, 0, 0, 0, 0, 0
27.4423, 0, 0, 0, 1.41421, 0, 0, 0, 0, 0, 0, 0, 0, 0, 0, 0, 0, 0, 0, 0, 0, 0, 0, 0, 0, 0, 0, 0, 0
27.4502, 0, 0, 0, 1.41421, 0, 0, 0, 0, 0, 0, 0, 0, 0, 0, 0, 0, 0, 0, 0, 0, 0, 0, 0, 0, 0, 0, 0, 0
27.458, 0, 0, 0, 1.41421, 0, 0, 0, 0, 0, 0, 0, 0, 0, 0, 0, 0, 0, 0, 0, 0, 0, 0, 0, 0, 0, 0, 0, 0
27.4659, 0, 0, 0, 1.41421, 0, 0, 0, 0, 0, 0, 0, 0, 0, 0, 0, 0, 0, 0, 0, 0, 0, 0, 0, 0, 0, 0, 0, 0
27.4738, 0, 0, 0, 1.41421, 0, 0, 0, 0, 0, 0, 0, 0, 0, 0, 0, 0, 0, 0, 0, 0, 0, 0, 0, 0, 0, 0, 0, 0
27.4817, 0, 0, 0, 1.41421, 0, 0, 0, 0, 0, 0, 0, 0, 0, 0, 0, 0, 0, 0, 0, 0, 0, 0, 0, 0, 0, 0, 0, 0
27.4896, 0, 0, 0, 1.41421, 0, 0, 0, 0, 0, 0, 0, 0, 0, 0, 0, 0, 0, 0, 0, 0, 0, 0, 0, 0, 0, 0, 0, 0
27.4975, 0, 0, 0, 1.41421, 0, 0, 0, 0, 0, 0, 0, 0, 0, 0, 0, 0, 0, 0, 0, 0, 0, 0, 0, 0, 0, 0, 0, 0
27.5053, 0, 0, 0, 1.41421, 0, 0, 0, 0, 0, 0, 0, 0, 0, 0, 0, 0, 0, 0, 0, 0, 0, 0, 0, 0, 0, 0, 0, 0
27.5132, 0, 0, 0, 1.41421, 0, 0, 0, 0, 0, 0, 0, 0, 0, 0, 0, 0, 0, 0, 0, 0, 0, 0, 0, 0, 0, 0, 0, 0
27.5211, 0, 0, 0, 1.41421, 0, 0, 0, 0, 0, 0, 0, 0, 0, 0, 0, 0, 0, 0, 0, 0, 0, 0, 0, 0, 0, 0, 0, 0
27.529, 0, 0, 0, 1.41421, 0, 0, 0, 0, 0, 0, 0, 0, 0, 0, 0, 0, 0, 0, 0, 0, 0, 0, 0, 0, 0, 0, 0, 0
27.5369, 0, 0, 0, 1.41421, 0, 0, 0, 0, 0, 0, 0, 0, 0, 0, 0, 0, 0, 0, 0, 0, 0, 0, 0, 0, 0, 0, 0, 0
27.5448, 0, 0, 0, 1.41421, 0, 0, 0, 0, 0, 0, 0, 0, 0, 0, 0, 0, 0, 0, 0, 0, 0, 0, 0, 0, 0, 0, 0, 0
27.5526, 0, 0, 0, 1.41421, 0, 0, 0, 0, 0, 0, 0, 0, 0, 0, 0, 0, 0, 0, 0, 0, 0, 0, 0, 0, 0, 0, 0, 0
27.5605, 0, 0, 0, 1.41421, 0, 0, 0, 0, 0, 0, 0, 0, 0, 0, 0, 0, 0, 0, 0, 0, 0, 0, 0, 0, 0, 0, 0, 0
27.5684, 0, 0, 0, 1.41421, 0, 0, 0, 0, 0, 0, 0, 0, 0, 0, 0, 0, 0, 0, 0, 0, 0, 0, 0, 0, 0, 0, 0, 0
27.5763, 0, 0, 0, 1.41421, 0, 0, 0, 0, 0, 0, 0, 0, 0, 0, 0, 0, 0, 0, 0, 0, 0, 0, 0, 0, 0, 0, 0, 0
27.5842, 0, 0, 0, 1.41421, 0, 0, 0, 0, 0, 0, 0, 0, 0, 0, 0, 0, 0, 0, 0, 0, 0, 0, 0, 0, 0, 0, 0, 0
27.5921, 0, 0, 0, 1.41421, 0, 0, 0, 0, 0, 0, 0, 0, 0, 0, 0, 0, 0, 0, 0, 0, 0, 0, 0, 0, 0, 0, 0, 0
27.5999, 0, 0, 0, 1.41421, 0, 0, 0, 0, 0, 0, 0, 0, 0, 0, 0, 0, 0, 0, 0, 0, 0, 0, 0, 0, 0, 0, 0, 0
27.6078, 0, 0, 0, 1.41421, 0, 0, 0, 0, 0, 0, 0, 0, 0, 0, 0, 0, 0, 0, 0, 0, 0, 0, 0, 0, 0, 0, 0, 0
27.6157, 0, 0, 0, 1.41421, 0, 0, 0, 0, 0, 0, 0, 0, 0, 0, 0, 0, 0, 0, 0, 0, 0, 0, 0, 0, 0, 0, 0, 0
27.6236, 0, 0, 0, 1.41421, 0, 0, 0, 0, 0, 0, 0, 0, 0, 0, 0, 0, 0, 0, 0, 0, 0, 0, 0, 0, 0, 0, 0, 0
27.6315, 0, 0, 0, 1.41421, 0, 0, 0, 0, 0, 0, 0, 0, 0, 0, 0, 0, 0, 0, 0, 0, 0, 0, 0, 0, 0, 0, 0, 0
27.6394, 0, 0, 0, 1.41421, 0, 0, 0, 0, 0, 0, 0, 0, 0, 0, 0, 0, 0, 0, 0, 0, 0, 0, 0, 0, 0, 0, 0, 0
27.6472, 0, 0, 0, 1.41421, 0, 0, 0, 0, 0, 0, 0, 0, 0, 0, 0, 0, 0, 0, 0, 0, 0, 0, 0, 0, 0, 0, 0, 0
27.6551, 0, 0, 0, 1.41421, 0, 0, 0, 0, 0, 0, 0, 0, 0, 0, 0, 0, 0, 0, 0, 0, 0, 0, 0, 0, 0, 0, 0, 0
27.663, 0, 0, 0, 1.41421, 0, 0, 0, 0, 0, 0, 0, 0, 0, 0, 0, 0, 0, 0, 0, 0, 0, 0, 0, 0, 0, 0, 0, 0
27.6709, 0, 0, 0, 1.41421, 0, 0, 0, 0, 0, 0, 0, 0, 0, 0, 0, 0, 0, 0, 0, 0, 0, 0, 0, 0, 0, 0, 0, 0
27.6788, 0, 0, 0, 1.41421, 0, 0, 0, 0, 0, 0, 0, 0, 0, 0, 0, 0, 0, 0, 0, 0, 0, 0, 0, 0, 0, 0, 0, 0
27.6866, 0, 0, 0, 1.41421, 0, 0, 0, 0, 0, 0, 0, 0, 0, 0, 0, 0, 0, 0, 0, 0, 0, 0, 0, 0, 0, 0, 0, 0
27.6945, 0, 0, 0, 1.41421, 0, 0, 0, 0, 0, 0, 0, 0, 0, 0, 0, 0, 0, 0, 0, 0, 0, 0, 0, 0, 0, 0, 0, 0
27.7024, 0, 0, 0, 1.41421, 0, 0, 0, 0, 0, 0, 0, 0, 0, 0, 0, 0, 0, 0, 0, 0, 0, 0, 0, 0, 0, 0, 0, 0
27.7103, 0, 0, 0, 1.41421, 0, 0, 0, 0, 0, 0, 0, 0, 0, 0, 0, 0, 0, 0, 0, 0, 0, 0, 0, 0, 0, 0, 0, 0
27.7182, 0, 0, 0, 1.41421, 0, 0, 0, 0, 0, 0, 0, 0, 0, 0, 0, 0, 0, 0, 0, 0, 0, 0, 0, 0, 0, 0, 0, 0
27.7261, 0, 0, 0, 1.41421, 0, 0, 0, 0, 0, 0, 0, 0, 0, 0, 0, 0, 0, 0, 0, 0, 0, 0, 0, 0, 0, 0, 0, 0
27.7339, 0, 0, 0, 1.41421, 0, 0, 0, 0, 0, 0, 0, 0, 0, 0, 0, 0, 0, 0, 0, 0, 0, 0, 0, 0, 0, 0, 0, 0
27.7418, 0, 0, 0, 1.41421, 0, 0, 0, 0, 0, 0, 0, 0, 0, 0, 0, 0, 0, 0, 0, 0, 0, 0, 0, 0, 0, 0, 0, 0
27.7497, 0, 0, 0, 1.41421, 0, 0, 0, 0, 0, 0, 0, 0, 0, 0, 0, 0, 0, 0, 0, 0, 0, 0, 0, 0, 0, 0, 0, 0
27.7576, 0, 0, 0, 1.41421, 0, 0, 0, 0, 0, 0, 0, 0, 0, 0, 0, 0, 0, 0, 0, 0, 0, 0, 0, 0, 0, 0, 0, 0
27.7655, 0, 0, 0, 1.41421, 0, 0, 0, 0, 0, 0, 0, 0, 0, 0, 0, 0, 0, 0, 0, 0, 0, 0, 0, 0, 0, 0, 0, 0
27.7734, 0, 0, 0, 1.41421, 0, 0, 0, 0, 0, 0, 0, 0, 0, 0, 0, 0, 0, 0, 0, 0, 0, 0, 0, 0, 0, 0, 0, 0
27.7812, 0, 0, 0, 1.41421, 0, 0, 0, 0, 0, 0, 0, 0, 0, 0, 0, 0, 0, 0, 0, 0, 0, 0, 0, 0, 0, 0, 0, 0
27.7891, 0, 0, 0, 1.41421, 0, 0, 0, 0, 0, 0, 0, 0, 0, 0, 0, 0, 0, 0, 0, 0, 0, 0, 0, 0, 0, 0, 0, 0
27.797, 0, 0, 0, 1.41421, 0, 0, 0, 0, 0, 0, 0, 0, 0, 0, 0, 0, 0, 0, 0, 0, 0, 0, 0, 0, 0, 0, 0, 0
27.8049, 0, 0, 0, 1.41421, 0, 0, 0, 0, 0, 0, 0, 0, 0, 0, 0, 0, 0, 0, 0, 0, 0, 0, 0, 0, 0, 0, 0, 0
27.8128, 0, 0, 0, 1.41421, 0, 0, 0, 0, 0, 0, 0, 0, 0, 0, 0, 0, 0, 0, 0, 0, 0, 0, 0, 0, 0, 0, 0, 0
27.8207, 0, 0, 0, 1.41421, 0, 0, 0, 0, 0, 0, 0, 0, 0, 0, 0, 0, 0, 0, 0, 0, 0, 0, 0, 0, 0, 0, 0, 0
27.8285, 0, 0, 0, 1.41421, 0, 0, 0, 0, 0, 0, 0, 0, 0, 0, 0, 0, 0, 0, 0, 0, 0, 0, 0, 0, 0, 0, 0, 0
27.8364, 0, 0, 0, 1.41421, 0, 0, 0, 0, 0, 0, 0, 0, 0, 0, 0, 0, 0, 0, 0, 0, 0, 0, 0, 0, 0, 0, 0, 0
27.8443, 0, 0, 0, 1.41421, 0, 0, 0, 0, 0, 0, 0, 0, 0, 0, 0, 0, 0, 0, 0, 0, 0, 0, 0, 0, 0, 0, 0, 0
27.8522, 0, 0, 0, 1.41421, 0, 0, 0, 0, 0, 0, 0, 0, 0, 0, 0, 0, 0, 0, 0, 0, 0, 0, 0, 0, 0, 0, 0, 0
27.8601, 0, 0, 0, 1.41421, 0, 0, 0, 0, 0, 0, 0, 0, 0, 0, 0, 0, 0, 0, 0, 0, 0, 0, 0, 0, 0, 0, 0, 0
27.868, 0, 0, 0, 1.41421, 0, 0, 0, 0, 0, 0, 0, 0, 0, 0, 0, 0, 0, 0, 0, 0, 0, 0, 0, 0, 0, 0, 0, 0
27.8758, 0, 0, 0, 1.41421, 0, 0, 0, 0, 0, 0, 0, 0, 0, 0, 0, 0, 0, 0, 0, 0, 0, 0, 0, 0, 0, 0, 0, 0
27.8837, 0, 0, 0, 1.41421, 0, 0, 0, 0, 0, 0, 0, 0, 0, 0, 0, 0, 0, 0, 0, 0, 0, 0, 0, 0, 0, 0, 0, 0
27.8916, 0, 0, 0, 1.41421, 0, 0, 0, 0, 0, 0, 0, 0, 0, 0, 0, 0, 0, 0, 0, 0, 0, 0, 0, 0, 0, 0, 0, 0
27.8995, 0, 0, 0, 1.41421, 0, 0, 0, 0, 0, 0, 0, 0, 0, 0, 0, 0, 0, 0, 0, 0, 0, 0, 0, 0, 0, 0, 0, 0
27.9074, 0, 0, 0, 1.41421, 0, 0, 0, 0, 0, 0, 0, 0, 0, 0, 0, 0, 0, 0, 0, 0, 0, 0, 0, 0, 0, 0, 0, 0
27.9153, 0, 0, 0, 1.41421, 0, 0, 0, 0, 0, 0, 0, 0, 0, 0, 0, 0, 0, 0, 0, 0, 0, 0, 0, 0, 0, 0, 0, 0
27.9231, 0, 0, 0, 1.41421, 0, 0, 0, 0, 0, 0, 0, 0, 0, 0, 0, 0, 0, 0, 0, 0, 0, 0, 0, 0, 0, 0, 0, 0
27.931, 0, 0, 0, 1.41421, 0, 0, 0, 0, 0, 0, 0, 0, 0, 0, 0, 0, 0, 0, 0, 0, 0, 0, 0, 0, 0, 0, 0, 0
27.9389, 0, 0, 0, 1.41421, 0, 0, 0, 0, 0, 0, 0, 0, 0, 0, 0, 0, 0, 0, 0, 0, 0, 0, 0, 0, 0, 0, 0, 0
27.9468, 0, 0, 0, 1.41421, 0, 0, 0, 0, 0, 0, 0, 0, 0, 0, 0, 0, 0, 0, 0, 0, 0, 0, 0, 0, 0, 0, 0, 0
27.9547, 0, 0, 0, 1.41421, 0, 0, 0, 0, 0, 0, 0, 0, 0, 0, 0, 0, 0, 0, 0, 0, 0, 0, 0, 0, 0, 0, 0, 0
27.9625, 0, 0, 0, 1.41421, 0, 0, 0, 0, 0, 0, 0, 0, 0, 0, 0, 0, 0, 0, 0, 0, 0, 0, 0, 0, 0, 0, 0, 0
27.9704, 0, 0, 0, 1.41421, 0, 0, 0, 0, 0, 0, 0, 0, 0, 0, 0, 0, 0, 0, 0, 0, 0, 0, 0, 0, 0, 0, 0, 0
27.9783, 0, 0, 0, 1.41421, 0, 0, 0, 0, 0, 0, 0, 0, 0, 0, 0, 0, 0, 0, 0, 0, 0, 0, 0, 0, 0, 0, 0, 0
27.9862, 0, 0, 0, 1.41421, 0, 0, 0, 0, 0, 0, 0, 0, 0, 0, 0, 0, 0, 0, 0, 0, 0, 0, 0, 0, 0, 0, 0, 0
27.9941, 0, 0, 0, 1.41421, 0, 0, 0, 0, 0, 0, 0, 0, 0, 0, 0, 0, 0, 0, 0, 0, 0, 0, 0, 0, 0, 0, 0, 0
28.002, 0, 0, 0, 1.41421, 0, 0, 0, 0, 0, 0, 0, 0, 0, 0, 0, 0, 0, 0, 0, 0, 0, 0, 0, 0, 0, 0, 0, 0
28.0098, 0, 0, 0, 1.41421, 0, 0, 0, 0, 0, 0, 0, 0, 0, 0, 0, 0, 0, 0, 0, 0, 0, 0, 0, 0, 0, 0, 0, 0
28.0177, 0, 0, 0, 1.41421, 0, 0, 0, 0, 0, 0, 0, 0, 0, 0, 0, 0, 0, 0, 0, 0, 0, 0, 0, 0, 0, 0, 0, 0
28.0256, 0, 0, 0, 1.41421, 0, 0, 0, 0, 0, 0, 0, 0, 0, 0, 0, 0, 0, 0, 0, 0, 0, 0, 0, 0, 0, 0, 0, 0
28.0335, 0, 0, 0, 1.41421, 0, 0, 0, 0, 0, 0, 0, 0, 0, 0, 0, 0, 0, 0, 0, 0, 0, 0, 0, 0, 0, 0, 0, 0
28.0414, 0, 0, 0, 1.41421, 0, 0, 0, 0, 0, 0, 0, 0, 0, 0, 0, 0, 0, 0, 0, 0, 0, 0, 0, 0, 0, 0, 0, 0
28.0493, 0, 0, 0, 1.41421, 0, 0, 0, 0, 0, 0, 0, 0, 0, 0, 0, 0, 0, 0, 0, 0, 0, 0, 0, 0, 0, 0, 0, 0
28.0571, 0, 0, 0, 1.41421, 0, 0, 0, 0, 0, 0, 0, 0, 0, 0, 0, 0, 0, 0, 0, 0, 0, 0, 0, 0, 0, 0, 0, 0
28.065, 0, 0, 0, 1.41421, 0, 0, 0, 0, 0, 0, 0, 0, 0, 0, 0, 0, 0, 0, 0, 0, 0, 0, 0, 0, 0, 0, 0, 0
28.0729, 0, 0, 0, 1.41421, 0, 0, 0, 0, 0, 0, 0, 0, 0, 0, 0, 0, 0, 0, 0, 0, 0, 0, 0, 0, 0, 0, 0, 0
28.0808, 0, 0, 0, 1.41421, 0, 0, 0, 0, 0, 0, 0, 0, 0, 0, 0, 0, 0, 0, 0, 0, 0, 0, 0, 0, 0, 0, 0, 0
28.0887, 0, 0, 0, 1.41421, 0, 0, 0, 0, 0, 0, 0, 0, 0, 0, 0, 0, 0, 0, 0, 0, 0, 0, 0, 0, 0, 0, 0, 0
28.0966, 0, 0, 0, 1.41421, 0, 0, 0, 0, 0, 0, 0, 0, 0, 0, 0, 0, 0, 0, 0, 0, 0, 0, 0, 0, 0, 0, 0, 0
28.1044, 0, 0, 0, 1.41421, 0, 0, 0, 0, 0, 0, 0, 0, 0, 0, 0, 0, 0, 0, 0, 0, 0, 0, 0, 0, 0, 0, 0, 0
28.1123, 0, 0, 0, 1.41421, 0, 0, 0, 0, 0, 0, 0, 0, 0, 0, 0, 0, 0, 0, 0, 0, 0, 0, 0, 0, 0, 0, 0, 0
28.1202, 0, 0, 0, 1.41421, 0, 0, 0, 0, 0, 0, 0, 0, 0, 0, 0, 0, 0, 0, 0, 0, 0, 0, 0, 0, 0, 0, 0, 0
28.1281, 0, 0, 0, 1.41421, 0, 0, 0, 0, 0, 0, 0, 0, 0, 0, 0, 0, 0, 0, 0, 0, 0, 0, 0, 0, 0, 0, 0, 0
28.136, 0, 0, 0, 1.41421, 0, 0, 0, 0, 0, 0, 0, 0, 0, 0, 0, 0, 0, 0, 0, 0, 0, 0, 0, 0, 0, 0, 0, 0
28.1439, 0, 0, 0, 1.41421, 0, 0, 0, 0, 0, 0, 0, 0, 0, 0, 0, 0, 0, 0, 0, 0, 0, 0, 0, 0, 0, 0, 0, 0
28.1517, 0, 0, 0, 1.41421, 0, 0, 0, 0, 0, 0, 0, 0, 0, 0, 0, 0, 0, 0, 0, 0, 0, 0, 0, 0, 0, 0, 0, 0
28.1596, 0, 0, 0, 1.41421, 0, 0, 0, 0, 0, 0, 0, 0, 0, 0, 0, 0, 0, 0, 0, 0, 0, 0, 0, 0, 0, 0, 0, 0
28.1675, 0, 0, 0, 1.41421, 0, 0, 0, 0, 0, 0, 0, 0, 0, 0, 0, 0, 0, 0, 0, 0, 0, 0, 0, 0, 0, 0, 0, 0
28.1754, 0, 0, 0, 1.41421, 0, 0, 0, 0, 0, 0, 0, 0, 0, 0, 0, 0, 0, 0, 0, 0, 0, 0, 0, 0, 0, 0, 0, 0
28.1833, 0, 0, 0, 1.41421, 0, 0, 0, 0, 0, 0, 0, 0, 0, 0, 0, 0, 0, 0, 0, 0, 0, 0, 0, 0, 0, 0, 0, 0
28.1911, 0, 0, 0, 1.41421, 0, 0, 0, 0, 0, 0, 0, 0, 0, 0, 0, 0, 0, 0, 0, 0, 0, 0, 0, 0, 0, 0, 0, 0
28.199, 0, 0, 0, 1.41421, 0, 0, 0, 0, 0, 0, 0, 0, 0, 0, 0, 0, 0, 0, 0, 0, 0, 0, 0, 0, 0, 0, 0, 0
28.2069, 0, 0, 0, 1.41421, 0, 0, 0, 0, 0, 0, 0, 0, 0, 0, 0, 0, 0, 0, 0, 0, 0, 0, 0, 0, 0, 0, 0, 0
28.2148, 0, 0, 0, 1.41421, 0, 0, 0, 0, 0, 0, 0, 0, 0, 0, 0, 0, 0, 0, 0, 0, 0, 0, 0, 0, 0, 0, 0, 0
28.2227, 0, 0, 0, 1.41421, 0, 0, 0, 0, 0, 0, 0, 0, 0, 0, 0, 0, 0, 0, 0, 0, 0, 0, 0, 0, 0, 0, 0, 0
28.2306, 0, 0, 0, 1.41421, 0, 0, 0, 0, 0, 0, 0, 0, 0, 0, 0, 0, 0, 0, 0, 0, 0, 0, 0, 0, 0, 0, 0, 0
28.2384, 0, 0, 0, 1.41421, 0, 0, 0, 0, 0, 0, 0, 0, 0, 0, 0, 0, 0, 0, 0, 0, 0, 0, 0, 0, 0, 0, 0, 0
28.2463, 0, 0, 0, 1.41421, 0, 0, 0, 0, 0, 0, 0, 0, 0, 0, 0, 0, 0, 0, 0, 0, 0, 0, 0, 0, 0, 0, 0, 0
28.2542, 0, 0, 0, 1.41421, 0, 0, 0, 0, 0, 0, 0, 0, 0, 0, 0, 0, 0, 0, 0, 0, 0, 0, 0, 0, 0, 0, 0, 0
28.2621, 0, 0, 0, 1.41421, 0, 0, 0, 0, 0, 0, 0, 0, 0, 0, 0, 0, 0, 0, 0, 0, 0, 0, 0, 0, 0, 0, 0, 0
28.27, 0, 0, 0, 1.41421, 0, 0, 0, 0, 0, 0, 0, 0, 0, 0, 0, 0, 0, 0, 0, 0, 0, 0, 0, 0, 0, 0, 0, 0
28.2779, 0, 0, 0, 1.41421, 0, 0, 0, 0, 0, 0, 0, 0, 0, 0, 0, 0, 0, 0, 0, 0, 0, 0, 0, 0, 0, 0, 0, 0
28.2857, 0, 0, 0, 1.41421, 0, 0, 0, 0, 0, 0, 0, 0, 0, 0, 0, 0, 0, 0, 0, 0, 0, 0, 0, 0, 0, 0, 0, 0
28.2936, 0, 0, 0, 1.41421, 0, 0, 0, 0, 0, 0, 0, 0, 0, 0, 0, 0, 0, 0, 0, 0, 0, 0, 0, 0, 0, 0, 0, 0
28.3015, 0, 0, 0, 1.41421, 0, 0, 0, 0, 0, 0, 0, 0, 0, 0, 0, 0, 0, 0, 0, 0, 0, 0, 0, 0, 0, 0, 0, 0
28.3094, 0, 0, 0, 1.41421, 0, 0, 0, 0, 0, 0, 0, 0, 0, 0, 0, 0, 0, 0, 0, 0, 0, 0, 0, 0, 0, 0, 0, 0
28.3173, 0, 0, 0, 1.41421, 0, 0, 0, 0, 0, 0, 0, 0, 0, 0, 0, 0, 0, 0, 0, 0, 0, 0, 0, 0, 0, 0, 0, 0
28.3252, 0, 0, 0, 1.41421, 0, 0, 0, 0, 0, 0, 0, 0, 0, 0, 0, 0, 0, 0, 0, 0, 0, 0, 0, 0, 0, 0, 0, 0
28.333, 0, 0, 0, 1.41421, 0, 0, 0, 0, 0, 0, 0, 0, 0, 0, 0, 0, 0, 0, 0, 0, 0, 0, 0, 0, 0, 0, 0, 0
28.3409, 0, 0, 0, 1.41421, 0, 0, 0, 0, 0, 0, 0, 0, 0, 0, 0, 0, 0, 0, 0, 0, 0, 0, 0, 0, 0, 0, 0, 0
28.3488, 0, 0, 0, 1.41421, 0, 0, 0, 0, 0, 0, 0, 0, 0, 0, 0, 0, 0, 0, 0, 0, 0, 0, 0, 0, 0, 0, 0, 0
28.3567, 0, 0, 0, 1.41421, 0, 0, 0, 0, 0, 0, 0, 0, 0, 0, 0, 0, 0, 0, 0, 0, 0, 0, 0, 0, 0, 0, 0, 0
28.3646, 0, 0, 0, 1.41421, 0, 0, 0, 0, 0, 0, 0, 0, 0, 0, 0, 0, 0, 0, 0, 0, 0, 0, 0, 0, 0, 0, 0, 0
28.3725, 0, 0, 0, 1.41421, 0, 0, 0, 0, 0, 0, 0, 0, 0, 0, 0, 0, 0, 0, 0, 0, 0, 0, 0, 0, 0, 0, 0, 0
28.3803, 0, 0, 0, 1.41421, 0, 0, 0, 0, 0, 0, 0, 0, 0, 0, 0, 0, 0, 0, 0, 0, 0, 0, 0, 0, 0, 0, 0, 0
28.3882, 0, 0, 0, 1.41421, 0, 0, 0, 0, 0, 0, 0, 0, 0, 0, 0, 0, 0, 0, 0, 0, 0, 0, 0, 0, 0, 0, 0, 0
28.3961, 0, 0, 0, 1.41421, 0, 0, 0, 0, 0, 0, 0, 0, 0, 0, 0, 0, 0, 0, 0, 0, 0, 0, 0, 0, 0, 0, 0, 0
28.404, 0, 0, 0, 1.41421, 0, 0, 0, 0, 0, 0, 0, 0, 0, 0, 0, 0, 0, 0, 0, 0, 0, 0, 0, 0, 0, 0, 0, 0
28.4119, 0, 0, 0, 1.41421, 0, 0, 0, 0, 0, 0, 0, 0, 0, 0, 0, 0, 0, 0, 0, 0, 0, 0, 0, 0, 0, 0, 0, 0
28.4198, 0, 0, 0, 1.41421, 0, 0, 0, 0, 0, 0, 0, 0, 0, 0, 0, 0, 0, 0, 0, 0, 0, 0, 0, 0, 0, 0, 0, 0
28.4276, 0, 0, 0, 1.41421, 0, 0, 0, 0, 0, 0, 0, 0, 0, 0, 0, 0, 0, 0, 0, 0, 0, 0, 0, 0, 0, 0, 0, 0
28.4355, 0, 0, 0, 1.41421, 0, 0, 0, 0, 0, 0, 0, 0, 0, 0, 0, 0, 0, 0, 0, 0, 0, 0, 0, 0, 0, 0, 0, 0
28.4434, 0, 0, 0, 1.41421, 0, 0, 0, 0, 0, 0, 0, 0, 0, 0, 0, 0, 0, 0, 0, 0, 0, 0, 0, 0, 0, 0, 0, 0
28.4513, 0, 0, 0, 1.41421, 0, 0, 0, 0, 0, 0, 0, 0, 0, 0, 0, 0, 0, 0, 0, 0, 0, 0, 0, 0, 0, 0, 0, 0
28.4592, 0, 0, 0, 1.41421, 0, 0, 0, 0, 0, 0, 0, 0, 0, 0, 0, 0, 0, 0, 0, 0, 0, 0, 0, 0, 0, 0, 0, 0
28.467, 0, 0, 0, 1.41421, 0, 0, 0, 0, 0, 0, 0, 0, 0, 0, 0, 0, 0, 0, 0, 0, 0, 0, 0, 0, 0, 0, 0, 0
28.4749, 0, 0, 0, 1.41421, 0, 0, 0, 0, 0, 0, 0, 0, 0, 0, 0, 0, 0, 0, 0, 0, 0, 0, 0, 0, 0, 0, 0, 0
28.4828, 0, 0, 0, 1.41421, 0, 0, 0, 0, 0, 0, 0, 0, 0, 0, 0, 0, 0, 0, 0, 0, 0, 0, 0, 0, 0, 0, 0, 0
28.4907, 0, 0, 0, 1.41421, 0, 0, 0, 0, 0, 0, 0, 0, 0, 0, 0, 0, 0, 0, 0, 0, 0, 0, 0, 0, 0, 0, 0, 0
28.4986, 0, 0, 0, 1.41421, 0, 0, 0, 0, 0, 0, 0, 0, 0, 0, 0, 0, 0, 0, 0, 0, 0, 0, 0, 0, 0, 0, 0, 0
28.5065, 0, 0, 0, 1.41421, 0, 0, 0, 0, 0, 0, 0, 0, 0, 0, 0, 0, 0, 0, 0, 0, 0, 0, 0, 0, 0, 0, 0, 0
28.5143, 0, 0, 0, 1.41421, 0, 0, 0, 0, 0, 0, 0, 0, 0, 0, 0, 0, 0, 0, 0, 0, 0, 0, 0, 0, 0, 0, 0, 0
28.5222, 0, 0, 0, 1.41421, 0, 0, 0, 0, 0, 0, 0, 0, 0, 0, 0, 0, 0, 0, 0, 0, 0, 0, 0, 0, 0, 0, 0, 0
28.5301, 0, 0, 0, 1.41421, 0, 0, 0, 0, 0, 0, 0, 0, 0, 0, 0, 0, 0, 0, 0, 0, 0, 0, 0, 0, 0, 0, 0, 0
28.538, 0, 0, 0, 1.41421, 0, 0, 0, 0, 0, 0, 0, 0, 0, 0, 0, 0, 0, 0, 0, 0, 0, 0, 0, 0, 0, 0, 0, 0
28.5459, 0, 0, 0, 1.41421, 0, 0, 0, 0, 0, 0, 0, 0, 0, 0, 0, 0, 0, 0, 0, 0, 0, 0, 0, 0, 0, 0, 0, 0
28.5538, 0, 0, 0, 1.41421, 0, 0, 0, 0, 0, 0, 0, 0, 0, 0, 0, 0, 0, 0, 0, 0, 0, 0, 0, 0, 0, 0, 0, 0
28.5616, 0, 0, 0, 1.41421, 0, 0, 0, 0, 0, 0, 0, 0, 0, 0, 0, 0, 0, 0, 0, 0, 0, 0, 0, 0, 0, 0, 0, 0
28.5695, 0, 0, 0, 1.41421, 0, 0, 0, 0, 0, 0, 0, 0, 0, 0, 0, 0, 0, 0, 0, 0, 0, 0, 0, 0, 0, 0, 0, 0
28.5774, 0, 0, 0, 1.41421, 0, 0, 0, 0, 0, 0, 0, 0, 0, 0, 0, 0, 0, 0, 0, 0, 0, 0, 0, 0, 0, 0, 0, 0
28.5853, 0, 0, 0, 1.41421, 0, 0, 0, 0, 0, 0, 0, 0, 0, 0, 0, 0, 0, 0, 0, 0, 0, 0, 0, 0, 0, 0, 0, 0
28.5932, 0, 0, 0, 1.41421, 0, 0, 0, 0, 0, 0, 0, 0, 0, 0, 0, 0, 0, 0, 0, 0, 0, 0, 0, 0, 0, 0, 0, 0
28.6011, 0, 0, 0, 1.41421, 0, 0, 0, 0, 0, 0, 0, 0, 0, 0, 0, 0, 0, 0, 0, 0, 0, 0, 0, 0, 0, 0, 0, 0
28.6089, 0, 0, 0, 1.41421, 0, 0, 0, 0, 0, 0, 0, 0, 0, 0, 0, 0, 0, 0, 0, 0, 0, 0, 0, 0, 0, 0, 0, 0
28.6168, 0, 0, 0, 1.41421, 0, 0, 0, 0, 0, 0, 0, 0, 0, 0, 0, 0, 0, 0, 0, 0, 0, 0, 0, 0, 0, 0, 0, 0
28.6247, 0, 0, 0, 1.41421, 0, 0, 0, 0, 0, 0, 0, 0, 0, 0, 0, 0, 0, 0, 0, 0, 0, 0, 0, 0, 0, 0, 0, 0
28.6326, 0, 0, 0, 1.41421, 0, 0, 0, 0, 0, 0, 0, 0, 0, 0, 0, 0, 0, 0, 0, 0, 0, 0, 0, 0, 0, 0, 0, 0
28.6405, 0, 0, 0, 1.41421, 0, 0, 0, 0, 0, 0, 0, 0, 0, 0, 0, 0, 0, 0, 0, 0, 0, 0, 0, 0, 0, 0, 0, 0
28.6484, 0, 0, 0, 1.41421, 0, 0, 0, 0, 0, 0, 0, 0, 0, 0, 0, 0, 0, 0, 0, 0, 0, 0, 0, 0, 0, 0, 0, 0
28.6562, 0, 0, 0, 1.41421, 0, 0, 0, 0, 0, 0, 0, 0, 0, 0, 0, 0, 0, 0, 0, 0, 0, 0, 0, 0, 0, 0, 0, 0
28.6641, 0, 0, 0, 1.41421, 0, 0, 0, 0, 0, 0, 0, 0, 0, 0, 0, 0, 0, 0, 0, 0, 0, 0, 0, 0, 0, 0, 0, 0
28.672, 0, 0, 0, 1.41421, 0, 0, 0, 0, 0, 0, 0, 0, 0, 0, 0, 0, 0, 0, 0, 0, 0, 0, 0, 0, 0, 0, 0, 0
28.6799, 0, 0, 0, 1.41421, 0, 0, 0, 0, 0, 0, 0, 0, 0, 0, 0, 0, 0, 0, 0, 0, 0, 0, 0, 0, 0, 0, 0, 0
28.6878, 0, 0, 0, 1.41421, 0, 0, 0, 0, 0, 0, 0, 0, 0, 0, 0, 0, 0, 0, 0, 0, 0, 0, 0, 0, 0, 0, 0, 0
28.6956, 0, 0, 0, 1.41421, 0, 0, 0, 0, 0, 0, 0, 0, 0, 0, 0, 0, 0, 0, 0, 0, 0, 0, 0, 0, 0, 0, 0, 0
28.7035, 0, 0, 0, 1.41421, 0, 0, 0, 0, 0, 0, 0, 0, 0, 0, 0, 0, 0, 0, 0, 0, 0, 0, 0, 0, 0, 0, 0, 0
28.7114, 0, 0, 0, 1.41421, 0, 0, 0, 0, 0, 0, 0, 0, 0, 0, 0, 0, 0, 0, 0, 0, 0, 0, 0, 0, 0, 0, 0, 0
28.7193, 0, 0, 0, 1.41421, 0, 0, 0, 0, 0, 0, 0, 0, 0, 0, 0, 0, 0, 0, 0, 0, 0, 0, 0, 0, 0, 0, 0, 0
28.7272, 0, 0, 0, 1.41421, 0, 0, 0, 0, 0, 0, 0, 0, 0, 0, 0, 0, 0, 0, 0, 0, 0, 0, 0, 0, 0, 0, 0, 0
28.7351, 0, 0, 0, 1.41421, 0, 0, 0, 0, 0, 0, 0, 0, 0, 0, 0, 0, 0, 0, 0, 0, 0, 0, 0, 0, 0, 0, 0, 0
28.7429, 0, 0, 0, 1.41421, 0, 0, 0, 0, 0, 0, 0, 0, 0, 0, 0, 0, 0, 0, 0, 0, 0, 0, 0, 0, 0, 0, 0, 0
28.7508, 0, 0, 0, 1.41421, 0, 0, 0, 0, 0, 0, 0, 0, 0, 0, 0, 0, 0, 0, 0, 0, 0, 0, 0, 0, 0, 0, 0, 0
28.7587, 0, 0, 0, 1.41421, 0, 0, 0, 0, 0, 0, 0, 0, 0, 0, 0, 0, 0, 0, 0, 0, 0, 0, 0, 0, 0, 0, 0, 0
28.7666, 0, 0, 0, 1.41421, 0, 0, 0, 0, 0, 0, 0, 0, 0, 0, 0, 0, 0, 0, 0, 0, 0, 0, 0, 0, 0, 0, 0, 0
28.7745, 0, 0, 0, 1.41421, 0, 0, 0, 0, 0, 0, 0, 0, 0, 0, 0, 0, 0, 0, 0, 0, 0, 0, 0, 0, 0, 0, 0, 0
28.7824, 0, 0, 0, 1.41421, 0, 0, 0, 0, 0, 0, 0, 0, 0, 0, 0, 0, 0, 0, 0, 0, 0, 0, 0, 0, 0, 0, 0, 0
28.7902, 0, 0, 0, 1.41421, 0, 0, 0, 0, 0, 0, 0, 0, 0, 0, 0, 0, 0, 0, 0, 0, 0, 0, 0, 0, 0, 0, 0, 0
28.7981, 0, 0, 0, 1.41421, 0, 0, 0, 0, 0, 0, 0, 0, 0, 0, 0, 0, 0, 0, 0, 0, 0, 0, 0, 0, 0, 0, 0, 0
28.806, 0, 0, 0, 1.41421, 0, 0, 0, 0, 0, 0, 0, 0, 0, 0, 0, 0, 0, 0, 0, 0, 0, 0, 0, 0, 0, 0, 0, 0
28.8139, 0, 0, 0, 1.41421, 0, 0, 0, 0, 0, 0, 0, 0, 0, 0, 0, 0, 0, 0, 0, 0, 0, 0, 0, 0, 0, 0, 0, 0
28.8218, 0, 0, 0, 1.41421, 0, 0, 0, 0, 0, 0, 0, 0, 0, 0, 0, 0, 0, 0, 0, 0, 0, 0, 0, 0, 0, 0, 0, 0
28.8297, 0, 0, 0, 1.41421, 0, 0, 0, 0, 0, 0, 0, 0, 0, 0, 0, 0, 0, 0, 0, 0, 0, 0, 0, 0, 0, 0, 0, 0
28.8375, 0, 0, 0, 1.41421, 0, 0, 0, 0, 0, 0, 0, 0, 0, 0, 0, 0, 0, 0, 0, 0, 0, 0, 0, 0, 0, 0, 0, 0
28.8454, 0, 0, 0, 1.41421, 0, 0, 0, 0, 0, 0, 0, 0, 0, 0, 0, 0, 0, 0, 0, 0, 0, 0, 0, 0, 0, 0, 0, 0
28.8533, 0, 0, 0, 1.41421, 0, 0, 0, 0, 0, 0, 0, 0, 0, 0, 0, 0, 0, 0, 0, 0, 0, 0, 0, 0, 0, 0, 0, 0
28.8612, 0, 0, 0, 1.41421, 0, 0, 0, 0, 0, 0, 0, 0, 0, 0, 0, 0, 0, 0, 0, 0, 0, 0, 0, 0, 0, 0, 0, 0
28.8691, 0, 0, 0, 1.41421, 0, 0, 0, 0, 0, 0, 0, 0, 0, 0, 0, 0, 0, 0, 0, 0, 0, 0, 0, 0, 0, 0, 0, 0
28.877, 0, 0, 0, 1.41421, 0, 0, 0, 0, 0, 0, 0, 0, 0, 0, 0, 0, 0, 0, 0, 0, 0, 0, 0, 0, 0, 0, 0, 0
28.8848, 0, 0, 0, 1.41421, 0, 0, 0, 0, 0, 0, 0, 0, 0, 0, 0, 0, 0, 0, 0, 0, 0, 0, 0, 0, 0, 0, 0, 0
28.8927, 0, 0, 0, 1.41421, 0, 0, 0, 0, 0, 0, 0, 0, 0, 0, 0, 0, 0, 0, 0, 0, 0, 0, 0, 0, 0, 0, 0, 0
28.9006, 0, 0, 0, 1.41421, 0, 0, 0, 0, 0, 0, 0, 0, 0, 0, 0, 0, 0, 0, 0, 0, 0, 0, 0, 0, 0, 0, 0, 0
28.9085, 0, 0, 0, 1.41421, 0, 0, 0, 0, 0, 0, 0, 0, 0, 0, 0, 0, 0, 0, 0, 0, 0, 0, 0, 0, 0, 0, 0, 0
28.9164, 0, 0, 0, 1.41421, 0, 0, 0, 0, 0, 0, 0, 0, 0, 0, 0, 0, 0, 0, 0, 0, 0, 0, 0, 0, 0, 0, 0, 0
28.9242, 0, 0, 0, 1.41421, 0, 0, 0, 0, 0, 0, 0, 0, 0, 0, 0, 0, 0, 0, 0, 0, 0, 0, 0, 0, 0, 0, 0, 0
28.9321, 0, 0, 0, 1.41421, 0, 0, 0, 0, 0, 0, 0, 0, 0, 0, 0, 0, 0, 0, 0, 0, 0, 0, 0, 0, 0, 0, 0, 0
28.94, 0, 0, 0, 1.41421, 0, 0, 0, 0, 0, 0, 0, 0, 0, 0, 0, 0, 0, 0, 0, 0, 0, 0, 0, 0, 0, 0, 0, 0
28.9479, 0, 0, 0, 1.41421, 0, 0, 0, 0, 0, 0, 0, 0, 0, 0, 0, 0, 0, 0, 0, 0, 0, 0, 0, 0, 0, 0, 0, 0
28.9558, 0, 0, 0, 1.41421, 0, 0, 0, 0, 0, 0, 0, 0, 0, 0, 0, 0, 0, 0, 0, 0, 0, 0, 0, 0, 0, 0, 0, 0
28.9637, 0, 0, 0, 1.41421, 0, 0, 0, 0, 0, 0, 0, 0, 0, 0, 0, 0, 0, 0, 0, 0, 0, 0, 0, 0, 0, 0, 0, 0
28.9715, 0, 0, 0, 1.41421, 0, 0, 0, 0, 0, 0, 0, 0, 0, 0, 0, 0, 0, 0, 0, 0, 0, 0, 0, 0, 0, 0, 0, 0
28.9794, 0, 0, 0, 1.41421, 0, 0, 0, 0, 0, 0, 0, 0, 0, 0, 0, 0, 0, 0, 0, 0, 0, 0, 0, 0, 0, 0, 0, 0
28.9873, 0, 0, 0, 1.41421, 0, 0, 0, 0, 0, 0, 0, 0, 0, 0, 0, 0, 0, 0, 0, 0, 0, 0, 0, 0, 0, 0, 0, 0
28.9952, 0, 0, 0, 1.41421, 0, 0, 0, 0, 0, 0, 0, 0, 0, 0, 0, 0, 0, 0, 0, 0, 0, 0, 0, 0, 0, 0, 0, 0
29.0031, 0, 0, 0, 1.41421, 0, 0, 0, 0, 0, 0, 0, 0, 0, 0, 0, 0, 0, 0, 0, 0, 0, 0, 0, 0, 0, 0, 0, 0
29.011, 0, 0, 0, 1.41421, 0, 0, 0, 0, 0, 0, 0, 0, 0, 0, 0, 0, 0, 0, 0, 0, 0, 0, 0, 0, 0, 0, 0, 0
29.0188, 0, 0, 0, 1.41421, 0, 0, 0, 0, 0, 0, 0, 0, 0, 0, 0, 0, 0, 0, 0, 0, 0, 0, 0, 0, 0, 0, 0, 0
29.0267, 0, 0, 0, 1.41421, 0, 0, 0, 0, 0, 0, 0, 0, 0, 0, 0, 0, 0, 0, 0, 0, 0, 0, 0, 0, 0, 0, 0, 0
29.0346, 0, 0, 0, 1.41421, 0, 0, 0, 0, 0, 0, 0, 0, 0, 0, 0, 0, 0, 0, 0, 0, 0, 0, 0, 0, 0, 0, 0, 0
29.0425, 0, 0, 0, 1.41421, 0, 0, 0, 0, 0, 0, 0, 0, 0, 0, 0, 0, 0, 0, 0, 0, 0, 0, 0, 0, 0, 0, 0, 0
29.0504, 0, 0, 0, 1.41421, 0, 0, 0, 0, 0, 0, 0, 0, 0, 0, 0, 0, 0, 0, 0, 0, 0, 0, 0, 0, 0, 0, 0, 0
29.0583, 0, 0, 0, 1.41421, 0, 0, 0, 0, 0, 0, 0, 0, 0, 0, 0, 0, 0, 0, 0, 0, 0, 0, 0, 0, 0, 0, 0, 0
29.0661, 0, 0, 0, 1.41421, 0, 0, 0, 0, 0, 0, 0, 0, 0, 0, 0, 0, 0, 0, 0, 0, 0, 0, 0, 0, 0, 0, 0, 0
29.074, 0, 0, 0, 1.41421, 0, 0, 0, 0, 0, 0, 0, 0, 0, 0, 0, 0, 0, 0, 0, 0, 0, 0, 0, 0, 0, 0, 0, 0
29.0819, 0, 0, 0, 1.41421, 0, 0, 0, 0, 0, 0, 0, 0, 0, 0, 0, 0, 0, 0, 0, 0, 0, 0, 0, 0, 0, 0, 0, 0
29.0898, 0, 0, 0, 1.41421, 0, 0, 0, 0, 0, 0, 0, 0, 0, 0, 0, 0, 0, 0, 0, 0, 0, 0, 0, 0, 0, 0, 0, 0
29.0977, 0, 0, 0, 1.41421, 0, 0, 0, 0, 0, 0, 0, 0, 0, 0, 0, 0, 0, 0, 0, 0, 0, 0, 0, 0, 0, 0, 0, 0
29.1056, 0, 0, 0, 1.41421, 0, 0, 0, 0, 0, 0, 0, 0, 0, 0, 0, 0, 0, 0, 0, 0, 0, 0, 0, 0, 0, 0, 0, 0
29.1134, 0, 0, 0, 1.41421, 0, 0, 0, 0, 0, 0, 0, 0, 0, 0, 0, 0, 0, 0, 0, 0, 0, 0, 0, 0, 0, 0, 0, 0
29.1213, 0, 0, 0, 1.41421, 0, 0, 0, 0, 0, 0, 0, 0, 0, 0, 0, 0, 0, 0, 0, 0, 0, 0, 0, 0, 0, 0, 0, 0
29.1292, 0, 0, 0, 1.41421, 0, 0, 0, 0, 0, 0, 0, 0, 0, 0, 0, 0, 0, 0, 0, 0, 0, 0, 0, 0, 0, 0, 0, 0
29.1371, 0, 0, 0, 1.41421, 0, 0, 0, 0, 0, 0, 0, 0, 0, 0, 0, 0, 0, 0, 0, 0, 0, 0, 0, 0, 0, 0, 0, 0
29.145, 0, 0, 0, 1.41421, 0, 0, 0, 0, 0, 0, 0, 0, 0, 0, 0, 0, 0, 0, 0, 0, 0, 0, 0, 0, 0, 0, 0, 0
29.1529, 0, 0, 0, 1.41421, 0, 0, 0, 0, 0, 0, 0, 0, 0, 0, 0, 0, 0, 0, 0, 0, 0, 0, 0, 0, 0, 0, 0, 0
29.1607, 0, 0, 0, 1.41421, 0, 0, 0, 0, 0, 0, 0, 0, 0, 0, 0, 0, 0, 0, 0, 0, 0, 0, 0, 0, 0, 0, 0, 0
29.1686, 0, 0, 0, 1.41421, 0, 0, 0, 0, 0, 0, 0, 0, 0, 0, 0, 0, 0, 0, 0, 0, 0, 0, 0, 0, 0, 0, 0, 0
29.1765, 0, 0, 0, 1.41421, 0, 0, 0, 0, 0, 0, 0, 0, 0, 0, 0, 0, 0, 0, 0, 0, 0, 0, 0, 0, 0, 0, 0, 0
29.1844, 0, 0, 0, 1.41421, 0, 0, 0, 0, 0, 0, 0, 0, 0, 0, 0, 0, 0, 0, 0, 0, 0, 0, 0, 0, 0, 0, 0, 0
29.1923, 0, 0, 0, 1.41421, 0, 0, 0, 0, 0, 0, 0, 0, 0, 0, 0, 0, 0, 0, 0, 0, 0, 0, 0, 0, 0, 0, 0, 0
29.2001, 0, 0, 0, 1.41421, 0, 0, 0, 0, 0, 0, 0, 0, 0, 0, 0, 0, 0, 0, 0, 0, 0, 0, 0, 0, 0, 0, 0, 0
29.208, 0, 0, 0, 1.41421, 0, 0, 0, 0, 0, 0, 0, 0, 0, 0, 0, 0, 0, 0, 0, 0, 0, 0, 0, 0, 0, 0, 0, 0
29.2159, 0, 0, 0, 1.41421, 0, 0, 0, 0, 0, 0, 0, 0, 0, 0, 0, 0, 0, 0, 0, 0, 0, 0, 0, 0, 0, 0, 0, 0
29.2238, 0, 0, 0, 1.41421, 0, 0, 0, 0, 0, 0, 0, 0, 0, 0, 0, 0, 0, 0, 0, 0, 0, 0, 0, 0, 0, 0, 0, 0
29.2317, 0, 0, 0, 1.41421, 0, 0, 0, 0, 0, 0, 0, 0, 0, 0, 0, 0, 0, 0, 0, 0, 0, 0, 0, 0, 0, 0, 0, 0
29.2396, 0, 0, 0, 1.41421, 0, 0, 0, 0, 0, 0, 0, 0, 0, 0, 0, 0, 0, 0, 0, 0, 0, 0, 0, 0, 0, 0, 0, 0
29.2474, 0, 0, 0, 1.41421, 0, 0, 0, 0, 0, 0, 0, 0, 0, 0, 0, 0, 0, 0, 0, 0, 0, 0, 0, 0, 0, 0, 0, 0
29.2553, 0, 0, 0, 1.41421, 0, 0, 0, 0, 0, 0, 0, 0, 0, 0, 0, 0, 0, 0, 0, 0, 0, 0, 0, 0, 0, 0, 0, 0
29.2632, 0, 0, 0, 1.41421, 0, 0, 0, 0, 0, 0, 0, 0, 0, 0, 0, 0, 0, 0, 0, 0, 0, 0, 0, 0, 0, 0, 0, 0
29.2711, 0, 0, 0, 1.41421, 0, 0, 0, 0, 0, 0, 0, 0, 0, 0, 0, 0, 0, 0, 0, 0, 0, 0, 0, 0, 0, 0, 0, 0
29.279, 0, 0, 0, 1.41421, 0, 0, 0, 0, 0, 0, 0, 0, 0, 0, 0, 0, 0, 0, 0, 0, 0, 0, 0, 0, 0, 0, 0, 0
29.2869, 0, 0, 0, 1.41421, 0, 0, 0, 0, 0, 0, 0, 0, 0, 0, 0, 0, 0, 0, 0, 0, 0, 0, 0, 0, 0, 0, 0, 0
29.2947, 0, 0, 0, 1.41421, 0, 0, 0, 0, 0, 0, 0, 0, 0, 0, 0, 0, 0, 0, 0, 0, 0, 0, 0, 0, 0, 0, 0, 0
29.3026, 0, 0, 0, 1.41421, 0, 0, 0, 0, 0, 0, 0, 0, 0, 0, 0, 0, 0, 0, 0, 0, 0, 0, 0, 0, 0, 0, 0, 0
29.3105, 0, 0, 0, 1.41421, 0, 0, 0, 0, 0, 0, 0, 0, 0, 0, 0, 0, 0, 0, 0, 0, 0, 0, 0, 0, 0, 0, 0, 0
29.3184, 0, 0, 0, 1.41421, 0, 0, 0, 0, 0, 0, 0, 0, 0, 0, 0, 0, 0, 0, 0, 0, 0, 0, 0, 0, 0, 0, 0, 0
29.3263, 0, 0, 0, 1.41421, 0, 0, 0, 0, 0, 0, 0, 0, 0, 0, 0, 0, 0, 0, 0, 0, 0, 0, 0, 0, 0, 0, 0, 0
29.3342, 0, 0, 0, 1.41421, 0, 0, 0, 0, 0, 0, 0, 0, 0, 0, 0, 0, 0, 0, 0, 0, 0, 0, 0, 0, 0, 0, 0, 0
29.342, 0, 0, 0, 1.41421, 0, 0, 0, 0, 0, 0, 0, 0, 0, 0, 0, 0, 0, 0, 0, 0, 0, 0, 0, 0, 0, 0, 0, 0
29.3499, 0, 0, 0, 1.41421, 0, 0, 0, 0, 0, 0, 0, 0, 0, 0, 0, 0, 0, 0, 0, 0, 0, 0, 0, 0, 0, 0, 0, 0
29.3578, 0, 0, 0, 1.41421, 0, 0, 0, 0, 0, 0, 0, 0, 0, 0, 0, 0, 0, 0, 0, 0, 0, 0, 0, 0, 0, 0, 0, 0
29.3657, 0, 0, 0, 1.41421, 0, 0, 0, 0, 0, 0, 0, 0, 0, 0, 0, 0, 0, 0, 0, 0, 0, 0, 0, 0, 0, 0, 0, 0
29.3736, 0, 0, 0, 1.41421, 0, 0, 0, 0, 0, 0, 0, 0, 0, 0, 0, 0, 0, 0, 0, 0, 0, 0, 0, 0, 0, 0, 0, 0
29.3815, 0, 0, 0, 1.41421, 0, 0, 0, 0, 0, 0, 0, 0, 0, 0, 0, 0, 0, 0, 0, 0, 0, 0, 0, 0, 0, 0, 0, 0
29.3893, 0, 0, 0, 1.41421, 0, 0, 0, 0, 0, 0, 0, 0, 0, 0, 0, 0, 0, 0, 0, 0, 0, 0, 0, 0, 0, 0, 0, 0
29.3972, 0, 0, 0, 1.41421, 0, 0, 0, 0, 0, 0, 0, 0, 0, 0, 0, 0, 0, 0, 0, 0, 0, 0, 0, 0, 0, 0, 0, 0
29.4051, 0, 0, 0, 1.41421, 0, 0, 0, 0, 0, 0, 0, 0, 0, 0, 0, 0, 0, 0, 0, 0, 0, 0, 0, 0, 0, 0, 0, 0
29.413, 0, 0, 0, 1.41421, 0, 0, 0, 0, 0, 0, 0, 0, 0, 0, 0, 0, 0, 0, 0, 0, 0, 0, 0, 0, 0, 0, 0, 0
29.4209, 0, 0, 0, 1.41421, 0, 0, 0, 0, 0, 0, 0, 0, 0, 0, 0, 0, 0, 0, 0, 0, 0, 0, 0, 0, 0, 0, 0, 0
29.4287, 0, 0, 0, 1.41421, 0, 0, 0, 0, 0, 0, 0, 0, 0, 0, 0, 0, 0, 0, 0, 0, 0, 0, 0, 0, 0, 0, 0, 0
29.4366, 0, 0, 0, 1.41421, 0, 0, 0, 0, 0, 0, 0, 0, 0, 0, 0, 0, 0, 0, 0, 0, 0, 0, 0, 0, 0, 0, 0, 0
29.4445, 0, 0, 0, 1.41421, 0, 0, 0, 0, 0, 0, 0, 0, 0, 0, 0, 0, 0, 0, 0, 0, 0, 0, 0, 0, 0, 0, 0, 0
29.4524, 0, 0, 0, 1.41421, 0, 0, 0, 0, 0, 0, 0, 0, 0, 0, 0, 0, 0, 0, 0, 0, 0, 0, 0, 0, 0, 0, 0, 0
29.4603, 0, 0, 0, 1.41421, 0, 0, 0, 0, 0, 0, 0, 0, 0, 0, 0, 0, 0, 0, 0, 0, 0, 0, 0, 0, 0, 0, 0, 0
29.4682, 0, 0, 0, 1.41421, 0, 0, 0, 0, 0, 0, 0, 0, 0, 0, 0, 0, 0, 0, 0, 0, 0, 0, 0, 0, 0, 0, 0, 0
29.476, 0, 0, 0, 1.41421, 0, 0, 0, 0, 0, 0, 0, 0, 0, 0, 0, 0, 0, 0, 0, 0, 0, 0, 0, 0, 0, 0, 0, 0
29.4839, 0, 0, 0, 1.41421, 0, 0, 0, 0, 0, 0, 0, 0, 0, 0, 0, 0, 0, 0, 0, 0, 0, 0, 0, 0, 0, 0, 0, 0
29.4918, 0, 0, 0, 1.41421, 0, 0, 0, 0, 0, 0, 0, 0, 0, 0, 0, 0, 0, 0, 0, 0, 0, 0, 0, 0, 0, 0, 0, 0
29.4997, 0, 0, 0, 1.41421, 0, 0, 0, 0, 0, 0, 0, 0, 0, 0, 0, 0, 0, 0, 0, 0, 0, 0, 0, 0, 0, 0, 0, 0
29.5076, 0, 0, 0, 1.41421, 0, 0, 0, 0, 0, 0, 0, 0, 0, 0, 0, 0, 0, 0, 0, 0, 0, 0, 0, 0, 0, 0, 0, 0
29.5155, 0, 0, 0, 1.41421, 0, 0, 0, 0, 0, 0, 0, 0, 0, 0, 0, 0, 0, 0, 0, 0, 0, 0, 0, 0, 0, 0, 0, 0
29.5233, 0, 0, 0, 1.41421, 0, 0, 0, 0, 0, 0, 0, 0, 0, 0, 0, 0, 0, 0, 0, 0, 0, 0, 0, 0, 0, 0, 0, 0
29.5312, 0, 0, 0, 1.41421, 0, 0, 0, 0, 0, 0, 0, 0, 0, 0, 0, 0, 0, 0, 0, 0, 0, 0, 0, 0, 0, 0, 0, 0
29.5391, 0, 0, 0, 1.41421, 0, 0, 0, 0, 0, 0, 0, 0, 0, 0, 0, 0, 0, 0, 0, 0, 0, 0, 0, 0, 0, 0, 0, 0
29.547, 0, 0, 0, 1.41421, 0, 0, 0, 0, 0, 0, 0, 0, 0, 0, 0, 0, 0, 0, 0, 0, 0, 0, 0, 0, 0, 0, 0, 0
29.5549, 0, 0, 0, 1.41421, 0, 0, 0, 0, 0, 0, 0, 0, 0, 0, 0, 0, 0, 0, 0, 0, 0, 0, 0, 0, 0, 0, 0, 0
29.5628, 0, 0, 0, 1.41421, 0, 0, 0, 0, 0, 0, 0, 0, 0, 0, 0, 0, 0, 0, 0, 0, 0, 0, 0, 0, 0, 0, 0, 0
29.5706, 0, 0, 0, 1.41421, 0, 0, 0, 0, 0, 0, 0, 0, 0, 0, 0, 0, 0, 0, 0, 0, 0, 0, 0, 0, 0, 0, 0, 0
29.5785, 0, 0, 0, 1.41421, 0, 0, 0, 0, 0, 0, 0, 0, 0, 0, 0, 0, 0, 0, 0, 0, 0, 0, 0, 0, 0, 0, 0, 0
29.5864, 0, 0, 0, 1.41421, 0, 0, 0, 0, 0, 0, 0, 0, 0, 0, 0, 0, 0, 0, 0, 0, 0, 0, 0, 0, 0, 0, 0, 0
29.5943, 0, 0, 0, 1.41421, 0, 0, 0, 0, 0, 0, 0, 0, 0, 0, 0, 0, 0, 0, 0, 0, 0, 0, 0, 0, 0, 0, 0, 0
29.6022, 0, 0, 0, 1.41421, 0, 0, 0, 0, 0, 0, 0, 0, 0, 0, 0, 0, 0, 0, 0, 0, 0, 0, 0, 0, 0, 0, 0, 0
29.6101, 0, 0, 0, 1.41421, 0, 0, 0, 0, 0, 0, 0, 0, 0, 0, 0, 0, 0, 0, 0, 0, 0, 0, 0, 0, 0, 0, 0, 0
29.6179, 0, 0, 0, 1.41421, 0, 0, 0, 0, 0, 0, 0, 0, 0, 0, 0, 0, 0, 0, 0, 0, 0, 0, 0, 0, 0, 0, 0, 0
29.6258, 0, 0, 0, 1.41421, 0, 0, 0, 0, 0, 0, 0, 0, 0, 0, 0, 0, 0, 0, 0, 0, 0, 0, 0, 0, 0, 0, 0, 0
29.6337, 0, 0, 0, 1.41421, 0, 0, 0, 0, 0, 0, 0, 0, 0, 0, 0, 0, 0, 0, 0, 0, 0, 0, 0, 0, 0, 0, 0, 0
29.6416, 0, 0, 0, 1.41421, 0, 0, 0, 0, 0, 0, 0, 0, 0, 0, 0, 0, 0, 0, 0, 0, 0, 0, 0, 0, 0, 0, 0, 0
29.6495, 0, 0, 0, 1.41421, 0, 0, 0, 0, 0, 0, 0, 0, 0, 0, 0, 0, 0, 0, 0, 0, 0, 0, 0, 0, 0, 0, 0, 0
29.6574, 0, 0, 0, 1.41421, 0, 0, 0, 0, 0, 0, 0, 0, 0, 0, 0, 0, 0, 0, 0, 0, 0, 0, 0, 0, 0, 0, 0, 0
29.6652, 0, 0, 0, 1.41421, 0, 0, 0, 0, 0, 0, 0, 0, 0, 0, 0, 0, 0, 0, 0, 0, 0, 0, 0, 0, 0, 0, 0, 0
29.6731, 0, 0, 0, 1.41421, 0, 0, 0, 0, 0, 0, 0, 0, 0, 0, 0, 0, 0, 0, 0, 0, 0, 0, 0, 0, 0, 0, 0, 0
29.681, 0, 0, 0, 1.41421, 0, 0, 0, 0, 0, 0, 0, 0, 0, 0, 0, 0, 0, 0, 0, 0, 0, 0, 0, 0, 0, 0, 0, 0
29.6889, 0, 0, 0, 1.41421, 0, 0, 0, 0, 0, 0, 0, 0, 0, 0, 0, 0, 0, 0, 0, 0, 0, 0, 0, 0, 0, 0, 0, 0
29.6968, 0, 0, 0, 1.41421, 0, 0, 0, 0, 0, 0, 0, 0, 0, 0, 0, 0, 0, 0, 0, 0, 0, 0, 0, 0, 0, 0, 0, 0
29.7047, 0, 0, 0, 1.41421, 0, 0, 0, 0, 0, 0, 0, 0, 0, 0, 0, 0, 0, 0, 0, 0, 0, 0, 0, 0, 0, 0, 0, 0
29.7125, 0, 0, 0, 1.41421, 0, 0, 0, 0, 0, 0, 0, 0, 0, 0, 0, 0, 0, 0, 0, 0, 0, 0, 0, 0, 0, 0, 0, 0
29.7204, 0, 0, 0, 1.41421, 0, 0, 0, 0, 0, 0, 0, 0, 0, 0, 0, 0, 0, 0, 0, 0, 0, 0, 0, 0, 0, 0, 0, 0
29.7283, 0, 0, 0, 1.41421, 0, 0, 0, 0, 0, 0, 0, 0, 0, 0, 0, 0, 0, 0, 0, 0, 0, 0, 0, 0, 0, 0, 0, 0
29.7362, 0, 0, 0, 1.41421, 0, 0, 0, 0, 0, 0, 0, 0, 0, 0, 0, 0, 0, 0, 0, 0, 0, 0, 0, 0, 0, 0, 0, 0
29.7441, 0, 0, 0, 1.41421, 0, 0, 0, 0, 0, 0, 0, 0, 0, 0, 0, 0, 0, 0, 0, 0, 0, 0, 0, 0, 0, 0, 0, 0
29.7519, 0, 0, 0, 1.41421, 0, 0, 0, 0, 0, 0, 0, 0, 0, 0, 0, 0, 0, 0, 0, 0, 0, 0, 0, 0, 0, 0, 0, 0
29.7598, 0, 0, 0, 1.41421, 0, 0, 0, 0, 0, 0, 0, 0, 0, 0, 0, 0, 0, 0, 0, 0, 0, 0, 0, 0, 0, 0, 0, 0
29.7677, 0, 0, 0, 1.41421, 0, 0, 0, 0, 0, 0, 0, 0, 0, 0, 0, 0, 0, 0, 0, 0, 0, 0, 0, 0, 0, 0, 0, 0
29.7756, 0, 0, 0, 1.41421, 0, 0, 0, 0, 0, 0, 0, 0, 0, 0, 0, 0, 0, 0, 0, 0, 0, 0, 0, 0, 0, 0, 0, 0
29.7835, 0, 0, 0, 1.41421, 0, 0, 0, 0, 0, 0, 0, 0, 0, 0, 0, 0, 0, 0, 0, 0, 0, 0, 0, 0, 0, 0, 0, 0
29.7914, 0, 0, 0, 1.41421, 0, 0, 0, 0, 0, 0, 0, 0, 0, 0, 0, 0, 0, 0, 0, 0, 0, 0, 0, 0, 0, 0, 0, 0
29.7992, 0, 0, 0, 1.41421, 0, 0, 0, 0, 0, 0, 0, 0, 0, 0, 0, 0, 0, 0, 0, 0, 0, 0, 0, 0, 0, 0, 0, 0
29.8071, 0, 0, 0, 1.41421, 0, 0, 0, 0, 0, 0, 0, 0, 0, 0, 0, 0, 0, 0, 0, 0, 0, 0, 0, 0, 0, 0, 0, 0
29.815, 0, 0, 0, 1.41421, 0, 0, 0, 0, 0, 0, 0, 0, 0, 0, 0, 0, 0, 0, 0, 0, 0, 0, 0, 0, 0, 0, 0, 0
29.8229, 0, 0, 0, 1.41421, 0, 0, 0, 0, 0, 0, 0, 0, 0, 0, 0, 0, 0, 0, 0, 0, 0, 0, 0, 0, 0, 0, 0, 0
29.8308, 0, 0, 0, 1.41421, 0, 0, 0, 0, 0, 0, 0, 0, 0, 0, 0, 0, 0, 0, 0, 0, 0, 0, 0, 0, 0, 0, 0, 0
29.8387, 0, 0, 0, 1.41421, 0, 0, 0, 0, 0, 0, 0, 0, 0, 0, 0, 0, 0, 0, 0, 0, 0, 0, 0, 0, 0, 0, 0, 0
29.8465, 0, 0, 0, 1.41421, 0, 0, 0, 0, 0, 0, 0, 0, 0, 0, 0, 0, 0, 0, 0, 0, 0, 0, 0, 0, 0, 0, 0, 0
29.8544, 0, 0, 0, 1.41421, 0, 0, 0, 0, 0, 0, 0, 0, 0, 0, 0, 0, 0, 0, 0, 0, 0, 0, 0, 0, 0, 0, 0, 0
29.8623, 0, 0, 0, 1.41421, 0, 0, 0, 0, 0, 0, 0, 0, 0, 0, 0, 0, 0, 0, 0, 0, 0, 0, 0, 0, 0, 0, 0, 0
29.8702, 0, 0, 0, 1.41421, 0, 0, 0, 0, 0, 0, 0, 0, 0, 0, 0, 0, 0, 0, 0, 0, 0, 0, 0, 0, 0, 0, 0, 0
29.8781, 0, 0, 0, 1.41421, 0, 0, 0, 0, 0, 0, 0, 0, 0, 0, 0, 0, 0, 0, 0, 0, 0, 0, 0, 0, 0, 0, 0, 0
29.886, 0, 0, 0, 1.41421, 0, 0, 0, 0, 0, 0, 0, 0, 0, 0, 0, 0, 0, 0, 0, 0, 0, 0, 0, 0, 0, 0, 0, 0
29.8938, 0, 0, 0, 1.41421, 0, 0, 0, 0, 0, 0, 0, 0, 0, 0, 0, 0, 0, 0, 0, 0, 0, 0, 0, 0, 0, 0, 0, 0
29.9017, 0, 0, 0, 1.41421, 0, 0, 0, 0, 0, 0, 0, 0, 0, 0, 0, 0, 0, 0, 0, 0, 0, 0, 0, 0, 0, 0, 0, 0
29.9096, 0, 0, 0, 1.41421, 0, 0, 0, 0, 0, 0, 0, 0, 0, 0, 0, 0, 0, 0, 0, 0, 0, 0, 0, 0, 0, 0, 0, 0
29.9175, 0, 0, 0, 1.41421, 0, 0, 0, 0, 0, 0, 0, 0, 0, 0, 0, 0, 0, 0, 0, 0, 0, 0, 0, 0, 0, 0, 0, 0
29.9254, 0, 0, 0, 1.41421, 0, 0, 0, 0, 0, 0, 0, 0, 0, 0, 0, 0, 0, 0, 0, 0, 0, 0, 0, 0, 0, 0, 0, 0
29.9333, 0, 0, 0, 1.41421, 0, 0, 0, 0, 0, 0, 0, 0, 0, 0, 0, 0, 0, 0, 0, 0, 0, 0, 0, 0, 0, 0, 0, 0
29.9411, 0, 0, 0, 1.41421, 0, 0, 0, 0, 0, 0, 0, 0, 0, 0, 0, 0, 0, 0, 0, 0, 0, 0, 0, 0, 0, 0, 0, 0
29.949, 0, 0, 0, 1.41421, 0, 0, 0, 0, 0, 0, 0, 0, 0, 0, 0, 0, 0, 0, 0, 0, 0, 0, 0, 0, 0, 0, 0, 0
29.9569, 0, 0, 0, 1.41421, 0, 0, 0, 0, 0, 0, 0, 0, 0, 0, 0, 0, 0, 0, 0, 0, 0, 0, 0, 0, 0, 0, 0, 0
29.9648, 0, 0, 0, 1.41421, 0, 0, 0, 0, 0, 0, 0, 0, 0, 0, 0, 0, 0, 0, 0, 0, 0, 0, 0, 0, 0, 0, 0, 0
29.9727, 0, 0, 0, 1.41421, 0, 0, 0, 0, 0, 0, 0, 0, 0, 0, 0, 0, 0, 0, 0, 0, 0, 0, 0, 0, 0, 0, 0, 0
29.9805, 0, 0, 0, 1.41421, 0, 0, 0, 0, 0, 0, 0, 0, 0, 0, 0, 0, 0, 0, 0, 0, 0, 0, 0, 0, 0, 0, 0, 0
29.9884, 0, 0, 0, 1.41421, 0, 0, 0, 0, 0, 0, 0, 0, 0, 0, 0, 0, 0, 0, 0, 0, 0, 0, 0, 0, 0, 0, 0, 0
29.9963, 0, 0, 0, 1.41421, 0, 0, 0, 0, 0, 0, 0, 0, 0, 0, 0, 0, 0, 0, 0, 0, 0, 0, 0, 0, 0, 0, 0, 0
30.0042, 0, 0, 0, 1.41421, 0, 0, 0, 0, 0, 0, 0, 0, 0, 0, 0, 0, 0, 0, 0, 0, 0, 0, 0, 0, 0, 0, 0, 0
30.0121, 0, 0, 0, 1.41421, 0, 0, 0, 0, 0, 0, 0, 0, 0, 0, 0, 0, 0, 0, 0, 0, 0, 0, 0, 0, 0, 0, 0, 0
30.02, 0, 0, 0, 1.41421, 0, 0, 0, 0, 0, 0, 0, 0, 0, 0, 0, 0, 0, 0, 0, 0, 0, 0, 0, 0, 0, 0, 0, 0
30.0278, 0, 0, 0, 1.41421, 0, 0, 0, 0, 0, 0, 0, 0, 0, 0, 0, 0, 0, 0, 0, 0, 0, 0, 0, 0, 0, 0, 0, 0
30.0357, 0, 0, 0, 1.41421, 0, 0, 0, 0, 0, 0, 0, 0, 0, 0, 0, 0, 0, 0, 0, 0, 0, 0, 0, 0, 0, 0, 0, 0
30.0436, 0, 0, 0, 1.41421, 0, 0, 0, 0, 0, 0, 0, 0, 0, 0, 0, 0, 0, 0, 0, 0, 0, 0, 0, 0, 0, 0, 0, 0
30.0515, 0, 0, 0, 1.41421, 0, 0, 0, 0, 0, 0, 0, 0, 0, 0, 0, 0, 0, 0, 0, 0, 0, 0, 0, 0, 0, 0, 0, 0
30.0594, 0, 0, 0, 1.41421, 0, 0, 0, 0, 0, 0, 0, 0, 0, 0, 0, 0, 0, 0, 0, 0, 0, 0, 0, 0, 0, 0, 0, 0
30.0673, 0, 0, 0, 1.41421, 0, 0, 0, 0, 0, 0, 0, 0, 0, 0, 0, 0, 0, 0, 0, 0, 0, 0, 0, 0, 0, 0, 0, 0
30.0751, 0, 0, 0, 1.41421, 0, 0, 0, 0, 0, 0, 0, 0, 0, 0, 0, 0, 0, 0, 0, 0, 0, 0, 0, 0, 0, 0, 0, 0
30.083, 0, 0, 0, 1.41421, 0, 0, 0, 0, 0, 0, 0, 0, 0, 0, 0, 0, 0, 0, 0, 0, 0, 0, 0, 0, 0, 0, 0, 0
30.0909, 0, 0, 0, 1.41421, 0, 0, 0, 0, 0, 0, 0, 0, 0, 0, 0, 0, 0, 0, 0, 0, 0, 0, 0, 0, 0, 0, 0, 0
30.0988, 0, 0, 0, 1.41421, 0, 0, 0, 0, 0, 0, 0, 0, 0, 0, 0, 0, 0, 0, 0, 0, 0, 0, 0, 0, 0, 0, 0, 0
30.1067, 0, 0, 0, 1.41421, 0, 0, 0, 0, 0, 0, 0, 0, 0, 0, 0, 0, 0, 0, 0, 0, 0, 0, 0, 0, 0, 0, 0, 0
30.1146, 0, 0, 0, 1.41421, 0, 0, 0, 0, 0, 0, 0, 0, 0, 0, 0, 0, 0, 0, 0, 0, 0, 0, 0, 0, 0, 0, 0, 0
30.1224, 0, 0, 0, 1.41421, 0, 0, 0, 0, 0, 0, 0, 0, 0, 0, 0, 0, 0, 0, 0, 0, 0, 0, 0, 0, 0, 0, 0, 0
30.1303, 0, 0, 0, 1.41421, 0, 0, 0, 0, 0, 0, 0, 0, 0, 0, 0, 0, 0, 0, 0, 0, 0, 0, 0, 0, 0, 0, 0, 0
30.1382, 0, 0, 0, 1.41421, 0, 0, 0, 0, 0, 0, 0, 0, 0, 0, 0, 0, 0, 0, 0, 0, 0, 0, 0, 0, 0, 0, 0, 0
30.1461, 0, 0, 0, 1.41421, 0, 0, 0, 0, 0, 0, 0, 0, 0, 0, 0, 0, 0, 0, 0, 0, 0, 0, 0, 0, 0, 0, 0, 0
30.154, 0, 0, 0, 1.41421, 0, 0, 0, 0, 0, 0, 0, 0, 0, 0, 0, 0, 0, 0, 0, 0, 0, 0, 0, 0, 0, 0, 0, 0
30.1619, 0, 0, 0, 1.41421, 0, 0, 0, 0, 0, 0, 0, 0, 0, 0, 0, 0, 0, 0, 0, 0, 0, 0, 0, 0, 0, 0, 0, 0
30.1697, 0, 0, 0, 1.41421, 0, 0, 0, 0, 0, 0, 0, 0, 0, 0, 0, 0, 0, 0, 0, 0, 0, 0, 0, 0, 0, 0, 0, 0
30.1776, 0, 0, 0, 1.41421, 0, 0, 0, 0, 0, 0, 0, 0, 0, 0, 0, 0, 0, 0, 0, 0, 0, 0, 0, 0, 0, 0, 0, 0
30.1855, 0, 0, 0, 1.41421, 0, 0, 0, 0, 0, 0, 0, 0, 0, 0, 0, 0, 0, 0, 0, 0, 0, 0, 0, 0, 0, 0, 0, 0
30.1934, 0, 0, 0, 1.41421, 0, 0, 0, 0, 0, 0, 0, 0, 0, 0, 0, 0, 0, 0, 0, 0, 0, 0, 0, 0, 0, 0, 0, 0
30.2013, 0, 0, 0, 1.41421, 0, 0, 0, 0, 0, 0, 0, 0, 0, 0, 0, 0, 0, 0, 0, 0, 0, 0, 0, 0, 0, 0, 0, 0
30.2091, 0, 0, 0, 1.41421, 0, 0, 0, 0, 0, 0, 0, 0, 0, 0, 0, 0, 0, 0, 0, 0, 0, 0, 0, 0, 0, 0, 0, 0
30.217, 0, 0, 0, 1.41421, 0, 0, 0, 0, 0, 0, 0, 0, 0, 0, 0, 0, 0, 0, 0, 0, 0, 0, 0, 0, 0, 0, 0, 0
30.2249, 0, 0, 0, 1.41421, 0, 0, 0, 0, 0, 0, 0, 0, 0, 0, 0, 0, 0, 0, 0, 0, 0, 0, 0, 0, 0, 0, 0, 0
30.2328, 0, 0, 0, 1.41421, 0, 0, 0, 0, 0, 0, 0, 0, 0, 0, 0, 0, 0, 0, 0, 0, 0, 0, 0, 0, 0, 0, 0, 0
30.2407, 0, 0, 0, 1.41421, 0, 0, 0, 0, 0, 0, 0, 0, 0, 0, 0, 0, 0, 0, 0, 0, 0, 0, 0, 0, 0, 0, 0, 0
30.2486, 0, 0, 0, 1.41421, 0, 0, 0, 0, 0, 0, 0, 0, 0, 0, 0, 0, 0, 0, 0, 0, 0, 0, 0, 0, 0, 0, 0, 0
30.2564, 0, 0, 0, 1.41421, 0, 0, 0, 0, 0, 0, 0, 0, 0, 0, 0, 0, 0, 0, 0, 0, 0, 0, 0, 0, 0, 0, 0, 0
30.2643, 0, 0, 0, 1.41421, 0, 0, 0, 0, 0, 0, 0, 0, 0, 0, 0, 0, 0, 0, 0, 0, 0, 0, 0, 0, 0, 0, 0, 0
30.2722, 0, 0, 0, 1.41421, 0, 0, 0, 0, 0, 0, 0, 0, 0, 0, 0, 0, 0, 0, 0, 0, 0, 0, 0, 0, 0, 0, 0, 0
30.2801, 0, 0, 0, 1.41421, 0, 0, 0, 0, 0, 0, 0, 0, 0, 0, 0, 0, 0, 0, 0, 0, 0, 0, 0, 0, 0, 0, 0, 0
30.288, 0, 0, 0, 1.41421, 0, 0, 0, 0, 0, 0, 0, 0, 0, 0, 0, 0, 0, 0, 0, 0, 0, 0, 0, 0, 0, 0, 0, 0
30.2959, 0, 0, 0, 1.41421, 0, 0, 0, 0, 0, 0, 0, 0, 0, 0, 0, 0, 0, 0, 0, 0, 0, 0, 0, 0, 0, 0, 0, 0
30.3037, 0, 0, 0, 1.41421, 0, 0, 0, 0, 0, 0, 0, 0, 0, 0, 0, 0, 0, 0, 0, 0, 0, 0, 0, 0, 0, 0, 0, 0
30.3116, 0, 0, 0, 1.41421, 0, 0, 0, 0, 0, 0, 0, 0, 0, 0, 0, 0, 0, 0, 0, 0, 0, 0, 0, 0, 0, 0, 0, 0
30.3195, 0, 0, 0, 1.41421, 0, 0, 0, 0, 0, 0, 0, 0, 0, 0, 0, 0, 0, 0, 0, 0, 0, 0, 0, 0, 0, 0, 0, 0
30.3274, 0, 0, 0, 1.41421, 0, 0, 0, 0, 0, 0, 0, 0, 0, 0, 0, 0, 0, 0, 0, 0, 0, 0, 0, 0, 0, 0, 0, 0
30.3353, 0, 0, 0, 1.41421, 0, 0, 0, 0, 0, 0, 0, 0, 0, 0, 0, 0, 0, 0, 0, 0, 0, 0, 0, 0, 0, 0, 0, 0
30.3432, 0, 0, 0, 1.41421, 0, 0, 0, 0, 0, 0, 0, 0, 0, 0, 0, 0, 0, 0, 0, 0, 0, 0, 0, 0, 0, 0, 0, 0
30.351, 0, 0, 0, 1.41421, 0, 0, 0, 0, 0, 0, 0, 0, 0, 0, 0, 0, 0, 0, 0, 0, 0, 0, 0, 0, 0, 0, 0, 0
30.3589, 0, 0, 0, 1.41421, 0, 0, 0, 0, 0, 0, 0, 0, 0, 0, 0, 0, 0, 0, 0, 0, 0, 0, 0, 0, 0, 0, 0, 0
30.3668, 0, 0, 0, 1.41421, 0, 0, 0, 0, 0, 0, 0, 0, 0, 0, 0, 0, 0, 0, 0, 0, 0, 0, 0, 0, 0, 0, 0, 0
30.3747, 0, 0, 0, 1.41421, 0, 0, 0, 0, 0, 0, 0, 0, 0, 0, 0, 0, 0, 0, 0, 0, 0, 0, 0, 0, 0, 0, 0, 0
30.3826, 0, 0, 0, 1.41421, 0, 0, 0, 0, 0, 0, 0, 0, 0, 0, 0, 0, 0, 0, 0, 0, 0, 0, 0, 0, 0, 0, 0, 0
30.3905, 0, 0, 0, 1.41421, 0, 0, 0, 0, 0, 0, 0, 0, 0, 0, 0, 0, 0, 0, 0, 0, 0, 0, 0, 0, 0, 0, 0, 0
30.3983, 0, 0, 0, 1.41421, 0, 0, 0, 0, 0, 0, 0, 0, 0, 0, 0, 0, 0, 0, 0, 0, 0, 0, 0, 0, 0, 0, 0, 0
30.4062, 0, 0, 0, 1.41421, 0, 0, 0, 0, 0, 0, 0, 0, 0, 0, 0, 0, 0, 0, 0, 0, 0, 0, 0, 0, 0, 0, 0, 0
30.4141, 0, 0, 0, 1.41421, 0, 0, 0, 0, 0, 0, 0, 0, 0, 0, 0, 0, 0, 0, 0, 0, 0, 0, 0, 0, 0, 0, 0, 0
30.422, 0, 0, 0, 1.41421, 0, 0, 0, 0, 0, 0, 0, 0, 0, 0, 0, 0, 0, 0, 0, 0, 0, 0, 0, 0, 0, 0, 0, 0
30.4299, 0, 0, 0, 1.41421, 0, 0, 0, 0, 0, 0, 0, 0, 0, 0, 0, 0, 0, 0, 0, 0, 0, 0, 0, 0, 0, 0, 0, 0
30.4377, 0, 0, 0, 1.41421, 0, 0, 0, 0, 0, 0, 0, 0, 0, 0, 0, 0, 0, 0, 0, 0, 0, 0, 0, 0, 0, 0, 0, 0
30.4456, 0, 0, 0, 1.41421, 0, 0, 0, 0, 0, 0, 0, 0, 0, 0, 0, 0, 0, 0, 0, 0, 0, 0, 0, 0, 0, 0, 0, 0
30.4535, 0, 0, 0, 1.41421, 0, 0, 0, 0, 0, 0, 0, 0, 0, 0, 0, 0, 0, 0, 0, 0, 0, 0, 0, 0, 0, 0, 0, 0
30.4614, 0, 0, 0, 1.41421, 0, 0, 0, 0, 0, 0, 0, 0, 0, 0, 0, 0, 0, 0, 0, 0, 0, 0, 0, 0, 0, 0, 0, 0
30.4693, 0, 0, 0, 1.41421, 0, 0, 0, 0, 0, 0, 0, 0, 0, 0, 0, 0, 0, 0, 0, 0, 0, 0, 0, 0, 0, 0, 0, 0
30.4772, 0, 0, 0, 1.41421, 0, 0, 0, 0, 0, 0, 0, 0, 0, 0, 0, 0, 0, 0, 0, 0, 0, 0, 0, 0, 0, 0, 0, 0
30.485, 0, 0, 0, 1.41421, 0, 0, 0, 0, 0, 0, 0, 0, 0, 0, 0, 0, 0, 0, 0, 0, 0, 0, 0, 0, 0, 0, 0, 0
30.4929, 0, 0, 0, 1.41421, 0, 0, 0, 0, 0, 0, 0, 0, 0, 0, 0, 0, 0, 0, 0, 0, 0, 0, 0, 0, 0, 0, 0, 0
30.5008, 0, 0, 0, 1.41421, 0, 0, 0, 0, 0, 0, 0, 0, 0, 0, 0, 0, 0, 0, 0, 0, 0, 0, 0, 0, 0, 0, 0, 0
30.5087, 0, 0, 0, 1.41421, 0, 0, 0, 0, 0, 0, 0, 0, 0, 0, 0, 0, 0, 0, 0, 0, 0, 0, 0, 0, 0, 0, 0, 0
30.5166, 0, 0, 0, 1.41421, 0, 0, 0, 0, 0, 0, 0, 0, 0, 0, 0, 0, 0, 0, 0, 0, 0, 0, 0, 0, 0, 0, 0, 0
30.5245, 0, 0, 0, 1.41421, 0, 0, 0, 0, 0, 0, 0, 0, 0, 0, 0, 0, 0, 0, 0, 0, 0, 0, 0, 0, 0, 0, 0, 0
30.5323, 0, 0, 0, 1.41421, 0, 0, 0, 0, 0, 0, 0, 0, 0, 0, 0, 0, 0, 0, 0, 0, 0, 0, 0, 0, 0, 0, 0, 0
30.5402, 0, 0, 0, 1.41421, 0, 0, 0, 0, 0, 0, 0, 0, 0, 0, 0, 0, 0, 0, 0, 0, 0, 0, 0, 0, 0, 0, 0, 0
30.5481, 0, 0, 0, 1.41421, 0, 0, 0, 0, 0, 0, 0, 0, 0, 0, 0, 0, 0, 0, 0, 0, 0, 0, 0, 0, 0, 0, 0, 0
30.556, 0, 0, 0, 1.41421, 0, 0, 0, 0, 0, 0, 0, 0, 0, 0, 0, 0, 0, 0, 0, 0, 0, 0, 0, 0, 0, 0, 0, 0
30.5639, 0, 0, 0, 1.41421, 0, 0, 0, 0, 0, 0, 0, 0, 0, 0, 0, 0, 0, 0, 0, 0, 0, 0, 0, 0, 0, 0, 0, 0
30.5718, 0, 0, 0, 1.41421, 0, 0, 0, 0, 0, 0, 0, 0, 0, 0, 0, 0, 0, 0, 0, 0, 0, 0, 0, 0, 0, 0, 0, 0
30.5796, 0, 0, 0, 1.41421, 0, 0, 0, 0, 0, 0, 0, 0, 0, 0, 0, 0, 0, 0, 0, 0, 0, 0, 0, 0, 0, 0, 0, 0
30.5875, 0, 0, 0, 1.41421, 0, 0, 0, 0, 0, 0, 0, 0, 0, 0, 0, 0, 0, 0, 0, 0, 0, 0, 0, 0, 0, 0, 0, 0
30.5954, 0, 0, 0, 1.41421, 0, 0, 0, 0, 0, 0, 0, 0, 0, 0, 0, 0, 0, 0, 0, 0, 0, 0, 0, 0, 0, 0, 0, 0
30.6033, 0, 0, 0, 1.41421, 0, 0, 0, 0, 0, 0, 0, 0, 0, 0, 0, 0, 0, 0, 0, 0, 0, 0, 0, 0, 0, 0, 0, 0
30.6112, 0, 0, 0, 1.41421, 0, 0, 0, 0, 0, 0, 0, 0, 0, 0, 0, 0, 0, 0, 0, 0, 0, 0, 0, 0, 0, 0, 0, 0
30.6191, 0, 0, 0, 1.41421, 0, 0, 0, 0, 0, 0, 0, 0, 0, 0, 0, 0, 0, 0, 0, 0, 0, 0, 0, 0, 0, 0, 0, 0
30.6269, 0, 0, 0, 1.41421, 0, 0, 0, 0, 0, 0, 0, 0, 0, 0, 0, 0, 0, 0, 0, 0, 0, 0, 0, 0, 0, 0, 0, 0
30.6348, 0, 0, 0, 1.41421, 0, 0, 0, 0, 0, 0, 0, 0, 0, 0, 0, 0, 0, 0, 0, 0, 0, 0, 0, 0, 0, 0, 0, 0
30.6427, 0, 0, 0, 1.41421, 0, 0, 0, 0, 0, 0, 0, 0, 0, 0, 0, 0, 0, 0, 0, 0, 0, 0, 0, 0, 0, 0, 0, 0
30.6506, 0, 0, 0, 1.41421, 0, 0, 0, 0, 0, 0, 0, 0, 0, 0, 0, 0, 0, 0, 0, 0, 0, 0, 0, 0, 0, 0, 0, 0
30.6585, 0, 0, 0, 1.41421, 0, 0, 0, 0, 0, 0, 0, 0, 0, 0, 0, 0, 0, 0, 0, 0, 0, 0, 0, 0, 0, 0, 0, 0
30.6664, 0, 0, 0, 1.41421, 0, 0, 0, 0, 0, 0, 0, 0, 0, 0, 0, 0, 0, 0, 0, 0, 0, 0, 0, 0, 0, 0, 0, 0
30.6742, 0, 0, 0, 1.41421, 0, 0, 0, 0, 0, 0, 0, 0, 0, 0, 0, 0, 0, 0, 0, 0, 0, 0, 0, 0, 0, 0, 0, 0
30.6821, 0, 0, 0, 1.41421, 0, 0, 0, 0, 0, 0, 0, 0, 0, 0, 0, 0, 0, 0, 0, 0, 0, 0, 0, 0, 0, 0, 0, 0
30.69, 0, 0, 0, 1.41421, 0, 0, 0, 0, 0, 0, 0, 0, 0, 0, 0, 0, 0, 0, 0, 0, 0, 0, 0, 0, 0, 0, 0, 0
30.6979, 0, 0, 0, 1.41421, 0, 0, 0, 0, 0, 0, 0, 0, 0, 0, 0, 0, 0, 0, 0, 0, 0, 0, 0, 0, 0, 0, 0, 0
30.7058, 0, 0, 0, 1.41421, 0, 0, 0, 0, 0, 0, 0, 0, 0, 0, 0, 0, 0, 0, 0, 0, 0, 0, 0, 0, 0, 0, 0, 0
30.7136, 0, 0, 0, 1.41421, 0, 0, 0, 0, 0, 0, 0, 0, 0, 0, 0, 0, 0, 0, 0, 0, 0, 0, 0, 0, 0, 0, 0, 0
30.7215, 0, 0, 0, 1.41421, 0, 0, 0, 0, 0, 0, 0, 0, 0, 0, 0, 0, 0, 0, 0, 0, 0, 0, 0, 0, 0, 0, 0, 0
30.7294, 0, 0, 0, 1.41421, 0, 0, 0, 0, 0, 0, 0, 0, 0, 0, 0, 0, 0, 0, 0, 0, 0, 0, 0, 0, 0, 0, 0, 0
30.7373, 0, 0, 0, 1.41421, 0, 0, 0, 0, 0, 0, 0, 0, 0, 0, 0, 0, 0, 0, 0, 0, 0, 0, 0, 0, 0, 0, 0, 0
30.7452, 0, 0, 0, 1.41421, 0, 0, 0, 0, 0, 0, 0, 0, 0, 0, 0, 0, 0, 0, 0, 0, 0, 0, 0, 0, 0, 0, 0, 0
30.7531, 0, 0, 0, 1.41421, 0, 0, 0, 0, 0, 0, 0, 0, 0, 0, 0, 0, 0, 0, 0, 0, 0, 0, 0, 0, 0, 0, 0, 0
30.7609, 0, 0, 0, 1.41421, 0, 0, 0, 0, 0, 0, 0, 0, 0, 0, 0, 0, 0, 0, 0, 0, 0, 0, 0, 0, 0, 0, 0, 0
30.7688, 0, 0, 0, 1.41421, 0, 0, 0, 0, 0, 0, 0, 0, 0, 0, 0, 0, 0, 0, 0, 0, 0, 0, 0, 0, 0, 0, 0, 0
30.7767, 0, 0, 0, 1.41421, 0, 0, 0, 0, 0, 0, 0, 0, 0, 0, 0, 0, 0, 0, 0, 0, 0, 0, 0, 0, 0, 0, 0, 0
30.7846, 0, 0, 0, 1.41421, 0, 0, 0, 0, 0, 0, 0, 0, 0, 0, 0, 0, 0, 0, 0, 0, 0, 0, 0, 0, 0, 0, 0, 0
30.7925, 0, 0, 0, 1.41421, 0, 0, 0, 0, 0, 0, 0, 0, 0, 0, 0, 0, 0, 0, 0, 0, 0, 0, 0, 0, 0, 0, 0, 0
30.8004, 0, 0, 0, 1.41421, 0, 0, 0, 0, 0, 0, 0, 0, 0, 0, 0, 0, 0, 0, 0, 0, 0, 0, 0, 0, 0, 0, 0, 0
30.8082, 0, 0, 0, 1.41421, 0, 0, 0, 0, 0, 0, 0, 0, 0, 0, 0, 0, 0, 0, 0, 0, 0, 0, 0, 0, 0, 0, 0, 0
30.8161, 0, 0, 0, 1.41421, 0, 0, 0, 0, 0, 0, 0, 0, 0, 0, 0, 0, 0, 0, 0, 0, 0, 0, 0, 0, 0, 0, 0, 0
30.824, 0, 0, 0, 1.41421, 0, 0, 0, 0, 0, 0, 0, 0, 0, 0, 0, 0, 0, 0, 0, 0, 0, 0, 0, 0, 0, 0, 0, 0
30.8319, 0, 0, 0, 1.41421, 0, 0, 0, 0, 0, 0, 0, 0, 0, 0, 0, 0, 0, 0, 0, 0, 0, 0, 0, 0, 0, 0, 0, 0
30.8398, 0, 0, 0, 1.41421, 0, 0, 0, 0, 0, 0, 0, 0, 0, 0, 0, 0, 0, 0, 0, 0, 0, 0, 0, 0, 0, 0, 0, 0
30.8477, 0, 0, 0, 1.41421, 0, 0, 0, 0, 0, 0, 0, 0, 0, 0, 0, 0, 0, 0, 0, 0, 0, 0, 0, 0, 0, 0, 0, 0
30.8555, 0, 0, 0, 1.41421, 0, 0, 0, 0, 0, 0, 0, 0, 0, 0, 0, 0, 0, 0, 0, 0, 0, 0, 0, 0, 0, 0, 0, 0
30.8634, 0, 0, 0, 1.41421, 0, 0, 0, 0, 0, 0, 0, 0, 0, 0, 0, 0, 0, 0, 0, 0, 0, 0, 0, 0, 0, 0, 0, 0
30.8713, 0, 0, 0, 1.41421, 0, 0, 0, 0, 0, 0, 0, 0, 0, 0, 0, 0, 0, 0, 0, 0, 0, 0, 0, 0, 0, 0, 0, 0
30.8792, 0, 0, 0, 1.41421, 0, 0, 0, 0, 0, 0, 0, 0, 0, 0, 0, 0, 0, 0, 0, 0, 0, 0, 0, 0, 0, 0, 0, 0
30.8871, 0, 0, 0, 1.41421, 0, 0, 0, 0, 0, 0, 0, 0, 0, 0, 0, 0, 0, 0, 0, 0, 0, 0, 0, 0, 0, 0, 0, 0
30.895, 0, 0, 0, 1.41421, 0, 0, 0, 0, 0, 0, 0, 0, 0, 0, 0, 0, 0, 0, 0, 0, 0, 0, 0, 0, 0, 0, 0, 0
30.9028, 0, 0, 0, 1.41421, 0, 0, 0, 0, 0, 0, 0, 0, 0, 0, 0, 0, 0, 0, 0, 0, 0, 0, 0, 0, 0, 0, 0, 0
30.9107, 0, 0, 0, 1.41421, 0, 0, 0, 0, 0, 0, 0, 0, 0, 0, 0, 0, 0, 0, 0, 0, 0, 0, 0, 0, 0, 0, 0, 0
30.9186, 0, 0, 0, 1.41421, 0, 0, 0, 0, 0, 0, 0, 0, 0, 0, 0, 0, 0, 0, 0, 0, 0, 0, 0, 0, 0, 0, 0, 0
30.9265, 0, 0, 0, 1.41421, 0, 0, 0, 0, 0, 0, 0, 0, 0, 0, 0, 0, 0, 0, 0, 0, 0, 0, 0, 0, 0, 0, 0, 0
30.9344, 0, 0, 0, 1.41421, 0, 0, 0, 0, 0, 0, 0, 0, 0, 0, 0, 0, 0, 0, 0, 0, 0, 0, 0, 0, 0, 0, 0, 0
30.9422, 0, 0, 0, 1.41421, 0, 0, 0, 0, 0, 0, 0, 0, 0, 0, 0, 0, 0, 0, 0, 0, 0, 0, 0, 0, 0, 0, 0, 0
30.9501, 0, 0, 0, 1.41421, 0, 0, 0, 0, 0, 0, 0, 0, 0, 0, 0, 0, 0, 0, 0, 0, 0, 0, 0, 0, 0, 0, 0, 0
30.958, 0, 0, 0, 1.41421, 0, 0, 0, 0, 0, 0, 0, 0, 0, 0, 0, 0, 0, 0, 0, 0, 0, 0, 0, 0, 0, 0, 0, 0
30.9659, 0, 0, 0, 1.41421, 0, 0, 0, 0, 0, 0, 0, 0, 0, 0, 0, 0, 0, 0, 0, 0, 0, 0, 0, 0, 0, 0, 0, 0
30.9738, 0, 0, 0, 1.41421, 0, 0, 0, 0, 0, 0, 0, 0, 0, 0, 0, 0, 0, 0, 0, 0, 0, 0, 0, 0, 0, 0, 0, 0
30.9817, 0, 0, 0, 1.41421, 0, 0, 0, 0, 0, 0, 0, 0, 0, 0, 0, 0, 0, 0, 0, 0, 0, 0, 0, 0, 0, 0, 0, 0
30.9895, 0, 0, 0, 1.41421, 0, 0, 0, 0, 0, 0, 0, 0, 0, 0, 0, 0, 0, 0, 0, 0, 0, 0, 0, 0, 0, 0, 0, 0
30.9974, 0, 0, 0, 1.41421, 0, 0, 0, 0, 0, 0, 0, 0, 0, 0, 0, 0, 0, 0, 0, 0, 0, 0, 0, 0, 0, 0, 0, 0
31.0053, 0, 0, 0, 1.41421, 0, 0, 0, 0, 0, 0, 0, 0, 0, 0, 0, 0, 0, 0, 0, 0, 0, 0, 0, 0, 0, 0, 0, 0
31.0132, 0, 0, 0, 1.41421, 0, 0, 0, 0, 0, 0, 0, 0, 0, 0, 0, 0, 0, 0, 0, 0, 0, 0, 0, 0, 0, 0, 0, 0
31.0211, 0, 0, 0, 1.41421, 0, 0, 0, 0, 0, 0, 0, 0, 0, 0, 0, 0, 0, 0, 0, 0, 0, 0, 0, 0, 0, 0, 0, 0
31.029, 0, 0, 0, 1.41421, 0, 0, 0, 0, 0, 0, 0, 0, 0, 0, 0, 0, 0, 0, 0, 0, 0, 0, 0, 0, 0, 0, 0, 0
31.0368, 0, 0, 0, 1.41421, 0, 0, 0, 0, 0, 0, 0, 0, 0, 0, 0, 0, 0, 0, 0, 0, 0, 0, 0, 0, 0, 0, 0, 0
31.0447, 0, 0, 0, 1.41421, 0, 0, 0, 0, 0, 0, 0, 0, 0, 0, 0, 0, 0, 0, 0, 0, 0, 0, 0, 0, 0, 0, 0, 0
31.0526, 0, 0, 0, 1.41421, 0, 0, 0, 0, 0, 0, 0, 0, 0, 0, 0, 0, 0, 0, 0, 0, 0, 0, 0, 0, 0, 0, 0, 0
31.0605, 0, 0, 0, 1.41421, 0, 0, 0, 0, 0, 0, 0, 0, 0, 0, 0, 0, 0, 0, 0, 0, 0, 0, 0, 0, 0, 0, 0, 0
31.0684, 0, 0, 0, 1.41421, 0, 0, 0, 0, 0, 0, 0, 0, 0, 0, 0, 0, 0, 0, 0, 0, 0, 0, 0, 0, 0, 0, 0, 0
31.0763, 0, 0, 0, 1.41421, 0, 0, 0, 0, 0, 0, 0, 0, 0, 0, 0, 0, 0, 0, 0, 0, 0, 0, 0, 0, 0, 0, 0, 0
31.0841, 0, 0, 0, 1.41421, 0, 0, 0, 0, 0, 0, 0, 0, 0, 0, 0, 0, 0, 0, 0, 0, 0, 0, 0, 0, 0, 0, 0, 0
31.092, 0, 0, 0, 1.41421, 0, 0, 0, 0, 0, 0, 0, 0, 0, 0, 0, 0, 0, 0, 0, 0, 0, 0, 0, 0, 0, 0, 0, 0
31.0999, 0, 0, 0, 1.41421, 0, 0, 0, 0, 0, 0, 0, 0, 0, 0, 0, 0, 0, 0, 0, 0, 0, 0, 0, 0, 0, 0, 0, 0
31.1078, 0, 0, 0, 1.41421, 0, 0, 0, 0, 0, 0, 0, 0, 0, 0, 0, 0, 0, 0, 0, 0, 0, 0, 0, 0, 0, 0, 0, 0
31.1157, 0, 0, 0, 1.41421, 0, 0, 0, 0, 0, 0, 0, 0, 0, 0, 0, 0, 0, 0, 0, 0, 0, 0, 0, 0, 0, 0, 0, 0
31.1236, 0, 0, 0, 1.41421, 0, 0, 0, 0, 0, 0, 0, 0, 0, 0, 0, 0, 0, 0, 0, 0, 0, 0, 0, 0, 0, 0, 0, 0
31.1314, 0, 0, 0, 1.41421, 0, 0, 0, 0, 0, 0, 0, 0, 0, 0, 0, 0, 0, 0, 0, 0, 0, 0, 0, 0, 0, 0, 0, 0
31.1393, 0, 0, 0, 1.41421, 0, 0, 0, 0, 0, 0, 0, 0, 0, 0, 0, 0, 0, 0, 0, 0, 0, 0, 0, 0, 0, 0, 0, 0
31.1472, 0, 0, 0, 1.41421, 0, 0, 0, 0, 0, 0, 0, 0, 0, 0, 0, 0, 0, 0, 0, 0, 0, 0, 0, 0, 0, 0, 0, 0
31.1551, 0, 0, 0, 1.41421, 0, 0, 0, 0, 0, 0, 0, 0, 0, 0, 0, 0, 0, 0, 0, 0, 0, 0, 0, 0, 0, 0, 0, 0
31.163, 0, 0, 0, 1.41421, 0, 0, 0, 0, 0, 0, 0, 0, 0, 0, 0, 0, 0, 0, 0, 0, 0, 0, 0, 0, 0, 0, 0, 0
31.1709, 0, 0, 0, 1.41421, 0, 0, 0, 0, 0, 0, 0, 0, 0, 0, 0, 0, 0, 0, 0, 0, 0, 0, 0, 0, 0, 0, 0, 0
31.1787, 0, 0, 0, 1.41421, 0, 0, 0, 0, 0, 0, 0, 0, 0, 0, 0, 0, 0, 0, 0, 0, 0, 0, 0, 0, 0, 0, 0, 0
31.1866, 0, 0, 0, 1.41421, 0, 0, 0, 0, 0, 0, 0, 0, 0, 0, 0, 0, 0, 0, 0, 0, 0, 0, 0, 0, 0, 0, 0, 0
31.1945, 0, 0, 0, 1.41421, 0, 0, 0, 0, 0, 0, 0, 0, 0, 0, 0, 0, 0, 0, 0, 0, 0, 0, 0, 0, 0, 0, 0, 0
31.2024, 0, 0, 0, 1.41421, 0, 0, 0, 0, 0, 0, 0, 0, 0, 0, 0, 0, 0, 0, 0, 0, 0, 0, 0, 0, 0, 0, 0, 0
31.2103, 0, 0, 0, 1.41421, 0, 0, 0, 0, 0, 0, 0, 0, 0, 0, 0, 0, 0, 0, 0, 0, 0, 0, 0, 0, 0, 0, 0, 0
31.2181, 0, 0, 0, 1.41421, 0, 0, 0, 0, 0, 0, 0, 0, 0, 0, 0, 0, 0, 0, 0, 0, 0, 0, 0, 0, 0, 0, 0, 0
31.226, 0, 0, 0, 1.41421, 0, 0, 0, 0, 0, 0, 0, 0, 0, 0, 0, 0, 0, 0, 0, 0, 0, 0, 0, 0, 0, 0, 0, 0
31.2339, 0, 0, 0, 1.41421, 0, 0, 0, 0, 0, 0, 0, 0, 0, 0, 0, 0, 0, 0, 0, 0, 0, 0, 0, 0, 0, 0, 0, 0
31.2418, 0, 0, 0, 1.41421, 0, 0, 0, 0, 0, 0, 0, 0, 0, 0, 0, 0, 0, 0, 0, 0, 0, 0, 0, 0, 0, 0, 0, 0
31.2497, 0, 0, 0, 1.41421, 0, 0, 0, 0, 0, 0, 0, 0, 0, 0, 0, 0, 0, 0, 0, 0, 0, 0, 0, 0, 0, 0, 0, 0
31.2576, 0, 0, 0, 1.41421, 0, 0, 0, 0, 0, 0, 0, 0, 0, 0, 0, 0, 0, 0, 0, 0, 0, 0, 0, 0, 0, 0, 0, 0
31.2654, 0, 0, 0, 1.41421, 0, 0, 0, 0, 0, 0, 0, 0, 0, 0, 0, 0, 0, 0, 0, 0, 0, 0, 0, 0, 0, 0, 0, 0
31.2733, 0, 0, 0, 1.41421, 0, 0, 0, 0, 0, 0, 0, 0, 0, 0, 0, 0, 0, 0, 0, 0, 0, 0, 0, 0, 0, 0, 0, 0
31.2812, 0, 0, 0, 1.41421, 0, 0, 0, 0, 0, 0, 0, 0, 0, 0, 0, 0, 0, 0, 0, 0, 0, 0, 0, 0, 0, 0, 0, 0
31.2891, 0, 0, 0, 1.41421, 0, 0, 0, 0, 0, 0, 0, 0, 0, 0, 0, 0, 0, 0, 0, 0, 0, 0, 0, 0, 0, 0, 0, 0
31.297, 0, 0, 0, 1.41421, 0, 0, 0, 0, 0, 0, 0, 0, 0, 0, 0, 0, 0, 0, 0, 0, 0, 0, 0, 0, 0, 0, 0, 0
31.3049, 0, 0, 0, 1.41421, 0, 0, 0, 0, 0, 0, 0, 0, 0, 0, 0, 0, 0, 0, 0, 0, 0, 0, 0, 0, 0, 0, 0, 0
31.3127, 0, 0, 0, 1.41421, 0, 0, 0, 0, 0, 0, 0, 0, 0, 0, 0, 0, 0, 0, 0, 0, 0, 0, 0, 0, 0, 0, 0, 0
31.3206, 0, 0, 0, 1.41421, 0, 0, 0, 0, 0, 0, 0, 0, 0, 0, 0, 0, 0, 0, 0, 0, 0, 0, 0, 0, 0, 0, 0, 0
31.3285, 0, 0, 0, 1.41421, 0, 0, 0, 0, 0, 0, 0, 0, 0, 0, 0, 0, 0, 0, 0, 0, 0, 0, 0, 0, 0, 0, 0, 0
31.3364, 0, 0, 0, 1.41421, 0, 0, 0, 0, 0, 0, 0, 0, 0, 0, 0, 0, 0, 0, 0, 0, 0, 0, 0, 0, 0, 0, 0, 0
31.3443, 0, 0, 0, 1.41421, 0, 0, 0, 0, 0, 0, 0, 0, 0, 0, 0, 0, 0, 0, 0, 0, 0, 0, 0, 0, 0, 0, 0, 0
31.3522, 0, 0, 0, 1.41421, 0, 0, 0, 0, 0, 0, 0, 0, 0, 0, 0, 0, 0, 0, 0, 0, 0, 0, 0, 0, 0, 0, 0, 0
31.36, 0, 0, 0, 1.41421, 0, 0, 0, 0, 0, 0, 0, 0, 0, 0, 0, 0, 0, 0, 0, 0, 0, 0, 0, 0, 0, 0, 0, 0
31.3679, 0, 0, 0, 1.41421, 0, 0, 0, 0, 0, 0, 0, 0, 0, 0, 0, 0, 0, 0, 0, 0, 0, 0, 0, 0, 0, 0, 0, 0
31.3758, 0, 0, 0, 1.41421, 0, 0, 0, 0, 0, 0, 0, 0, 0, 0, 0, 0, 0, 0, 0, 0, 0, 0, 0, 0, 0, 0, 0, 0
31.3837, 0, 0, 0, 1.41421, 0, 0, 0, 0, 0, 0, 0, 0, 0, 0, 0, 0, 0, 0, 0, 0, 0, 0, 0, 0, 0, 0, 0, 0
31.3916, 0, 0, 0, 1.41421, 0, 0, 0, 0, 0, 0, 0, 0, 0, 0, 0, 0, 0, 0, 0, 0, 0, 0, 0, 0, 0, 0, 0, 0
31.3995, 0, 0, 0, 1.41421, 0, 0, 0, 0, 0, 0, 0, 0, 0, 0, 0, 0, 0, 0, 0, 0, 0, 0, 0, 0, 0, 0, 0, 0
31.4073, 0, 0, 0, 1.41421, 0, 0, 0, 0, 0, 0, 0, 0, 0, 0, 0, 0, 0, 0, 0, 0, 0, 0, 0, 0, 0, 0, 0, 0
31.4152, 0, 0, 0, 1.41421, 0, 0, 0, 0, 0, 0, 0, 0, 0, 0, 0, 0, 0, 0, 0, 0, 0, 0, 0, 0, 0, 0, 0, 0
31.4231, 0, 0, 0, 1.41421, 0, 0, 0, 0, 0, 0, 0, 0, 0, 0, 0, 0, 0, 0, 0, 0, 0, 0, 0, 0, 0, 0, 0, 0
31.431, 0, 0, 0, 1.41421, 0, 0, 0, 0, 0, 0, 0, 0, 0, 0, 0, 0, 0, 0, 0, 0, 0, 0, 0, 0, 0, 0, 0, 0
31.4389, 0, 0, 0, 1.41421, 0, 0, 0, 0, 0, 0, 0, 0, 0, 0, 0, 0, 0, 0, 0, 0, 0, 0, 0, 0, 0, 0, 0, 0
31.4468, 0, 0, 0, 1.41421, 0, 0, 0, 0, 0, 0, 0, 0, 0, 0, 0, 0, 0, 0, 0, 0, 0, 0, 0, 0, 0, 0, 0, 0
31.4546, 0, 0, 0, 1.41421, 0, 0, 0, 0, 0, 0, 0, 0, 0, 0, 0, 0, 0, 0, 0, 0, 0, 0, 0, 0, 0, 0, 0, 0
31.4625, 0, 0, 0, 1.41421, 0, 0, 0, 0, 0, 0, 0, 0, 0, 0, 0, 0, 0, 0, 0, 0, 0, 0, 0, 0, 0, 0, 0, 0
31.4704, 0, 0, 0, 1.41421, 0, 0, 0, 0, 0, 0, 0, 0, 0, 0, 0, 0, 0, 0, 0, 0, 0, 0, 0, 0, 0, 0, 0, 0
31.4783, 0, 0, 0, 1.41421, 0, 0, 0, 0, 0, 0, 0, 0, 0, 0, 0, 0, 0, 0, 0, 0, 0, 0, 0, 0, 0, 0, 0, 0
31.4862, 0, 0, 0, 1.41421, 0, 0, 0, 0, 0, 0, 0, 0, 0, 0, 0, 0, 0, 0, 0, 0, 0, 0, 0, 0, 0, 0, 0, 0
31.494, 0, 0, 0, 1.41421, 0, 0, 0, 0, 0, 0, 0, 0, 0, 0, 0, 0, 0, 0, 0, 0, 0, 0, 0, 0, 0, 0, 0, 0
31.5019, 0, 0, 0, 1.41421, 0, 0, 0, 0, 0, 0, 0, 0, 0, 0, 0, 0, 0, 0, 0, 0, 0, 0, 0, 0, 0, 0, 0, 0
31.5098, 0, 0, 0, 1.41421, 0, 0, 0, 0, 0, 0, 0, 0, 0, 0, 0, 0, 0, 0, 0, 0, 0, 0, 0, 0, 0, 0, 0, 0
31.5177, 0, 0, 0, 1.41421, 0, 0, 0, 0, 0, 0, 0, 0, 0, 0, 0, 0, 0, 0, 0, 0, 0, 0, 0, 0, 0, 0, 0, 0
31.5256, 0, 0, 0, 1.41421, 0, 0, 0, 0, 0, 0, 0, 0, 0, 0, 0, 0, 0, 0, 0, 0, 0, 0, 0, 0, 0, 0, 0, 0
31.5335, 0, 0, 0, 1.41421, 0, 0, 0, 0, 0, 0, 0, 0, 0, 0, 0, 0, 0, 0, 0, 0, 0, 0, 0, 0, 0, 0, 0, 0
31.5413, 0, 0, 0, 1.41421, 0, 0, 0, 0, 0, 0, 0, 0, 0, 0, 0, 0, 0, 0, 0, 0, 0, 0, 0, 0, 0, 0, 0, 0
31.5492, 0, 0, 0, 1.41421, 0, 0, 0, 0, 0, 0, 0, 0, 0, 0, 0, 0, 0, 0, 0, 0, 0, 0, 0, 0, 0, 0, 0, 0
31.5571, 0, 0, 0, 1.41421, 0, 0, 0, 0, 0, 0, 0, 0, 0, 0, 0, 0, 0, 0, 0, 0, 0, 0, 0, 0, 0, 0, 0, 0
31.565, 0, 0, 0, 1.41421, 0, 0, 0, 0, 0, 0, 0, 0, 0, 0, 0, 0, 0, 0, 0, 0, 0, 0, 0, 0, 0, 0, 0, 0
31.5729, 0, 0, 0, 1.41421, 0, 0, 0, 0, 0, 0, 0, 0, 0, 0, 0, 0, 0, 0, 0, 0, 0, 0, 0, 0, 0, 0, 0, 0
31.5808, 0, 0, 0, 1.41421, 0, 0, 0, 0, 0, 0, 0, 0, 0, 0, 0, 0, 0, 0, 0, 0, 0, 0, 0, 0, 0, 0, 0, 0
31.5886, 0, 0, 0, 1.41421, 0, 0, 0, 0, 0, 0, 0, 0, 0, 0, 0, 0, 0, 0, 0, 0, 0, 0, 0, 0, 0, 0, 0, 0
31.5965, 0, 0, 0, 1.41421, 0, 0, 0, 0, 0, 0, 0, 0, 0, 0, 0, 0, 0, 0, 0, 0, 0, 0, 0, 0, 0, 0, 0, 0
31.6044, 0, 0, 0, 1.41421, 0, 0, 0, 0, 0, 0, 0, 0, 0, 0, 0, 0, 0, 0, 0, 0, 0, 0, 0, 0, 0, 0, 0, 0
31.6123, 0, 0, 0, 1.41421, 0, 0, 0, 0, 0, 0, 0, 0, 0, 0, 0, 0, 0, 0, 0, 0, 0, 0, 0, 0, 0, 0, 0, 0
31.6202, 0, 0, 0, 1.41421, 0, 0, 0, 0, 0, 0, 0, 0, 0, 0, 0, 0, 0, 0, 0, 0, 0, 0, 0, 0, 0, 0, 0, 0
31.6281, 0, 0, 0, 1.41421, 0, 0, 0, 0, 0, 0, 0, 0, 0, 0, 0, 0, 0, 0, 0, 0, 0, 0, 0, 0, 0, 0, 0, 0
31.6359, 0, 0, 0, 1.41421, 0, 0, 0, 0, 0, 0, 0, 0, 0, 0, 0, 0, 0, 0, 0, 0, 0, 0, 0, 0, 0, 0, 0, 0
31.6438, 0, 0, 0, 1.41421, 0, 0, 0, 0, 0, 0, 0, 0, 0, 0, 0, 0, 0, 0, 0, 0, 0, 0, 0, 0, 0, 0, 0, 0
31.6517, 0, 0, 0, 1.41421, 0, 0, 0, 0, 0, 0, 0, 0, 0, 0, 0, 0, 0, 0, 0, 0, 0, 0, 0, 0, 0, 0, 0, 0
31.6596, 0, 0, 0, 1.41421, 0, 0, 0, 0, 0, 0, 0, 0, 0, 0, 0, 0, 0, 0, 0, 0, 0, 0, 0, 0, 0, 0, 0, 0
31.6675, 0, 0, 0, 1.41421, 0, 0, 0, 0, 0, 0, 0, 0, 0, 0, 0, 0, 0, 0, 0, 0, 0, 0, 0, 0, 0, 0, 0, 0
31.6754, 0, 0, 0, 1.41421, 0, 0, 0, 0, 0, 0, 0, 0, 0, 0, 0, 0, 0, 0, 0, 0, 0, 0, 0, 0, 0, 0, 0, 0
31.6832, 0, 0, 0, 1.41421, 0, 0, 0, 0, 0, 0, 0, 0, 0, 0, 0, 0, 0, 0, 0, 0, 0, 0, 0, 0, 0, 0, 0, 0
31.6911, 0, 0, 0, 1.41421, 0, 0, 0, 0, 0, 0, 0, 0, 0, 0, 0, 0, 0, 0, 0, 0, 0, 0, 0, 0, 0, 0, 0, 0
31.699, 0, 0, 0, 1.41421, 0, 0, 0, 0, 0, 0, 0, 0, 0, 0, 0, 0, 0, 0, 0, 0, 0, 0, 0, 0, 0, 0, 0, 0
31.7069, 0, 0, 0, 1.41421, 0, 0, 0, 0, 0, 0, 0, 0, 0, 0, 0, 0, 0, 0, 0, 0, 0, 0, 0, 0, 0, 0, 0, 0
31.7148, 0, 0, 0, 1.41421, 0, 0, 0, 0, 0, 0, 0, 0, 0, 0, 0, 0, 0, 0, 0, 0, 0, 0, 0, 0, 0, 0, 0, 0
31.7226, 0, 0, 0, 1.41421, 0, 0, 0, 0, 0, 0, 0, 0, 0, 0, 0, 0, 0, 0, 0, 0, 0, 0, 0, 0, 0, 0, 0, 0
31.7305, 0, 0, 0, 1.41421, 0, 0, 0, 0, 0, 0, 0, 0, 0, 0, 0, 0, 0, 0, 0, 0, 0, 0, 0, 0, 0, 0, 0, 0
31.7384, 0, 0, 0, 1.41421, 0, 0, 0, 0, 0, 0, 0, 0, 0, 0, 0, 0, 0, 0, 0, 0, 0, 0, 0, 0, 0, 0, 0, 0
31.7463, 0, 0, 0, 1.41421, 0, 0, 0, 0, 0, 0, 0, 0, 0, 0, 0, 0, 0, 0, 0, 0, 0, 0, 0, 0, 0, 0, 0, 0
31.7542, 0, 0, 0, 1.41421, 0, 0, 0, 0, 0, 0, 0, 0, 0, 0, 0, 0, 0, 0, 0, 0, 0, 0, 0, 0, 0, 0, 0, 0
31.7621, 0, 0, 0, 1.41421, 0, 0, 0, 0, 0, 0, 0, 0, 0, 0, 0, 0, 0, 0, 0, 0, 0, 0, 0, 0, 0, 0, 0, 0
31.7699, 0, 0, 0, 1.41421, 0, 0, 0, 0, 0, 0, 0, 0, 0, 0, 0, 0, 0, 0, 0, 0, 0, 0, 0, 0, 0, 0, 0, 0
31.7778, 0, 0, 0, 1.41421, 0, 0, 0, 0, 0, 0, 0, 0, 0, 0, 0, 0, 0, 0, 0, 0, 0, 0, 0, 0, 0, 0, 0, 0
31.7857, 0, 0, 0, 1.41421, 0, 0, 0, 0, 0, 0, 0, 0, 0, 0, 0, 0, 0, 0, 0, 0, 0, 0, 0, 0, 0, 0, 0, 0
31.7936, 0, 0, 0, 1.41421, 0, 0, 0, 0, 0, 0, 0, 0, 0, 0, 0, 0, 0, 0, 0, 0, 0, 0, 0, 0, 0, 0, 0, 0
31.8015, 0, 0, 0, 1.41421, 0, 0, 0, 0, 0, 0, 0, 0, 0, 0, 0, 0, 0, 0, 0, 0, 0, 0, 0, 0, 0, 0, 0, 0
31.8094, 0, 0, 0, 1.41421, 0, 0, 0, 0, 0, 0, 0, 0, 0, 0, 0, 0, 0, 0, 0, 0, 0, 0, 0, 0, 0, 0, 0, 0
31.8172, 0, 0, 0, 1.41421, 0, 0, 0, 0, 0, 0, 0, 0, 0, 0, 0, 0, 0, 0, 0, 0, 0, 0, 0, 0, 0, 0, 0, 0
31.8251, 0, 0, 0, 1.41421, 0, 0, 0, 0, 0, 0, 0, 0, 0, 0, 0, 0, 0, 0, 0, 0, 0, 0, 0, 0, 0, 0, 0, 0
31.833, 0, 0, 0, 1.41421, 0, 0, 0, 0, 0, 0, 0, 0, 0, 0, 0, 0, 0, 0, 0, 0, 0, 0, 0, 0, 0, 0, 0, 0
31.8409, 0, 0, 0, 1.41421, 0, 0, 0, 0, 0, 0, 0, 0, 0, 0, 0, 0, 0, 0, 0, 0, 0, 0, 0, 0, 0, 0, 0, 0
31.8488, 0, 0, 0, 1.41421, 0, 0, 0, 0, 0, 0, 0, 0, 0, 0, 0, 0, 0, 0, 0, 0, 0, 0, 0, 0, 0, 0, 0, 0
31.8567, 0, 0, 0, 1.41421, 0, 0, 0, 0, 0, 0, 0, 0, 0, 0, 0, 0, 0, 0, 0, 0, 0, 0, 0, 0, 0, 0, 0, 0
31.8645, 0, 0, 0, 1.41421, 0, 0, 0, 0, 0, 0, 0, 0, 0, 0, 0, 0, 0, 0, 0, 0, 0, 0, 0, 0, 0, 0, 0, 0
31.8724, 0, 0, 0, 1.41421, 0, 0, 0, 0, 0, 0, 0, 0, 0, 0, 0, 0, 0, 0, 0, 0, 0, 0, 0, 0, 0, 0, 0, 0
31.8803, 0, 0, 0, 1.41421, 0, 0, 0, 0, 0, 0, 0, 0, 0, 0, 0, 0, 0, 0, 0, 0, 0, 0, 0, 0, 0, 0, 0, 0
31.8882, 0, 0, 0, 1.41421, 0, 0, 0, 0, 0, 0, 0, 0, 0, 0, 0, 0, 0, 0, 0, 0, 0, 0, 0, 0, 0, 0, 0, 0
31.8961, 0, 0, 0, 1.41421, 0, 0, 0, 0, 0, 0, 0, 0, 0, 0, 0, 0, 0, 0, 0, 0, 0, 0, 0, 0, 0, 0, 0, 0
31.904, 0, 0, 0, 1.41421, 0, 0, 0, 0, 0, 0, 0, 0, 0, 0, 0, 0, 0, 0, 0, 0, 0, 0, 0, 0, 0, 0, 0, 0
31.9118, 0, 0, 0, 1.41421, 0, 0, 0, 0, 0, 0, 0, 0, 0, 0, 0, 0, 0, 0, 0, 0, 0, 0, 0, 0, 0, 0, 0, 0
31.9197, 0, 0, 0, 1.41421, 0, 0, 0, 0, 0, 0, 0, 0, 0, 0, 0, 0, 0, 0, 0, 0, 0, 0, 0, 0, 0, 0, 0, 0
31.9276, 0, 0, 0, 1.41421, 0, 0, 0, 0, 0, 0, 0, 0, 0, 0, 0, 0, 0, 0, 0, 0, 0, 0, 0, 0, 0, 0, 0, 0
31.9355, 0, 0, 0, 1.41421, 0, 0, 0, 0, 0, 0, 0, 0, 0, 0, 0, 0, 0, 0, 0, 0, 0, 0, 0, 0, 0, 0, 0, 0
31.9434, 0, 0, 0, 1.41421, 0, 0, 0, 0, 0, 0, 0, 0, 0, 0, 0, 0, 0, 0, 0, 0, 0, 0, 0, 0, 0, 0, 0, 0
31.9513, 0, 0, 0, 1.41421, 0, 0, 0, 0, 0, 0, 0, 0, 0, 0, 0, 0, 0, 0, 0, 0, 0, 0, 0, 0, 0, 0, 0, 0
31.9591, 0, 0, 0, 1.41421, 0, 0, 0, 0, 0, 0, 0, 0, 0, 0, 0, 0, 0, 0, 0, 0, 0, 0, 0, 0, 0, 0, 0, 0
31.967, 0, 0, 0, 1.41421, 0, 0, 0, 0, 0, 0, 0, 0, 0, 0, 0, 0, 0, 0, 0, 0, 0, 0, 0, 0, 0, 0, 0, 0
31.9749, 0, 0, 0, 1.41421, 0, 0, 0, 0, 0, 0, 0, 0, 0, 0, 0, 0, 0, 0, 0, 0, 0, 0, 0, 0, 0, 0, 0, 0
31.9828, 0, 0, 0, 1.41421, 0, 0, 0, 0, 0, 0, 0, 0, 0, 0, 0, 0, 0, 0, 0, 0, 0, 0, 0, 0, 0, 0, 0, 0
31.9907, 0, 0, 0, 1.41421, 0, 0, 0, 0, 0, 0, 0, 0, 0, 0, 0, 0, 0, 0, 0, 0, 0, 0, 0, 0, 0, 0, 0, 0
31.9985, 0, 0, 0, 1.41421, 0, 0, 0, 0, 0, 0, 0, 0, 0, 0, 0, 0, 0, 0, 0, 0, 0, 0, 0, 0, 0, 0, 0, 0
32.0064, 0, 0, 0, 1.41421, 0, 0, 0, 0, 0, 0, 0, 0, 0, 0, 0, 0, 0, 0, 0, 0, 0, 0, 0, 0, 0, 0, 0, 0
32.0143, 0, 0, 0, 1.41421, 0, 0, 0, 0, 0, 0, 0, 0, 0, 0, 0, 0, 0, 0, 0, 0, 0, 0, 0, 0, 0, 0, 0, 0
32.0222, 0, 0, 0, 1.41421, 0, 0, 0, 0, 0, 0, 0, 0, 0, 0, 0, 0, 0, 0, 0, 0, 0, 0, 0, 0, 0, 0, 0, 0
32.0301, 0, 0, 0, 1.41421, 0, 0, 0, 0, 0, 0, 0, 0, 0, 0, 0, 0, 0, 0, 0, 0, 0, 0, 0, 0, 0, 0, 0, 0
32.038, 0, 0, 0, 1.41421, 0, 0, 0, 0, 0, 0, 0, 0, 0, 0, 0, 0, 0, 0, 0, 0, 0, 0, 0, 0, 0, 0, 0, 0
32.0458, 0, 0, 0, 1.41421, 0, 0, 0, 0, 0, 0, 0, 0, 0, 0, 0, 0, 0, 0, 0, 0, 0, 0, 0, 0, 0, 0, 0, 0
32.0537, 0, 0, 0, 1.41421, 0, 0, 0, 0, 0, 0, 0, 0, 0, 0, 0, 0, 0, 0, 0, 0, 0, 0, 0, 0, 0, 0, 0, 0
32.0616, 0, 0, 0, 1.41421, 0, 0, 0, 0, 0, 0, 0, 0, 0, 0, 0, 0, 0, 0, 0, 0, 0, 0, 0, 0, 0, 0, 0, 0
32.0695, 0, 0, 0, 1.41421, 0, 0, 0, 0, 0, 0, 0, 0, 0, 0, 0, 0, 0, 0, 0, 0, 0, 0, 0, 0, 0, 0, 0, 0
32.0774, 0, 0, 0, 1.41421, 0, 0, 0, 0, 0, 0, 0, 0, 0, 0, 0, 0, 0, 0, 0, 0, 0, 0, 0, 0, 0, 0, 0, 0
32.0853, 0, 0, 0, 1.41421, 0, 0, 0, 0, 0, 0, 0, 0, 0, 0, 0, 0, 0, 0, 0, 0, 0, 0, 0, 0, 0, 0, 0, 0
32.0931, 0, 0, 0, 1.41421, 0, 0, 0, 0, 0, 0, 0, 0, 0, 0, 0, 0, 0, 0, 0, 0, 0, 0, 0, 0, 0, 0, 0, 0
32.101, 0, 0, 0, 1.41421, 0, 0, 0, 0, 0, 0, 0, 0, 0, 0, 0, 0, 0, 0, 0, 0, 0, 0, 0, 0, 0, 0, 0, 0
32.1089, 0, 0, 0, 1.41421, 0, 0, 0, 0, 0, 0, 0, 0, 0, 0, 0, 0, 0, 0, 0, 0, 0, 0, 0, 0, 0, 0, 0, 0
32.1168, 0, 0, 0, 1.41421, 0, 0, 0, 0, 0, 0, 0, 0, 0, 0, 0, 0, 0, 0, 0, 0, 0, 0, 0, 0, 0, 0, 0, 0
32.1247, 0, 0, 0, 1.41421, 0, 0, 0, 0, 0, 0, 0, 0, 0, 0, 0, 0, 0, 0, 0, 0, 0, 0, 0, 0, 0, 0, 0, 0
32.1326, 0, 0, 0, 1.41421, 0, 0, 0, 0, 0, 0, 0, 0, 0, 0, 0, 0, 0, 0, 0, 0, 0, 0, 0, 0, 0, 0, 0, 0
32.1404, 0, 0, 0, 1.41421, 0, 0, 0, 0, 0, 0, 0, 0, 0, 0, 0, 0, 0, 0, 0, 0, 0, 0, 0, 0, 0, 0, 0, 0
32.1483, 0, 0, 0, 1.41421, 0, 0, 0, 0, 0, 0, 0, 0, 0, 0, 0, 0, 0, 0, 0, 0, 0, 0, 0, 0, 0, 0, 0, 0
32.1562, 0, 0, 0, 1.41421, 0, 0, 0, 0, 0, 0, 0, 0, 0, 0, 0, 0, 0, 0, 0, 0, 0, 0, 0, 0, 0, 0, 0, 0
32.1641, 0, 0, 0, 1.41421, 0, 0, 0, 0, 0, 0, 0, 0, 0, 0, 0, 0, 0, 0, 0, 0, 0, 0, 0, 0, 0, 0, 0, 0
32.172, 0, 0, 0, 1.41421, 0, 0, 0, 0, 0, 0, 0, 0, 0, 0, 0, 0, 0, 0, 0, 0, 0, 0, 0, 0, 0, 0, 0, 0
32.1799, 0, 0, 0, 1.41421, 0, 0, 0, 0, 0, 0, 0, 0, 0, 0, 0, 0, 0, 0, 0, 0, 0, 0, 0, 0, 0, 0, 0, 0
32.1877, 0, 0, 0, 1.41421, 0, 0, 0, 0, 0, 0, 0, 0, 0, 0, 0, 0, 0, 0, 0, 0, 0, 0, 0, 0, 0, 0, 0, 0
32.1956, 0, 0, 0, 1.41421, 0, 0, 0, 0, 0, 0, 0, 0, 0, 0, 0, 0, 0, 0, 0, 0, 0, 0, 0, 0, 0, 0, 0, 0
32.2035, 0, 0, 0, 1.41421, 0, 0, 0, 0, 0, 0, 0, 0, 0, 0, 0, 0, 0, 0, 0, 0, 0, 0, 0, 0, 0, 0, 0, 0
32.2114, 0, 0, 0, 1.41421, 0, 0, 0, 0, 0, 0, 0, 0, 0, 0, 0, 0, 0, 0, 0, 0, 0, 0, 0, 0, 0, 0, 0, 0
32.2193, 0, 0, 0, 1.41421, 0, 0, 0, 0, 0, 0, 0, 0, 0, 0, 0, 0, 0, 0, 0, 0, 0, 0, 0, 0, 0, 0, 0, 0
32.2271, 0, 0, 0, 1.41421, 0, 0, 0, 0, 0, 0, 0, 0, 0, 0, 0, 0, 0, 0, 0, 0, 0, 0, 0, 0, 0, 0, 0, 0
32.235, 0, 0, 0, 1.41421, 0, 0, 0, 0, 0, 0, 0, 0, 0, 0, 0, 0, 0, 0, 0, 0, 0, 0, 0, 0, 0, 0, 0, 0
32.2429, 0, 0, 0, 1.41421, 0, 0, 0, 0, 0, 0, 0, 0, 0, 0, 0, 0, 0, 0, 0, 0, 0, 0, 0, 0, 0, 0, 0, 0
32.2508, 0, 0, 0, 1.41421, 0, 0, 0, 0, 0, 0, 0, 0, 0, 0, 0, 0, 0, 0, 0, 0, 0, 0, 0, 0, 0, 0, 0, 0
32.2587, 0, 0, 0, 1.41421, 0, 0, 0, 0, 0, 0, 0, 0, 0, 0, 0, 0, 0, 0, 0, 0, 0, 0, 0, 0, 0, 0, 0, 0
