   PIQUANT 0.0.0-main  ps__0567_0717304816_000rfs_shot_480.msa
Energy (keV), meas, calc, bkg, sigma, residual, DetCE, Br_K, Zn_K, Ni_K, Fe_K, Mn_K, Cr_K, Ti_K, Ca_K, K_K, Cl_K, S_K, P_K, Si_K, Br_L, Al_K, Mg_K, Zn_L, Na_K, Ni_L, Rh_K_coh, Rh_L_coh, Rh_K_inc, Pileup, Rh_L_coh_Lb1
-0.000259001, 0, 0, 0, 1.41421, 0, 0, 0, 0, 0, 0, 0, 0, 0, 0, 0, 0, 0, 0, 0, 0, 0, 0, 0, 0, 0, 0, 0, 0, 0, 0
0.00760577, 0, 8.9121e-18, 0, 1.41421, -8.9121e-18, 0, 0, 0, 0, 0, 0, 0, 0, 0, 0, 0, 0, 0, 0, 2.49874e-20, 0, 0, 8.01159e-22, 0, 6.85739e-21, 0, 8.87945e-18, 0, 0, 0
0.0154705, 0, 1.66428e-17, 0, 1.41421, -1.66428e-17, 0, 0, 0, 0, 0, 0, 0, 0, 0, 0, 0, 0, 0, 0, 4.66617e-20, 0, 0, 1.521e-21, 0, 1.30497e-20, 0, 1.65816e-17, 0, 0, 0
0.0233353, 0, 3.08308e-17, 0, 1.41421, -3.08308e-17, 0, 0, 0, 0, 0, 0, 0, 0, 0, 0, 0, 0, 0, 0, 8.64395e-20, 0, 0, 2.86492e-21, 0, 2.46427e-20, 0, 3.07169e-17, 0, 0, 0
0.0312001, 0, 5.66673e-17, 0, 1.41421, -5.66673e-17, 0, 0, 0, 0, 0, 0, 0, 0, 0, 0, 0, 0, 0, 0, 1.58874e-19, 0, 0, 5.3549e-21, 0, 4.61861e-20, 0, 5.64569e-17, 0, 0, 0
0.0390649, 0, 1.03355e-16, 0, 1.41421, -1.03355e-16, 0, 0, 0, 0, 0, 0, 0, 0, 0, 0, 0, 0, 0, 0, 2.89764e-19, 0, 0, 9.93373e-21, 0, 8.5931e-20, 0, 1.0297e-16, 0, 0, 0
0.0469296, 0, 1.8709e-16, 0, 1.41421, -1.8709e-16, 0, 0, 0, 0, 0, 0, 0, 0, 0, 0, 0, 0, 0, 0, 5.24509e-19, 0, 0, 1.82924e-20, 0, 1.58745e-19, 0, 1.86388e-16, 0, 0, 0
0.0547944, 0, 3.36153e-16, 0, 1.41421, -3.36153e-16, 0, 0, 0, 0, 0, 0, 0, 0, 0, 0, 0, 0, 0, 0, 9.42393e-19, 0, 0, 3.3441e-20, 0, 2.91215e-19, 0, 3.34886e-16, 0, 0, 0
0.0626592, 0, 5.99581e-16, 0, 1.41421, -5.99581e-16, 0, 0, 0, 0, 0, 0, 0, 0, 0, 0, 0, 0, 0, 0, 1.68087e-18, 0, 0, 6.07005e-20, 0, 5.30587e-19, 0, 5.97309e-16, 0, 0, 0
0.0705239, 0, 1.06177e-15, 0, 1.41421, -1.06177e-15, 0, 0, 0, 0, 0, 0, 0, 0, 0, 0, 0, 0, 0, 0, 2.97651e-18, 0, 0, 1.09412e-19, 0, 9.60267e-19, 0, 1.05773e-15, 0, 0, 0
0.0783887, 0, 1.86695e-15, 0, 1.41421, -1.86695e-15, 0, 0, 0, 0, 0, 0, 0, 0, 0, 0, 0, 0, 0, 0, 5.23358e-18, 0, 0, 1.95859e-19, 0, 1.72655e-18, 0, 1.85979e-15, 0, 0, 0
0.0862535, 0, 3.25979e-15, 0, 1.41421, -3.25979e-15, 0, 0, 0, 0, 0, 0, 0, 0, 0, 0, 0, 0, 0, 0, 9.1379e-18, 0, 0, 3.48236e-19, 0, 3.08441e-18, 0, 3.24722e-15, 0, 0, 0
0.0941182, 0, 5.65257e-15, 0, 1.41421, -5.65257e-15, 0, 0, 0, 0, 0, 0, 0, 0, 0, 0, 0, 0, 0, 0, 1.5845e-17, 0, 0, 6.15037e-19, 0, 5.47549e-18, 0, 5.63063e-15, 0, 0, 0
0.101983, 0, 9.73496e-15, 0, 1.41421, -9.73496e-15, 0, 0, 0, 0, 0, 0, 0, 0, 0, 0, 0, 0, 0, 0, 2.72878e-17, 0, 0, 1.07911e-18, 0, 9.66009e-18, 0, 9.69694e-15, 0, 0, 0
0.109848, 0, 1.66528e-14, 0, 1.41421, -1.66528e-14, 0, 0, 0, 0, 0, 0, 0, 0, 0, 0, 0, 0, 0, 0, 4.66777e-17, 0, 0, 1.88104e-18, 0, 1.69391e-17, 0, 1.65873e-14, 0, 0, 0
0.117713, 0, 2.82968e-14, 0, 1.41421, -2.82968e-14, 0, 0, 0, 0, 0, 0, 0, 0, 0, 0, 0, 0, 0, 0, 7.93135e-17, 0, 0, 3.258e-18, 0, 2.95254e-17, 0, 2.81847e-14, 0, 0, 0
0.125577, 0, 4.77653e-14, 0, 1.41421, -4.77653e-14, 0, 0, 0, 0, 0, 0, 0, 0, 0, 0, 0, 0, 0, 0, 1.33878e-16, 0, 0, 5.60736e-18, 0, 5.11608e-17, 0, 4.75746e-14, 0, 0, 0
0.133442, 0, 8.01011e-14, 0, 1.41421, -8.01011e-14, 0, 0, 0, 0, 0, 0, 0, 0, 0, 0, 0, 0, 0, 0, 2.24503e-16, 0, 0, 9.59081e-18, 0, 8.81363e-17, 0, 7.97789e-14, 0, 0, 0
0.141307, 0, 1.33457e-13, 0, 1.41421, -1.33457e-13, 0, 0, 0, 0, 0, 0, 0, 0, 0, 0, 0, 0, 0, 0, 3.74034e-16, 0, 0, 1.63033e-17, 0, 1.50967e-16, 0, 1.32915e-13, 0, 0, 0
0.149172, 0, 2.20923e-13, 0, 1.41421, -2.20923e-13, 0, 0, 0, 0, 0, 0, 0, 0, 0, 0, 0, 0, 0, 0, 6.19152e-16, 0, 0, 2.75458e-17, 0, 2.57132e-16, 0, 2.20019e-13, 0, 0, 0
0.157036, 0, 3.63379e-13, 0, 1.41421, -3.63379e-13, 0, 0, 0, 0, 0, 0, 0, 0, 0, 0, 0, 0, 0, 0, 1.01837e-15, 0, 0, 4.62623e-17, 0, 4.35522e-16, 0, 3.61879e-13, 0, 0, 0
0.164901, 0, 5.93908e-13, 0, 1.41421, -5.93908e-13, 0, 0, 0, 0, 0, 0, 0, 0, 0, 0, 0, 0, 0, 0, 1.66437e-15, 0, 0, 7.72381e-17, 0, 7.33642e-16, 0, 5.91432e-13, 0, 0, 0
0.172766, 0, 9.64574e-13, 0, 1.41421, -9.64574e-13, 0, 0, 0, 0, 0, 0, 0, 0, 0, 0, 0, 0, 0, 0, 2.70306e-15, 0, 0, 1.28205e-16, 0, 1.22921e-15, 0, 9.60514e-13, 0, 0, 0
0.180631, 0, 1.55678e-12, 0, 1.41421, -1.55678e-12, 0, 0, 0, 0, 0, 0, 0, 0, 0, 0, 0, 0, 0, 0, 4.36253e-15, 0, 0, 2.11586e-16, 0, 2.04859e-15, 0, 1.55016e-12, 0, 0, 0
0.188495, 0, 2.49696e-12, 0, 1.41421, -2.49696e-12, 0, 0, 0, 0, 0, 0, 0, 0, 0, 0, 0, 0, 0, 0, 6.99703e-15, 0, 0, 3.47234e-16, 0, 3.39632e-15, 0, 2.48622e-12, 0, 0, 0
0.19636, 0, 3.98017e-12, 0, 1.41421, -3.98017e-12, 0, 0, 0, 0, 0, 0, 0, 0, 0, 0, 0, 0, 0, 0, 1.11532e-14, 0, 0, 5.66708e-16, 0, 5.60176e-15, 0, 3.96285e-12, 0, 0, 0
0.204225, 0, 6.30542e-12, 0, 1.41421, -6.30542e-12, 0, 0, 0, 0, 0, 0, 0, 0, 0, 0, 0, 0, 0, 0, 1.76689e-14, 0, 0, 9.1995e-16, 0, 9.19259e-15, 0, 6.27763e-12, 0, 0, 0
0.21209, 0, 9.92797e-12, 0, 1.41421, -9.92797e-12, 0, 0, 0, 0, 0, 0, 0, 0, 0, 0, 0, 0, 0, 0, 2.78201e-14, 0, 0, 1.48555e-15, 0, 1.50103e-14, 0, 9.88365e-12, 0, 0, 0
0.219955, 0, 1.55366e-11, 0, 1.41421, -1.55366e-11, 0, 0, 0, 0, 0, 0, 0, 0, 0, 0, 0, 0, 0, 0, 4.35373e-14, 0, 0, 2.38669e-15, 0, 2.43906e-14, 0, 1.54663e-11, 0, 0, 0
0.227819, 0, 2.41663e-11, 0, 1.41421, -2.41663e-11, 0, 0, 0, 0, 0, 0, 0, 0, 0, 0, 0, 0, 0, 0, 6.77226e-14, 0, 0, 3.81561e-15, 0, 3.9444e-14, 0, 2.40554e-11, 0, 0, 0
0.235684, 0, 3.73628e-11, 0, 1.41421, -3.73628e-11, 0, 0, 0, 0, 0, 0, 0, 0, 0, 0, 0, 0, 0, 0, 1.0471e-13, 0, 0, 6.07116e-15, 0, 6.34914e-14, 0, 3.71885e-11, 0, 0, 0
0.243549, 0, 5.74186e-11, 0, 1.41421, -5.74186e-11, 0, 0, 0, 0, 0, 0, 0, 0, 0, 0, 0, 0, 0, 0, 1.6093e-13, 0, 0, 9.61638e-15, 0, 1.01737e-13, 0, 5.71463e-11, 0, 0, 0
0.251414, 0, 8.77126e-11, 0, 1.41421, -8.77126e-11, 0, 0, 0, 0, 0, 0, 0, 0, 0, 0, 0, 0, 0, 0, 2.45866e-13, 0, 0, 1.51665e-14, 0, 1.62302e-13, 0, 8.72892e-11, 0, 0, 0
0.259278, 0, 1.33193e-10, 0, 1.41421, -1.33193e-10, 0, 0, 0, 0, 0, 0, 0, 0, 0, 0, 0, 0, 0, 0, 3.73409e-13, 0, 0, 2.38236e-14, 0, 2.57821e-13, 0, 1.32538e-10, 0, 0, 0
0.267143, 0, 2.01056e-10, 0, 1.41421, -2.01056e-10, 0, 0, 0, 0, 0, 0, 0, 0, 0, 0, 0, 0, 0, 0, 5.6378e-13, 0, 0, 3.72821e-14, 0, 4.07873e-13, 0, 2.00047e-10, 0, 0, 0
0.275008, 0, 3.01706e-10, 9.10844e-44, 1.41421, -3.01706e-10, 0, 9.10844e-44, 9.10844e-44, 9.10844e-44, 9.10844e-44, 9.10844e-44, 9.10844e-44, 9.10844e-44, 9.10844e-44, 9.10844e-44, 9.10844e-44, 9.10844e-44, 9.10844e-44, 9.10844e-44, 8.46232e-13, 9.10844e-44, 9.10844e-44, 5.81432e-14, 9.10844e-44, 6.42713e-13, 9.10844e-44, 3.00159e-10, 9.10844e-44, 9.10844e-44, 9.10844e-44
0.282873, 0, 4.50084e-10, 1.63952e-42, 1.41421, -4.50084e-10, 0, 1.63952e-42, 1.63952e-42, 1.63952e-42, 1.63952e-42, 1.63952e-42, 1.63952e-42, 1.63952e-42, 1.63952e-42, 1.63952e-42, 1.63952e-42, 1.63952e-42, 1.63952e-42, 1.63952e-42, 1.26282e-12, 1.63952e-42, 1.63952e-42, 9.03959e-14, 1.63952e-42, 1.00894e-12, 1.63952e-42, 4.47722e-10, 1.63952e-42, 1.63952e-42, 1.63952e-42
0.290738, 0, 6.67509e-10, 2.43994e-41, 1.41421, -6.67509e-10, 0, 2.43994e-41, 2.43994e-41, 2.43994e-41, 2.43994e-41, 2.43994e-41, 2.43994e-41, 2.43994e-41, 2.43994e-41, 2.43994e-41, 2.43994e-41, 2.43994e-41, 2.43994e-41, 2.43994e-41, 1.87361e-12, 2.43994e-41, 2.43994e-41, 1.40154e-13, 2.43994e-41, 1.57818e-12, 2.43994e-41, 6.63917e-10, 2.43994e-41, 2.43994e-41, 2.43994e-41
0.298602, 0, 9.84204e-10, 3.2045e-40, 1.41421, -9.84204e-10, 0, 3.2045e-40, 3.2045e-40, 3.2045e-40, 3.2045e-40, 3.2045e-40, 3.2045e-40, 3.2045e-40, 3.2045e-40, 3.2045e-40, 3.2045e-40, 3.2045e-40, 3.2045e-40, 3.2045e-40, 2.7639e-12, 3.2045e-40, 3.2045e-40, 2.16786e-13, 3.2045e-40, 2.46019e-12, 3.2045e-40, 9.78763e-10, 3.2045e-40, 3.2045e-40, 3.2045e-40
0.306467, 0, 1.44275e-09, 3.76578e-39, 1.41421, -1.44275e-09, 0, 3.76578e-39, 3.76578e-39, 3.76578e-39, 3.76578e-39, 3.76578e-39, 3.76578e-39, 3.76578e-39, 3.76578e-39, 3.76578e-39, 3.76578e-39, 3.76578e-39, 3.76578e-39, 3.76578e-39, 4.05406e-12, 3.76578e-39, 3.76578e-39, 3.3465e-13, 3.76578e-39, 3.82288e-12, 3.76578e-39, 1.43454e-09, 3.76578e-39, 3.76578e-39, 3.76578e-39
0.314332, 0, 2.10276e-09, 3.98976e-38, 1.41421, -2.10276e-09, 0, 3.98976e-38, 3.98976e-38, 3.98976e-38, 3.98976e-38, 3.98976e-38, 3.98976e-38, 3.98976e-38, 3.98976e-38, 3.98976e-38, 3.98976e-38, 3.98976e-38, 3.98976e-38, 3.98976e-38, 5.91293e-12, 3.98976e-38, 3.98976e-38, 5.15766e-13, 3.98976e-38, 5.92253e-12, 3.98976e-38, 2.09041e-09, 3.98976e-38, 3.98976e-38, 3.98976e-38
0.322197, 0, 3.04714e-09, 3.82989e-37, 1.41421, -3.04714e-09, 0, 3.82989e-37, 3.82989e-37, 3.82989e-37, 3.82989e-37, 3.82989e-37, 3.82989e-37, 3.82989e-37, 3.82989e-37, 3.82989e-37, 3.82989e-37, 3.82989e-37, 3.82989e-37, 3.82989e-37, 8.57596e-12, 3.82989e-37, 3.82989e-37, 7.93927e-13, 3.82989e-37, 9.14971e-12, 3.82989e-37, 3.02862e-09, 3.82989e-37, 3.82989e-37, 3.82989e-37
0.330061, 0, 4.39047e-09, 3.35006e-36, 1.41421, -4.39047e-09, 0, 3.35006e-36, 3.35006e-36, 3.35006e-36, 3.35006e-36, 3.35006e-36, 3.35006e-36, 3.35006e-36, 3.35006e-36, 3.35006e-36, 3.35006e-36, 3.35006e-36, 3.35006e-36, 3.35006e-36, 1.23695e-11, 3.35006e-36, 3.35006e-36, 1.22103e-12, 3.35006e-36, 1.40986e-11, 3.35006e-36, 4.36279e-09, 3.35006e-36, 3.35006e-36, 3.35006e-36
0.337926, 0, 6.2902e-09, 2.68368e-35, 1.41421, -6.2902e-09, 0, 2.68368e-35, 2.68368e-35, 2.68368e-35, 2.68368e-35, 2.68368e-35, 2.68368e-35, 2.68368e-35, 2.68368e-35, 2.68368e-35, 2.68368e-35, 2.68368e-35, 2.68368e-35, 2.68368e-35, 1.77433e-11, 2.68368e-35, 2.68368e-35, 1.87685e-12, 2.68368e-35, 2.16717e-11, 2.68368e-35, 6.24891e-09, 2.68368e-35, 2.68368e-35, 2.68368e-35
0.345791, 0, 8.9612e-09, 1.97805e-34, 1.41421, -8.9612e-09, 0, 1.97805e-34, 1.97805e-34, 1.97805e-34, 1.97805e-34, 1.97805e-34, 1.97805e-34, 1.97805e-34, 1.97805e-34, 1.97805e-34, 1.97805e-34, 1.97805e-34, 1.97805e-34, 1.97805e-34, 2.5314e-11, 1.97805e-34, 1.97805e-34, 2.88408e-12, 1.97805e-34, 3.3238e-11, 1.97805e-34, 8.89976e-09, 1.97805e-34, 1.97805e-34, 1.97805e-34
0.353656, 0, 1.2695e-08, 1.3472e-33, 1.41421, -1.2695e-08, 0, 1.3472e-33, 1.3472e-33, 1.3472e-33, 1.3472e-33, 1.3472e-33, 1.3472e-33, 1.3472e-33, 1.3472e-33, 1.3472e-33, 1.3472e-33, 1.3472e-33, 1.3472e-33, 1.3472e-33, 3.59217e-11, 1.3472e-33, 1.3472e-33, 4.43147e-12, 1.3472e-33, 5.08705e-11, 1.3472e-33, 1.26038e-08, 1.3472e-33, 1.3472e-33, 1.3472e-33
0.36152, 0, 1.78847e-08, 8.54342e-33, 1.41421, -1.78847e-08, 0, 8.54342e-33, 8.54342e-33, 8.54342e-33, 8.54342e-33, 8.54342e-33, 8.54342e-33, 8.54342e-33, 8.54342e-33, 8.54342e-33, 8.54342e-33, 8.54342e-33, 8.54342e-33, 8.54342e-33, 5.07054e-11, 8.54342e-33, 8.54342e-33, 6.80947e-12, 8.54342e-33, 7.77032e-11, 8.54342e-33, 1.77495e-08, 8.54342e-33, 8.54342e-33, 8.54342e-33
0.369385, 0, 2.50572e-08, 5.34682e-32, 1.41421, -2.50572e-08, 0, 5.34682e-32, 5.34682e-32, 5.34682e-32, 5.34682e-32, 5.34682e-32, 5.34682e-32, 5.34682e-32, 5.34682e-32, 5.34682e-32, 5.34682e-32, 5.34682e-32, 5.34682e-32, 5.34682e-32, 7.12007e-11, 5.34682e-32, 5.34682e-32, 1.04647e-11, 5.34682e-32, 1.18465e-10, 5.34682e-32, 2.48571e-08, 5.34682e-32, 5.34682e-32, 5.34682e-32
0.37725, 0, 3.49144e-08, 3.0356e-31, 1.41421, -3.49144e-08, 0, 3.0356e-31, 3.0356e-31, 3.0356e-31, 3.0356e-31, 3.0356e-31, 3.0356e-31, 3.0356e-31, 3.0356e-31, 3.0356e-31, 3.0356e-31, 3.0356e-31, 3.0356e-31, 3.0356e-31, 9.94677e-11, 3.0356e-31, 3.0356e-31, 1.60832e-11, 3.0356e-31, 1.80279e-10, 3.0356e-31, 3.46186e-08, 3.0356e-31, 3.0356e-31, 3.0356e-31
0.385115, 0, 4.83859e-08, 1.65319e-30, 1.41421, -4.83859e-08, 0, 1.65319e-30, 1.65319e-30, 1.65319e-30, 1.65319e-30, 1.65319e-30, 1.65319e-30, 1.65319e-30, 1.65319e-30, 1.65319e-30, 1.65319e-30, 1.65319e-30, 1.65319e-30, 1.65319e-30, 1.38256e-10, 1.65319e-30, 1.65319e-30, 2.47178e-11, 1.65319e-30, 2.73844e-10, 1.65319e-30, 4.79491e-08, 1.65319e-30, 1.65319e-30, 1.65319e-30
0.39298, 0, 6.6697e-08, 1.92502e-29, 1.41421, -6.6697e-08, 0, 1.92502e-29, 1.92502e-29, 1.92502e-29, 1.92502e-29, 1.92502e-29, 1.92502e-29, 1.92502e-29, 1.92502e-29, 1.92502e-29, 1.92502e-29, 1.92502e-29, 1.92502e-29, 1.92502e-29, 1.91222e-10, 1.92502e-29, 1.92502e-29, 3.80162e-11, 1.92502e-29, 4.15409e-10, 1.92502e-29, 6.60523e-08, 1.92502e-29, 1.92502e-29, 1.92502e-29
0.400844, 0, 9.14477e-08, 8.87064e-29, 1.41421, -9.14477e-08, 0, 8.87064e-29, 8.87064e-29, 8.87064e-29, 8.87064e-29, 8.87064e-29, 8.87064e-29, 8.87064e-29, 8.87064e-29, 8.87064e-29, 8.87064e-29, 8.87064e-29, 8.87064e-29, 8.87064e-29, 2.63185e-10, 8.87064e-29, 8.87064e-29, 5.83792e-11, 8.87064e-29, 6.28542e-10, 8.87064e-29, 9.04976e-08, 8.87064e-29, 8.87064e-29, 8.87064e-29
0.408709, 0, 1.24725e-07, 3.90063e-28, 1.41421, -1.24725e-07, 0, 3.90063e-28, 3.90063e-28, 3.90063e-28, 3.90063e-28, 3.90063e-28, 3.90063e-28, 3.90063e-28, 3.90063e-28, 3.90063e-28, 3.90063e-28, 3.90063e-28, 3.90063e-28, 3.90063e-28, 3.60499e-10, 3.90063e-28, 3.90063e-28, 8.95785e-11, 3.90063e-28, 9.49039e-10, 3.90063e-28, 1.23326e-07, 3.90063e-28, 3.90063e-28, 3.90063e-28
0.416574, 0, 1.69229e-07, 1.63204e-27, 1.41421, -1.69229e-07, 0, 1.63204e-27, 1.63204e-27, 1.63204e-27, 1.63204e-27, 1.63204e-27, 1.63204e-27, 1.63204e-27, 1.63204e-27, 1.63204e-27, 1.63204e-27, 1.63204e-27, 1.63204e-27, 1.63204e-27, 4.91484e-10, 1.63204e-27, 1.63204e-27, 1.37293e-10, 1.63204e-27, 1.42971e-09, 1.63204e-27, 1.6717e-07, 1.63204e-27, 1.63204e-27, 1.63204e-27
0.424439, 0, 2.28436e-07, 6.50254e-27, 1.41421, -2.28436e-07, 0, 6.50254e-27, 6.50254e-27, 6.50254e-27, 6.50254e-27, 6.50254e-27, 6.50254e-27, 6.50254e-27, 6.50254e-27, 6.50254e-27, 6.50254e-27, 6.50254e-27, 6.50254e-27, 6.50254e-27, 6.66985e-10, 6.50254e-27, 6.50254e-27, 2.10099e-10, 6.50254e-27, 2.14848e-09, 6.50254e-27, 2.2541e-07, 6.50254e-27, 6.50254e-27, 6.50254e-27
0.432303, 0, 3.06801e-07, 2.47104e-26, 1.41421, -3.06801e-07, 0, 2.47104e-26, 2.47104e-26, 2.47104e-26, 2.47104e-26, 2.47104e-26, 2.47104e-26, 2.47104e-26, 2.47104e-26, 2.47104e-26, 4.95577e-12, 2.47104e-26, 2.47104e-26, 2.47104e-26, 9.01084e-10, 2.47104e-26, 2.47104e-26, 3.2088e-10, 2.47104e-26, 3.21973e-09, 2.47104e-26, 3.02355e-07, 2.47104e-26, 2.47104e-26, 2.47104e-26
0.440168, 0, 4.09998e-07, 8.97455e-26, 1.41421, -4.09998e-07, 0, 8.97455e-26, 8.97455e-26, 8.97455e-26, 8.97455e-26, 8.97455e-26, 8.97455e-26, 8.97455e-26, 8.97455e-26, 8.97455e-26, 1.57522e-11, 8.97455e-26, 8.97455e-26, 8.97455e-26, 1.21198e-09, 8.97455e-26, 8.97455e-26, 4.88908e-10, 8.97455e-26, 4.81053e-09, 8.97455e-26, 4.03471e-07, 8.97455e-26, 8.97455e-26, 8.97455e-26
0.448033, 0, 5.45218e-07, 3.13199e-25, 1.41421, -5.45218e-07, 0, 3.13199e-25, 3.13199e-25, 3.13199e-25, 3.13199e-25, 3.13199e-25, 3.13199e-25, 3.13199e-25, 3.13199e-25, 3.13199e-25, 3.87159e-11, 3.13199e-25, 3.13199e-25, 3.13199e-25, 1.62311e-09, 3.13199e-25, 3.13199e-25, 7.42836e-10, 3.13199e-25, 7.16335e-09, 3.13199e-25, 5.3565e-07, 3.13199e-25, 3.13199e-25, 3.13199e-25
0.455898, 0, 7.23802e-07, 1.06051e-24, 1.41421, -7.23802e-07, 0, 6.87831e-15, 2.48909e-13, 2.64917e-13, 2.31328e-10, 4.22188e-12, 1.60915e-12, 1.69587e-11, 2.09952e-10, 1.73546e-11, 3.11747e-10, 5.98099e-10, 9.74047e-11, 7.23203e-10, 2.16453e-09, 2.10282e-11, 1.02735e-12, 1.12503e-09, 1.30723e-13, 1.0628e-08, 1.44048e-15, 7.07607e-07, 1.06051e-24, 1.06051e-24, 4.26198e-11
0.463762, 0, 9.57928e-07, 4.0807e-10, 1.41421, -9.57928e-07, 4.0807e-10, 4.08091e-10, 4.08857e-10, 4.08908e-10, 1.14025e-09, 4.21432e-10, 4.13163e-10, 4.61746e-10, 1.07259e-09, 4.62999e-10, 1.30513e-09, 2.30111e-09, 7.16365e-10, 2.69708e-09, 3.28262e-09, 4.74626e-10, 4.11321e-10, 2.10595e-09, 4.10318e-10, 1.61138e-08, 4.08074e-10, 9.3053e-07, 4.0807e-10, 4.0807e-10, 5.42966e-10
0.471627, 0, 1.26477e-06, 1.2873e-09, 1.41421, -1.26477e-06, 1.2873e-09, 1.28736e-09, 1.28923e-09, 1.28936e-09, 3.08045e-09, 1.32003e-09, 1.29978e-09, 1.41876e-09, 2.91475e-09, 1.42183e-09, 3.41323e-09, 5.92348e-09, 2.04234e-09, 6.89323e-09, 5.08918e-09, 1.4503e-09, 1.29527e-09, 3.83961e-09, 1.29486e-09, 2.43968e-08, 1.28731e-09, 1.21794e-06, 1.2873e-09, 1.2873e-09, 1.61767e-09
0.479492, 0, 1.66844e-06, 3.14249e-09, 1.41421, -1.66844e-06, 3.14249e-09, 3.14261e-09, 3.14679e-09, 3.14706e-09, 7.13913e-09, 3.21543e-09, 3.17029e-09, 3.43548e-09, 6.76982e-09, 3.44232e-09, 7.79949e-09, 1.34758e-08, 4.82534e-09, 1.56372e-08, 8.15062e-09, 3.50579e-09, 3.16024e-09, 6.96285e-09, 3.16207e-09, 3.69887e-08, 3.14251e-09, 1.58714e-06, 3.14249e-09, 3.14249e-09, 3.87883e-09
0.487357, 0, 2.20323e-06, 6.98776e-09, 1.41421, -2.20323e-06, 6.98776e-09, 6.98801e-09, 6.99689e-09, 6.99748e-09, 1.54753e-08, 7.14266e-09, 7.0468e-09, 7.60998e-09, 1.4691e-08, 7.62451e-09, 1.67572e-08, 2.89323e-08, 1.05616e-08, 3.35224e-08, 1.35587e-08, 7.7593e-09, 7.02546e-09, 1.26801e-08, 7.03324e-09, 5.63189e-08, 6.98781e-09, 2.05971e-06, 6.98776e-09, 6.98776e-09, 8.5515e-09
0.495222, 0, 2.92022e-06, 1.4813e-08, 1.41421, -2.92022e-06, 1.4813e-08, 1.48135e-08, 1.48318e-08, 1.4833e-08, 3.22865e-08, 1.51319e-08, 1.49346e-08, 1.6094e-08, 3.06718e-08, 1.61239e-08, 3.47351e-08, 5.99906e-08, 2.21705e-08, 6.94403e-08, 2.34006e-08, 1.64014e-08, 1.48906e-08, 2.32537e-08, 1.49125e-08, 8.63841e-08, 1.48131e-08, 2.66315e-06, 1.4813e-08, 1.4813e-08, 1.80323e-08
0.503086, 0, 3.90266e-06, 3.04507e-08, 1.41421, -3.90266e-06, 3.04507e-08, 3.04517e-08, 3.04885e-08, 3.04909e-08, 6.55798e-08, 3.10918e-08, 3.06951e-08, 3.3026e-08, 6.23337e-08, 3.30861e-08, 7.46922e-08, 1.21277e-07, 4.52424e-08, 1.40275e-07, 4.16302e-08, 3.3644e-08, 3.06067e-08, 4.29033e-08, 3.06597e-08, 1.33714e-07, 3.04509e-08, 3.43286e-06, 3.04507e-08, 3.04507e-08, 3.69229e-08
0.510951, 0, 5.29022e-06, 6.11427e-08, 1.41421, -5.29022e-06, 6.11427e-08, 6.11448e-08, 6.12172e-08, 6.1222e-08, 1.30343e-07, 6.24057e-08, 6.16241e-08, 6.62158e-08, 1.23949e-07, 6.63343e-08, 1.66715e-07, 2.40061e-07, 9.02808e-08, 2.77485e-07, 7.56405e-08, 6.74332e-08, 6.14501e-08, 7.94179e-08, 6.15696e-08, 2.09275e-07, 6.11432e-08, 4.4154e-06, 6.11427e-08, 6.11427e-08, 7.38922e-08
0.518816, 0, 7.329e-06, 1.20308e-07, 1.41421, -7.329e-06, 1.20308e-07, 1.20312e-07, 1.20452e-07, 1.20461e-07, 2.54087e-07, 1.22749e-07, 1.21238e-07, 1.30115e-07, 2.41725e-07, 1.30344e-07, 3.8173e-07, 4.66195e-07, 1.76638e-07, 5.38544e-07, 1.39037e-07, 1.32468e-07, 1.20902e-07, 1.46983e-07, 1.21159e-07, 3.31585e-07, 1.20308e-07, 5.67347e-06, 1.20308e-07, 1.20308e-07, 1.44955e-07
0.526681, 0, 1.03892e-05, 2.32332e-07, 1.41421, -1.03892e-05, 2.32332e-07, 2.32339e-07, 2.32605e-07, 2.32622e-07, 4.86344e-07, 2.36967e-07, 2.34099e-07, 2.50953e-07, 4.62872e-07, 2.51388e-07, 8.0514e-07, 8.89082e-07, 3.39288e-07, 1.02645e-06, 2.56435e-07, 2.55422e-07, 2.3346e-07, 2.71073e-07, 2.33996e-07, 5.31915e-07, 2.32333e-07, 7.29423e-06, 2.32332e-07, 2.32332e-07, 2.79131e-07
0.534545, 0, 1.51236e-05, 4.40688e-07, 1.41421, -1.51236e-05, 4.40688e-07, 4.40702e-07, 4.41198e-07, 4.41231e-07, 9.14598e-07, 4.49337e-07, 4.43985e-07, 4.75431e-07, 8.70807e-07, 4.76242e-07, 1.62328e-06, 1.66598e-06, 6.40236e-07, 1.92228e-06, 4.71592e-07, 4.83768e-07, 4.42793e-07, 4.96621e-07, 4.43881e-07, 8.62986e-07, 4.40691e-07, 9.40241e-06, 4.40688e-07, 4.40688e-07, 5.28001e-07
0.54241, 0, 2.26444e-05, 8.21361e-07, 1.41421, -2.26444e-05, 8.21361e-07, 8.21387e-07, 8.22296e-07, 8.22356e-07, 1.69035e-06, 8.37221e-07, 8.27406e-07, 8.85067e-07, 1.61005e-06, 8.86554e-07, 3.18409e-06, 3.06813e-06, 1.18726e-06, 3.53809e-06, 8.60837e-07, 9.00354e-07, 8.25221e-07, 9.01661e-07, 8.27378e-07, 1.41313e-06, 8.21367e-07, 1.21813e-05, 8.21361e-07, 8.21361e-07, 9.81463e-07
0.550275, 0, 3.47797e-05, 1.50461e-06, 1.41421, -3.47797e-05, 1.50461e-06, 1.50466e-06, 1.50629e-06, 1.5064e-06, 3.07095e-06, 1.5332e-06, 1.51551e-06, 1.61944e-06, 2.92621e-06, 1.62212e-06, 6.06957e-06, 5.55439e-06, 2.16414e-06, 6.40148e-06, 1.55485e-06, 1.64699e-06, 1.51157e-06, 1.61924e-06, 1.51575e-06, 2.32903e-06, 1.50462e-06, 1.59069e-05, 1.50461e-06, 1.50461e-06, 1.79319e-06
0.55814, 0, 5.46702e-05, 2.70937e-06, 1.41421, -5.46702e-05, 2.70937e-06, 2.70946e-06, 2.71236e-06, 2.71255e-06, 5.48504e-06, 2.76003e-06, 2.72868e-06, 2.91286e-06, 5.22856e-06, 2.91761e-06, 1.14091e-05, 9.88587e-06, 3.87812e-06, 1.1387e-05, 2.77309e-06, 2.96169e-06, 2.7217e-06, 2.87211e-06, 2.72967e-06, 3.85138e-06, 2.70939e-06, 2.1e-05, 2.70937e-06, 2.70937e-06, 3.22076e-06
0.566004, 0, 8.74664e-05, 4.79642e-06, 1.41421, -8.74664e-05, 4.79642e-06, 4.79657e-06, 4.80163e-06, 4.80196e-06, 9.63257e-06, 4.88469e-06, 4.83006e-06, 5.15096e-06, 9.18569e-06, 5.15924e-06, 2.11485e-05, 1.73003e-05, 6.83277e-06, 1.99157e-05, 4.87693e-06, 5.23604e-06, 4.8179e-06, 5.02619e-06, 4.83278e-06, 6.36967e-06, 4.79645e-06, 2.81072e-05, 4.79642e-06, 4.79642e-06, 5.68743e-06
0.573869, 0, 0.000141575, 8.34862e-06, 1.41421, -0.000141575, 8.34862e-06, 8.34887e-06, 8.35754e-06, 8.35811e-06, 1.66343e-05, 8.49984e-06, 8.40626e-06, 8.95604e-06, 1.58686e-05, 8.97022e-06, 3.86584e-05, 2.97711e-05, 1.18374e-05, 3.4252e-05, 8.45002e-06, 9.1018e-06, 8.38542e-06, 8.67128e-06, 8.41267e-06, 1.05047e-05, 8.34867e-06, 3.8228e-05, 8.34862e-06, 8.34862e-06, 9.87516e-06
0.581734, 0, 0.000230506, 1.42889e-05, 1.41421, -0.000230506, 1.42889e-05, 1.42893e-05, 1.43039e-05, 1.43049e-05, 2.82489e-05, 1.45437e-05, 1.4386e-05, 1.53123e-05, 2.69589e-05, 1.53362e-05, 6.96836e-05, 5.03824e-05, 2.0167e-05, 5.79321e-05, 1.44162e-05, 1.55579e-05, 1.43509e-05, 1.47397e-05, 1.44e-05, 1.72293e-05, 1.4289e-05, 5.288e-05, 1.42889e-05, 1.42889e-05, 1.68609e-05
0.589599, 0, 0.000375669, 2.40497e-05, 1.41421, -0.000375669, 2.40497e-05, 2.40504e-05, 2.40746e-05, 2.40762e-05, 4.71818e-05, 2.44718e-05, 2.42106e-05, 2.57455e-05, 4.50442e-05, 2.57851e-05, 0.000123858, 8.38576e-05, 3.37898e-05, 9.63677e-05, 2.4209e-05, 2.61524e-05, 2.41524e-05, 2.46762e-05, 2.42391e-05, 2.80418e-05, 2.40498e-05, 7.4367e-05, 2.40497e-05, 2.40497e-05, 2.83115e-05
0.597464, 0, 0.000610487, 3.98094e-05, 1.41421, -0.000610487, 3.98094e-05, 3.98105e-05, 3.985e-05, 3.98526e-05, 7.75112e-05, 4.04975e-05, 4.00717e-05, 4.25733e-05, 7.40274e-05, 4.26379e-05, 0.000217069, 0.000137287, 5.56844e-05, 0.000157677, 4.00082e-05, 4.32366e-05, 3.99769e-05, 4.06761e-05, 4.01274e-05, 4.52079e-05, 3.98097e-05, 0.000106137, 3.98094e-05, 3.98094e-05, 4.67556e-05
0.605328, 0, 0.000986308, 6.48134e-05, 1.41421, -0.000986308, 6.48134e-05, 6.48152e-05, 6.48784e-05, 6.48826e-05, 0.000125258, 6.59166e-05, 6.52339e-05, 6.92446e-05, 0.000119673, 6.93481e-05, 0.000375076, 0.000221094, 9.02648e-05, 0.000253783, 6.50609e-05, 7.03079e-05, 6.50818e-05, 6.60069e-05, 6.53389e-05, 7.20878e-05, 6.48138e-05, 0.000153273, 6.48134e-05, 6.48134e-05, 7.59498e-05
0.613193, 0, 0.00158082, 0.000103798, 1.41421, -0.00158082, 0.000103798, 0.000103801, 0.000103901, 0.000103907, 0.000199135, 0.000105538, 0.000104461, 0.000110787, 0.000190325, 0.00011095, 0.00063893, 0.00035029, 0.000143941, 0.00040185, 0.000104105, 0.000112464, 0.000104221, 0.000105435, 0.000104653, 0.00011357, 0.000103799, 0.000223151, 0.000103798, 0.000103798, 0.000121363
0.621058, 0, 0.00250964, 0.00016353, 1.41421, -0.00250964, 0.00016353, 0.000163534, 0.000163689, 0.000163699, 0.000311475, 0.00016623, 0.000164559, 0.000174376, 0.000297804, 0.000174629, 0.00107289, 0.000546039, 0.000225825, 0.000626051, 0.000163911, 0.000176978, 0.000164187, 0.000165765, 0.000164899, 0.000176622, 0.000163531, 0.000326287, 0.00016353, 0.00016353, 0.000190788
0.628923, 0, 0.00394213, 0.000253474, 1.41421, -0.00394213, 0.000253474, 0.00025348, 0.000253717, 0.000253732, 0.00047938, 0.000257596, 0.000255045, 0.000270035, 0.000458505, 0.000270421, 0.00177577, 0.00083755, 0.000348595, 0.000959725, 0.000253944, 0.000274008, 0.000254477, 0.000256516, 0.000255633, 0.000270972, 0.000253475, 0.000477405, 0.000253474, 0.000253474, 0.000295096
0.636787, 0, 0.00612226, 0.000386583, 1.41421, -0.00612226, 0.000386583, 0.000386593, 0.000386948, 0.000386972, 0.000726048, 0.000392778, 0.000388944, 0.000411469, 0.00069468, 0.00041205, 0.00289668, 0.00126426, 0.00052952, 0.00144785, 0.000387164, 0.000417439, 0.000388091, 0.000390709, 0.000389937, 0.000409921, 0.000386585, 0.000696729, 0.000386583, 0.000386583, 0.000449129
0.644652, 0, 0.00939554, 0.00058019, 1.41421, -0.00939554, 0.00058019, 0.000580205, 0.00058073, 0.000580765, 0.00108224, 0.000589352, 0.000583682, 0.000616995, 0.00103585, 0.000617854, 0.0046564, 0.00187823, 0.000791586, 0.00214975, 0.000580905, 0.000625824, 0.00058242, 0.000585768, 0.000585321, 0.000611248, 0.000580193, 0.00101152, 0.00058019, 0.00058019, 0.000672693
0.652517, 0, 0.0142431, 0.000856971, 1.41421, -0.0142431, 0.000856971, 0.000856993, 0.000857758, 0.000857808, 0.00158784, 0.00087031, 0.000862055, 0.000910551, 0.00152031, 0.000911802, 0.00737553, 0.00274662, 0.00116472, 0.0031419, 0.000857851, 0.000923402, 0.000860219, 0.000864491, 0.000864706, 0.000898208, 0.000856976, 0.0014578, 0.000856971, 0.000856971, 0.000991639
0.660382, 0, 0.0213227, 0.00124589, 1.41421, -0.0213227, 0.00124589, 0.00124592, 0.00124702, 0.00124709, 0.00229334, 0.00126501, 0.00125318, 0.00132268, 0.00219655, 0.00132447, 0.0115102, 0.00395402, 0.00168693, 0.00452053, 0.00124697, 0.00134109, 0.00125055, 0.001256, 0.00125738, 0.00130049, 0.0012459, 0.00208224, 0.00124589, 0.00124589, 0.00143889
0.668246, 0, 0.0315177, 0.00178305, 1.41421, -0.0315177, 0.00178305, 0.0017831, 0.00178464, 0.00178475, 0.00326106, 0.00181003, 0.00179333, 0.00189141, 0.00312449, 0.00189394, 0.017696, 0.00560437, 0.0024054, 0.00640377, 0.00178438, 0.00191738, 0.00178963, 0.0017966, 0.00179987, 0.00185512, 0.00178306, 0.00294417, 0.00178305, 0.00178305, 0.00205541
0.676111, 0, 0.0459918, 0.00251234, 1.41421, -0.0459918, 0.00251234, 0.0025124, 0.00251455, 0.00251469, 0.00456607, 0.00254982, 0.00252663, 0.0026629, 0.00437629, 0.00266641, 0.0267998, 0.00782212, 0.0033771, 0.00893292, 0.00251396, 0.00269898, 0.00252148, 0.00253044, 0.00253661, 0.00260707, 0.00251235, 0.0041175, 0.00251234, 0.00251234, 0.00289081
0.683976, 0, 0.0662468, 0.00348561, 1.41421, -0.0662468, 0.00348561, 0.0034857, 0.00348864, 0.00348883, 0.00629616, 0.00353691, 0.00350516, 0.00369165, 0.00603646, 0.00369647, 0.0399773, 0.0107521, 0.00466904, 0.0122723, 0.00348758, 0.00374101, 0.00349813, 0.00350972, 0.0035202, 0.00360955, 0.00348563, 0.00569263, 0.00348561, 0.00348561, 0.0040036
0.691841, 1, 0.0941815, 0.00476245, 1.73205, 0.905818, 0.00476245, 0.00476256, 0.00476653, 0.00476679, 0.00855119, 0.00483159, 0.0047888, 0.0050402, 0.00820109, 0.00504669, 0.0587333, 0.0145579, 0.00635776, 0.0166072, 0.00476484, 0.0051067, 0.00477933, 0.00479444, 0.00481102, 0.00492365, 0.00476247, 0.00777812, 0.00476245, 0.00476245, 0.0054608
0.699706, 1, 0.132143, 0.00640913, 1.73205, 0.867857, 0.00640913, 0.00640928, 0.00641454, 0.00641489, 0.011441, 0.00650096, 0.00644413, 0.00677801, 0.010976, 0.00678663, 0.0849793, 0.0194184, 0.00852788, 0.0221403, 0.00641201, 0.00686627, 0.00643158, 0.00645144, 0.00647645, 0.00661741, 0.00640916, 0.0105022, 0.00640913, 0.00640913, 0.00733677
0.70757, 0, 0.182961, 0.00849678, 1.41421, -0.182961, 0.00849678, 0.00849698, 0.00850387, 0.00850432, 0.015082, 0.00861697, 0.00854259, 0.00897954, 0.0144735, 0.00899081, 0.121079, 0.0255219, 0.0112696, 0.0290842, 0.00850025, 0.00909493, 0.00852622, 0.0085525, 0.0085889, 0.00876382, 0.00849682, 0.0140139, 0.00849678, 0.00849678, 0.00971108
0.715435, 1.93823, 0.249963, 0.0110987, 1.9845, 1.68827, 0.0110987, 0.011099, 0.0111079, 0.0111085, 0.0195926, 0.0112538, 0.0111578, 0.0117214, 0.0188078, 0.011736, 0.169873, 0.0330581, 0.0146752, 0.0376533, 0.0111029, 0.0118701, 0.0111368, 0.0111718, 0.0112233, 0.0114382, 0.0110988, 0.0184844, 0.0110987, 0.0110987, 0.0126655
0.7233, 1.02846, 0.336942, 0.0142868, 1.74025, 0.691519, 0.0142868, 0.0142871, 0.0142984, 0.0142992, 0.0250869, 0.0144839, 0.0143619, 0.0150786, 0.0240889, 0.0150971, 0.234671, 0.042208, 0.0188344, 0.0480513, 0.0142918, 0.0152672, 0.0143353, 0.0143821, 0.0144532, 0.0147142, 0.0142869, 0.0241083, 0.0142868, 0.0142868, 0.0162798
0.731165, 0.0333093, 0.448089, 0.018127, 1.42594, -0.414779, 0.018127, 0.0181274, 0.0181416, 0.0181425, 0.0316674, 0.0183741, 0.0182212, 0.0191196, 0.0304162, 0.0191428, 0.31919, 0.0531319, 0.0238284, 0.0604585, 0.0181328, 0.0193557, 0.0181881, 0.0182507, 0.0183471, 0.0186596, 0.0181271, 0.0311054, 0.018127, 0.018127, 0.0206271
0.739029, 0, 0.58785, 0.0226745, 1.41421, -0.58785, 0.0226745, 0.022675, 0.0226925, 0.0226937, 0.0394172, 0.0229801, 0.022791, 0.0239019, 0.0378701, 0.0239306, 0.427446, 0.0659567, 0.0297243, 0.0750172, 0.0226814, 0.0241929, 0.0227505, 0.0228341, 0.0229628, 0.0233309, 0.0226746, 0.0397229, 0.0226745, 0.0226745, 0.0257683
0.746894, 0, 0.760728, 0.0279685, 1.41421, -0.760728, 0.0279685, 0.0279691, 0.0279905, 0.0279919, 0.0483913, 0.0283412, 0.0281106, 0.0294657, 0.0465041, 0.0295007, 0.563558, 0.0807628, 0.0365679, 0.0918165, 0.0279765, 0.0298194, 0.0280619, 0.0281733, 0.0283433, 0.028768, 0.0279686, 0.0502394, 0.0279685, 0.0279685, 0.0317462
0.754759, 1.9141, 0.971007, 0.0340271, 1.97841, 0.943089, 0.0340271, 0.0340279, 0.0340536, 0.0340553, 0.0586097, 0.0344758, 0.0341981, 0.0358293, 0.0563381, 0.0358713, 0.731492, 0.0975722, 0.044378, 0.11088, 0.0340363, 0.0362529, 0.0341407, 0.0342884, 0.0345114, 0.0349891, 0.0340273, 0.0629693, 0.0340271, 0.0340271, 0.0385805
0.762624, 2.9952, 1.22242, 0.0408433, 2.23499, 1.77278, 0.0408433, 0.0408442, 0.0408747, 0.0408767, 0.0700504, 0.0413763, 0.0410465, 0.0429845, 0.0673515, 0.0430345, 0.934732, 0.116339, 0.0531414, 0.132154, 0.0408539, 0.0434847, 0.0409801, 0.0411747, 0.0414667, 0.0419861, 0.0408435, 0.0782692, 0.0408433, 0.0408433, 0.0462634
0.770488, 1.04294, 1.51774, 0.0483813, 1.7444, -0.474807, 0.0483813, 0.0483823, 0.0484181, 0.0484205, 0.0826453, 0.0490066, 0.0486196, 0.0508931, 0.0794791, 0.0509518, 1.17588, 0.136944, 0.0628087, 0.155501, 0.0483933, 0.0514753, 0.0485446, 0.0487992, 0.0491831, 0.0497212, 0.0483815, 0.0965431, 0.0483813, 0.0483813, 0.0547556
0.778353, 5.89724, 1.85841, 0.0565752, 2.8102, 4.03883, 0.0565752, 0.0565764, 0.056618, 0.0566207, 0.0962787, 0.0572999, 0.0568514, 0.0594859, 0.0926099, 0.0595539, 1.45625, 0.15919, 0.0732931, 0.1807, 0.0565888, 0.0601536, 0.0567691, 0.0570996, 0.0576088, 0.0581252, 0.0565755, 0.118249, 0.0565752, 0.0565752, 0.063986
0.786218, 0.150531, 2.24407, 0.0653296, 1.46647, -2.09354, 0.0653296, 0.065331, 0.0653785, 0.0653817, 0.110788, 0.0661593, 0.0656459, 0.0686622, 0.106588, 0.06874, 1.77543, 0.18281, 0.0844708, 0.207447, 0.0653448, 0.0694166, 0.0655584, 0.0659842, 0.0666691, 0.0670981, 0.0653299, 0.143902, 0.0653296, 0.0653296, 0.0738519
0.794083, 1, 2.67228, 0.0745214, 1.73205, -1.67228, 0.0745214, 0.0745229, 0.0745767, 0.0745803, 0.12597, 0.0754603, 0.0748793, 0.0782931, 0.121216, 0.0783812, 2.13093, 0.207471, 0.0961848, 0.235367, 0.0745381, 0.0791326, 0.0747906, 0.0753352, 0.076272, 0.0765111, 0.0745217, 0.174073, 0.0745214, 0.0745214, 0.0842228
0.801948, 1.88516, 3.1382, 0.0840046, 1.97108, -1.25304, 0.0840046, 0.0840063, 0.0840666, 0.0840705, 0.141587, 0.0850555, 0.0844051, 0.088226, 0.136266, 0.0883246, 2.51787, 0.232788, 0.108251, 0.264026, 0.084023, 0.0891454, 0.0843211, 0.0850126, 0.0863176, 0.0862118, 0.084005, 0.209377, 0.0840046, 0.0840046, 0.0949461
0.809812, 5.75592, 3.63452, 0.0936165, 2.78495, 2.1214, 0.0936165, 0.0936183, 0.0936851, 0.0936895, 0.157378, 0.0947801, 0.09406, 0.0982908, 0.151486, 0.0984, 2.92888, 0.258345, 0.120464, 0.292955, 0.0936364, 0.0992811, 0.0939892, 0.0948614, 0.0967105, 0.0960303, 0.0936169, 0.250457, 0.0936165, 0.0936165, 0.105855
0.817677, 3.23444, 4.15152, 0.103185, 2.28789, -0.917079, 0.103185, 0.103188, 0.103261, 0.103265, 0.173071, 0.104461, 0.103672, 0.108309, 0.166613, 0.108428, 3.35417, 0.283708, 0.132612, 0.321669, 0.103207, 0.109356, 0.103626, 0.10472, 0.107376, 0.105788, 0.103186, 0.297954, 0.103185, 0.103185, 0.116777
0.825542, 2.05983, 4.67731, 0.112539, 2.0149, -2.61748, 0.112539, 0.112541, 0.112621, 0.112626, 0.188396, 0.113923, 0.113067, 0.1181, 0.181386, 0.11823, 3.78176, 0.308453, 0.14448, 0.349691, 0.112562, 0.119187, 0.113062, 0.114426, 0.118278, 0.115304, 0.112539, 0.352455, 0.112539, 0.112539, 0.127547
0.833407, 1.99758, 5.19835, 0.121513, 1.9994, -3.20077, 0.121513, 0.121515, 0.1216, 0.121606, 0.203099, 0.123002, 0.12208, 0.127494, 0.19556, 0.127633, 4.19798, 0.332181, 0.155866, 0.376576, 0.121537, 0.128596, 0.122139, 0.123831, 0.129441, 0.124409, 0.121513, 0.414439, 0.121513, 0.121513, 0.138018
0.841271, 8.58083, 5.70009, 0.129958, 3.25282, 2.88074, 0.129958, 0.129961, 0.130052, 0.130058, 0.216953, 0.131546, 0.130563, 0.136336, 0.208914, 0.136485, 4.5882, 0.354542, 0.166589, 0.401931, 0.129984, 0.137426, 0.130713, 0.132804, 0.140972, 0.132949, 0.129959, 0.484206, 0.129958, 0.129958, 0.148068
0.849136, 3.34246, 6.16779, 0.13775, 2.31138, -2.82533, 0.13775, 0.137753, 0.137849, 0.137855, 0.229769, 0.139429, 0.13839, 0.144496, 0.221266, 0.144653, 4.93765, 0.375244, 0.176496, 0.425429, 0.137777, 0.14554, 0.138667, 0.141238, 0.153082, 0.140795, 0.137751, 0.561793, 0.13775, 0.13775, 0.157619
0.857001, 5.9952, 6.58744, 0.14479, 2.82758, -0.592247, 0.14479, 0.144793, 0.144894, 0.144901, 0.241402, 0.146553, 0.145462, 0.151873, 0.232474, 0.152038, 5.23238, 0.394067, 0.18547, 0.446827, 0.144818, 0.152834, 0.145911, 0.149061, 0.166104, 0.147847, 0.144791, 0.646902, 0.14479, 0.14479, 0.166638
0.864866, 7.68836, 6.94662, 0.151012, 3.11261, 0.741736, 0.151012, 0.151015, 0.151121, 0.151128, 0.251755, 0.152851, 0.151713, 0.158398, 0.242446, 0.15857, 5.46019, 0.410867, 0.193432, 0.465965, 0.151041, 0.159234, 0.152389, 0.15623, 0.180513, 0.154038, 0.151013, 0.738824, 0.151012, 0.151012, 0.175148
0.87273, 10.9856, 7.23537, 0.156382, 3.60355, 3.75023, 0.156382, 0.156385, 0.156495, 0.156502, 0.260782, 0.158288, 0.157109, 0.164036, 0.251135, 0.164215, 5.61156, 0.425578, 0.200342, 0.482769, 0.156411, 0.164702, 0.15808, 0.162739, 0.196928, 0.159336, 0.156383, 0.836387, 0.156382, 0.156382, 0.183235
0.880595, 5.23004, 7.44684, 0.160897, 2.68887, -2.2168, 0.160897, 0.1609, 0.161012, 0.16102, 0.268483, 0.16286, 0.161645, 0.168784, 0.258541, 0.168968, 5.68031, 0.438205, 0.206198, 0.497244, 0.160925, 0.169233, 0.162994, 0.168611, 0.216115, 0.163742, 0.160897, 0.937929, 0.160897, 0.160897, 0.191053
0.88846, 7.90887, 7.57777, 0.16458, 3.14784, 0.331097, 0.16458, 0.164583, 0.164699, 0.164706, 0.274898, 0.166593, 0.165347, 0.172667, 0.264704, 0.172856, 5.66407, 0.448818, 0.211031, 0.509469, 0.164609, 0.172852, 0.167172, 0.173898, 0.238973, 0.167285, 0.164581, 1.04131, 0.16458, 0.16458, 0.198826
0.896325, 6.8176, 7.62864, 0.167482, 2.96944, -0.81104, 0.167482, 0.167485, 0.167603, 0.167611, 0.280106, 0.169538, 0.168266, 0.175739, 0.269699, 0.175931, 5.56449, 0.457538, 0.214904, 0.519579, 0.167511, 0.175611, 0.170679, 0.178669, 0.266496, 0.170021, 0.167483, 1.14395, 0.167482, 0.167482, 0.206854
0.90419, 4.25185, 7.60361, 0.169671, 2.50037, -3.35176, 0.169671, 0.169674, 0.169794, 0.169802, 0.28421, 0.171761, 0.170467, 0.178068, 0.273626, 0.178264, 5.38706, 0.46453, 0.217899, 0.527755, 0.169699, 0.177582, 0.173602, 0.183007, 0.299734, 0.172024, 0.169671, 1.24295, 0.169671, 0.169671, 0.215506
0.912054, 6.08392, 7.51012, 0.171227, 2.84322, -1.4262, 0.171227, 0.171231, 0.171352, 0.17136, 0.287332, 0.173346, 0.172035, 0.179739, 0.276604, 0.179938, 5.14074, 0.469984, 0.220115, 0.534207, 0.171255, 0.178855, 0.176042, 0.186997, 0.339717, 0.173383, 0.171228, 1.3352, 0.171227, 0.171227, 0.225229
0.919919, 6.62092, 7.35833, 0.172242, 2.93614, -0.737418, 0.172242, 0.172245, 0.172368, 0.172376, 0.289607, 0.174384, 0.173058, 0.180846, 0.278762, 0.181047, 4.83726, 0.474104, 0.22166, 0.539161, 0.172269, 0.179527, 0.178109, 0.190719, 0.387374, 0.174195, 0.172242, 1.41757, 0.172242, 0.172242, 0.236534
0.927784, 6.36945, 7.16033, 0.172806, 2.893, -0.79088, 0.172806, 0.172809, 0.172933, 0.172941, 0.29117, 0.174966, 0.173629, 0.181483, 0.280232, 0.181686, 4.49028, 0.477098, 0.222645, 0.542847, 0.172833, 0.179702, 0.179918, 0.194242, 0.44343, 0.174557, 0.172807, 1.48705, 0.172806, 0.172806, 0.249997
0.935649, 3.89679, 6.92925, 0.173011, 2.42833, -3.03246, 0.17301, 0.173014, 0.173139, 0.173147, 0.292153, 0.175185, 0.173839, 0.181745, 0.281144, 0.181949, 4.11447, 0.479168, 0.223177, 0.545485, 0.173036, 0.179481, 0.181585, 0.197613, 0.508304, 0.174565, 0.173011, 1.54103, 0.173011, 0.173011, 0.266238
0.943513, 5.89194, 6.67843, 0.172941, 2.80926, -0.786489, 0.172941, 0.172945, 0.17307, 0.173078, 0.292681, 0.175126, 0.173774, 0.181719, 0.281617, 0.181924, 3.72455, 0.480503, 0.22336, 0.547285, 0.172966, 0.178963, 0.183226, 0.20086, 0.581995, 0.174309, 0.172942, 1.57739, 0.172941, 0.172941, 0.285906
0.951378, 5.99037, 6.42052, 0.172675, 2.82672, -0.43015, 0.172675, 0.172679, 0.172805, 0.172813, 0.292867, 0.174869, 0.173511, 0.181486, 0.281761, 0.181692, 3.33443, 0.481271, 0.223284, 0.548431, 0.1727, 0.178239, 0.184957, 0.203981, 0.663994, 0.17387, 0.172676, 1.59473, 0.172675, 0.172675, 0.309648
0.959243, 6.2016, 6.16682, 0.172281, 2.86384, 0.0347838, 0.172281, 0.172285, 0.172411, 0.172419, 0.292809, 0.174481, 0.173119, 0.181117, 0.281672, 0.181323, 2.95649, 0.481622, 0.223031, 0.549087, 0.172305, 0.177394, 0.186902, 0.206955, 0.753211, 0.173317, 0.172282, 1.59241, 0.172281, 0.172281, 0.338076
0.967108, 6.77912, 5.92672, 0.171816, 2.96296, 0.852403, 0.171816, 0.17182, 0.171946, 0.171955, 0.292591, 0.174021, 0.172656, 0.18067, 0.281431, 0.180877, 2.60103, 0.48168, 0.222671, 0.54939, 0.17184, 0.176499, 0.1892, 0.209738, 0.847939, 0.17271, 0.171817, 1.57066, 0.171816, 0.171816, 0.37172
0.974972, 4.43215, 5.70733, 0.171329, 2.53617, -1.27518, 0.171328, 0.171332, 0.171459, 0.171467, 0.292281, 0.173536, 0.17217, 0.180196, 0.281105, 0.180403, 2.27595, 0.481549, 0.222258, 0.549456, 0.171352, 0.17562, 0.192025, 0.212267, 0.945874, 0.172096, 0.171329, 1.53053, 0.171329, 0.171329, 0.41098
0.982837, 3.77428, 5.51334, 0.170856, 2.40297, -1.73907, 0.170855, 0.170859, 0.170986, 0.170994, 0.291934, 0.173065, 0.171698, 0.179732, 0.280746, 0.179939, 1.98661, 0.481312, 0.221838, 0.549373, 0.17088, 0.17481, 0.195614, 0.214476, 1.04418, 0.171513, 0.170856, 1.47384, 0.170856, 0.170856, 0.456069
0.990702, 3.99517, 5.34712, 0.170425, 2.4485, -1.35195, 0.170425, 0.170429, 0.170556, 0.170564, 0.291592, 0.172637, 0.171268, 0.179308, 0.280396, 0.179516, 1.73592, 0.48103, 0.221445, 0.549211, 0.17045, 0.174117, 0.200303, 0.21629, 1.13959, 0.170987, 0.170426, 1.40306, 0.170425, 0.170425, 0.506958
0.998567, 9.64212, 5.20888, 0.170058, 3.41206, 4.43324, 0.170057, 0.170062, 0.170189, 0.170197, 0.291286, 0.172271, 0.170902, 0.178945, 0.280084, 0.179153, 1.52455, 0.480752, 0.221103, 0.549022, 0.170084, 0.17358, 0.206595, 0.217646, 1.22862, 0.170538, 0.170059, 1.32114, 0.170058, 0.170058, 0.563328
1.00643, 7.34826, 5.09715, 0.169767, 3.05749, 2.25111, 0.169766, 0.169771, 0.169898, 0.169906, 0.291036, 0.171981, 0.170611, 0.178658, 0.279831, 0.178865, 1.35121, 0.480511, 0.22083, 0.548842, 0.169795, 0.173238, 0.215237, 0.218489, 1.30775, 0.170177, 0.169768, 1.23133, 0.169767, 0.169767, 0.624534
1.0143, 6.87267, 5.00924, 0.16956, 2.9787, 1.86343, 0.169558, 0.169564, 0.169691, 0.169699, 0.290857, 0.171774, 0.170404, 0.178453, 0.279648, 0.17866, 1.2131, 0.480327, 0.220634, 0.548694, 0.169591, 0.173121, 0.227338, 0.218787, 1.37364, 0.16991, 0.169561, 1.13697, 0.16956, 0.16956, 0.689578
1.02216, 3.9927, 4.9419, 0.16944, 2.448, -0.949196, 0.169437, 0.169443, 0.16957, 0.169579, 0.290754, 0.171654, 0.170284, 0.178333, 0.279545, 0.178541, 1.1063, 0.480214, 0.220521, 0.54859, 0.169474, 0.173263, 0.244518, 0.218527, 1.42341, 0.16974, 0.169441, 1.04132, 0.16944, 0.16944, 0.757118
1.03003, 5.86551, 4.89199, 0.169405, 2.80455, 0.973521, 0.169402, 0.169409, 0.169536, 0.169544, 0.290732, 0.17162, 0.170249, 0.1783, 0.279521, 0.178507, 1.02617, 0.480178, 0.220492, 0.548533, 0.169445, 0.173698, 0.269104, 0.217722, 1.4548, 0.169662, 0.169406, 0.947376, 0.169405, 0.169405, 0.825486
1.03789, 4.12009, 4.85716, 0.169453, 2.47388, -0.737072, 0.169448, 0.169456, 0.169583, 0.169592, 0.290787, 0.171667, 0.170297, 0.178348, 0.279575, 0.178555, 0.96777, 0.480219, 0.220542, 0.54852, 0.169499, 0.17446, 0.304369, 0.216408, 1.46639, 0.169674, 0.169453, 0.857743, 0.169453, 0.169453, 0.892759
1.04576, 7.12493, 4.83659, 0.169576, 3.02075, 2.28834, 0.16957, 0.16958, 0.169707, 0.169715, 0.290915, 0.171791, 0.17042, 0.178471, 0.279702, 0.178679, 0.926125, 0.480335, 0.220668, 0.548539, 0.169631, 0.175589, 0.354811, 0.214642, 1.45765, 0.169766, 0.169577, 0.774551, 0.169576, 0.169576, 0.956822
1.05362, 7.72601, 4.83164, 0.169768, 3.11865, 2.89437, 0.16976, 0.169771, 0.169898, 0.169907, 0.291109, 0.171982, 0.170612, 0.178663, 0.279897, 0.178871, 0.896543, 0.480519, 0.220861, 0.548576, 0.169834, 0.177127, 0.426481, 0.212498, 1.42903, 0.169932, 0.169769, 0.699388, 0.169768, 0.169768, 1.01549
1.06148, 4.40132, 4.84647, 0.170019, 2.53008, -0.445153, 0.170009, 0.170022, 0.170149, 0.170157, 0.291362, 0.172233, 0.170863, 0.178914, 0.280149, 0.179122, 0.874799, 0.480763, 0.221112, 0.548608, 0.170099, 0.179121, 0.527301, 0.210061, 1.3819, 0.17016, 0.170019, 0.633312, 0.170019, 0.170019, 1.06663
1.06935, 9.44011, 4.88853, 0.170318, 3.38232, 4.55158, 0.170305, 0.170322, 0.170449, 0.170457, 0.291662, 0.172533, 0.171162, 0.179214, 0.28045, 0.179421, 0.857275, 0.481057, 0.221412, 0.548611, 0.170416, 0.181623, 0.6674, 0.20742, 1.31843, 0.170441, 0.170319, 0.576863, 0.170318, 0.170318, 1.10827
1.07721, 4.41325, 4.96891, 0.170654, 2.53244, -0.555661, 0.170638, 0.170658, 0.170785, 0.170793, 0.291999, 0.172869, 0.171498, 0.17955, 0.280786, 0.179758, 0.841042, 0.481388, 0.221749, 0.548554, 0.170776, 0.184685, 0.85937, 0.204665, 1.24145, 0.17076, 0.170655, 0.530121, 0.170654, 0.170654, 1.13874
1.08508, 3.99519, 5.10249, 0.171014, 2.44851, -1.1073, 0.170993, 0.171018, 0.171145, 0.171153, 0.292359, 0.173229, 0.171858, 0.17991, 0.281146, 0.180118, 0.823889, 0.481744, 0.222109, 0.548403, 0.171165, 0.188365, 1.11842, 0.201876, 1.1542, 0.171106, 0.171015, 0.492776, 0.171014, 0.171014, 1.15678
1.09294, 4.84856, 5.30783, 0.171383, 2.61697, -0.459268, 0.171356, 0.171386, 0.171513, 0.171522, 0.292728, 0.173597, 0.172227, 0.180279, 0.281515, 0.180486, 0.804309, 0.482111, 0.222477, 0.548122, 0.171571, 0.192717, 1.46233, 0.199124, 1.06016, 0.171462, 0.171384, 0.464218, 0.171383, 0.171383, 1.16163
1.10081, 8.5458, 5.60671, 0.171744, 3.24743, 2.9391, 0.17171, 0.171748, 0.171875, 0.171883, 0.29309, 0.173959, 0.172588, 0.18064, 0.281877, 0.180848, 0.781442, 0.48247, 0.222839, 0.547669, 0.17198, 0.197797, 1.91118, 0.196464, 0.962762, 0.171813, 0.171745, 0.443608, 0.171744, 0.171744, 1.15306
1.10867, 8.834, 6.02336, 0.172079, 3.2915, 2.81064, 0.172036, 0.172083, 0.17221, 0.172218, 0.293425, 0.174294, 0.172923, 0.180975, 0.282212, 0.181183, 0.754994, 0.482804, 0.223174, 0.547006, 0.172374, 0.203657, 2.48671, 0.193933, 0.865246, 0.172138, 0.17208, 0.429971, 0.172079, 0.172079, 1.13141
1.11654, 1.9062, 6.58323, 0.172368, 1.97641, -4.67703, 0.172314, 0.172372, 0.172499, 0.172507, 0.293714, 0.174583, 0.173212, 0.181264, 0.282501, 0.181472, 0.725139, 0.483092, 0.223463, 0.546092, 0.172738, 0.210341, 3.21138, 0.191553, 0.770447, 0.172419, 0.172369, 0.422253, 0.172368, 0.172368, 1.09755
1.1244, 4.52883, 7.31133, 0.172588, 2.55516, -2.78249, 0.17252, 0.172592, 0.172719, 0.172727, 0.293934, 0.174803, 0.173432, 0.181484, 0.282721, 0.181692, 0.692405, 0.483311, 0.223683, 0.544892, 0.173051, 0.217893, 4.10687, 0.189326, 0.680709, 0.172632, 0.172589, 0.419391, 0.172588, 0.172588, 1.05282
1.13227, 6.67301, 8.23029, 0.172714, 2.945, -1.55728, 0.172629, 0.172717, 0.172844, 0.172853, 0.29406, 0.174928, 0.173558, 0.18161, 0.282847, 0.181817, 0.657556, 0.483436, 0.223808, 0.543375, 0.173292, 0.226338, 5.19244, 0.187241, 0.597798, 0.172751, 0.172714, 0.420348, 0.172714, 0.172714, 0.998945
1.14013, 8.30772, 9.35794, 0.172718, 3.21056, -1.05023, 0.172613, 0.172722, 0.172849, 0.172857, 0.294064, 0.174933, 0.173562, 0.181614, 0.282851, 0.181822, 0.621494, 0.48344, 0.223813, 0.541525, 0.173438, 0.235699, 6.48262, 0.185272, 0.522907, 0.17275, 0.172719, 0.42415, 0.172718, 0.172718, 0.937918
1.148, 13.6633, 10.7049, 0.172572, 3.95769, 2.95836, 0.172442, 0.172576, 0.172703, 0.172711, 0.293918, 0.174787, 0.173416, 0.181468, 0.282705, 0.181676, 0.58515, 0.483294, 0.223667, 0.539337, 0.173464, 0.24599, 7.98509, 0.183383, 0.456666, 0.1726, 0.172573, 0.429903, 0.172572, 0.172572, 0.871869
1.15586, 15.1562, 12.2723, 0.172245, 4.142, 2.88393, 0.172085, 0.172249, 0.172376, 0.172384, 0.293591, 0.17446, 0.173089, 0.181141, 0.282378, 0.181349, 0.549407, 0.482967, 0.22334, 0.536829, 0.173346, 0.257215, 9.69828, 0.181531, 0.399216, 0.172269, 0.172246, 0.436809, 0.172245, 0.172245, 0.802946
1.16373, 16.8052, 14.0492, 0.171707, 4.33649, 2.75599, 0.17151, 0.17171, 0.171837, 0.171846, 0.293053, 0.173921, 0.172551, 0.180603, 0.28184, 0.180811, 0.515041, 0.482429, 0.222802, 0.534042, 0.173055, 0.26938, 11.6094, 0.179666, 0.35029, 0.171727, 0.171708, 0.44416, 0.171707, 0.171707, 0.733197
1.17159, 18.971, 16.0114, 0.170925, 4.57941, 2.95955, 0.170685, 0.170929, 0.171056, 0.171064, 0.292271, 0.17314, 0.17177, 0.179821, 0.281058, 0.180029, 0.482676, 0.481647, 0.22202, 0.531051, 0.172566, 0.282488, 13.6925, 0.177738, 0.309312, 0.170942, 0.170926, 0.451344, 0.170925, 0.170925, 0.664474
1.17946, 21.4516, 18.1208, 0.169871, 4.84268, 3.3308, 0.169579, 0.169875, 0.170002, 0.17001, 0.291217, 0.172086, 0.170715, 0.178767, 0.280004, 0.178975, 0.452763, 0.480593, 0.220966, 0.527966, 0.171853, 0.296562, 15.9086, 0.175696, 0.275489, 0.169886, 0.169872, 0.457836, 0.169871, 0.169871, 0.598346
1.18732, 20.4905, 20.325, 0.168517, 4.74241, 0.165466, 0.168162, 0.16852, 0.168647, 0.168656, 0.289863, 0.170731, 0.169361, 0.177413, 0.27865, 0.177621, 0.42558, 0.479238, 0.219611, 0.524943, 0.170889, 0.311653, 18.2047, 0.173494, 0.247912, 0.168529, 0.168517, 0.463194, 0.168517, 0.168517, 0.536071
1.19519, 29.1493, 22.5595, 0.166838, 5.58115, 6.58977, 0.166409, 0.166842, 0.166969, 0.166977, 0.288184, 0.169053, 0.167682, 0.175734, 0.276971, 0.175943, 0.401238, 0.477559, 0.217933, 0.522183, 0.169653, 0.327873, 20.5163, 0.171089, 0.225625, 0.166848, 0.166839, 0.467049, 0.166838, 0.166838, 0.47856
1.20305, 19.6126, 24.7499, 0.164817, 4.64893, -5.13731, 0.164299, 0.16482, 0.164947, 0.164956, 0.286162, 0.167031, 0.165661, 0.173712, 0.274949, 0.173922, 0.379708, 0.475538, 0.215911, 0.519946, 0.168127, 0.345434, 22.7689, 0.168446, 0.207692, 0.164825, 0.164817, 0.469107, 0.164817, 0.164817, 0.426391
1.21092, 26.6893, 26.8162, 0.16244, 5.35624, -0.126883, 0.161819, 0.162443, 0.16257, 0.162579, 0.283785, 0.164654, 0.163284, 0.171336, 0.272573, 0.171546, 0.360845, 0.473161, 0.213534, 0.518548, 0.166296, 0.36471, 24.8829, 0.165537, 0.193243, 0.162447, 0.162441, 0.469137, 0.16244, 0.16244, 0.379828
1.21878, 26.8777, 28.677, 0.159703, 5.3738, -1.79927, 0.158961, 0.159707, 0.159834, 0.159842, 0.281049, 0.161918, 0.160548, 0.168599, 0.269836, 0.168812, 0.344424, 0.470424, 0.210798, 0.518366, 0.164154, 0.386329, 26.777, 0.162344, 0.181503, 0.159709, 0.159704, 0.466979, 0.159703, 0.159703, 0.338872
1.22665, 28.5266, 30.2554, 0.156611, 5.52508, -1.72883, 0.155726, 0.156615, 0.156742, 0.15675, 0.277956, 0.158826, 0.157455, 0.165507, 0.266744, 0.165723, 0.330169, 0.467331, 0.207706, 0.519843, 0.161702, 0.411301, 28.3741, 0.158862, 0.17181, 0.156616, 0.156612, 0.462536, 0.156611, 0.156611, 0.303304
1.23451, 27.4011, 31.4841, 0.153177, 5.42228, -4.08301, 0.152124, 0.15318, 0.153307, 0.153316, 0.274521, 0.155391, 0.154021, 0.162073, 0.263309, 0.162294, 0.317779, 0.463895, 0.204271, 0.523483, 0.15895, 0.441211, 29.6062, 0.155093, 0.163616, 0.153181, 0.153177, 0.45578, 0.153177, 0.153177, 0.272746
1.24237, 35.6166, 32.3107, 0.149423, 6.13323, 3.30587, 0.148176, 0.149427, 0.149554, 0.149562, 0.270767, 0.151638, 0.150267, 0.158319, 0.259554, 0.158548, 0.306957, 0.46014, 0.200517, 0.529854, 0.155921, 0.478463, 30.4192, 0.151053, 0.156487, 0.149426, 0.149424, 0.446749, 0.149423, 0.149423, 0.246715
1.25024, 35.5319, 32.7019, 0.145384, 6.12633, 2.82998, 0.14391, 0.145388, 0.145514, 0.145523, 0.266727, 0.147598, 0.146228, 0.15428, 0.255514, 0.15452, 0.297426, 0.456097, 0.196477, 0.539579, 0.152649, 0.526629, 30.7769, 0.146769, 0.150093, 0.145387, 0.145385, 0.435551, 0.145384, 0.145384, 0.224673
1.2581, 30.5459, 32.6468, 0.141101, 5.7049, -2.10084, 0.139364, 0.141104, 0.141231, 0.14124, 0.262441, 0.143315, 0.141945, 0.149996, 0.251229, 0.150255, 0.288937, 0.451809, 0.192192, 0.55333, 0.149184, 0.590888, 30.6637, 0.142276, 0.144194, 0.141103, 0.141102, 0.422354, 0.141101, 0.141101, 0.206069
1.26597, 35.7618, 32.1584, 0.136625, 6.14507, 3.60349, 0.134584, 0.136629, 0.136756, 0.136764, 0.257962, 0.138839, 0.137469, 0.14552, 0.246751, 0.145806, 0.281285, 0.447325, 0.187715, 0.571821, 0.145591, 0.678575, 30.0854, 0.137621, 0.138627, 0.136627, 0.136626, 0.40739, 0.136625, 0.136625, 0.190372
1.27383, 30.565, 31.2739, 0.132014, 5.70657, -0.70892, 0.129622, 0.132017, 0.132144, 0.132153, 0.253346, 0.134228, 0.132858, 0.140909, 0.242135, 0.141234, 0.274306, 0.442701, 0.1831, 0.59579, 0.141953, 0.799854, 29.0692, 0.132857, 0.13329, 0.132015, 0.132014, 0.390941, 0.132014, 0.132014, 0.177097
1.2817, 34.3527, 30.0534, 0.12733, 6.02932, 4.29936, 0.124534, 0.127333, 0.12746, 0.127469, 0.248655, 0.129544, 0.128174, 0.136224, 0.237445, 0.136607, 0.267874, 0.437997, 0.178412, 0.625986, 0.13837, 0.968479, 27.6613, 0.128042, 0.128132, 0.127331, 0.12733, 0.373334, 0.12733, 0.12733, 0.165815
1.28956, 27.2006, 28.5768, 0.122639, 5.40376, -1.37621, 0.119379, 0.122643, 0.12277, 0.122778, 0.243954, 0.124853, 0.123483, 0.131533, 0.232745, 0.131998, 0.261904, 0.433278, 0.173715, 0.663157, 0.134961, 1.20264, 25.9231, 0.123241, 0.123136, 0.12264, 0.12264, 0.354922, 0.122639, 0.122639, 0.156165
1.29743, 25.5547, 26.9409, 0.118009, 5.24926, -1.38615, 0.114216, 0.118013, 0.11814, 0.118148, 0.239308, 0.120223, 0.118853, 0.126902, 0.228101, 0.127483, 0.256341, 0.428606, 0.169076, 0.708023, 0.131863, 1.52576, 23.9274, 0.118516, 0.118312, 0.11801, 0.11801, 0.336076, 0.118009, 0.118009, 0.147852
1.30529, 18.3921, 25.2542, 0.113506, 4.51576, -6.86208, 0.109104, 0.113509, 0.113636, 0.113645, 0.234781, 0.115719, 0.114349, 0.122397, 0.223578, 0.12314, 0.251154, 0.424042, 0.16456, 0.761263, 0.129233, 1.96732, 21.7531, 0.113932, 0.113688, 0.113506, 0.113507, 0.317165, 0.113506, 0.113506, 0.140643
1.31316, 27.117, 23.6331, 0.109192, 5.39602, 3.48392, 0.104096, 0.109195, 0.109322, 0.10933, 0.230434, 0.111404, 0.110035, 0.118081, 0.219236, 0.119049, 0.246333, 0.419641, 0.160227, 0.823499, 0.127239, 2.56333, 19.4796, 0.10955, 0.1093, 0.109192, 0.109192, 0.298542, 0.109192, 0.109192, 0.134358
1.32102, 35.397, 22.1968, 0.105124, 6.11531, 13.2002, 0.099239, 0.105128, 0.105254, 0.105263, 0.226321, 0.107336, 0.105967, 0.11401, 0.215129, 0.115288, 0.241877, 0.415453, 0.156135, 0.895277, 0.126067, 3.35654, 17.1831, 0.105424, 0.105187, 0.105124, 0.105125, 0.280531, 0.105124, 0.105124, 0.128864
1.32889, 19.6254, 21.0633, 0.101355, 4.65031, -1.43785, 0.0945737, 0.101358, 0.101485, 0.101493, 0.222488, 0.103566, 0.102197, 0.110237, 0.211305, 0.111935, 0.237795, 0.411518, 0.152333, 0.977046, 0.125907, 4.39596, 14.9319, 0.101606, 0.101391, 0.101355, 0.101355, 0.263416, 0.101355, 0.101355, 0.124067
1.33675, 15.3039, 20.3449, 0.0979261, 4.1598, -5.04095, 0.0901313, 0.0979297, 0.0980563, 0.0980647, 0.218974, 0.100135, 0.0987683, 0.106803, 0.207803, 0.109069, 0.234096, 0.407864, 0.14886, 1.06917, 0.126953, 5.73596, 12.7836, 0.0981364, 0.0979467, 0.0979263, 0.0979269, 0.247427, 0.0979261, 0.0979261, 0.119898
1.34462, 26.2003, 20.1448, 0.0948736, 5.3104, 6.0555, 0.085934, 0.0948772, 0.0950037, 0.0950121, 0.215808, 0.097081, 0.095715, 0.103743, 0.204653, 0.106773, 0.230788, 0.404513, 0.145751, 1.17189, 0.129391, 7.43401, 10.7835, 0.095049, 0.0948851, 0.0948738, 0.0948744, 0.232742, 0.0948736, 0.0948736, 0.116308
1.35248, 27.1973, 20.5533, 0.092223, 5.40345, 6.64399, 0.0819942, 0.0922265, 0.0923528, 0.0923612, 0.213008, 0.0944277, 0.0930634, 0.101082, 0.201874, 0.10513, 0.227876, 0.401469, 0.14303, 1.28534, 0.13339, 9.54785, 8.96368, 0.092369, 0.0922293, 0.0922231, 0.0922237, 0.219479, 0.092223, 0.092223, 0.113263
1.36035, 16.6592, 21.6436, 0.0899917, 4.31964, -4.98431, 0.0783151, 0.0899953, 0.0901214, 0.0901298, 0.210584, 0.0921931, 0.090831, 0.0988388, 0.199477, 0.104234, 0.225357, 0.398732, 0.14071, 1.40957, 0.139092, 12.1314, 7.34355, 0.090113, 0.0899952, 0.0899918, 0.0899925, 0.2077, 0.0899917, 0.0899917, 0.110734
1.36821, 23.5946, 23.4687, 0.0881897, 5.05911, 0.125881, 0.074891, 0.0881932, 0.088319, 0.0883274, 0.208538, 0.0903867, 0.0890273, 0.0970208, 0.197465, 0.10419, 0.223226, 0.396286, 0.138801, 1.54453, 0.146597, 15.2301, 5.93075, 0.0882902, 0.0881915, 0.0881897, 0.0881904, 0.197416, 0.0881897, 0.0881897, 0.1087
1.37608, 22.7329, 26.0571, 0.0868198, 4.97322, -3.32416, 0.0717089, 0.0868234, 0.0869488, 0.0869572, 0.206862, 0.0890115, 0.0876555, 0.0956312, 0.195832, 0.105122, 0.22147, 0.394112, 0.137306, 1.69003, 0.15595, 18.8744, 4.7231, 0.0869029, 0.0868208, 0.0868199, 0.0868206, 0.188594, 0.0868198, 0.0868198, 0.107141
1.38394, 35.8417, 29.4092, 0.0858796, 6.15156, 6.43249, 0.068749, 0.0858831, 0.0860081, 0.0860165, 0.205545, 0.0880646, 0.0867128, 0.0946665, 0.194568, 0.107171, 0.220073, 0.39218, 0.136222, 1.84587, 0.167134, 23.0753, 3.71047, 0.0859481, 0.0858801, 0.0858796, 0.0858803, 0.181163, 0.0858796, 0.0858796, 0.106037
1.39181, 32.8476, 33.4937, 0.0853626, 5.90319, -0.646069, 0.0659875, 0.0853661, 0.0854906, 0.085499, 0.204572, 0.0875396, 0.0861928, 0.0941199, 0.193659, 0.110509, 0.219015, 0.390463, 0.135546, 2.0118, 0.180049, 27.8174, 2.87722, 0.0854189, 0.0853629, 0.0853626, 0.0853634, 0.175028, 0.0853626, 0.0853626, 0.10537
1.39967, 43.4266, 38.245, 0.0852601, 6.73993, 5.18168, 0.0633971, 0.0852636, 0.0853874, 0.0853958, 0.203924, 0.0874275, 0.0860868, 0.0939821, 0.193088, 0.115336, 0.218277, 0.388928, 0.135275, 2.18756, 0.19452, 33.0547, 2.20401, 0.0853063, 0.0852603, 0.0852602, 0.0852609, 0.170076, 0.0852601, 0.0852601, 0.105122
1.40753, 56.1213, 43.5616, 0.0855628, 7.62373, 12.5597, 0.0609497, 0.0855663, 0.0856893, 0.0856977, 0.203587, 0.0877189, 0.0863853, 0.0942433, 0.192841, 0.121881, 0.21784, 0.387547, 0.135407, 2.37291, 0.210281, 38.7072, 1.66988, 0.0856005, 0.0855629, 0.0855628, 0.0855635, 0.16619, 0.0855628, 0.0855628, 0.105277
1.4154, 52.446, 49.3075, 0.086262, 7.37875, 3.13842, 0.0586171, 0.0862655, 0.0863877, 0.086396, 0.203547, 0.0884051, 0.0870798, 0.0948946, 0.192904, 0.130404, 0.217688, 0.3863, 0.135947, 2.56774, 0.226991, 44.6604, 1.25358, 0.0862927, 0.0862621, 0.0862621, 0.0862628, 0.16325, 0.086262, 0.086262, 0.105822
1.42326, 44.3732, 55.3141, 0.0873515, 6.80979, -10.9408, 0.0563733, 0.087355, 0.0874761, 0.0874845, 0.203794, 0.0894797, 0.0881638, 0.0959295, 0.193269, 0.141187, 0.217813, 0.385174, 0.136905, 2.77213, 0.244237, 50.7659, 0.934847, 0.0873764, 0.0873515, 0.0873515, 0.0873523, 0.161147, 0.0873515, 0.0873515, 0.106748
1.43113, 71.4295, 61.3861, 0.0888284, 8.5691, 10.0434, 0.0541951, 0.0888318, 0.0889519, 0.0889603, 0.204326, 0.09094, 0.0896346, 0.0973452, 0.193934, 0.154522, 0.218211, 0.384166, 0.1383, 2.98651, 0.261555, 56.847, 0.695148, 0.0888485, 0.0888284, 0.0888285, 0.0888291, 0.159784, 0.0888284, 0.0888284, 0.10805
1.43899, 63.1494, 67.3104, 0.090694, 8.07152, -4.16098, 0.0520633, 0.0906974, 0.0908162, 0.0908246, 0.205149, 0.0927872, 0.0914934, 0.0991431, 0.194903, 0.170699, 0.218887, 0.383288, 0.14016, 3.21188, 0.278451, 62.706, 0.518155, 0.0907102, 0.090694, 0.0906941, 0.0906947, 0.159083, 0.090694, 0.090694, 0.109728
1.44686, 73.8963, 72.866, 0.0929547, 8.71185, 1.03029, 0.0499632, 0.092958, 0.0930755, 0.0930838, 0.206276, 0.0950279, 0.0937467, 0.10133, 0.196189, 0.189981, 0.219856, 0.382567, 0.142524, 3.45018, 0.294431, 68.1343, 0.38994, 0.0929677, 0.0929547, 0.0929547, 0.0929554, 0.158982, 0.0929547, 0.0929547, 0.111789
1.45472, 69.6389, 77.8369, 0.0956216, 8.46398, -8.19801, 0.0478849, 0.0956248, 0.0957409, 0.0957493, 0.207729, 0.0976734, 0.0964057, 0.103919, 0.197813, 0.212576, 0.221142, 0.382042, 0.14544, 3.70474, 0.309024, 72.9242, 0.298969, 0.0956319, 0.0956216, 0.0956216, 0.0956223, 0.15944, 0.0956216, 0.0956216, 0.114245
1.46259, 82.3337, 82.0266, 0.0987116, 9.18334, 0.307114, 0.0458229, 0.0987148, 0.0988293, 0.0988377, 0.20954, 0.100741, 0.0994874, 0.106926, 0.199803, 0.238612, 0.222776, 0.381767, 0.148967, 3.98115, 0.321823, 76.8833, 0.23593, 0.0987198, 0.0987116, 0.0987116, 0.0987122, 0.160435, 0.0987116, 0.0987116, 0.117115
1.47045, 92.3557, 85.2707, 0.102246, 9.71368, 7.08496, 0.0437761, 0.102249, 0.102362, 0.102371, 0.211746, 0.104252, 0.103013, 0.110374, 0.202196, 0.268101, 0.224799, 0.381808, 0.153171, 4.28835, 0.332502, 79.8457, 0.193505, 0.102253, 0.102246, 0.102246, 0.102247, 0.161963, 0.102246, 0.102246, 0.120422
1.47832, 96.5511, 87.4506, 0.106252, 9.92729, 9.10052, 0.0417471, 0.106255, 0.106366, 0.106374, 0.214394, 0.108233, 0.10701, 0.114291, 0.205034, 0.300915, 0.22726, 0.382242, 0.158129, 4.6403, 0.340842, 81.6849, 0.166071, 0.106257, 0.106252, 0.106252, 0.106252, 0.164034, 0.106252, 0.106252, 0.124196
1.48618, 96.1361, 88.5042, 0.110758, 9.90637, 7.63187, 0.039741, 0.110762, 0.110871, 0.11088, 0.217533, 0.112716, 0.111508, 0.11871, 0.208366, 0.336758, 0.230212, 0.383152, 0.16392, 5.05821, 0.346746, 82.3222, 0.149407, 0.110763, 0.110758, 0.110758, 0.110759, 0.166671, 0.110758, 0.110758, 0.12847
1.49405, 85.597, 88.4346, 0.115801, 9.35933, -2.83762, 0.0377652, 0.115804, 0.115912, 0.115921, 0.221219, 0.117735, 0.116542, 0.123664, 0.212242, 0.375156, 0.233712, 0.384627, 0.17063, 5.57378, 0.350244, 81.7325, 0.140413, 0.115804, 0.115801, 0.115801, 0.115802, 0.169908, 0.115801, 0.115801, 0.133282
1.50191, 90.6697, 87.3153, 0.121417, 9.62651, 3.35435, 0.0358278, 0.12142, 0.121527, 0.121535, 0.225509, 0.123327, 0.122149, 0.129194, 0.216718, 0.415452, 0.23782, 0.386757, 0.178345, 6.23319, 0.35149, 79.9456, 0.136867, 0.121419, 0.121417, 0.121417, 0.121418, 0.173788, 0.121417, 0.121417, 0.138673
1.50978, 80.3583, 85.2928, 0.127646, 9.07515, -4.93445, 0.0339373, 0.127649, 0.127754, 0.127762, 0.230461, 0.129534, 0.12837, 0.13534, 0.22185, 0.456818, 0.242597, 0.38963, 0.187153, 7.10249, 0.350755, 77.0444, 0.137206, 0.127648, 0.127646, 0.127646, 0.127647, 0.178355, 0.127646, 0.127646, 0.144686
1.51764, 82.98, 82.5867, 0.134531, 9.21846, 0.393242, 0.0321017, 0.134534, 0.134637, 0.134646, 0.236134, 0.136397, 0.135247, 0.142147, 0.227693, 0.498285, 0.248104, 0.393332, 0.19714, 8.27407, 0.348401, 73.1576, 0.140362, 0.134532, 0.134531, 0.134531, 0.134531, 0.183661, 0.134531, 0.134531, 0.151366
1.52551, 79.0181, 79.4879, 0.142116, 9.001, -0.469872, 0.0303277, 0.142119, 0.142221, 0.142229, 0.242585, 0.143962, 0.142824, 0.149658, 0.234304, 0.538785, 0.254399, 0.397942, 0.208387, 9.87446, 0.344863, 68.451, 0.145622, 0.142117, 0.142116, 0.142116, 0.142116, 0.189758, 0.142116, 0.142116, 0.158759
1.53337, 69.6293, 76.3556, 0.150447, 8.46341, -6.72626, 0.028621, 0.15045, 0.150551, 0.150559, 0.249869, 0.152275, 0.151149, 0.157922, 0.241735, 0.577206, 0.26154, 0.403531, 0.220974, 12.0729, 0.34062, 63.1158, 0.152526, 0.150448, 0.150447, 0.150447, 0.150448, 0.196698, 0.150447, 0.150447, 0.166913
1.54124, 78.7486, 73.6133, 0.159573, 8.98602, 5.13527, 0.026985, 0.159576, 0.159676, 0.159684, 0.258039, 0.161384, 0.160269, 0.166986, 0.250041, 0.612465, 0.269579, 0.410164, 0.234973, 15.091, 0.336166, 57.3548, 0.160788, 0.159574, 0.159573, 0.159573, 0.159573, 0.204534, 0.159573, 0.159573, 0.175877
1.5491, 70.5054, 71.7462, 0.169542, 8.51501, -1.24078, 0.0254222, 0.169545, 0.169644, 0.169652, 0.267147, 0.171338, 0.170232, 0.176899, 0.259272, 0.64357, 0.278569, 0.417897, 0.250451, 19.2114, 0.331985, 51.3716, 0.170242, 0.169542, 0.169542, 0.169542, 0.169542, 0.213316, 0.169542, 0.169542, 0.1857
1.55697, 70.3372, 71.2969, 0.180405, 8.50513, -0.959763, 0.0239331, 0.180407, 0.180505, 0.180514, 0.277238, 0.182187, 0.18109, 0.187712, 0.269475, 0.669693, 0.288555, 0.426778, 0.26747, 24.7859, 0.328533, 45.3574, 0.180802, 0.180405, 0.180405, 0.180405, 0.180405, 0.223094, 0.180405, 0.180405, 0.196433
1.56483, 77.5861, 72.8614, 0.192213, 8.9211, 4.72473, 0.022517, 0.192216, 0.192313, 0.192321, 0.288359, 0.193983, 0.192893, 0.199475, 0.280698, 0.690232, 0.299583, 0.436849, 0.286086, 32.2404, 0.326212, 39.4829, 0.192436, 0.192213, 0.192213, 0.192213, 0.192213, 0.233918, 0.192213, 0.192213, 0.208125
1.5727, 74.9522, 77.0825, 0.205019, 8.77224, -2.13029, 0.0211723, 0.205021, 0.205118, 0.205126, 0.300553, 0.206778, 0.205695, 0.212241, 0.292987, 0.70485, 0.311693, 0.448145, 0.306348, 42.0756, 0.325369, 33.8905, 0.205142, 0.205019, 0.205019, 0.205019, 0.205019, 0.245834, 0.205019, 0.205019, 0.220827
1.58056, 73.1754, 84.6401, 0.218874, 8.67037, -11.4647, 0.019897, 0.218877, 0.218972, 0.218981, 0.313857, 0.220624, 0.219547, 0.226061, 0.306384, 0.713512, 0.324922, 0.460699, 0.328299, 54.8601, 0.326282, 28.6914, 0.218941, 0.218874, 0.218874, 0.218874, 0.218875, 0.258887, 0.218874, 0.218874, 0.23459
1.58842, 84.9788, 96.236, 0.233832, 9.32624, -11.2572, 0.0186882, 0.233835, 0.23393, 0.233938, 0.328311, 0.235573, 0.234502, 0.240986, 0.320932, 0.716483, 0.339308, 0.474541, 0.351979, 71.2182, 0.329164, 23.963, 0.233868, 0.233832, 0.233832, 0.233832, 0.233833, 0.273119, 0.233832, 0.233832, 0.249463
1.59629, 108.247, 112.57, 0.249944, 10.4999, -4.32272, 0.0175436, 0.249946, 0.250041, 0.250049, 0.343949, 0.251677, 0.250611, 0.257068, 0.336674, 0.714317, 0.354881, 0.489699, 0.37742, 91.8027, 0.334166, 19.7516, 0.249963, 0.249944, 0.249944, 0.249944, 0.249944, 0.288573, 0.249944, 0.249944, 0.265495
1.60415, 113.782, 134.308, 0.26726, 10.7602, -20.5256, 0.0164605, 0.267263, 0.267357, 0.267365, 0.360802, 0.268984, 0.267924, 0.274354, 0.353649, 0.707818, 0.371671, 0.506206, 0.40465, 117.263, 0.341383, 16.0742, 0.26727, 0.26726, 0.26726, 0.26726, 0.26726, 0.305286, 0.26726, 0.26726, 0.282733
1.61202, 168.477, 162.04, 0.285827, 13.0567, 6.43706, 0.0154368, 0.285829, 0.285923, 0.285931, 0.378897, 0.287543, 0.286488, 0.29289, 0.3719, 0.69799, 0.389701, 0.524094, 0.433692, 148.193, 0.350863, 12.9237, 0.285832, 0.285827, 0.285827, 0.285827, 0.285827, 0.323293, 0.285827, 0.285827, 0.30122
1.61988, 175.777, 196.231, 0.30569, 13.3333, -20.4544, 0.0144705, 0.305692, 0.305785, 0.305794, 0.398261, 0.307397, 0.306347, 0.312721, 0.391468, 0.685968, 0.408995, 0.543402, 0.464564, 185.086, 0.362616, 10.2739, 0.305692, 0.30569, 0.30569, 0.30569, 0.30569, 0.342627, 0.30569, 0.30569, 0.320999
1.62775, 214.167, 237.16, 0.326886, 14.7026, -22.9935, 0.0135602, 0.326888, 0.326981, 0.326989, 0.418912, 0.328584, 0.32754, 0.333881, 0.412396, 0.67295, 0.429567, 0.564173, 0.497277, 228.257, 0.376625, 8.08498, 0.326887, 0.326886, 0.326886, 0.326886, 0.326886, 0.363312, 0.326886, 0.326886, 0.342103
1.63561, 283.926, 284.864, 0.349447, 16.9094, -0.93808, 0.0127046, 0.349449, 0.349541, 0.349549, 0.440865, 0.351134, 0.350097, 0.356403, 0.434732, 0.660129, 0.451428, 0.586461, 0.531836, 277.793, 0.392847, 6.30831, 0.349447, 0.349447, 0.349447, 0.349447, 0.349447, 0.385369, 0.349447, 0.349447, 0.364561
1.64348, 343.882, 339.08, 0.373396, 18.5979, 4.80292, 0.0119026, 0.373398, 0.373489, 0.373497, 0.464127, 0.375071, 0.374041, 0.380308, 0.458525, 0.648623, 0.474581, 0.610327, 0.568239, 333.48, 0.411226, 4.8912, 0.373396, 0.373396, 0.373396, 0.373396, 0.373396, 0.40881, 0.373396, 0.373396, 0.388393
1.65134, 380.679, 399.196, 0.398744, 19.5622, -18.517, 0.0111532, 0.398747, 0.398837, 0.398845, 0.488696, 0.400406, 0.399385, 0.405605, 0.483835, 0.639427, 0.49902, 0.635839, 0.606473, 394.761, 0.431693, 3.78046, 0.398744, 0.398744, 0.398744, 0.398744, 0.398745, 0.433637, 0.398744, 0.398744, 0.413608
1.65921, 439.175, 464.221, 0.425489, 21.0042, -25.0463, 0.0104553, 0.425491, 0.42558, 0.425588, 0.514562, 0.427134, 0.426123, 0.432292, 0.510728, 0.633371, 0.52473, 0.663076, 0.646512, 460.694, 0.454167, 2.92522, 0.425489, 0.425489, 0.425489, 0.425489, 0.425489, 0.459839, 0.425489, 0.425489, 0.440201
1.66707, 538.555, 532.787, 0.453612, 23.2498, 5.76813, 0.00980779, 0.453614, 0.453702, 0.45371, 0.541704, 0.45524, 0.45424, 0.46035, 0.539289, 0.631091, 0.551683, 0.692125, 0.688324, 529.957, 0.478557, 2.27874, 0.453612, 0.453612, 0.453612, 0.453612, 0.453612, 0.487392, 0.453612, 0.453612, 0.468152
1.67494, 581.169, 603.157, 0.483073, 24.1489, -21.9873, 0.00920915, 0.483076, 0.483162, 0.48317, 0.570083, 0.484682, 0.483694, 0.48974, 0.569623, 0.633024, 0.579836, 0.723079, 0.731858, 600.853, 0.504759, 1.79965, 0.483073, 0.483073, 0.483073, 0.483073, 0.483074, 0.516254, 0.483073, 0.483073, 0.497422
1.6828, 701.358, 673.29, 0.513813, 26.5209, 28.0684, 0.00865767, 0.513815, 0.5139, 0.513909, 0.59965, 0.515401, 0.514426, 0.520402, 0.601862, 0.639409, 0.609131, 0.756035, 0.777055, 671.377, 0.532653, 1.45237, 0.513813, 0.513813, 0.513813, 0.513813, 0.513813, 0.546361, 0.513813, 0.513813, 0.527951
1.69067, 710.935, 740.926, 0.545745, 26.7008, -29.9909, 0.00815132, 0.545747, 0.545831, 0.545839, 0.630334, 0.547311, 0.54635, 0.552249, 0.636184, 0.650296, 0.63949, 0.79109, 0.823843, 739.297, 0.562102, 1.20713, 0.545745, 0.545745, 0.545745, 0.545745, 0.545745, 0.57763, 0.545745, 0.545745, 0.559653
1.69853, 768.489, 803.696, 0.578758, 27.7577, -35.2071, 0.00768764, 0.57876, 0.578842, 0.57885, 0.662047, 0.580301, 0.579354, 0.585173, 0.672824, 0.665576, 0.670817, 0.828337, 0.872146, 802.268, 0.592953, 1.03958, 0.578758, 0.578758, 0.578758, 0.578758, 0.578758, 0.609952, 0.578758, 0.578758, 0.59242
1.7064, 844.391, 859.256, 0.61271, 29.0928, -14.8644, 0.0072639, 0.612712, 0.612793, 0.612801, 0.694677, 0.614229, 0.613297, 0.619033, 0.712093, 0.684997, 0.702992, 0.867861, 0.921894, 857.965, 0.625023, 0.930268, 0.61271, 0.61271, 0.61271, 0.61271, 0.61271, 0.64319, 0.61271, 0.61271, 0.626113
1.71426, 916.743, 905.433, 0.647435, 30.3108, 11.3098, 0.00687701, 0.647437, 0.647517, 0.647524, 0.728097, 0.64893, 0.648014, 0.653665, 0.754413, 0.708203, 0.735876, 0.909736, 0.973043, 904.23, 0.658115, 0.86392, 0.647435, 0.647435, 0.647435, 0.647435, 0.647435, 0.677189, 0.647435, 0.647435, 0.660571
1.72213, 904.378, 940.366, 0.682742, 30.1061, -35.9879, 0.00652361, 0.682744, 0.682822, 0.68283, 0.762156, 0.684214, 0.683312, 0.68888, 0.800344, 0.734755, 0.769308, 0.954019, 1.02561, 939.211, 0.692006, 0.828776, 0.682742, 0.682742, 0.682742, 0.682742, 0.682742, 0.711764, 0.682742, 0.682742, 0.695607
1.72999, 949.191, 962.628, 0.718418, 30.8414, -13.4376, 0.00620014, 0.71842, 0.718497, 0.718505, 0.796689, 0.719869, 0.71898, 0.724468, 0.850633, 0.764162, 0.803113, 1.00075, 1.07971, 961.489, 0.72646, 0.815918, 0.718418, 0.718418, 0.718418, 0.718418, 0.718418, 0.746714, 0.718418, 0.718418, 0.731013
1.73786, 973.976, 971.326, 0.754236, 31.2406, 2.65057, 0.00590289, 0.754238, 0.754314, 0.754322, 0.831517, 0.755669, 0.75479, 0.760205, 0.906255, 0.795902, 0.8371, 1.04994, 1.13564, 970.175, 0.761224, 0.818678, 0.754236, 0.754236, 0.754236, 0.754236, 0.754236, 0.781825, 0.754236, 0.754236, 0.766569
1.74572, 963.967, 966.16, 0.789966, 31.08, -2.19244, 0.00562805, 0.789968, 0.790044, 0.790051, 0.866457, 0.791383, 0.790514, 0.795862, 0.968479, 0.829449, 0.871078, 1.10161, 1.19398, 964.973, 0.796048, 0.832138, 0.789966, 0.789966, 0.789966, 0.789966, 0.789966, 0.816877, 0.789966, 0.789966, 0.80205
1.75358, 936.853, 947.442, 0.825379, 30.6407, -10.5893, 0.00537187, 0.825381, 0.825456, 0.825463, 0.901325, 0.826785, 0.825922, 0.831215, 1.03891, 0.864285, 0.904854, 1.15572, 1.25571, 946.195, 0.830685, 0.852708, 0.825379, 0.825379, 0.825379, 0.825379, 0.825379, 0.851653, 0.825379, 0.825379, 0.837232
1.76145, 923.708, 916.067, 0.860265, 30.4254, 7.64056, 0.00513067, 0.860267, 0.860343, 0.86035, 0.935954, 0.861665, 0.860806, 0.866054, 1.11957, 0.899921, 0.938253, 1.21227, 1.32243, 914.733, 0.864907, 0.877806, 0.860265, 0.860265, 0.860265, 0.860265, 0.860266, 0.885955, 0.860265, 0.860265, 0.871911
1.76931, 849.894, 873.445, 0.894444, 29.1872, -23.5508, 0.00490092, 0.894446, 0.894523, 0.894529, 0.970192, 0.895842, 0.894983, 0.900202, 1.21289, 0.935909, 0.971122, 1.27122, 1.39659, 871.994, 0.898519, 0.905595, 0.894444, 0.894444, 0.894444, 0.894444, 0.894444, 0.919612, 0.894444, 0.894444, 0.905911
1.77718, 785.727, 821.396, 0.927777, 28.0665, -35.6691, 0.00467941, 0.927779, 0.927857, 0.927862, 1.00393, 0.929179, 0.928316, 0.933521, 1.32179, 0.971857, 1.00335, 1.33256, 1.48178, 819.793, 0.931368, 0.934798, 0.927777, 0.927777, 0.927777, 0.927777, 0.927777, 0.952492, 0.927777, 0.927777, 0.939095
1.78504, 784.469, 762.029, 0.960177, 28.0441, 22.4402, 0.00446325, 0.960179, 0.960259, 0.960264, 1.03708, 0.96159, 0.960719, 0.965926, 1.4496, 1.00744, 1.03486, 1.39628, 1.58316, 760.231, 0.963355, 0.964556, 0.960177, 0.960177, 0.960177, 0.960177, 0.960177, 0.984514, 0.960177, 0.960177, 0.97138
1.79291, 760.261, 697.591, 0.991625, 27.6091, 62.6708, 0.00424994, 0.991627, 0.991709, 0.991714, 1.06964, 0.993054, 0.992172, 0.997397, 1.60009, 1.04239, 1.06564, 1.46241, 1.70789, 695.544, 0.994451, 0.99433, 0.991625, 0.991625, 0.991625, 0.991625, 0.991626, 1.01566, 0.991625, 0.991625, 1.00275
1.80077, 584.792, 630.344, 1.02217, 24.2238, -45.5529, 0.0040375, 1.02217, 1.02225, 1.02226, 1.10164, 1.02362, 1.02272, 1.02798, 1.77725, 1.07655, 1.09576, 1.53101, 1.86561, 627.983, 1.02469, 1.02382, 1.02217, 1.02217, 1.02217, 1.02217, 1.02217, 1.04599, 1.02217, 1.02217, 1.03324
1.80864, 563.1, 562.432, 1.05192, 23.7718, 0.668518, 0.00382442, 1.05193, 1.05202, 1.05202, 1.13316, 1.0534, 1.05249, 1.05779, 1.9852, 1.10982, 1.12531, 1.60216, 2.06904, 559.673, 1.05419, 1.05293, 1.05192, 1.05192, 1.05192, 1.05192, 1.05193, 1.0756, 1.05192, 1.05192, 1.06299
1.8165, 526.926, 495.78, 1.08109, 22.9984, 31.1457, 0.00360977, 1.08109, 1.08118, 1.08119, 1.16438, 1.0826, 1.08166, 1.08703, 2.22787, 1.14221, 1.15449, 1.67601, 2.3345, 492.522, 1.08313, 1.08169, 1.08109, 1.08109, 1.08109, 1.08109, 1.08109, 1.1047, 1.08109, 1.08109, 1.09217
1.82437, 469.719, 432.015, 1.10992, 21.7191, 37.7043, 0.00339315, 1.10992, 1.11002, 1.11002, 1.1955, 1.11146, 1.1105, 1.11595, 2.50875, 1.17381, 1.18354, 1.75272, 2.68243, 428.133, 1.11177, 1.11028, 1.10992, 1.10992, 1.10992, 1.10992, 1.10992, 1.13354, 1.10992, 1.10992, 1.12104
1.83223, 416.019, 372.429, 1.13873, 20.4455, 43.5898, 0.00317468, 1.13873, 1.13883, 1.13883, 1.22678, 1.14031, 1.13932, 1.14485, 2.83046, 1.20478, 1.21276, 1.83251, 3.13766, 367.771, 1.1404, 1.13894, 1.13873, 1.13873, 1.13873, 1.13873, 1.13873, 1.16241, 1.13873, 1.13873, 1.14992
1.8401, 352.604, 317.955, 1.16787, 18.8309, 34.6483, 0.00295496, 1.16787, 1.16797, 1.16798, 1.25853, 1.16949, 1.16848, 1.1741, 3.19437, 1.23536, 1.24248, 1.91561, 3.72961, 312.341, 1.16939, 1.16799, 1.16787, 1.16787, 1.16787, 1.16787, 1.16787, 1.19168, 1.16787, 1.16787, 1.17915
1.84796, 292.859, 269.186, 1.19773, 17.1715, 23.6728, 0.00273502, 1.19773, 1.19784, 1.19784, 1.29107, 1.1994, 1.19835, 1.20406, 3.60022, 1.26587, 1.27308, 2.00228, 4.49202, 262.402, 1.19912, 1.1978, 1.19773, 1.19773, 1.19773, 1.19773, 1.19773, 1.22171, 1.19773, 1.19773, 1.20911
1.85583, 231.87, 226.399, 1.2287, 15.2928, 5.47134, 0.0025162, 1.2287, 1.22881, 1.22881, 1.32473, 1.23041, 1.22934, 1.23515, 4.0457, 1.29665, 1.30494, 2.09279, 5.46228, 218.198, 1.22997, 1.22874, 1.2287, 1.2287, 1.2287, 1.2287, 1.2287, 1.2529, 1.2287, 1.2287, 1.24019
1.86369, 231.143, 189.609, 1.26116, 15.269, 41.5341, 0.00230011, 1.26116, 1.26128, 1.26128, 1.35985, 1.26292, 1.26181, 1.26772, 4.52618, 1.32808, 1.33844, 2.18737, 6.68013, 179.709, 1.26232, 1.26118, 1.26116, 1.26116, 1.26116, 1.26116, 1.26116, 1.28561, 1.26116, 1.26116, 1.27278
1.87156, 187.016, 158.614, 1.29548, 13.7483, 28.4016, 0.00208847, 1.29548, 1.2956, 1.2956, 1.39673, 1.29728, 1.29615, 1.30215, 5.0346, 1.36058, 1.37393, 2.28627, 8.18595, 146.702, 1.29655, 1.29549, 1.29548, 1.29548, 1.29548, 1.29548, 1.29548, 1.32021, 1.29548, 1.29548, 1.30722
1.87942, 154.234, 133.059, 1.33198, 12.4994, 21.1753, 0.00188306, 1.33198, 1.33211, 1.33211, 1.43567, 1.33381, 1.33266, 1.33875, 5.56136, 1.39452, 1.41175, 2.38968, 10.018, 118.793, 1.33295, 1.33198, 1.33198, 1.33198, 1.33198, 1.33198, 1.33198, 1.35701, 1.33198, 1.33198, 1.34383
1.88729, 133.402, 112.481, 1.37093, 11.6363, 20.9213, 0.00168559, 1.37094, 1.37106, 1.37106, 1.47689, 1.37281, 1.37163, 1.3778, 6.09464, 1.43028, 1.45219, 2.49777, 12.2097, 95.4974, 1.37182, 1.37094, 1.37093, 1.37093, 1.37093, 1.37093, 1.37093, 1.39628, 1.37093, 1.37093, 1.3829
1.89515, 114.891, 96.3574, 1.41256, 10.8116, 18.5336, 0.00149764, 1.41256, 1.41269, 1.41269, 1.52061, 1.41446, 1.41326, 1.41952, 6.62068, 1.46821, 1.4955, 2.61066, 14.7854, 76.2833, 1.41337, 1.41256, 1.41256, 1.41256, 1.41256, 1.41256, 1.41256, 1.43824, 1.41256, 1.41256, 1.42463
1.90302, 103.42, 84.1385, 1.45702, 10.2674, 19.282, 0.00132055, 1.45702, 1.45716, 1.45716, 1.56695, 1.45896, 1.45773, 1.46406, 7.12451, 1.50859, 1.54186, 2.72841, 17.7573, 60.6041, 1.45776, 1.45702, 1.45702, 1.45702, 1.45702, 1.45702, 1.45702, 1.48305, 1.45702, 1.45702, 1.46919
1.91088, 78.1173, 75.2785, 1.50442, 8.95083, 2.83887, 0.00115541, 1.50442, 1.50456, 1.50456, 1.61603, 1.50638, 1.50514, 1.51153, 7.59055, 1.55167, 1.59142, 2.85105, 21.1211, 47.9338, 1.50509, 1.50442, 1.50442, 1.50442, 1.50442, 1.50442, 1.50442, 1.53082, 1.50442, 1.50442, 1.51668
1.91874, 64.5331, 69.2498, 1.5548, 8.15678, -4.71667, 0.00100301, 1.5548, 1.55494, 1.55494, 1.66787, 1.55678, 1.55553, 1.56198, 8.00364, 1.59762, 1.64427, 2.97854, 24.8529, 37.7838, 1.55541, 1.5548, 1.5548, 1.5548, 1.5548, 1.5548, 1.5548, 1.58159, 1.5548, 1.5548, 1.56714
1.92661, 71.1255, 65.5552, 1.60816, 8.55134, 5.5703, 0.000863819, 1.60816, 1.6083, 1.6083, 1.7225, 1.61017, 1.6089, 1.61539, 8.34987, 1.64658, 1.70047, 3.11085, 28.9066, 29.7169, 1.60871, 1.60816, 1.60816, 1.60816, 1.60816, 1.60816, 1.60816, 1.63536, 1.60816, 1.60816, 1.62057
1.93447, 66.9252, 63.7322, 1.66446, 8.30212, 3.19298, 0.000738011, 1.66446, 1.66461, 1.6646, 1.77987, 1.66648, 1.6652, 1.67174, 8.6175, 1.69861, 1.76003, 3.24787, 33.2128, 23.3513, 1.66496, 1.66446, 1.66446, 1.66446, 1.66446, 1.66446, 1.66446, 1.6921, 1.66446, 1.66446, 1.67693
1.94234, 72.1115, 63.3549, 1.72362, 8.6088, 8.75666, 0.000625468, 1.72362, 1.72377, 1.72376, 1.83993, 1.72566, 1.72437, 1.73094, 8.79774, 1.75372, 1.82293, 3.38948, 37.679, 18.3623, 1.72406, 1.72362, 1.72362, 1.72362, 1.72362, 1.72362, 1.72362, 1.75175, 1.72362, 1.72362, 1.73614
1.9502, 73.8732, 64.0329, 1.78554, 8.71052, 9.84032, 0.000525807, 1.78555, 1.78569, 1.78569, 1.90259, 1.78759, 1.7863, 1.7929, 8.88538, 1.8119, 1.88914, 3.53556, 42.192, 14.4775, 1.78594, 1.78554, 1.78554, 1.78554, 1.78554, 1.78554, 1.78554, 1.8142, 1.78554, 1.78554, 1.7981
1.95807, 75.5556, 65.4113, 1.85011, 8.80656, 10.1442, 0.000438447, 1.85012, 1.85026, 1.85026, 1.96776, 1.85217, 1.85087, 1.85749, 8.87913, 1.87306, 1.9586, 3.686, 46.6218, 11.473, 1.85047, 1.85011, 1.85011, 1.85011, 1.85011, 1.85011, 1.85011, 1.87936, 1.85011, 1.85011, 1.86271
1.96593, 62.7462, 67.1701, 1.91721, 8.0465, -4.42383, 0.000362629, 1.91721, 1.91736, 1.91736, 2.03533, 1.91928, 1.91797, 1.92461, 8.7817, 1.93712, 2.03125, 3.84069, 50.8279, 9.16599, 1.91753, 1.91721, 1.91721, 1.91721, 1.91721, 1.91721, 1.91721, 1.94712, 1.91721, 1.91721, 1.92984
1.9738, 67.0904, 69.0248, 1.98671, 8.31206, -1.93443, 0.000297475, 1.98671, 1.98686, 1.98685, 2.10521, 1.98878, 1.98747, 1.99412, 8.59965, 2.00396, 2.10701, 3.99958, 54.6663, 7.40917, 1.98699, 1.98671, 1.98671, 1.98671, 1.98671, 1.98671, 1.98671, 2.01737, 1.98671, 1.98671, 1.99936
1.98166, 57.175, 70.7291, 2.05848, 7.69253, -13.554, 0.000242026, 2.05849, 2.05864, 2.05863, 2.17728, 2.06056, 2.05925, 2.06591, 8.34289, 2.07346, 2.18582, 4.16271, 57.9984, 6.08435, 2.05873, 2.05848, 2.05848, 2.05848, 2.05848, 2.05848, 2.05849, 2.08999, 2.05848, 2.05848, 2.07117
1.98953, 61.4463, 72.0768, 2.13243, 7.96532, -10.6305, 0.000195291, 2.13243, 2.13258, 2.13258, 2.25145, 2.13451, 2.13319, 2.13987, 8.02405, 2.14548, 2.2676, 4.33026, 60.6992, 5.09729, 2.13264, 2.13243, 2.13243, 2.13243, 2.13243, 2.13243, 2.13243, 2.1649, 2.13243, 2.13243, 2.14514
1.99739, 71.0129, 72.9053, 2.20843, 8.54476, -1.89241, 0.000156275, 2.20844, 2.20859, 2.20858, 2.32763, 2.21052, 2.2092, 2.21588, 7.65764, 2.21989, 2.35229, 4.50262, 62.6658, 4.37301, 2.20862, 2.20843, 2.20843, 2.20843, 2.20843, 2.20843, 2.20843, 2.24199, 2.20843, 2.20843, 2.22118
2.00526, 67.201, 73.0979, 2.2864, 8.31871, -5.89691, 0.00012401, 2.28641, 2.28656, 2.28655, 2.40572, 2.28849, 2.28717, 2.29386, 7.25913, 2.29655, 2.43981, 4.68058, 63.8241, 3.85214, 2.28657, 2.2864, 2.2864, 2.2864, 2.2864, 2.2864, 2.28641, 2.32119, 2.2864, 2.2864, 2.29918
2.01312, 82.3247, 72.5848, 2.36626, 9.18285, 9.73987, 9.75768e-05, 2.36626, 2.36641, 2.3664, 2.48567, 2.36835, 2.36702, 2.37371, 6.84409, 2.37535, 2.5301, 4.86546, 64.1342, 3.48776, 2.3664, 2.36626, 2.36626, 2.36626, 2.36626, 2.36626, 2.36626, 2.40242, 2.36626, 2.36626, 2.37908
2.02099, 76.2104, 71.3433, 2.44791, 8.84367, 4.86716, 7.61253e-05, 2.44791, 2.44806, 2.44806, 2.56739, 2.45, 2.44867, 2.45537, 6.42736, 2.45618, 2.6231, 5.05952, 63.5929, 3.24297, 2.44803, 2.44791, 2.44791, 2.44791, 2.44791, 2.44791, 2.44791, 2.48562, 2.44791, 2.44791, 2.46079
2.02885, 70.4892, 69.3952, 2.53129, 8.51406, 1.09394, 5.88786e-05, 2.5313, 2.53145, 2.53144, 2.65082, 2.53339, 2.53206, 2.53876, 6.02229, 2.53891, 2.71874, 5.26634, 62.2339, 3.08889, 2.5314, 2.53129, 2.53129, 2.53129, 2.53129, 2.53129, 2.5313, 2.57074, 2.53129, 2.53129, 2.54424
2.03672, 76.7917, 66.8032, 2.61635, 8.87647, 9.98852, 4.51421e-05, 2.61636, 2.61651, 2.6165, 2.73592, 2.61845, 2.61712, 2.62382, 5.64031, 2.62348, 2.81696, 5.49156, 60.1249, 3.00306, 2.61645, 2.61635, 2.61635, 2.61635, 2.61635, 2.61635, 2.61636, 2.65772, 2.61635, 2.61635, 2.62939
2.04458, 60.4872, 63.6648, 2.70303, 7.90488, -3.17762, 3.43044e-05, 2.70304, 2.70319, 2.70318, 2.82262, 2.70513, 2.7038, 2.7105, 5.29053, 2.70978, 2.91771, 5.74377, 57.3631, 2.96814, 2.70311, 2.70303, 2.70303, 2.70303, 2.70303, 2.70303, 2.70303, 2.74652, 2.70303, 2.70303, 2.71618
2.05245, 48.9748, 60.1059, 2.79128, 7.13966, -11.1312, 2.58348e-05, 2.79129, 2.79143, 2.79143, 2.91088, 2.79337, 2.79205, 2.79875, 4.97964, 2.79774, 3.02092, 6.03587, 54.0679, 2.97088, 2.79135, 2.79128, 2.79128, 2.79128, 2.79128, 2.79128, 2.79128, 2.8371, 2.79128, 2.79128, 2.80457
2.06031, 53.9725, 56.2736, 2.88106, 7.48147, -2.30111, 1.9279e-05, 2.88106, 2.88121, 2.88121, 3.00067, 2.88315, 2.88182, 2.88852, 4.71194, 2.88731, 3.12655, 6.38677, 50.3729, 3.00126, 2.88111, 2.88106, 2.88106, 2.88106, 2.88106, 2.88106, 2.88106, 2.92942, 2.88106, 2.88106, 2.89452
2.06818, 47.951, 52.3289, 2.97232, 7.0676, -4.37788, 1.42535e-05, 2.97233, 2.97248, 2.97247, 3.09194, 2.97442, 2.97309, 2.97979, 4.48953, 2.97843, 3.23454, 6.82368, 46.4174, 3.05179, 2.97237, 2.97232, 2.97232, 2.97232, 2.97232, 2.97232, 2.97233, 3.02346, 2.97232, 2.97232, 2.986
2.07604, 52.5128, 48.4415, 3.06506, 7.38328, 4.07132, 1.04388e-05, 3.06506, 3.06521, 3.06521, 3.18468, 3.06715, 3.06582, 3.07252, 4.31261, 3.07105, 3.34485, 7.38499, 42.3379, 3.11693, 3.0651, 3.06506, 3.06506, 3.06506, 3.06506, 3.06506, 3.06506, 3.1192, 3.06506, 3.06506, 3.079
2.0839, 50.2558, 44.786, 3.15922, 7.22882, 5.46981, 7.57197e-06, 3.15923, 3.15938, 3.15937, 3.27885, 3.16132, 3.15999, 3.16669, 4.17989, 3.16514, 3.45742, 8.12366, 38.2614, 3.19266, 3.15926, 3.15922, 3.15922, 3.15922, 3.15922, 3.15922, 3.15923, 3.21663, 3.15922, 3.15922, 3.17349
2.09177, 38.0209, 41.5393, 3.25482, 6.32621, -3.51832, 5.43904e-06, 3.25482, 3.25497, 3.25497, 3.37445, 3.25691, 3.25559, 3.26229, 4.08889, 3.26068, 3.57225, 9.11149, 34.2981, 3.2761, 3.25485, 3.25482, 3.25482, 3.25482, 3.25482, 3.25482, 3.25482, 3.31574, 3.25482, 3.25482, 3.26947
2.09963, 36.5107, 38.8816, 3.35183, 6.2057, -2.37085, 3.86831e-06, 3.35184, 3.35199, 3.35198, 3.47146, 3.35392, 3.3526, 3.3593, 4.03642, 3.35765, 3.68929, 10.4436, 30.5385, 3.3652, 3.35185, 3.35183, 3.35183, 3.35183, 3.35183, 3.35183, 3.35183, 3.41654, 3.35183, 3.35183, 3.36694
2.1075, 26.7943, 36.9995, 3.45026, 5.36603, -10.2052, 2.72363e-06, 3.45026, 3.45041, 3.4504, 3.56989, 3.45235, 3.45102, 3.45772, 4.01886, 3.45605, 3.80853, 12.2429, 27.0511, 3.45854, 3.45027, 3.45026, 3.45026, 3.45026, 3.45026, 3.45026, 3.45026, 3.51907, 3.45026, 3.45026, 3.46589
2.11536, 39.4532, 36.09, 3.5501, 6.43841, 3.36312, 1.89819e-06, 3.5501, 3.55025, 3.55025, 3.66973, 3.55219, 3.55086, 3.55756, 4.0325, 3.55587, 3.92995, 14.6655, 23.8817, 3.55517, 3.55011, 3.5501, 3.5501, 3.5501, 3.5501, 3.5501, 3.5501, 3.62338, 3.5501, 3.5501, 3.56635
2.12323, 45.1697, 36.3659, 3.65138, 6.86802, 8.8038, 1.30923e-06, 3.65138, 3.65153, 3.65153, 3.77101, 3.65347, 3.65214, 3.65884, 4.0737, 3.65714, 4.05355, 17.9043, 21.0542, 3.65444, 3.65139, 3.65138, 3.65138, 3.65138, 3.65138, 3.65138, 3.65138, 3.72954, 3.65138, 3.65138, 3.66835
2.13109, 40.9308, 38.0611, 3.75411, 6.55216, 2.86971, 8.93587e-07, 3.75411, 3.75426, 3.75426, 3.87374, 3.7562, 3.75487, 3.76157, 4.1391, 3.75986, 4.17933, 22.1911, 18.5747, 3.75592, 3.75412, 3.75411, 3.75411, 3.75411, 3.75411, 3.75411, 3.75411, 3.83766, 3.75411, 3.75411, 3.77189
2.13896, 53.1908, 41.4342, 3.85831, 7.42905, 11.7566, 6.03446e-07, 3.85832, 3.85846, 3.85846, 3.97794, 3.8604, 3.85908, 3.86578, 4.22565, 3.86406, 4.3073, 27.7977, 16.4332, 3.85938, 3.85832, 3.85831, 3.85831, 3.85831, 3.85831, 3.85831, 3.85831, 3.94789, 3.85831, 3.85831, 3.87701
2.14682, 46.6076, 46.7698, 3.96402, 6.97192, -0.162178, 4.0315e-07, 3.96402, 3.96417, 3.96417, 4.08365, 3.96611, 3.96478, 3.97148, 4.33068, 3.96976, 4.43747, 35.0326, 14.6083, 3.96464, 3.96402, 3.96402, 3.96402, 3.96402, 3.96402, 3.96402, 3.96402, 4.06043, 3.96402, 3.96402, 3.98375
2.15469, 55.9666, 54.3746, 4.07125, 7.61358, 1.59203, 2.66428e-07, 4.07126, 4.07141, 4.0714, 4.19088, 4.07335, 4.07202, 4.07872, 4.45183, 4.07699, 4.56984, 44.234, 13.0711, 4.07161, 4.07126, 4.07125, 4.07125, 4.07125, 4.07125, 4.07125, 4.07125, 4.17553, 4.07125, 4.07125, 4.09213
2.16255, 71.6167, 64.5692, 4.18004, 8.58002, 7.04756, 1.74148e-07, 4.18005, 4.1802, 4.18019, 4.29967, 4.18214, 4.18081, 4.18751, 4.58701, 4.18578, 4.70442, 55.7578, 11.7882, 4.18024, 4.18005, 4.18004, 4.18004, 4.18004, 4.18004, 4.18004, 4.18004, 4.29353, 4.18004, 4.18004, 4.20218
2.17042, 87.2834, 77.674, 4.29042, 9.44899, 9.60941, 1.12575e-07, 4.29043, 4.29058, 4.29057, 4.41006, 4.29252, 4.29119, 4.29789, 4.73433, 4.29616, 4.84124, 69.9605, 10.7251, 4.29054, 4.29043, 4.29042, 4.29042, 4.29042, 4.29042, 4.29042, 4.29043, 4.41485, 4.29042, 4.29042, 4.31395
2.17828, 107.826, 93.9861, 4.4024, 10.4798, 13.8398, 7.19651e-08, 4.4024, 4.40255, 4.40255, 4.52203, 4.40449, 4.40316, 4.40986, 4.89198, 4.40813, 4.98028, 87.1739, 9.84849, 4.40246, 4.4024, 4.4024, 4.4024, 4.4024, 4.4024, 4.4024, 4.4024, 4.53996, 4.4024, 4.4024, 4.42743
2.18615, 117.332, 113.757, 4.516, 10.9239, 3.57509, 4.54892e-08, 4.516, 4.51615, 4.51615, 4.63563, 4.51809, 4.51676, 4.52346, 5.05819, 4.52173, 5.12156, 107.681, 9.1278, 4.51603, 4.516, 4.516, 4.516, 4.516, 4.516, 4.516, 4.516, 4.66951, 4.516, 4.516, 4.54266
2.19401, 156.108, 137.159, 4.63123, 12.5741, 18.9496, 2.84291e-08, 4.63123, 4.63138, 4.63138, 4.75086, 4.63332, 4.63199, 4.63869, 5.23113, 4.63696, 5.26507, 131.682, 8.53629, 4.63125, 4.63123, 4.63123, 4.63123, 4.63123, 4.63123, 4.63123, 4.63123, 4.8042, 4.63123, 4.63123, 4.65964
2.20188, 179.431, 164.248, 4.74809, 13.4696, 15.1833, 1.75656e-08, 4.74809, 4.74824, 4.74824, 4.86772, 4.75018, 4.74885, 4.75555, 5.40889, 4.75382, 5.41078, 159.258, 8.05148, 4.7481, 4.74809, 4.74809, 4.74809, 4.74809, 4.74809, 4.74809, 4.74809, 4.94487, 4.74809, 4.74809, 4.77837
2.20974, 207.325, 194.939, 4.86657, 14.4681, 12.3853, 1.07293e-08, 4.86658, 4.86673, 4.86672, 4.98621, 4.86867, 4.86734, 4.87404, 5.58944, 4.87231, 5.55869, 190.342, 7.65501, 4.86658, 4.86658, 4.86657, 4.86657, 4.86657, 4.86657, 4.86657, 4.86658, 5.09246, 4.86657, 4.86657, 4.89885
2.21761, 241.363, 228.976, 4.98669, 15.6001, 12.3872, 6.47783e-09, 4.98669, 4.98684, 4.98684, 5.10632, 4.98878, 4.98745, 4.99415, 5.7707, 4.99242, 5.70878, 224.693, 7.3323, 4.98669, 4.98669, 4.98669, 4.98669, 4.98669, 4.98669, 4.98669, 4.98669, 5.248, 4.98669, 4.98669, 5.02106
2.22547, 282.25, 265.901, 5.10839, 16.8597, 16.3488, 3.8655e-09, 5.10839, 5.10854, 5.10854, 5.22802, 5.11048, 5.10916, 5.11586, 5.95049, 5.11412, 5.86099, 261.866, 7.07207, 5.10839, 5.10839, 5.10839, 5.10839, 5.10839, 5.10839, 5.10839, 5.10839, 5.41254, 5.10839, 5.10839, 5.14499
2.23334, 340.511, 305.056, 5.23167, 18.5071, 35.4552, 2.2795e-09, 5.23167, 5.23182, 5.23182, 5.3513, 5.23376, 5.23243, 5.23913, 6.12671, 5.2374, 6.01532, 301.213, 6.86559, 5.23167, 5.23167, 5.23167, 5.23167, 5.23167, 5.23167, 5.23167, 5.23167, 5.58718, 5.23167, 5.23167, 5.27059
2.2412, 354.025, 345.584, 5.35648, 18.8686, 8.44092, 1.32818e-09, 5.35648, 5.35663, 5.35663, 5.47611, 5.35857, 5.35724, 5.36394, 6.29733, 5.36221, 6.1717, 341.884, 6.70609, 5.35648, 5.35648, 5.35648, 5.35648, 5.35648, 5.35648, 5.35648, 5.35648, 5.77292, 5.35648, 5.35648, 5.39783
2.24907, 395.865, 386.446, 5.48279, 19.9466, 9.41956, 7.64512e-10, 5.48279, 5.48294, 5.48294, 5.60242, 5.48488, 5.48355, 5.49025, 6.46055, 5.48852, 6.33009, 382.847, 6.58822, 5.48279, 5.48279, 5.48279, 5.48279, 5.48279, 5.48279, 5.48279, 5.48279, 5.97065, 5.48279, 5.48279, 5.52667
2.25693, 427.322, 426.464, 5.61054, 20.7201, 0.857819, 4.34718e-10, 5.61055, 5.6107, 5.61069, 5.73018, 5.61264, 5.61131, 5.61801, 6.61485, 5.61628, 6.49045, 422.93, 6.50753, 5.61054, 5.61054, 5.61054, 5.61054, 5.61054, 5.61054, 5.61054, 5.61055, 6.181, 5.61054, 5.61054, 5.65706
2.26479, 483.717, 464.366, 5.7397, 22.039, 19.3509, 2.44154e-10, 5.7397, 5.73985, 5.73985, 5.85933, 5.74179, 5.74046, 5.74716, 6.75908, 5.74543, 6.65273, 460.864, 6.46018, 5.7397, 5.7397, 5.7397, 5.7397, 5.7397, 5.7397, 5.7397, 5.7397, 6.40431, 5.7397, 5.7397, 5.78894
2.27266, 521.204, 498.861, 5.87017, 22.8737, 22.3434, 1.35419e-10, 5.87017, 5.87032, 5.87032, 5.9898, 5.87226, 5.87093, 5.87763, 6.89253, 5.8759, 6.81688, 495.361, 6.44264, 5.87017, 5.87017, 5.87017, 5.87017, 5.87017, 5.87017, 5.87017, 5.87017, 6.64046, 5.87017, 5.87017, 5.92224
2.28052, 556.572, 528.708, 6.0019, 23.6341, 27.8645, 7.41592e-11, 6.00191, 6.00206, 6.00205, 6.12153, 6.004, 6.00267, 6.00937, 7.01499, 6.00763, 6.98292, 525.186, 6.45161, 6.0019, 6.0019, 6.0019, 6.0019, 6.0019, 6.0019, 6.0019, 6.0019, 6.88886, 6.0019, 6.0019, 6.05688
2.28839, 545.55, 552.786, 6.1348, 23.3998, -7.23553, 4.00384e-11, 6.1348, 6.13495, 6.13495, 6.25443, 6.13689, 6.13556, 6.14226, 7.12668, 6.14053, 7.15082, 549.221, 6.48391, 6.1348, 6.1348, 6.1348, 6.1348, 6.1348, 6.1348, 6.1348, 6.1348, 7.14832, 6.1348, 6.1348, 6.19278
2.29625, 566.793, 570.175, 6.26875, 23.8494, -3.38171, 2.12629e-11, 6.26876, 6.26891, 6.2689, 6.38839, 6.27085, 6.26952, 6.27622, 7.22829, 6.27449, 7.3207, 566.55, 6.53649, 6.26875, 6.26875, 6.26875, 6.26875, 6.26875, 6.26875, 6.26875, 6.26876, 7.41704, 6.26875, 6.26875, 6.32982
2.30412, 568.855, 580.213, 6.40366, 23.8926, -11.3585, 1.10524e-11, 6.40366, 6.40381, 6.4038, 6.52329, 6.40575, 6.40442, 6.41112, 7.32093, 6.40939, 7.49274, 576.515, 6.60643, 6.40366, 6.40366, 6.40366, 6.40366, 6.40366, 6.40366, 6.40366, 6.40366, 7.69262, 6.40366, 6.40366, 6.46789
2.31198, 573.197, 582.542, 6.53936, 23.9833, -9.34485, 5.58006e-12, 6.53936, 6.53951, 6.53951, 6.65899, 6.54145, 6.54013, 6.54683, 7.40599, 6.54509, 7.66735, 578.76, 6.691, 6.53936, 6.53936, 6.53936, 6.53936, 6.53936, 6.53936, 6.53936, 6.53936, 7.97208, 6.53936, 6.53936, 6.60685
2.31985, 565.396, 577.13, 6.67571, 23.8201, -11.7341, 2.70449e-12, 6.67572, 6.67587, 6.67586, 6.79534, 6.6778, 6.67648, 6.68318, 7.4851, 6.68145, 7.84522, 573.256, 6.78766, 6.67571, 6.67571, 6.67571, 6.67571, 6.67571, 6.67571, 6.67571, 6.67571, 8.25199, 6.67571, 6.67571, 6.74653
2.32771, 573.887, 564.276, 6.81252, 23.9977, 9.61115, 1.24638e-12, 6.81253, 6.81268, 6.81267, 6.93216, 6.81462, 6.81329, 6.81999, 7.55997, 6.81826, 8.02757, 560.306, 6.8941, 6.81252, 6.81252, 6.81252, 6.81252, 6.81252, 6.81252, 6.81252, 6.81253, 8.52855, 6.81252, 6.81252, 6.88676
2.33558, 537.219, 544.589, 6.94958, 23.2211, -7.36963, 5.35096e-13, 6.94959, 6.94973, 6.94973, 7.06921, 6.95167, 6.95035, 6.95705, 7.63234, 6.95532, 8.21636, 540.518, 7.00826, 6.94958, 6.94958, 6.94958, 6.94958, 6.94958, 6.94958, 6.94958, 6.94958, 8.7978, 6.94958, 6.94958, 7.0273
2.34344, 518.949, 518.94, 7.08666, 22.8243, 0.00891113, 2.09448e-13, 7.08667, 7.08682, 7.08681, 7.20629, 7.08875, 7.08743, 7.09413, 7.70386, 7.0924, 8.41474, 514.766, 7.12831, 7.08666, 7.08666, 7.08666, 7.08666, 7.08666, 7.08666, 7.08666, 7.08666, 9.05584, 7.08666, 7.08666, 7.16795
2.35131, 475.69, 488.411, 7.22351, 21.8561, -12.7212, 7.26386e-14, 7.22351, 7.22366, 7.22366, 7.34314, 7.2256, 7.22427, 7.23097, 7.77596, 7.22926, 8.62754, 484.129, 7.25268, 7.22351, 7.22351, 7.22351, 7.22351, 7.22351, 7.22351, 7.22351, 7.22351, 9.299, 7.22351, 7.22351, 7.30844
2.35917, 423.139, 454.224, 7.35985, 20.6189, -31.0848, 2.33791e-14, 7.35985, 7.36, 7.36, 7.47948, 7.36194, 7.36061, 7.36731, 7.84987, 7.3656, 8.86207, 449.822, 7.38001, 7.35985, 7.35985, 7.35985, 7.35985, 7.35985, 7.35985, 7.35985, 7.35985, 9.52409, 7.35985, 7.35985, 7.44849
2.36704, 418.58, 417.66, 7.4954, 20.508, 0.919983, 6.60407e-15, 7.4954, 7.49555, 7.49555, 7.61503, 7.49749, 7.49616, 7.50286, 7.92651, 7.50116, 9.1291, 413.12, 7.50915, 7.4954, 7.4954, 7.4954, 7.4954, 7.4954, 7.4954, 7.4954, 7.4954, 9.72857, 7.4954, 7.4954, 7.58783
2.3749, 368.876, 379.987, 7.62989, 19.2582, -11.1104, 1.59124e-15, 7.62989, 7.63004, 7.63004, 7.74952, 7.63198, 7.63065, 7.63735, 8.00653, 7.63566, 9.44423, 375.273, 7.63915, 7.62989, 7.62989, 7.62989, 7.62989, 7.62989, 7.62989, 7.62989, 7.62989, 9.91077, 7.62989, 7.62989, 7.72617
2.38277, 333.007, 342.402, 7.76303, 18.3032, -9.39505, 3.03059e-16, 7.76303, 7.76318, 7.76318, 7.88266, 7.76512, 7.7638, 7.7705, 8.09026, 7.76882, 9.82943, 337.459, 7.76918, 7.76303, 7.76303, 7.76303, 7.76303, 7.76303, 7.76303, 7.76303, 7.76303, 10.0699, 7.76303, 7.76303, 7.86324
2.39063, 269.282, 305.967, 7.89458, 16.4707, -36.6844, 5.75723e-17, 7.89458, 7.89473, 7.89473, 8.01421, 7.89667, 7.89535, 7.90205, 8.1778, 7.90039, 10.3152, 300.707, 7.89861, 7.89458, 7.89458, 7.89458, 7.89458, 7.89458, 7.89458, 7.89458, 7.89458, 10.2062, 7.89458, 7.89458, 7.99878
2.3985, 240.591, 271.575, 8.02432, 15.5753, -30.984, 9.47658e-18, 8.02433, 8.02448, 8.02447, 8.14395, 8.02642, 8.02509, 8.0318, 8.26902, 8.03016, 10.9428, 265.869, 8.02693, 8.02432, 8.02432, 8.02432, 8.02432, 8.02432, 8.02432, 8.02432, 8.02432, 10.3209, 8.02432, 8.02432, 8.13259
2.40636, 228.307, 239.931, 8.15209, 15.1759, -11.6235, 1.34014e-18, 8.15209, 8.15224, 8.15224, 8.27172, 8.15418, 8.15285, 8.15957, 8.36364, 8.15796, 11.767, 233.59, 8.15375, 8.15209, 8.15209, 8.15209, 8.15209, 8.15209, 8.15209, 8.15209, 8.15209, 10.4164, 8.15209, 8.15209, 8.26448
2.41423, 217.027, 211.542, 8.27777, 14.7995, 5.48463, 1.58234e-19, 8.27778, 8.27793, 8.27792, 8.39741, 8.27987, 8.27854, 8.28526, 8.46126, 8.28369, 12.8589, 204.306, 8.27882, 8.27777, 8.27777, 8.27777, 8.27777, 8.27777, 8.27777, 8.27777, 8.27778, 10.4958, 8.27777, 8.27777, 8.39435
2.42209, 201.063, 186.733, 8.40135, 14.25, 14.3301, 1.37126e-20, 8.40136, 8.40151, 8.4015, 8.52098, 8.40344, 8.40212, 8.40884, 8.56144, 8.40732, 14.3088, 178.245, 8.402, 8.40135, 8.40135, 8.40135, 8.40135, 8.40135, 8.40135, 8.40135, 8.40135, 10.5632, 8.40135, 8.40135, 8.52217
2.42995, 161.941, 165.668, 8.52285, 12.8039, -3.72739, 4.60703e-22, 8.52286, 8.52301, 8.523, 8.64248, 8.52494, 8.52362, 8.53036, 8.66376, 8.52888, 16.2284, 155.459, 8.52325, 8.52285, 8.52285, 8.52285, 8.52285, 8.52285, 8.52285, 8.52285, 8.52285, 10.6235, 8.52285, 8.52285, 8.64798
2.43782, 148.904, 148.382, 8.64242, 12.2843, 0.521988, 3.51124e-24, 8.64242, 8.64257, 8.64257, 8.76205, 8.64451, 8.64318, 8.64994, 8.76782, 8.64852, 18.7529, 135.839, 8.64266, 8.64242, 8.64242, 8.64242, 8.64242, 8.64242, 8.64242, 8.64242, 8.64242, 10.6828, 8.64242, 8.64242, 8.77192
2.44568, 146.788, 134.812, 8.76027, 12.1979, 11.9756, 0, 8.76027, 8.76042, 8.76042, 8.8799, 8.76236, 8.76103, 8.76782, 8.87332, 8.76647, 22.0414, 119.16, 8.76041, 8.76027, 8.76027, 8.76027, 8.76027, 8.76027, 8.76027, 8.76027, 8.76027, 10.7479, 8.76027, 8.76027, 8.8942
2.45355, 109.482, 124.843, 8.87669, 10.5585, -15.3618, 0, 8.87669, 8.87684, 8.87683, 8.99632, 8.87878, 8.87745, 8.88428, 8.98004, 8.88299, 26.2752, 105.116, 8.87677, 8.87669, 8.87669, 8.87669, 8.87669, 8.87669, 8.87669, 8.87669, 8.87669, 10.8269, 8.87669, 8.87669, 9.0151
2.46141, 110.603, 118.33, 8.99203, 10.6115, -7.72701, 0, 8.99204, 8.99219, 8.99218, 9.11166, 8.99413, 8.9928, 8.99969, 9.08788, 8.99847, 31.6551, 93.3538, 8.99208, 8.99203, 8.99203, 8.99203, 8.99203, 8.99203, 8.99203, 8.99203, 8.99203, 10.9296, 8.99203, 8.99203, 9.135
2.46928, 107.862, 115.129, 9.10673, 10.4815, -7.26682, 0, 9.10674, 9.10689, 9.10688, 9.22636, 9.10883, 9.1075, 9.11448, 9.19685, 9.11332, 38.3947, 83.5055, 9.10676, 9.10673, 9.10673, 9.10673, 9.10673, 9.10673, 9.10673, 9.10673, 9.10673, 11.0676, 9.10673, 9.10673, 9.2543
2.47714, 107.005, 115.114, 9.22123, 10.4406, -8.10909, 0, 9.22124, 9.22138, 9.22138, 9.34086, 9.22332, 9.222, 9.2291, 9.30703, 9.22799, 46.7109, 75.2148, 9.22125, 9.22123, 9.22123, 9.22123, 9.22123, 9.22123, 9.22123, 9.22123, 9.22123, 11.2555, 9.22123, 9.22123, 9.37348
2.48501, 117.261, 118.185, 9.336, 10.9207, -0.923515, 0, 9.33601, 9.33616, 9.33615, 9.45564, 9.3381, 9.33677, 9.34404, 9.41858, 9.34296, 56.8118, 68.1565, 9.33601, 9.336, 9.336, 9.336, 9.336, 9.336, 9.336, 9.336, 9.33601, 11.511, 9.336, 9.336, 9.493
2.49287, 110.798, 124.263, 9.4515, 10.6206, -13.4655, 0, 9.45151, 9.45166, 9.45165, 9.57114, 9.4536, 9.45227, 9.45978, 9.53172, 9.45868, 68.8791, 62.0507, 9.45151, 9.4515, 9.4515, 9.4515, 9.4515, 9.4515, 9.4515, 9.4515, 9.45151, 11.8562, 9.4515, 9.4515, 9.61334
2.50074, 123.342, 133.286, 9.5682, 11.1956, -9.94377, 0, 9.5682, 9.56835, 9.56835, 9.68783, 9.57029, 9.56896, 9.5768, 9.64669, 9.57563, 83.0534, 56.6671, 9.5682, 9.5682, 9.5682, 9.5682, 9.5682, 9.5682, 9.5682, 9.5682, 9.5682, 12.318, 9.5682, 9.5682, 9.73499
2.5086, 161.029, 145.185, 9.68647, 12.7683, 15.8438, 0, 9.68648, 9.68663, 9.68662, 9.80611, 9.68857, 9.68724, 9.69552, 9.76372, 9.69419, 99.4117, 51.8288, 9.68648, 9.68647, 9.68647, 9.68647, 9.68647, 9.68647, 9.68647, 9.68647, 9.68648, 12.9287, 9.68647, 9.68647, 9.8584
2.51647, 148.818, 159.864, 9.80668, 12.2808, -11.0458, 0, 9.80669, 9.80684, 9.80683, 9.92631, 9.80877, 9.80745, 9.81634, 9.88304, 9.81471, 117.948, 47.4082, 9.80668, 9.80668, 9.80668, 9.80668, 9.80668, 9.80668, 9.80668, 9.80668, 9.80668, 13.727, 9.80668, 9.80668, 9.98398
2.52433, 157.273, 177.175, 9.9291, 12.6203, -19.9026, 0, 9.9291, 9.92925, 9.92924, 10.0487, 9.93119, 9.92986, 9.93956, 10.0048, 9.93747, 138.555, 43.3208, 9.9291, 9.9291, 9.9291, 9.9291, 9.9291, 9.9291, 9.9291, 9.9291, 9.9291, 14.7571, 9.9291, 9.9291, 10.1121
2.5322, 197.333, 196.902, 10.0539, 14.1185, 0.431183, 0, 10.0539, 10.0541, 10.0541, 10.1736, 10.056, 10.0547, 10.0655, 10.1292, 10.0627, 161.016, 39.5169, 10.0539, 10.0539, 10.0539, 10.0539, 10.0539, 10.0539, 10.0539, 10.0539, 10.0539, 16.0692, 10.0539, 10.0539, 10.2433
2.54006, 211.614, 218.732, 10.1813, 14.6155, -7.11761, 0, 10.1813, 10.1815, 10.1815, 10.3009, 10.1834, 10.1821, 10.1943, 10.2563, 10.1905, 184.986, 35.9742, 10.1813, 10.1813, 10.1813, 10.1813, 10.1813, 10.1813, 10.1813, 10.1813, 10.1813, 17.7176, 10.1813, 10.1813, 10.378
2.54793, 229.639, 242.252, 10.3113, 15.2197, -12.6124, 0, 10.3113, 10.3114, 10.3114, 10.4309, 10.3134, 10.312, 10.3261, 10.386, 10.3209, 210, 32.6876, 10.3113, 10.3113, 10.3113, 10.3113, 10.3113, 10.3113, 10.3113, 10.3113, 10.3113, 19.7589, 10.3113, 10.3113, 10.5166
2.55579, 265.779, 266.944, 10.4438, 16.364, -1.16522, 0, 10.4438, 10.444, 10.444, 10.5634, 10.4459, 10.4446, 10.4611, 10.5184, 10.4539, 235.479, 29.6626, 10.4438, 10.4438, 10.4438, 10.4438, 10.4438, 10.4438, 10.4438, 10.4438, 10.4438, 22.2495, 10.4438, 10.4438, 10.6601
2.56366, 282.381, 292.195, 10.5789, 16.8636, -9.81442, 0, 10.5789, 10.579, 10.579, 10.6985, 10.581, 10.5796, 10.5994, 10.6534, 10.5895, 260.744, 26.9088, 10.5789, 10.5789, 10.5789, 10.5789, 10.5789, 10.5789, 10.5789, 10.5789, 10.5789, 25.2417, 10.5789, 10.5789, 10.8094
2.57152, 323.131, 317.313, 10.7163, 18.0314, 5.81802, 0, 10.7163, 10.7164, 10.7164, 10.8359, 10.7184, 10.717, 10.7409, 10.7907, 10.7274, 285.049, 24.4348, 10.7163, 10.7163, 10.7163, 10.7163, 10.7163, 10.7163, 10.7163, 10.7163, 10.7163, 28.7792, 10.7163, 10.7163, 10.9662
2.57939, 325.078, 341.556, 10.8559, 18.0853, -16.478, 0, 10.8559, 10.856, 10.856, 10.9755, 10.858, 10.8566, 10.8857, 10.9303, 10.8676, 307.614, 22.245, 10.8559, 10.8559, 10.8559, 10.8559, 10.8559, 10.8559, 10.8559, 10.8559, 10.8559, 32.8924, 10.8559, 10.8559, 11.1328
2.58725, 366.41, 364.162, 10.9975, 19.194, 2.24802, 0, 10.9975, 10.9976, 10.9976, 11.1171, 10.9996, 10.9982, 11.0339, 11.0718, 11.0098, 327.665, 20.3385, 10.9975, 10.9975, 10.9975, 10.9975, 10.9975, 10.9975, 10.9975, 10.9975, 10.9975, 37.5922, 10.9975, 10.9975, 11.3124
2.59511, 399.239, 384.398, 11.1408, 20.0309, 14.8405, 0, 11.1408, 11.141, 11.141, 11.2605, 11.1429, 11.1416, 11.1855, 11.2152, 11.1538, 344.482, 18.7074, 11.1408, 11.1408, 11.1408, 11.1408, 11.1408, 11.1408, 11.1408, 11.1408, 11.1408, 42.8667, 11.1408, 11.1408, 11.5098
2.60298, 424.897, 401.592, 11.2857, 20.6615, 23.3049, 0, 11.2857, 11.2859, 11.2859, 11.4054, 11.2878, 11.2865, 11.3406, 11.3601, 11.2993, 357.439, 17.3381, 11.2857, 11.2857, 11.2857, 11.2857, 11.2857, 11.2857, 11.2857, 11.2857, 11.2857, 48.6756, 11.2857, 11.2857, 11.7313
2.61084, 426.532, 415.172, 11.4319, 20.701, 11.3607, 0, 11.4319, 11.4321, 11.4321, 11.5515, 11.434, 11.4327, 11.4993, 11.5062, 11.4462, 366.045, 16.2116, 11.4319, 11.4319, 11.4319, 11.4319, 11.4319, 11.4319, 11.4319, 11.4319, 11.4319, 54.9465, 11.4319, 11.4319, 11.9855
2.61871, 424.506, 424.701, 11.5791, 20.652, -0.194763, 0, 11.5791, 11.5793, 11.5793, 11.6988, 11.5812, 11.5799, 11.6616, 11.6535, 11.5941, 369.979, 15.3056, 11.5791, 11.5791, 11.5791, 11.5791, 11.5791, 11.5791, 11.5791, 11.5791, 11.5791, 61.5748, 11.5791, 11.5791, 12.2839
2.62657, 417.369, 429.901, 11.7272, 20.4785, -12.5323, 0, 11.7272, 11.7273, 11.7273, 11.8468, 11.7292, 11.7279, 11.8277, 11.8015, 11.7429, 369.108, 14.5952, 11.7272, 11.7272, 11.7272, 11.7272, 11.7272, 11.7272, 11.7272, 11.7272, 11.7272, 68.4247, 11.7272, 11.7272, 12.6412
2.63444, 426.279, 430.667, 11.8757, 20.6949, -4.38812, 0, 11.8757, 11.8759, 11.8759, 11.9954, 11.8778, 11.8765, 11.9976, 11.9502, 11.8922, 363.499, 14.0546, 11.8757, 11.8757, 11.8757, 11.8757, 11.8757, 11.8757, 11.8757, 11.8757, 11.8757, 75.3302, 11.8757, 11.8757, 13.0758
2.6423, 437.678, 427.07, 12.0246, 20.9685, 10.6083, 0, 12.0246, 12.0248, 12.0248, 12.1443, 12.0267, 12.0254, 12.1712, 12.0991, 12.0419, 353.41, 13.6585, 12.0246, 12.0246, 12.0246, 12.0246, 12.0246, 12.0246, 12.0246, 12.0246, 12.0246, 82.1032, 12.0246, 12.0246, 13.6104
2.65017, 417.015, 419.346, 12.1736, 20.4698, -2.33176, 0, 12.1736, 12.1737, 12.1737, 12.2932, 12.1757, 12.1743, 12.3485, 12.2482, 12.1917, 339.281, 13.3829, 12.1736, 12.1736, 12.1736, 12.1736, 12.1736, 12.1736, 12.1736, 12.1736, 12.1736, 88.5406, 12.1736, 12.1736, 14.2722
2.65803, 411.806, 407.887, 12.3223, 20.3422, 3.9191, 0, 12.3223, 12.3225, 12.3225, 12.4419, 12.3244, 12.3231, 12.5292, 12.397, 12.3412, 321.697, 13.2059, 12.3223, 12.3223, 12.3223, 12.3223, 12.3223, 12.3223, 12.3223, 12.3223, 12.3223, 94.4345, 12.3223, 12.3223, 15.093
2.6659, 412.978, 393.205, 12.4706, 20.371, 19.7733, 0, 12.4706, 12.4707, 12.4707, 12.5902, 12.4726, 12.4713, 12.7128, 12.5454, 12.4904, 301.356, 13.1077, 12.4706, 12.4706, 12.4706, 12.4706, 12.4706, 12.4706, 12.4706, 12.4706, 12.4706, 99.5836, 12.4706, 12.4706, 16.1087
2.67376, 365.848, 375.907, 12.618, 19.1794, -10.0593, 0, 12.618, 12.6182, 12.6182, 12.7376, 12.6201, 12.6188, 12.8989, 12.6931, 12.6387, 279.027, 13.0716, 12.618, 12.618, 12.618, 12.618, 12.618, 12.618, 12.618, 12.618, 12.618, 103.804, 12.618, 12.618, 17.3583
2.68163, 350.091, 356.661, 12.7644, 18.7641, -6.56982, 0, 12.7644, 12.7645, 12.7645, 12.884, 12.7665, 12.7651, 13.0866, 12.8397, 12.786, 255.502, 13.083, 12.7644, 12.7644, 12.7644, 12.7644, 12.7644, 12.7644, 12.7644, 12.7644, 12.7644, 106.944, 12.7644, 12.7644, 18.8831
2.68949, 342.069, 336.153, 12.9093, 18.5491, 5.91559, 0, 12.9093, 12.9094, 12.9094, 13.0289, 12.9114, 12.9101, 13.2748, 12.9849, 12.9318, 231.552, 13.1303, 12.9093, 12.9093, 12.9093, 12.9093, 12.9093, 12.9093, 12.9093, 12.9093, 12.9093, 108.888, 12.9093, 12.9093, 20.7246
2.69736, 307.035, 315.066, 13.0524, 17.5794, -8.03049, 0, 13.0524, 13.0526, 13.0526, 13.1721, 13.0545, 13.0532, 13.4624, 13.1285, 13.0759, 207.896, 13.2037, 13.0524, 13.0524, 13.0524, 13.0524, 13.0524, 13.0524, 13.0524, 13.0524, 13.0524, 109.569, 13.0524, 13.0524, 22.9215
2.70522, 307.737, 294.035, 13.1934, 17.5994, 13.7019, 0, 13.1934, 13.1935, 13.1935, 13.313, 13.1955, 13.1942, 13.6479, 13.2699, 13.2178, 185.162, 13.2957, 13.1934, 13.1934, 13.1934, 13.1934, 13.1934, 13.1934, 13.1934, 13.1934, 13.1934, 108.972, 13.1934, 13.1934, 25.5073
2.71309, 294.24, 273.635, 13.3318, 17.2116, 20.6049, 0, 13.3318, 13.332, 13.332, 13.4515, 13.3339, 13.3326, 13.8298, 13.409, 13.3572, 163.868, 13.4001, 13.3318, 13.3318, 13.3318, 13.3318, 13.3318, 13.3318, 13.3318, 13.3318, 13.3318, 107.133, 13.3318, 13.3318, 28.5064
2.72095, 299.032, 254.351, 13.4674, 17.3503, 44.6809, 0, 13.4674, 13.4675, 13.4675, 13.587, 13.4695, 13.4681, 14.0064, 13.5452, 13.4938, 144.405, 13.5123, 13.4674, 13.4674, 13.4674, 13.4674, 13.4674, 13.4674, 13.4674, 13.4674, 13.4674, 104.14, 13.4674, 13.4674, 31.9303
2.72882, 254.923, 236.571, 13.5997, 16.0288, 18.3515, 0, 13.5997, 13.5998, 13.5998, 13.7193, 13.6017, 13.6004, 14.1761, 13.6784, 13.6271, 127.039, 13.6289, 13.5997, 13.5997, 13.5997, 13.5997, 13.5997, 13.5997, 13.5997, 13.5997, 13.5997, 100.123, 13.5997, 13.5997, 35.7743
2.73668, 238.613, 220.572, 13.7284, 15.5117, 18.0412, 0, 13.7284, 13.7285, 13.7285, 13.848, 13.7305, 13.7291, 14.3373, 13.8082, 13.7568, 111.906, 13.7471, 13.7284, 13.7284, 13.7284, 13.7284, 13.7284, 13.7284, 13.7284, 13.7284, 13.7284, 95.2497, 13.7284, 13.7284, 40.0143
2.74455, 213.046, 206.523, 13.8532, 14.6644, 6.5231, 0, 13.8532, 13.8534, 13.8534, 13.9728, 13.8553, 13.854, 14.4887, 13.9342, 13.8827, 99.0307, 13.8651, 13.8532, 13.8532, 13.8532, 13.8532, 13.8532, 13.8532, 13.8532, 13.8532, 13.8532, 89.7143, 13.8532, 13.8532, 44.6032
2.75241, 190.136, 194.482, 13.974, 13.8613, -4.34619, 0, 13.974, 13.9741, 13.9741, 14.0936, 13.9761, 13.9748, 14.6289, 14.0565, 14.0046, 88.3365, 13.9814, 13.974, 13.974, 13.974, 13.974, 13.974, 13.974, 13.974, 13.974, 13.974, 83.7238, 13.974, 13.974, 49.4716
2.76028, 177.658, 184.41, 14.0906, 13.4037, -6.75175, 0, 14.0906, 14.0907, 14.0907, 14.2102, 14.0926, 14.0913, 14.7571, 14.1747, 14.1223, 79.6665, 14.0951, 14.0906, 14.0906, 14.0906, 14.0906, 14.0906, 14.0906, 14.0906, 14.0906, 14.0906, 77.4888, 14.0906, 14.0906, 54.5261
2.76814, 158.922, 176.178, 14.2028, 12.6855, -17.2558, 0, 14.2028, 14.203, 14.203, 14.3225, 14.2049, 14.2036, 14.8728, 14.2888, 14.2357, 72.8049, 14.2056, 14.2028, 14.2028, 14.2028, 14.2028, 14.2028, 14.2028, 14.2028, 14.2028, 14.2028, 71.2128, 14.2028, 14.2028, 59.6515
2.776, 199.139, 169.583, 14.3108, 14.1824, 29.5569, 0, 14.3108, 14.311, 14.311, 14.4305, 14.3129, 14.3116, 14.9759, 14.399, 14.3448, 67.4957, 14.3125, 14.3108, 14.3108, 14.3108, 14.3108, 14.3108, 14.3108, 14.3108, 14.3108, 14.3108, 65.0816, 14.3108, 14.3108, 64.7152
2.78387, 188.424, 164.364, 14.4146, 13.7994, 24.0602, 0, 14.4146, 14.4148, 14.4148, 14.5342, 14.4167, 14.4154, 15.0665, 14.5052, 14.4498, 63.4633, 14.4156, 14.4146, 14.4146, 14.4146, 14.4146, 14.4146, 14.4146, 14.4146, 14.4146, 14.4146, 59.256, 14.4146, 14.4146, 69.5722
2.79173, 153.493, 160.225, 14.5143, 12.4697, -6.7328, 0, 14.5143, 14.5145, 14.5145, 14.634, 14.5164, 14.5151, 15.1454, 14.6076, 14.5506, 60.4306, 14.5149, 14.5143, 14.5143, 14.5143, 14.5143, 14.5143, 14.5143, 14.5143, 14.5143, 14.5143, 53.8685, 14.5143, 14.5143, 74.0708
2.7996, 146.502, 156.853, 14.6102, 12.1861, -10.3511, 0, 14.6102, 14.6103, 14.6103, 14.7298, 14.6122, 14.6109, 15.2135, 14.7064, 14.6477, 58.1324, 14.6105, 14.6102, 14.6102, 14.6102, 14.6102, 14.6102, 14.6102, 14.6102, 14.6102, 14.6102, 49.0187, 14.6102, 14.6102, 78.062
2.80746, 147.84, 153.934, 14.7022, 12.2409, -6.09473, 0, 14.7022, 14.7024, 14.7024, 14.8219, 14.7043, 14.703, 15.2718, 14.8017, 14.741, 56.3275, 14.7024, 14.7022, 14.7022, 14.7022, 14.7022, 14.7022, 14.7022, 14.7022, 14.7022, 14.7022, 44.7734, 14.7022, 14.7022, 81.4069
2.81533, 159.343, 151.177, 14.7907, 12.7021, 8.16675, 0, 14.7907, 14.7909, 14.7909, 14.9104, 14.7928, 14.7915, 15.3218, 14.8938, 14.8307, 54.8073, 14.7908, 14.7907, 14.7907, 14.7907, 14.7907, 14.7907, 14.7907, 14.7907, 14.7907, 14.7907, 41.1684, 14.7907, 14.7907, 83.9852
2.82319, 156.085, 148.322, 14.8757, 12.5732, 7.76309, 0, 14.8757, 14.8759, 14.8759, 14.9953, 14.8778, 14.8765, 15.3648, 14.9827, 14.9169, 53.4005, 14.8758, 14.8757, 14.8757, 14.8757, 14.8757, 14.8757, 14.8757, 14.8757, 14.8757, 14.8757, 38.2105, 14.8757, 14.8757, 85.7025
2.83106, 160.484, 145.161, 14.9571, 12.7469, 15.3228, 0, 14.9571, 14.9572, 14.9572, 15.0767, 14.9592, 14.9579, 15.4019, 15.0683, 14.9995, 51.9754, 14.9571, 14.9571, 14.9571, 14.9571, 14.9571, 14.9571, 14.9571, 14.9571, 14.9571, 14.9571, 35.882, 14.9571, 14.9571, 86.4962
2.83892, 148.259, 141.537, 15.0346, 12.258, 6.72162, 0, 15.0347, 15.0348, 15.0348, 15.1543, 15.0367, 15.0354, 15.4343, 15.1503, 15.0784, 50.4401, 15.0347, 15.0346, 15.0346, 15.0346, 15.0346, 15.0346, 15.0346, 15.0346, 15.0346, 15.0346, 34.1452, 15.0346, 15.0346, 86.3393
2.84679, 119.443, 137.355, 15.108, 11.0201, -17.9121, 0, 15.108, 15.1081, 15.1081, 15.2276, 15.11, 15.1087, 15.4627, 15.2284, 15.153, 48.7391, 15.108, 15.108, 15.108, 15.108, 15.108, 15.108, 15.108, 15.108, 15.108, 15.108, 32.9464, 15.108, 15.108, 85.2423
2.85465, 120.849, 132.576, 15.1763, 11.0837, -11.7271, 0, 15.1763, 15.1765, 15.1765, 15.296, 15.1784, 15.1771, 15.4874, 15.3019, 15.2227, 46.8496, 15.1763, 15.1763, 15.1763, 15.1763, 15.1763, 15.1763, 15.1763, 15.1763, 15.1763, 15.1763, 32.2212, 15.1763, 15.1763, 83.252
2.86252, 142.053, 127.217, 15.2389, 12.0022, 14.8366, 0, 15.2389, 15.239, 15.239, 15.3585, 15.241, 15.2396, 15.5084, 15.3699, 15.2866, 44.7763, 15.2389, 15.2389, 15.2389, 15.2389, 15.2389, 15.2389, 15.2389, 15.2389, 15.2389, 15.2389, 31.8984, 15.2389, 15.2389, 80.4486
2.87038, 104.414, 121.339, 15.2944, 10.3157, -16.9248, 0, 15.2944, 15.2945, 15.2945, 15.414, 15.2965, 15.2952, 15.5253, 15.4311, 15.3435, 42.5448, 15.2944, 15.2944, 15.2944, 15.2944, 15.2944, 15.2944, 15.2944, 15.2944, 15.2944, 15.2944, 31.9038, 15.2944, 15.2944, 76.94
2.87825, 115.41, 115.043, 15.3415, 10.8356, 0.367416, 0, 15.3415, 15.3416, 15.3416, 15.4611, 15.3436, 15.3422, 15.537, 15.4841, 15.3919, 40.1956, 15.3415, 15.3415, 15.3415, 15.3415, 15.3415, 15.3415, 15.3415, 15.3415, 15.3415, 15.3415, 32.1631, 15.3415, 15.3415, 72.8554
2.88611, 115.008, 108.45, 15.3785, 10.817, 6.55824, 0, 15.3785, 15.3786, 15.3786, 15.4981, 15.3806, 15.3792, 15.5423, 15.5274, 15.4303, 37.7779, 15.3785, 15.3785, 15.3785, 15.3785, 15.3785, 15.3785, 15.3785, 15.3785, 15.3785, 15.3785, 32.6048, 15.3785, 15.3785, 68.3369
2.89398, 96.6307, 101.698, 15.4037, 9.9313, -5.06721, 0, 15.4037, 15.4038, 15.4038, 15.5233, 15.4058, 15.4045, 15.5395, 15.5591, 15.4569, 35.3443, 15.4037, 15.4037, 15.4037, 15.4037, 15.4037, 15.4037, 15.4037, 15.4037, 15.4037, 15.4037, 33.1619, 15.4037, 15.4037, 63.5319
2.90184, 92.7123, 94.9252, 15.4153, 9.73203, -2.21291, 0, 15.4153, 15.4154, 15.4154, 15.5349, 15.4174, 15.4161, 15.5268, 15.5775, 15.4699, 32.946, 15.4153, 15.4153, 15.4153, 15.4153, 15.4153, 15.4153, 15.4153, 15.4153, 15.4153, 15.4153, 33.7735, 15.4153, 15.4153, 58.5851
2.90971, 93.9073, 88.2617, 15.4115, 9.79323, 5.6456, 0, 15.4115, 15.4117, 15.4117, 15.5311, 15.4136, 15.4123, 15.5022, 15.5808, 15.4676, 30.6292, 15.4115, 15.4115, 15.4115, 15.4115, 15.4115, 15.4115, 15.4115, 15.4115, 15.4115, 15.4115, 34.3857, 15.4115, 15.4115, 53.6311
2.91757, 85.9054, 81.8223, 15.3907, 9.37579, 4.08315, 0, 15.3907, 15.3909, 15.3909, 15.5104, 15.3928, 15.3915, 15.464, 15.5673, 15.4483, 28.4324, 15.3907, 15.3907, 15.3907, 15.3907, 15.3907, 15.3907, 15.3907, 15.3907, 15.3907, 15.3907, 34.9521, 15.3907, 15.3907, 48.7892
2.92544, 73.9481, 75.7009, 15.3516, 8.71482, -1.75282, 0, 15.3516, 15.3518, 15.3518, 15.4712, 15.3537, 15.3524, 15.4104, 15.5356, 15.4106, 26.3854, 15.3516, 15.3516, 15.3516, 15.3516, 15.3516, 15.3516, 15.3516, 15.3516, 15.3516, 15.3516, 35.4342, 15.3516, 15.3516, 44.1599
2.9333, 58.6824, 69.9673, 15.2931, 7.78989, -11.2849, 0, 15.2931, 15.2933, 15.2933, 15.4128, 15.2952, 15.2939, 15.3402, 15.4849, 15.3536, 24.5085, 15.2931, 15.2931, 15.2931, 15.2931, 15.2931, 15.2931, 15.2931, 15.2931, 15.2931, 15.2931, 35.8013, 15.2931, 15.2931, 39.8216
2.94116, 65.3664, 64.6655, 15.2148, 8.2077, 0.700851, 0, 15.2148, 15.2149, 15.2149, 15.3344, 15.2169, 15.2155, 15.2524, 15.4145, 15.2768, 22.8122, 15.2148, 15.2148, 15.2148, 15.2148, 15.2148, 15.2148, 15.2148, 15.2148, 15.2148, 15.2148, 36.0304, 15.2148, 15.2148, 35.8302
2.94903, 61.4996, 59.8172, 15.1166, 7.96866, 1.68242, 0, 15.1166, 15.1167, 15.1167, 15.2362, 15.1186, 15.1173, 15.1468, 15.3244, 15.1801, 21.2996, 15.1166, 15.1166, 15.1166, 15.1166, 15.1166, 15.1166, 15.1166, 15.1166, 15.1166, 15.1166, 36.1056, 15.1166, 15.1166, 32.2206
2.95689, 57.6753, 55.4222, 14.9991, 7.72498, 2.25313, 0, 14.9991, 14.9993, 14.9992, 15.1187, 15.0012, 14.9999, 15.0236, 15.2154, 15.0642, 19.9663, 14.9991, 14.9991, 14.9991, 14.9991, 14.9991, 14.9991, 14.9991, 14.9991, 14.9991, 14.9991, 36.0175, 14.9991, 14.9991, 29.0079
2.96476, 52.9517, 51.4636, 14.8636, 7.41294, 1.48807, 0, 14.8636, 14.8638, 14.8638, 14.9833, 14.8657, 14.8644, 14.8838, 15.0885, 14.9303, 18.8027, 14.8636, 14.8636, 14.8636, 14.8636, 14.8636, 14.8636, 14.8636, 14.8636, 14.8636, 14.8636, 35.7631, 14.8636, 14.8636, 26.1906
2.97262, 38.5668, 47.9114, 14.712, 6.36921, -9.34463, 0, 14.712, 14.7121, 14.7121, 14.8316, 14.7141, 14.7128, 14.729, 14.9457, 14.7803, 17.7956, 14.712, 14.712, 14.712, 14.712, 14.712, 14.712, 14.712, 14.712, 14.712, 14.712, 35.3445, 14.712, 14.712, 23.7535
2.98049, 44.9855, 44.7274, 14.5465, 6.8546, 0.258102, 0, 14.5465, 14.5467, 14.5467, 14.6662, 14.5486, 14.5473, 14.5614, 14.7892, 14.6165, 16.9295, 14.5465, 14.5465, 14.5465, 14.5465, 14.5465, 14.5465, 14.5465, 14.5465, 14.5465, 14.5465, 34.7688, 14.5465, 14.5465, 21.6718
2.98835, 43.9417, 41.8688, 14.3701, 6.77803, 2.07291, 0, 14.3701, 14.3702, 14.3702, 14.4897, 14.3722, 14.3709, 14.3835, 14.622, 14.4419, 16.188, 14.3701, 14.3701, 14.3701, 14.3701, 14.3701, 14.3701, 14.3701, 14.3701, 14.3701, 14.3701, 34.0473, 14.3701, 14.3701, 19.9138
2.99622, 33.9642, 39.2928, 14.1858, 5.99702, -5.32854, 0, 14.1858, 14.186, 14.186, 14.3055, 14.1879, 14.1866, 14.1984, 14.4471, 14.2597, 15.5549, 14.1858, 14.1858, 14.1858, 14.1858, 14.1858, 14.1858, 14.1858, 14.1858, 14.1858, 14.1858, 33.1946, 14.1858, 14.1858, 18.4443
3.00408, 38.161, 36.9582, 13.9971, 6.33727, 1.2028, 0, 13.9971, 13.9972, 13.9972, 14.1167, 13.9992, 13.9978, 14.0094, 14.268, 14.0732, 15.015, 13.9971, 13.9971, 13.9971, 13.9971, 13.9971, 13.9971, 13.9971, 13.9971, 13.9971, 13.9971, 32.2282, 13.9971, 13.9971, 17.2269
3.01195, 35.7666, 34.8285, 13.8072, 6.14545, 0.938007, 0, 13.8072, 13.8073, 13.8073, 13.9268, 13.8093, 13.808, 13.8198, 14.0879, 13.8861, 14.5543, 13.8072, 13.8072, 13.8072, 13.8072, 13.8072, 13.8072, 13.8072, 13.8072, 13.8072, 13.8072, 31.1677, 13.8072, 13.8072, 16.2259
3.01981, 34.7519, 32.8734, 13.6195, 6.06233, 1.8785, 0, 13.6195, 13.6196, 13.6196, 13.7391, 13.6215, 13.6202, 13.6328, 13.9101, 13.7019, 14.1609, 13.6195, 13.6195, 13.6195, 13.6195, 13.6195, 13.6195, 13.6195, 13.6195, 13.6195, 13.6195, 30.0343, 13.6195, 13.6195, 15.4079
3.02768, 36.3538, 31.0682, 13.4369, 6.19305, 5.28567, 0, 13.4369, 13.437, 13.437, 13.5565, 13.4389, 13.4376, 13.4513, 13.7376, 13.524, 13.8242, 13.4369, 13.4369, 13.4369, 13.4369, 13.4369, 13.4369, 13.4369, 13.4369, 13.4369, 13.4369, 28.8499, 13.4369, 13.4369, 14.7426
3.03554, 26.0122, 29.3949, 13.262, 5.29266, -3.3827, 0, 13.262, 13.2621, 13.2621, 13.3816, 13.2641, 13.2628, 13.278, 13.5731, 13.3556, 13.5356, 13.262, 13.262, 13.262, 13.262, 13.262, 13.262, 13.262, 13.262, 13.262, 13.262, 27.6364, 13.262, 13.262, 14.2034
3.04341, 25.2044, 27.8415, 13.097, 5.21578, -2.63711, 0, 13.097, 13.0971, 13.0971, 13.2166, 13.0991, 13.0977, 13.115, 13.4185, 13.1996, 13.2878, 13.097, 13.097, 13.097, 13.097, 13.097, 13.097, 13.097, 13.097, 13.097, 13.097, 26.4154, 13.097, 13.097, 13.7671
3.05127, 29.2319, 26.4006, 12.9434, 5.58855, 2.83126, 0, 12.9434, 12.9435, 12.9435, 13.063, 12.9455, 12.9441, 12.9639, 13.2756, 13.0589, 13.0748, 12.9434, 12.9434, 12.9434, 12.9434, 12.9434, 12.9434, 12.9434, 12.9434, 12.9434, 12.9434, 25.207, 12.9434, 12.9434, 13.4145
3.05914, 21.2237, 25.0695, 12.8022, 4.8191, -3.8458, 0, 12.8022, 12.8024, 12.8024, 12.9219, 12.8043, 12.803, 12.8257, 13.1453, 12.9364, 12.8916, 12.8022, 12.8022, 12.8022, 12.8022, 12.8022, 12.8022, 12.8022, 12.8022, 12.8022, 12.8022, 24.0295, 12.8022, 12.8022, 13.1293
3.067, 16.9828, 23.8481, 12.6741, 4.35692, -6.86533, 0, 12.6741, 12.6742, 12.6742, 12.7937, 12.6762, 12.6748, 12.7009, 13.0282, 12.835, 12.7341, 12.6741, 12.6741, 12.6741, 12.6741, 12.6741, 12.6741, 12.6741, 12.6741, 12.6741, 12.6741, 22.8991, 12.6741, 12.6741, 12.8983
3.07487, 17.7377, 22.7387, 12.5588, 4.44271, -5.00101, 0, 12.5588, 12.559, 12.559, 12.6784, 12.5609, 12.5596, 12.5896, 12.9241, 12.7581, 12.5986, 12.5588, 12.5588, 12.5588, 12.5588, 12.5588, 12.5588, 12.5588, 12.5588, 12.5588, 12.5588, 21.8289, 12.5588, 12.5588, 12.7107
3.08273, 21.7157, 21.7453, 12.4561, 4.86988, -0.0295334, 0, 12.4561, 12.4563, 12.4563, 12.5757, 12.4582, 12.4569, 12.4912, 12.8327, 12.7099, 12.4822, 12.4561, 12.4561, 12.4561, 12.4561, 12.4561, 12.4561, 12.4561, 12.4561, 12.4561, 12.4561, 20.8294, 12.4561, 12.4561, 12.5576
3.0906, 16.5322, 20.8728, 12.3652, 4.3049, -4.34056, 0, 12.3652, 12.3654, 12.3654, 12.4848, 12.3673, 12.366, 12.4051, 12.7533, 12.6955, 12.382, 12.3652, 12.3652, 12.3652, 12.3652, 12.3652, 12.3652, 12.3652, 12.3652, 12.3652, 12.3652, 19.9078, 12.3652, 12.3652, 12.4323
3.09846, 12.1402, 20.127, 12.2852, 3.76034, -7.98678, 0, 12.2852, 12.2854, 12.2854, 12.4049, 12.2873, 12.286, 12.3303, 12.6849, 12.7217, 12.296, 12.2852, 12.2852, 12.2852, 12.2852, 12.2852, 12.2852, 12.2852, 12.2852, 12.2852, 12.2852, 19.0683, 12.2852, 12.2852, 12.329
3.10633, 15.0815, 19.5145, 12.2151, 4.13298, -4.43293, 0, 12.2151, 12.2153, 12.2153, 12.3348, 12.2172, 12.2159, 12.2657, 12.6266, 12.7973, 12.2219, 12.2151, 12.2151, 12.2151, 12.2151, 12.2151, 12.2151, 12.2151, 12.2151, 12.2151, 12.2151, 18.3124, 12.2151, 12.2151, 12.2433
3.11419, 12.7567, 19.0429, 12.1539, 3.84145, -6.28619, 0, 12.1539, 12.1541, 12.1541, 12.2736, 12.156, 12.1547, 12.2103, 12.5774, 12.9331, 12.1582, 12.1539, 12.1539, 12.1539, 12.1539, 12.1539, 12.1539, 12.1539, 12.1539, 12.1539, 12.1539, 17.639, 12.1539, 12.1539, 12.1719
3.12205, 15.3807, 18.7211, 12.1007, 4.16902, -3.34039, 0, 12.1007, 12.1009, 12.1009, 12.2204, 12.1028, 12.1015, 12.1629, 12.5363, 13.1426, 12.1033, 12.1007, 12.1007, 12.1007, 12.1007, 12.1007, 12.1007, 12.1007, 12.1007, 12.1007, 12.1007, 17.0449, 12.1007, 12.1007, 12.112
3.12992, 14.5204, 18.5595, 12.0548, 4.06453, -4.03913, 0, 12.0548, 12.055, 12.055, 12.1744, 12.0569, 12.0556, 12.1228, 12.5026, 13.4418, 12.0564, 12.0548, 12.0548, 12.0548, 12.0548, 12.0548, 12.0548, 12.0548, 12.0548, 12.0548, 12.0548, 16.5254, 12.0548, 12.0548, 12.0618
3.13778, 10.9835, 18.5702, 12.0156, 3.60326, -7.58675, 0, 12.0156, 12.0158, 12.0157, 12.1352, 12.0177, 12.0164, 12.0892, 12.4758, 13.8496, 12.0165, 12.0156, 12.0156, 12.0156, 12.0156, 12.0156, 12.0156, 12.0156, 12.0156, 12.0156, 12.0156, 16.0744, 12.0156, 12.0156, 12.0199
3.14565, 17.6552, 18.7671, 11.9828, 4.43342, -1.11187, 0, 11.9828, 11.9829, 11.9829, 12.1024, 11.9849, 11.9835, 12.0616, 12.4555, 14.387, 11.9833, 11.9828, 11.9828, 11.9828, 11.9828, 11.9828, 11.9828, 11.9828, 11.9828, 11.9828, 11.9828, 15.6853, 11.9828, 11.9828, 11.9854
3.15351, 15.7542, 19.1656, 11.9562, 4.21357, -3.41138, 0, 11.9562, 11.9563, 11.9563, 12.0758, 11.9583, 11.9569, 12.0397, 12.4416, 15.0768, 11.9565, 11.9562, 11.9562, 11.9562, 11.9562, 11.9562, 11.9562, 11.9562, 11.9562, 11.9562, 11.9562, 15.3512, 11.9562, 11.9562, 11.9577
3.16138, 21.0751, 19.7818, 11.9359, 4.80365, 1.29327, 0, 11.9359, 11.936, 11.936, 12.0555, 11.938, 11.9367, 12.0235, 12.4342, 15.9426, 11.9361, 11.9359, 11.9359, 11.9359, 11.9359, 11.9359, 11.9359, 11.9359, 11.9359, 11.9359, 11.9359, 15.0653, 11.9359, 11.9359, 11.9368
3.16924, 19.8814, 20.6321, 11.9221, 4.67775, -0.750767, 0, 11.9221, 11.9222, 11.9222, 12.0417, 11.9242, 11.9229, 12.013, 12.4334, 17.0075, 11.9222, 11.9221, 11.9221, 11.9221, 11.9221, 11.9221, 11.9221, 11.9221, 11.9221, 11.9221, 11.9221, 14.821, 11.9221, 11.9221, 11.9226
3.17711, 14.7641, 21.7312, 11.9151, 4.0944, -6.96709, 0, 11.9151, 11.9152, 11.9152, 12.0347, 11.9172, 11.9158, 12.0083, 12.4395, 18.2928, 11.9151, 11.9151, 11.9151, 11.9151, 11.9151, 11.9151, 11.9151, 11.9151, 11.9151, 11.9151, 11.9151, 14.6125, 11.9151, 11.9151, 11.9154
3.18497, 13.2532, 23.0907, 11.9151, 3.90553, -9.83752, 0, 11.9151, 11.9153, 11.9153, 12.0347, 11.9172, 11.9159, 12.0097, 12.4529, 19.8158, 11.9151, 11.9151, 11.9151, 11.9151, 11.9151, 11.9151, 11.9151, 11.9151, 11.9151, 11.9151, 11.9151, 14.4346, 11.9151, 11.9151, 11.9153
3.19284, 14.7564, 24.7172, 11.9225, 4.09346, -9.9608, 0, 11.9225, 11.9226, 11.9226, 12.0421, 11.9246, 11.9233, 12.0174, 12.4738, 21.5879, 11.9225, 11.9225, 11.9225, 11.9225, 11.9225, 11.9225, 11.9225, 11.9225, 11.9225, 11.9225, 11.9225, 14.2827, 11.9225, 11.9225, 11.9226
3.2007, 19.969, 26.6104, 11.9375, 4.68711, -6.64136, 0, 11.9375, 11.9376, 11.9376, 12.0571, 11.9395, 11.9382, 12.0316, 12.5024, 23.6127, 11.9375, 11.9375, 11.9375, 11.9375, 11.9375, 11.9375, 11.9375, 11.9375, 11.9375, 11.9375, 11.9375, 14.1532, 11.9375, 11.9375, 11.9375
3.20857, 23.9924, 28.7605, 11.9601, 5.09828, -4.76809, 0, 11.9601, 11.9603, 11.9603, 12.0798, 11.9622, 11.9609, 12.0524, 12.5388, 25.8837, 11.9601, 11.9601, 11.9601, 11.9601, 11.9601, 11.9601, 11.9601, 11.9601, 11.9601, 11.9601, 11.9601, 14.0431, 11.9601, 11.9602, 11.9601
3.21643, 34.7545, 31.1475, 11.9905, 6.06255, 3.60705, 0, 11.9905, 11.9906, 11.9906, 12.1101, 11.9926, 11.9912, 12.08, 12.5831, 28.383, 11.9905, 11.9905, 11.9905, 11.9905, 11.9905, 11.9905, 11.9905, 11.9905, 11.9905, 11.9905, 11.9905, 13.9498, 11.9905, 11.9905, 11.9905
3.2243, 27.1589, 33.7385, 12.0283, 5.3999, -6.57959, 0, 12.0283, 12.0285, 12.0285, 12.148, 12.0304, 12.0291, 12.1142, 12.6351, 31.0798, 12.0283, 12.0283, 12.0283, 12.0283, 12.0283, 12.0283, 12.0283, 12.0283, 12.0283, 12.0283, 12.0283, 13.8716, 12.0283, 12.0285, 12.0283
3.23216, 38.5367, 36.489, 12.0734, 6.36685, 2.04776, 0, 12.0734, 12.0736, 12.0736, 12.1931, 12.0755, 12.0742, 12.1548, 12.6944, 33.9302, 12.0734, 12.0734, 12.0734, 12.0734, 12.0734, 12.0734, 12.0734, 12.0734, 12.0734, 12.0734, 12.0734, 13.8068, 12.0734, 12.0736, 12.0734
3.24003, 30.3292, 39.3413, 12.1253, 5.68588, -9.01206, 0, 12.1253, 12.1254, 12.1254, 12.2449, 12.1274, 12.1261, 12.2017, 12.7607, 36.8774, 12.1253, 12.1253, 12.1253, 12.1253, 12.1253, 12.1253, 12.1253, 12.1253, 12.1253, 12.1253, 12.1253, 13.7543, 12.1253, 12.1256, 12.1253
3.24789, 37.3897, 42.2268, 12.1834, 6.27612, -4.83705, 0, 12.1834, 12.1835, 12.1835, 12.303, 12.1854, 12.1841, 12.2542, 12.8333, 39.8529, 12.1834, 12.1834, 12.1834, 12.1834, 12.1834, 12.1834, 12.1834, 12.1834, 12.1834, 12.1834, 12.1834, 13.7131, 12.1834, 12.1838, 12.1834
3.25576, 36.8547, 45.0677, 12.2469, 6.23335, -8.21307, 0, 12.2469, 12.2471, 12.2471, 12.3666, 12.249, 12.2477, 12.312, 12.9116, 42.7791, 12.2469, 12.2469, 12.2469, 12.2469, 12.2469, 12.2469, 12.2469, 12.2469, 12.2469, 12.2469, 12.2469, 13.6823, 12.2469, 12.2476, 12.2469
3.26362, 50.4325, 47.7805, 12.3152, 7.24103, 2.65195, 0, 12.3152, 12.3154, 12.3154, 12.4348, 12.3173, 12.316, 12.3744, 12.9947, 45.5721, 12.3152, 12.3152, 12.3152, 12.3152, 12.3152, 12.3152, 12.3152, 12.3152, 12.3152, 12.3152, 12.3152, 13.6611, 12.3152, 12.3163, 12.3152
3.27149, 54.4235, 50.2792, 12.3874, 7.51156, 4.14425, 0, 12.3874, 12.3875, 12.3875, 12.507, 12.3895, 12.3882, 12.4407, 13.0818, 48.1458, 12.3874, 12.3874, 12.3874, 12.3874, 12.3874, 12.3874, 12.3874, 12.3874, 12.3874, 12.3874, 12.3874, 13.6488, 12.3874, 12.3889, 12.3874
3.27935, 59.7444, 52.4804, 12.4626, 7.85776, 7.26401, 0, 12.4626, 12.4627, 12.4627, 12.5822, 12.4647, 12.4633, 12.5102, 13.1721, 50.4162, 12.4626, 12.4626, 12.4626, 12.4626, 12.4626, 12.4626, 12.4626, 12.4626, 12.4626, 12.4626, 12.4626, 13.6446, 12.4626, 12.4647, 12.4626
3.28721, 55.1108, 54.3067, 12.5399, 7.55717, 0.804127, 0, 12.5399, 12.54, 12.54, 12.6595, 12.542, 12.5406, 12.582, 13.2647, 52.3061, 12.5399, 12.5399, 12.5399, 12.5399, 12.5399, 12.5399, 12.5399, 12.5399, 12.5399, 12.5399, 12.5399, 13.6477, 12.5399, 12.5429, 12.5399
3.29508, 68.1058, 55.6926, 12.6184, 8.37292, 12.4132, 0, 12.6184, 12.6186, 12.6186, 12.7381, 12.6205, 12.6192, 12.6555, 13.3587, 53.7495, 12.6184, 12.6184, 12.6184, 12.6184, 12.6184, 12.6184, 12.6184, 12.6184, 12.6184, 12.6184, 12.6184, 13.6572, 12.6184, 12.6227, 12.6184
3.30294, 51.1028, 56.5872, 12.6974, 7.28717, -5.48442, 0, 12.6974, 12.6976, 12.6976, 12.8171, 12.6995, 12.6982, 12.7298, 13.4532, 54.6955, 12.6974, 12.6974, 12.6974, 12.6974, 12.6974, 12.6974, 12.6974, 12.6974, 12.6974, 12.6974, 12.6974, 13.6724, 12.6974, 12.7032, 12.6974
3.31081, 61.9217, 56.9578, 12.7761, 7.9951, 4.96386, 0, 12.7761, 12.7762, 12.7762, 12.8957, 12.7781, 12.7768, 12.8042, 13.5476, 55.1113, 12.7761, 12.7761, 12.7761, 12.7761, 12.7761, 12.7761, 12.7761, 12.7761, 12.7761, 12.7761, 12.7761, 13.6923, 12.7761, 12.7839, 12.7761
3.31867, 60.0929, 56.7919, 12.8536, 7.87991, 3.30101, 0, 12.8536, 12.8538, 12.8538, 12.9733, 12.8557, 12.8544, 12.878, 13.6412, 54.9844, 12.8536, 12.8536, 12.8536, 12.8536, 12.8536, 12.8536, 12.8536, 12.8536, 12.8536, 12.8536, 12.8536, 13.716, 12.8536, 12.8641, 12.8536
3.32654, 64.2473, 56.0977, 12.9296, 8.13925, 8.14959, 0, 12.9296, 12.9297, 12.9297, 13.0492, 12.9317, 12.9303, 12.9507, 13.7333, 54.3231, 12.9296, 12.9296, 12.9296, 12.9296, 12.9296, 12.9296, 12.9296, 12.9296, 12.9296, 12.9296, 12.9296, 13.7427, 12.9296, 12.9433, 12.9296
3.3344, 74.929, 54.9039, 13.0034, 8.77092, 20.0251, 0, 13.0034, 13.0035, 13.0035, 13.123, 13.0054, 13.0041, 13.0217, 13.8238, 53.1561, 13.0034, 13.0034, 13.0034, 13.0034, 13.0034, 13.0034, 13.0034, 13.0034, 13.0034, 13.0034, 13.0034, 13.7717, 13.0034, 13.0213, 13.0034
3.34227, 51.9301, 53.2575, 13.0746, 7.34371, -1.32747, 0, 13.0746, 13.0748, 13.0748, 13.1943, 13.0767, 13.0754, 13.0906, 13.9122, 51.5307, 13.0746, 13.0746, 13.0746, 13.0746, 13.0746, 13.0746, 13.0746, 13.0746, 13.0746, 13.0746, 13.0746, 13.8021, 13.0746, 13.0976, 13.0746
3.35013, 57.8006, 51.2214, 13.1431, 7.73308, 6.5792, 0, 13.1432, 13.1433, 13.1433, 13.2628, 13.1452, 13.1439, 13.1572, 13.9989, 49.5095, 13.1431, 13.1431, 13.1431, 13.1431, 13.1431, 13.1431, 13.1431, 13.1431, 13.1431, 13.1431, 13.1432, 13.8333, 13.1431, 13.1722, 13.1431
3.358, 48.0382, 48.8702, 13.2088, 7.07377, -0.831913, 0, 13.2088, 13.209, 13.209, 13.3284, 13.2109, 13.2096, 13.2212, 14.0842, 47.1671, 13.2088, 13.2088, 13.2088, 13.2088, 13.2088, 13.2088, 13.2088, 13.2088, 13.2088, 13.2088, 13.2088, 13.8649, 13.2088, 13.2452, 13.2088
3.36586, 32.4826, 46.2863, 13.2717, 5.87219, -13.8037, 0, 13.2717, 13.2718, 13.2718, 13.3913, 13.2738, 13.2725, 13.2828, 14.169, 44.5855, 13.2717, 13.2717, 13.2717, 13.2717, 13.2717, 13.2717, 13.2717, 13.2717, 13.2717, 13.2717, 13.2717, 13.8964, 13.2717, 13.3165, 13.2717
3.37373, 46.3196, 43.5559, 13.3319, 6.95123, 2.76372, 0, 13.3319, 13.332, 13.332, 13.4515, 13.334, 13.3327, 13.342, 14.2548, 41.8497, 13.3319, 13.3319, 13.3319, 13.3319, 13.3319, 13.3319, 13.3319, 13.3319, 13.3319, 13.3319, 13.3319, 13.9276, 13.3319, 13.3864, 13.3319
3.38159, 53.9734, 40.7648, 13.3897, 7.48154, 13.2087, 0, 13.3897, 13.3899, 13.3899, 13.5093, 13.3918, 13.3906, 13.3991, 14.3441, 39.0439, 13.3897, 13.3897, 13.3897, 13.3897, 13.3897, 13.3897, 13.3897, 13.3897, 13.3897, 13.3897, 13.3897, 13.9584, 13.3897, 13.4553, 13.3897
3.38946, 41.7256, 37.9944, 13.4456, 6.61253, 3.73116, 0, 13.4456, 13.4458, 13.4457, 13.5652, 13.4477, 13.4465, 13.4544, 14.4406, 36.2467, 13.4456, 13.4456, 13.4456, 13.4456, 13.4456, 13.4456, 13.4456, 13.4456, 13.4456, 13.4456, 13.4456, 13.9888, 13.4456, 13.5234, 13.4456
3.39732, 46.7006, 35.3202, 13.5, 6.97858, 11.3804, 0, 13.5, 13.5002, 13.5002, 13.6197, 13.5021, 13.501, 13.5085, 14.5499, 33.5289, 13.5, 13.5, 13.5, 13.5, 13.5, 13.5, 13.5, 13.5, 13.5, 13.5, 13.5, 14.0191, 13.5, 13.5911, 13.5
3.40519, 40.3764, 32.8099, 13.5536, 6.50971, 7.56651, 0, 13.5536, 13.5537, 13.5537, 13.6732, 13.5557, 13.5545, 13.5617, 14.68, 30.9512, 13.5536, 13.5536, 13.5536, 13.5536, 13.5536, 13.5536, 13.5536, 13.5536, 13.5536, 13.5536, 13.5536, 14.0494, 13.5536, 13.6587, 13.5536
3.41305, 29.1063, 30.5224, 13.6068, 5.5773, -1.41617, 0, 13.6068, 13.607, 13.607, 13.7264, 13.6089, 13.6079, 13.6148, 14.8425, 28.5622, 13.6068, 13.6068, 13.6068, 13.6068, 13.6068, 13.6068, 13.6068, 13.6068, 13.6068, 13.6068, 13.6068, 14.0802, 13.6068, 13.7268, 13.6068
3.42092, 31.9605, 28.5095, 13.6604, 5.82756, 3.45094, 0, 13.6604, 13.6605, 13.6605, 13.78, 13.6625, 13.6615, 13.6684, 15.054, 26.3981, 13.6604, 13.6604, 13.6604, 13.6604, 13.6604, 13.6604, 13.6604, 13.6604, 13.6604, 13.6604, 13.6604, 14.1119, 13.6604, 13.7955, 13.6604
3.42878, 29.6876, 26.8178, 13.7149, 5.62917, 2.86982, 0, 13.7149, 13.7151, 13.7151, 13.8346, 13.717, 13.7162, 13.7229, 15.3377, 24.4835, 13.7149, 13.7149, 13.7149, 13.7149, 13.7149, 13.7149, 13.7149, 13.7149, 13.7149, 13.7149, 13.7149, 14.145, 13.7149, 13.8651, 13.7149
3.43665, 25.5613, 25.4913, 13.771, 5.24989, 0.0700359, 0, 13.771, 13.7711, 13.7711, 13.8906, 13.7731, 13.7724, 13.779, 15.7258, 22.8312, 13.771, 13.771, 13.771, 13.771, 13.771, 13.771, 13.771, 13.771, 13.771, 13.771, 13.771, 14.1799, 13.771, 13.9358, 13.771
3.44451, 22.6355, 24.576, 13.8291, 4.96342, -1.94047, 0, 13.8291, 13.8292, 13.8292, 13.9487, 13.8312, 13.8308, 13.8372, 16.2621, 21.4446, 13.8291, 13.8291, 13.8291, 13.8291, 13.8291, 13.8291, 13.8291, 13.8291, 13.8291, 13.8291, 13.8291, 14.2171, 13.8291, 14.0076, 13.8291
3.45237, 25.5716, 24.1249, 13.8896, 5.25086, 1.44667, 0, 13.8896, 13.8898, 13.8898, 14.0093, 13.8917, 13.8916, 13.8979, 17.0055, 20.3185, 13.8896, 13.8896, 13.8896, 13.8896, 13.8896, 13.8896, 13.8896, 13.8896, 13.8896, 13.8896, 13.8896, 14.2569, 13.8896, 14.0805, 13.8896
3.46024, 22.4794, 24.203, 13.953, 4.94766, -1.72367, 0, 13.953, 13.9532, 13.9532, 14.0727, 13.9551, 13.9554, 13.9615, 18.0339, 19.4411, 13.953, 13.953, 13.953, 13.953, 13.953, 13.953, 13.953, 13.953, 13.953, 13.953, 13.953, 14.2998, 13.953, 14.1546, 13.953
3.4681, 24.0822, 24.8937, 14.0195, 5.10707, -0.811466, 0, 14.0195, 14.0196, 14.0196, 14.1391, 14.0216, 14.0223, 14.0282, 19.4477, 18.7954, 14.0195, 14.0195, 14.0195, 14.0195, 14.0195, 14.0195, 14.0195, 14.0195, 14.0195, 14.0195, 14.0195, 14.3459, 14.0195, 14.2296, 14.0195
3.47597, 20.4671, 26.3039, 14.0891, 4.73994, -5.83687, 0, 14.0891, 14.0893, 14.0893, 14.2088, 14.0912, 14.0925, 14.0981, 21.3752, 18.3609, 14.0891, 14.0891, 14.0891, 14.0891, 14.0891, 14.0891, 14.0891, 14.0891, 14.0891, 14.0891, 14.0891, 14.3954, 14.0891, 14.3053, 14.0891
3.48383, 23.6888, 28.5706, 14.162, 5.06842, -4.88177, 0, 14.162, 14.1622, 14.1621, 14.2816, 14.1641, 14.1662, 14.1712, 23.9764, 18.1146, 14.162, 14.162, 14.162, 14.162, 14.162, 14.162, 14.162, 14.162, 14.162, 14.162, 14.162, 14.4485, 14.162, 14.3817, 14.162
3.4917, 32.4805, 31.8644, 14.238, 5.87201, 0.616129, 0, 14.238, 14.2382, 14.2382, 14.3577, 14.2401, 14.2431, 14.2475, 27.446, 18.0322, 14.238, 14.238, 14.238, 14.238, 14.238, 14.238, 14.238, 14.238, 14.238, 14.238, 14.238, 14.5052, 14.238, 14.4585, 14.238
3.49956, 33.2329, 36.3932, 14.3171, 5.93573, -3.16029, 0, 14.3171, 14.3173, 14.3173, 14.4367, 14.3192, 14.3233, 14.3269, 32.017, 18.0887, 14.3171, 14.3171, 14.3171, 14.3171, 14.3171, 14.3171, 14.3171, 14.3171, 14.3171, 14.3171, 14.3171, 14.5653, 14.3171, 14.5355, 14.3171
3.50743, 44.0472, 42.4036, 14.399, 6.78581, 1.64364, 0, 14.399, 14.3992, 14.3992, 14.5186, 14.4011, 14.4066, 14.4091, 37.9605, 18.2591, 14.399, 14.399, 14.399, 14.399, 14.399, 14.399, 14.399, 14.399, 14.399, 14.399, 14.399, 14.6287, 14.399, 14.6126, 14.399
3.51529, 45.9317, 50.1788, 14.4835, 6.92327, -4.24712, 0, 14.4835, 14.4836, 14.4836, 14.6031, 14.4856, 14.4927, 14.4938, 45.584, 18.5185, 14.4835, 14.4835, 14.4835, 14.4835, 14.4835, 14.4835, 14.4835, 14.4835, 14.4835, 14.4835, 14.4835, 14.6953, 14.4835, 14.6898, 14.4835
3.52316, 54.5366, 60.0337, 14.5702, 7.51908, -5.49703, 0, 14.5702, 14.5703, 14.5703, 14.6898, 14.5723, 14.5814, 14.5809, 55.2256, 18.8429, 14.5702, 14.5702, 14.5702, 14.5702, 14.5702, 14.5702, 14.5702, 14.5702, 14.5702, 14.5702, 14.5702, 14.7648, 14.5702, 14.767, 14.5702
3.53102, 72.509, 72.3059, 14.6589, 8.63186, 0.203018, 0, 14.6589, 14.6591, 14.6591, 14.7786, 14.661, 14.6725, 14.67, 67.2455, 19.2094, 14.6589, 14.6589, 14.6589, 14.6589, 14.6589, 14.6589, 14.6589, 14.6589, 14.6589, 14.6589, 14.6589, 14.837, 14.6589, 14.8442, 14.6589
3.53889, 85.4832, 87.34, 14.7493, 9.35325, -1.85675, 0, 14.7493, 14.7495, 14.7495, 14.869, 14.7514, 14.7655, 14.7607, 82.009, 19.5959, 14.7493, 14.7493, 14.7493, 14.7493, 14.7493, 14.7493, 14.7493, 14.7493, 14.7493, 14.7493, 14.7493, 14.9117, 14.7493, 14.9217, 14.7493
3.54675, 101.172, 105.472, 14.8411, 10.1574, -4.30025, 0, 14.8411, 14.8413, 14.8413, 14.9608, 14.8432, 14.8604, 14.8529, 99.8724, 19.9824, 14.8411, 14.8411, 14.8411, 14.8411, 14.8411, 14.8411, 14.8411, 14.8411, 14.8411, 14.8411, 14.8411, 14.9886, 14.8411, 14.9994, 14.8411
3.55462, 126.867, 127.006, 14.9341, 11.352, -0.138557, 0, 14.9341, 14.9342, 14.9342, 15.0537, 14.9362, 14.9568, 14.9462, 121.156, 20.3502, 14.9341, 14.9341, 14.9341, 14.9341, 14.9341, 14.9341, 14.9341, 14.9341, 14.9341, 14.9341, 14.9341, 15.0675, 14.9341, 15.0776, 14.9341
3.56248, 153.012, 152.18, 15.028, 12.4504, 0.832138, 0, 15.028, 15.0281, 15.0281, 15.1476, 15.0301, 15.0545, 15.0405, 146.114, 20.6834, 15.028, 15.028, 15.028, 15.028, 15.028, 15.028, 15.028, 15.028, 15.028, 15.028, 15.028, 15.1481, 15.028, 15.1566, 15.028
3.57035, 193.569, 181.145, 15.1226, 13.9846, 12.4233, 0, 15.1226, 15.1228, 15.1228, 15.2423, 15.1247, 15.1533, 15.1355, 174.913, 20.9682, 15.1226, 15.1226, 15.1226, 15.1226, 15.1226, 15.1226, 15.1226, 15.1226, 15.1226, 15.1226, 15.1226, 15.2304, 15.1226, 15.2364, 15.1226
3.57821, 228.592, 213.936, 15.2179, 15.1852, 14.6554, 0, 15.2179, 15.2181, 15.2181, 15.3375, 15.22, 15.2531, 15.2312, 207.594, 21.194, 15.2179, 15.2179, 15.2179, 15.2179, 15.2179, 15.2179, 15.2179, 15.2179, 15.2179, 15.2179, 15.2179, 15.3143, 15.2179, 15.3173, 15.2179
3.58608, 256.027, 250.431, 15.3137, 16.0632, 5.59583, 0, 15.3137, 15.3139, 15.3139, 15.4334, 15.3158, 15.3536, 15.3275, 244.045, 21.3532, 15.3137, 15.3137, 15.3137, 15.3137, 15.3137, 15.3137, 15.3137, 15.3137, 15.3137, 15.3137, 15.3137, 15.3995, 15.3137, 15.3995, 15.3137
3.59394, 327.723, 290.339, 15.4101, 18.1583, 37.3833, 0, 15.4101, 15.4102, 15.4102, 15.5297, 15.4121, 15.4548, 15.4242, 283.978, 21.4416, 15.4101, 15.4101, 15.4101, 15.4101, 15.4101, 15.4101, 15.4101, 15.4101, 15.4101, 15.4101, 15.4101, 15.4861, 15.4101, 15.4831, 15.4101
3.60181, 346.164, 333.178, 15.5069, 18.6592, 12.9861, 0, 15.5069, 15.507, 15.507, 15.6265, 15.5089, 15.5566, 15.5214, 326.912, 21.4582, 15.5069, 15.5069, 15.5069, 15.5069, 15.5069, 15.5069, 15.5069, 15.5069, 15.5069, 15.5069, 15.5069, 15.574, 15.5069, 15.5684, 15.5069
3.60967, 381.644, 378.268, 15.6041, 19.5868, 3.37531, 0, 15.6042, 15.6043, 15.6043, 15.7238, 15.6062, 15.6587, 15.6192, 372.166, 21.405, 15.6041, 15.6041, 15.6041, 15.6041, 15.6041, 15.6041, 15.6041, 15.6041, 15.6041, 15.6041, 15.6041, 15.6632, 15.6041, 15.6553, 15.6041
3.61754, 439.436, 424.738, 15.702, 21.0104, 14.6985, 0, 15.702, 15.7021, 15.7021, 15.8216, 15.7041, 15.7613, 15.7174, 418.862, 21.2872, 15.702, 15.702, 15.702, 15.702, 15.702, 15.702, 15.702, 15.702, 15.702, 15.702, 15.702, 15.7537, 15.702, 15.744, 15.702
3.6254, 502.217, 471.543, 15.8004, 22.4548, 30.674, 0, 15.8004, 15.8006, 15.8006, 15.92, 15.8025, 15.8642, 15.8163, 465.95, 21.1122, 15.8004, 15.8004, 15.8004, 15.8004, 15.8004, 15.8004, 15.8004, 15.8004, 15.8004, 15.8004, 15.8004, 15.8455, 15.8004, 15.8345, 15.8004
3.63326, 536.526, 517.493, 15.8995, 23.2062, 19.0327, 0, 15.8995, 15.8997, 15.8997, 16.0191, 15.9016, 15.9672, 15.9159, 512.23, 20.8892, 15.8995, 15.8995, 15.8995, 15.8995, 15.8995, 15.8995, 15.8995, 15.8995, 15.8995, 15.8995, 15.8995, 15.9387, 15.8995, 15.9268, 15.8995
3.64113, 598.453, 561.312, 15.9993, 24.5041, 37.1411, 0, 15.9993, 15.9995, 15.9995, 16.119, 16.0014, 16.0705, 16.0162, 556.417, 20.629, 15.9993, 15.9993, 15.9993, 15.9993, 15.9993, 15.9993, 15.9993, 15.9993, 15.9993, 15.9993, 15.9993, 16.0332, 15.9993, 16.0209, 15.9993
3.64899, 603.412, 601.683, 16.0999, 24.6051, 1.72821, 0, 16.0999, 16.1001, 16.1001, 16.2196, 16.102, 16.1738, 16.1173, 597.181, 20.3429, 16.0999, 16.0999, 16.0999, 16.0999, 16.0999, 16.0999, 16.0999, 16.0999, 16.0999, 16.0999, 16.0999, 16.1292, 16.0999, 16.1168, 16.0999
3.65686, 664.836, 637.314, 16.2014, 25.8232, 27.5222, 0, 16.2014, 16.2016, 16.2016, 16.321, 16.2035, 16.2773, 16.2192, 633.219, 20.0423, 16.2014, 16.2014, 16.2014, 16.2014, 16.2014, 16.2014, 16.2014, 16.2014, 16.2014, 16.2014, 16.2014, 16.2265, 16.2014, 16.2144, 16.2014
3.66472, 671.381, 667.012, 16.3037, 25.9496, 4.36908, 0, 16.3038, 16.3039, 16.3039, 16.4234, 16.3058, 16.3807, 16.3221, 663.329, 19.7382, 16.3037, 16.3037, 16.3037, 16.3037, 16.3037, 16.3037, 16.3037, 16.3037, 16.3037, 16.3037, 16.3037, 16.3252, 16.3037, 16.3137, 16.3037
3.67259, 712.62, 689.747, 16.407, 26.7324, 22.8728, 0, 16.407, 16.4072, 16.4072, 16.5266, 16.4091, 16.4842, 16.4258, 686.469, 19.4404, 16.407, 16.407, 16.407, 16.407, 16.407, 16.407, 16.407, 16.407, 16.407, 16.407, 16.407, 16.4253, 16.407, 16.4145, 16.407
3.68045, 697.16, 704.709, 16.5112, 26.4416, -7.54938, 0, 16.5112, 16.5114, 16.5114, 16.6308, 16.5133, 16.5878, 16.5306, 701.824, 19.1578, 16.5112, 16.5112, 16.5112, 16.5112, 16.5112, 16.5112, 16.5112, 16.5112, 16.5112, 16.5112, 16.5112, 16.5267, 16.5112, 16.5168, 16.5112
3.68832, 667.742, 711.361, 16.6164, 25.8794, -43.6186, 0, 16.6164, 16.6165, 16.6165, 16.736, 16.6185, 16.6914, 16.6362, 708.846, 18.8973, 16.6164, 16.6164, 16.6164, 16.6164, 16.6164, 16.6164, 16.6164, 16.6164, 16.6164, 16.6164, 16.6164, 16.6294, 16.6164, 16.6205, 16.6164
3.69618, 630.239, 709.466, 16.7224, 25.1444, -79.2262, 0, 16.7224, 16.7226, 16.7226, 16.842, 16.7245, 16.7951, 16.7428, 707.294, 18.6643, 16.7224, 16.7224, 16.7224, 16.7224, 16.7224, 16.7224, 16.7224, 16.7224, 16.7224, 16.7224, 16.7224, 16.7334, 16.7224, 16.7254, 16.7224
3.70405, 714.538, 699.104, 16.8294, 26.7682, 15.434, 0, 16.8294, 16.8295, 16.8295, 16.949, 16.8315, 16.899, 16.8503, 697.247, 18.4626, 16.8294, 16.8294, 16.8294, 16.8294, 16.8294, 16.8294, 16.8294, 16.8294, 16.8294, 16.8294, 16.8294, 16.8386, 16.8294, 16.8315, 16.8294
3.71191, 697.686, 680.666, 16.9372, 26.4516, 17.0197, 0, 16.9372, 16.9373, 16.9373, 17.0568, 16.9393, 17.0031, 16.9587, 679.091, 18.2942, 16.9372, 16.9372, 16.9372, 16.9372, 16.9372, 16.9372, 16.9372, 16.9372, 16.9372, 16.9372, 16.9372, 16.9449, 16.9372, 16.9387, 16.9372
3.71978, 718.461, 654.832, 17.0458, 26.8414, 63.6293, 0, 17.0458, 17.046, 17.046, 17.1655, 17.0479, 17.1075, 17.0679, 653.505, 18.1597, 17.0458, 17.0458, 17.0458, 17.0458, 17.0458, 17.0458, 17.0458, 17.0458, 17.0458, 17.0458, 17.0458, 17.0522, 17.0458, 17.0469, 17.0458
3.72764, 667.915, 622.523, 17.1553, 25.8827, 45.3914, 0, 17.1553, 17.1554, 17.1554, 17.2749, 17.1574, 17.2123, 17.1779, 621.412, 18.0585, 17.1553, 17.1553, 17.1553, 17.1553, 17.1553, 17.1553, 17.1553, 17.1553, 17.1553, 17.1553, 17.1553, 17.1606, 17.1553, 17.156, 17.1553
3.73551, 585.854, 584.853, 17.2654, 24.2457, 1.00116, 0, 17.2654, 17.2656, 17.2656, 17.3851, 17.2675, 17.3176, 17.2886, 583.927, 17.989, 17.2654, 17.2654, 17.2654, 17.2654, 17.2654, 17.2654, 17.2654, 17.2654, 17.2654, 17.2654, 17.2654, 17.2698, 17.2654, 17.2659, 17.2654
3.74337, 532.252, 543.066, 17.3763, 23.1139, -10.8141, 0, 17.3763, 17.3764, 17.3764, 17.4959, 17.3784, 17.4234, 17.4, 542.296, 17.949, 17.3763, 17.3763, 17.3763, 17.3763, 17.3763, 17.3763, 17.3763, 17.3763, 17.3763, 17.3763, 17.3763, 17.3799, 17.3763, 17.3766, 17.3763
3.75124, 512.723, 498.463, 17.4878, 22.6875, 14.2599, 0, 17.4878, 17.4879, 17.4879, 17.6074, 17.4899, 17.5299, 17.5121, 497.824, 17.9356, 17.4878, 17.4878, 17.4878, 17.4878, 17.4878, 17.4878, 17.4878, 17.4878, 17.4878, 17.4878, 17.4878, 17.4907, 17.4878, 17.488, 17.4878
3.7591, 449.209, 452.345, 17.5998, 21.2417, -3.13596, 0, 17.5998, 17.6, 17.6, 17.7195, 17.6019, 17.6371, 17.6247, 451.812, 17.9459, 17.5998, 17.5998, 17.5998, 17.5998, 17.5998, 17.5998, 17.5998, 17.5998, 17.5998, 17.5998, 17.5998, 17.6022, 17.5998, 17.6, 17.5998
3.76697, 401.661, 405.947, 17.7124, 20.0913, -4.28601, 0, 17.7124, 17.7126, 17.7126, 17.8321, 17.7145, 17.745, 17.7379, 405.5, 17.9766, 17.7124, 17.7124, 17.7124, 17.7124, 17.7124, 17.7124, 17.7124, 17.7124, 17.7124, 17.7124, 17.7124, 17.7144, 17.7124, 17.7126, 17.7124
3.77483, 378.001, 360.389, 17.8255, 19.4936, 17.6121, 0, 17.8255, 17.8257, 17.8257, 17.9451, 17.8276, 17.8537, 17.8516, 360.012, 18.0248, 17.8255, 17.8255, 17.8255, 17.8255, 17.8255, 17.8255, 17.8255, 17.8255, 17.8255, 17.8255, 17.8255, 17.8271, 17.8255, 17.8257, 17.8255
3.7827, 313.992, 316.641, 17.939, 17.7761, -2.64929, 0, 17.9391, 17.9392, 17.9392, 18.0587, 17.9411, 17.9631, 17.9658, 316.318, 18.0876, 17.939, 17.939, 17.939, 17.939, 17.939, 17.939, 17.939, 17.939, 17.939, 17.939, 17.939, 17.9403, 17.939, 17.9392, 17.939
3.79056, 288.141, 275.5, 18.053, 17.0335, 12.6412, 0, 18.053, 18.0531, 18.0531, 18.1726, 18.0551, 18.0734, 18.0803, 275.219, 18.1624, 18.053, 18.053, 18.053, 18.053, 18.053, 18.053, 18.053, 18.053, 18.053, 18.053, 18.053, 18.054, 18.053, 18.0532, 18.053
3.79842, 233.901, 237.568, 18.1672, 15.3591, -3.66687, 0, 18.1672, 18.1674, 18.1674, 18.2869, 18.1693, 18.1843, 18.1952, 237.32, 18.2468, 18.1672, 18.1672, 18.1672, 18.1672, 18.1672, 18.1672, 18.1672, 18.1672, 18.1672, 18.1672, 18.1672, 18.168, 18.1672, 18.1676, 18.1672
3.80629, 213.502, 203.265, 18.2818, 14.68, 10.2363, 0, 18.2818, 18.2819, 18.2819, 18.4014, 18.2839, 18.2959, 18.3104, 203.042, 18.339, 18.2818, 18.2818, 18.2818, 18.2818, 18.2818, 18.2818, 18.2818, 18.2818, 18.2818, 18.2818, 18.2818, 18.2824, 18.2818, 18.2822, 18.2818
3.81415, 172.725, 172.841, 18.3965, 13.2184, -0.115219, 0, 18.3965, 18.3966, 18.3966, 18.5161, 18.3986, 18.4081, 18.4257, 172.636, 18.4371, 18.3965, 18.3965, 18.3965, 18.3965, 18.3965, 18.3965, 18.3965, 18.3965, 18.3965, 18.3965, 18.3965, 18.397, 18.3965, 18.3971, 18.3965
3.82202, 145.742, 146.385, 18.5112, 12.1549, -0.642319, 0, 18.5112, 18.5114, 18.5114, 18.6309, 18.5134, 18.5207, 18.5411, 146.193, 18.5398, 18.5112, 18.5112, 18.5112, 18.5112, 18.5112, 18.5112, 18.5112, 18.5112, 18.5112, 18.5112, 18.5112, 18.5116, 18.5112, 18.5122, 18.5112
3.82988, 135.869, 123.857, 18.6259, 11.7417, 12.0111, 0, 18.6259, 18.6261, 18.6261, 18.7456, 18.6281, 18.6336, 18.6565, 123.676, 18.6457, 18.6259, 18.6259, 18.6259, 18.6259, 18.6259, 18.6259, 18.6259, 18.6259, 18.6259, 18.6259, 18.6259, 18.6262, 18.6259, 18.6273, 18.6259
3.83775, 123.816, 105.121, 18.7404, 11.2168, 18.6946, 0, 18.7404, 18.7405, 18.7405, 18.86, 18.7425, 18.7466, 18.7716, 104.946, 18.754, 18.7404, 18.7404, 18.7404, 18.7404, 18.7404, 18.7404, 18.7404, 18.7404, 18.7404, 18.7404, 18.7404, 18.7406, 18.7404, 18.7424, 18.7404
3.84561, 109.9, 89.9619, 18.8544, 10.5783, 19.9379, 0, 18.8544, 18.8545, 18.8545, 18.974, 18.8566, 18.8593, 18.8863, 89.7907, 18.8636, 18.8544, 18.8544, 18.8544, 18.8544, 18.8544, 18.8544, 18.8544, 18.8544, 18.8544, 18.8544, 18.8544, 18.8546, 18.8544, 18.8572, 18.8544
3.85348, 72.9155, 78.1166, 18.9676, 8.65538, -5.20105, 0, 18.9676, 18.9678, 18.9678, 19.0872, 18.9699, 18.9716, 19.0002, 77.9476, 18.9738, 18.9676, 18.9676, 18.9676, 18.9676, 18.9676, 18.9676, 18.9676, 18.9676, 18.9676, 18.9676, 18.9676, 18.9678, 18.9676, 18.9715, 18.9676
3.86134, 73.8818, 69.2964, 19.0798, 8.71101, 4.58537, 0, 19.0798, 19.0799, 19.0799, 19.1994, 19.0821, 19.083, 19.113, 69.1282, 19.0839, 19.0798, 19.0798, 19.0798, 19.0798, 19.0798, 19.0798, 19.0798, 19.0798, 19.0798, 19.0798, 19.0798, 19.0799, 19.0798, 19.0851, 19.0798
3.86921, 49.9835, 63.2029, 19.1905, 7.20996, -13.2194, 0, 19.1905, 19.1906, 19.1906, 19.3101, 19.1929, 19.193, 19.2244, 63.0342, 19.1931, 19.1905, 19.1905, 19.1905, 19.1905, 19.1905, 19.1905, 19.1905, 19.1905, 19.1905, 19.1905, 19.1905, 19.1906, 19.1905, 19.1976, 19.1905
3.87707, 67.9106, 59.5416, 19.2992, 8.36126, 8.36901, 0, 19.2992, 19.2993, 19.2993, 19.4188, 19.3017, 19.3013, 19.3338, 59.3711, 19.3009, 19.2992, 19.2992, 19.2992, 19.2992, 19.2992, 19.2992, 19.2992, 19.2992, 19.2992, 19.2992, 19.2992, 19.2992, 19.2992, 19.3087, 19.2992
3.88494, 68.9236, 58.0282, 19.4053, 8.42161, 10.8954, 0, 19.4054, 19.4055, 19.4055, 19.525, 19.408, 19.4071, 19.4407, 57.8548, 19.4065, 19.4053, 19.4053, 19.4053, 19.4053, 19.4053, 19.4053, 19.4053, 19.4053, 19.4053, 19.4053, 19.4054, 19.4054, 19.4053, 19.4179, 19.4053
3.8928, 64.9074, 58.3931, 19.5084, 8.1797, 6.51433, 0, 19.5084, 19.5085, 19.5085, 19.628, 19.5112, 19.5098, 19.5444, 58.2158, 19.5091, 19.5084, 19.5084, 19.5084, 19.5084, 19.5084, 19.5084, 19.5084, 19.5084, 19.5084, 19.5084, 19.5084, 19.5084, 19.5084, 19.5247, 19.5084
3.90067, 55.8862, 60.381, 19.6075, 7.6083, -4.49477, 0, 19.6075, 19.6076, 19.6076, 19.7271, 19.6106, 19.6087, 19.6442, 60.1985, 19.6079, 19.6075, 19.6075, 19.6075, 19.6075, 19.6075, 19.6075, 19.6075, 19.6075, 19.6075, 19.6075, 19.6075, 19.6075, 19.6075, 19.6284, 19.6075
3.90853, 51.9836, 63.748, 19.7019, 7.34735, -11.7644, 0, 19.7019, 19.702, 19.702, 19.8215, 19.7054, 19.703, 19.7393, 63.5592, 19.7022, 19.7019, 19.7019, 19.7019, 19.7019, 19.7019, 19.7019, 19.7019, 19.7019, 19.7019, 19.7019, 19.7019, 19.7019, 19.7019, 19.7285, 19.7019
3.9164, 60.8887, 68.2581, 19.7908, 7.93024, -7.36939, 0, 19.7908, 19.7909, 19.7909, 19.9104, 19.7947, 19.7918, 19.829, 68.0615, 19.7909, 19.7908, 19.7908, 19.7908, 19.7908, 19.7908, 19.7908, 19.7908, 19.7908, 19.7908, 19.7908, 19.7908, 19.7908, 19.7908, 19.8241, 19.7908
3.92426, 74.7722, 73.6783, 19.8733, 8.76198, 1.09392, 0, 19.8733, 19.8734, 19.8734, 19.9929, 19.8778, 19.8742, 19.9122, 73.4728, 19.8734, 19.8733, 19.8733, 19.8733, 19.8733, 19.8733, 19.8733, 19.8733, 19.8733, 19.8733, 19.8733, 19.8733, 19.8733, 19.8733, 19.9145, 19.8733
3.93213, 72.981, 79.7755, 19.9486, 8.65916, -6.79451, 0, 19.9486, 19.9487, 19.9487, 20.0682, 19.9538, 19.9494, 19.9882, 79.5594, 19.9486, 19.9486, 19.9486, 19.9486, 19.9486, 19.9486, 19.9486, 19.9486, 19.9486, 19.9486, 19.9486, 19.9486, 19.9486, 19.9486, 19.9989, 19.9486
3.93999, 95.4962, 86.3138, 20.0157, 9.87401, 9.1824, 0, 20.0157, 20.0159, 20.0159, 20.1354, 20.0219, 20.0166, 20.0561, 86.0857, 20.0158, 20.0157, 20.0157, 20.0157, 20.0157, 20.0157, 20.0157, 20.0157, 20.0157, 20.0157, 20.0157, 20.0157, 20.0157, 20.0157, 20.0765, 20.0157
3.94786, 82.1603, 93.0534, 20.0741, 9.17389, -10.8932, 0, 20.0741, 20.0742, 20.0742, 20.1937, 20.0815, 20.0749, 20.1152, 92.8118, 20.0741, 20.0741, 20.0741, 20.0741, 20.0741, 20.0741, 20.0741, 20.0741, 20.0741, 20.0741, 20.0741, 20.0741, 20.0741, 20.0741, 20.1465, 20.0741
3.95572, 85.6259, 99.7545, 20.1229, 9.36087, -14.1286, 0, 20.1229, 20.1231, 20.1231, 20.2426, 20.1319, 20.1237, 20.1648, 99.4978, 20.1229, 20.1229, 20.1229, 20.1229, 20.1229, 20.1229, 20.1229, 20.1229, 20.1229, 20.1229, 20.1229, 20.1229, 20.1229, 20.1229, 20.2081, 20.1229
3.96359, 90.9936, 106.179, 20.1618, 9.64332, -15.1855, 0, 20.1618, 20.162, 20.162, 20.2815, 20.1727, 20.1626, 20.2044, 105.906, 20.1618, 20.1618, 20.1618, 20.1618, 20.1618, 20.1618, 20.1618, 20.1618, 20.1618, 20.1618, 20.1618, 20.1618, 20.1618, 20.1618, 20.2609, 20.1618
3.97145, 111.526, 112.097, 20.1904, 10.6549, -0.571251, 0, 20.1904, 20.1906, 20.1906, 20.3101, 20.2036, 20.1913, 20.2338, 111.806, 20.1904, 20.1904, 20.1904, 20.1904, 20.1904, 20.1904, 20.1904, 20.1904, 20.1904, 20.1904, 20.1904, 20.1904, 20.1904, 20.1904, 20.3041, 20.1904
3.97931, 105.004, 117.295, 20.2087, 10.3443, -12.2908, 0, 20.2087, 20.2089, 20.2089, 20.3284, 20.2248, 20.2096, 20.2528, 116.985, 20.2087, 20.2087, 20.2087, 20.2087, 20.2087, 20.2087, 20.2087, 20.2087, 20.2087, 20.2087, 20.2087, 20.2087, 20.2087, 20.2087, 20.3376, 20.2087
3.98718, 118.587, 121.583, 20.2169, 10.9812, -2.99606, 0, 20.2169, 20.217, 20.217, 20.3365, 20.2365, 20.2177, 20.2617, 121.253, 20.2169, 20.2169, 20.2169, 20.2169, 20.2169, 20.2169, 20.2169, 20.2169, 20.2169, 20.2169, 20.2169, 20.2169, 20.2169, 20.2169, 20.3612, 20.2169
3.99504, 146.874, 124.801, 20.2153, 12.2014, 22.0734, 0, 20.2153, 20.2155, 20.2155, 20.335, 20.2392, 20.2163, 20.261, 124.451, 20.2153, 20.2153, 20.2153, 20.2153, 20.2153, 20.2153, 20.2153, 20.2153, 20.2153, 20.2153, 20.2153, 20.2153, 20.2153, 20.2153, 20.375, 20.2153
4.00291, 95.459, 126.83, 20.2048, 9.87213, -31.3708, 0, 20.2049, 20.205, 20.205, 20.3245, 20.2338, 20.2059, 20.2513, 126.459, 20.2048, 20.2048, 20.2048, 20.2048, 20.2048, 20.2048, 20.2048, 20.2048, 20.2048, 20.2048, 20.2048, 20.2048, 20.2048, 20.2048, 20.3794, 20.2048
4.01077, 114.893, 127.593, 20.1864, 10.8117, -12.6993, 0, 20.1865, 20.1866, 20.1866, 20.3061, 20.2213, 20.1875, 20.2337, 127.201, 20.1864, 20.1864, 20.1864, 20.1864, 20.1864, 20.1864, 20.1864, 20.1864, 20.1864, 20.1864, 20.1864, 20.1864, 20.1864, 20.1864, 20.3748, 20.1864
4.01864, 102.432, 127.061, 20.1614, 10.2192, -24.6287, 0, 20.1614, 20.1615, 20.1615, 20.281, 20.2032, 20.1626, 20.2094, 126.649, 20.1614, 20.1614, 20.1614, 20.1614, 20.1614, 20.1614, 20.1614, 20.1614, 20.1614, 20.1614, 20.1614, 20.1614, 20.1614, 20.1614, 20.3622, 20.1614
4.0265, 110.22, 125.254, 20.1311, 10.5934, -15.0334, 0, 20.1311, 20.1313, 20.1313, 20.2507, 20.1808, 20.1324, 20.1799, 124.823, 20.1311, 20.1311, 20.1311, 20.1311, 20.1311, 20.1311, 20.1311, 20.1311, 20.1311, 20.1311, 20.1311, 20.1311, 20.1311, 20.1311, 20.3426, 20.1311
4.03437, 110.505, 122.238, 20.0972, 10.6068, -11.7326, 0, 20.0972, 20.0974, 20.0974, 20.2169, 20.1559, 20.0987, 20.1468, 121.788, 20.0972, 20.0972, 20.0972, 20.0972, 20.0972, 20.0972, 20.0972, 20.0972, 20.0972, 20.0972, 20.0972, 20.0972, 20.0972, 20.0972, 20.3172, 20.0972
4.04223, 125.588, 118.12, 20.0615, 11.2955, 7.46777, 0, 20.0615, 20.0617, 20.0617, 20.1811, 20.1302, 20.0632, 20.1119, 117.653, 20.0615, 20.0615, 20.0615, 20.0615, 20.0615, 20.0615, 20.0615, 20.0615, 20.0615, 20.0615, 20.0615, 20.0615, 20.0615, 20.0615, 20.2876, 20.0615
4.0501, 104.583, 113.046, 20.0257, 10.3239, -8.4622, 0, 20.0257, 20.0259, 20.0258, 20.1453, 20.1054, 20.0276, 20.0769, 112.563, 20.0257, 20.0257, 20.0257, 20.0257, 20.0257, 20.0257, 20.0257, 20.0257, 20.0257, 20.0257, 20.0257, 20.0257, 20.0257, 20.0257, 20.2553, 20.0257
4.05796, 92.8798, 107.183, 19.9915, 9.74062, -14.3035, 0, 19.9915, 19.9917, 19.9917, 20.1112, 20.0832, 19.9937, 20.0436, 106.687, 19.9915, 19.9915, 19.9915, 19.9915, 19.9915, 19.9915, 19.9915, 19.9915, 19.9915, 19.9915, 19.9915, 19.9915, 19.9915, 19.9915, 20.2218, 19.9915
4.06583, 89.8616, 100.722, 19.9607, 9.58444, -10.8604, 0, 19.9607, 19.9608, 19.9608, 20.0803, 20.0651, 19.9632, 20.0135, 100.214, 19.9607, 19.9607, 19.9607, 19.9607, 19.9607, 19.9607, 19.9607, 19.9607, 19.9607, 19.9607, 19.9607, 19.9607, 19.9607, 19.9607, 20.1889, 19.9607
4.07369, 77.7369, 93.8569, 19.9346, 8.92955, -16.1201, 0, 19.9346, 19.9348, 19.9348, 20.0543, 20.0525, 19.9375, 19.9883, 93.3391, 19.9346, 19.9346, 19.9346, 19.9346, 19.9346, 19.9346, 19.9346, 19.9346, 19.9346, 19.9346, 19.9346, 19.9346, 19.9346, 19.9346, 20.1581, 19.9346
4.08156, 75.1616, 86.7823, 19.9148, 8.78417, -11.6207, 0, 19.9148, 19.9149, 19.9149, 20.0344, 20.0463, 19.9181, 19.9693, 86.2568, 19.9148, 19.9148, 19.9148, 19.9148, 19.9148, 19.9148, 19.9148, 19.9148, 19.9148, 19.9148, 19.9148, 19.9148, 19.9148, 19.9148, 20.1309, 19.9148
4.08942, 75.4416, 79.6801, 19.9022, 8.80009, -4.23849, 0, 19.9022, 19.9023, 19.9023, 20.0218, 20.0475, 19.9059, 19.9575, 79.149, 19.9022, 19.9022, 19.9022, 19.9022, 19.9022, 19.9022, 19.9022, 19.9022, 19.9022, 19.9022, 19.9022, 19.9022, 19.9022, 19.9022, 20.1088, 19.9022
4.09729, 61.6035, 72.7162, 19.8976, 7.97518, -11.1127, 0, 19.8977, 19.8978, 19.8978, 20.0173, 20.0566, 19.9019, 19.9539, 72.1815, 19.8976, 19.8976, 19.8976, 19.8976, 19.8976, 19.8976, 19.8976, 19.8976, 19.8976, 19.8976, 19.8976, 19.8976, 19.8976, 19.8976, 20.0928, 19.8976
4.10515, 75.3458, 66.0312, 19.9018, 8.79465, 9.31462, 0, 19.9018, 19.902, 19.902, 20.0215, 20.0739, 19.9067, 19.959, 65.4951, 19.9018, 19.9018, 19.9018, 19.9018, 19.9018, 19.9018, 19.9018, 19.9018, 19.9018, 19.9018, 19.9018, 19.9018, 19.9018, 19.9018, 20.084, 19.9018
4.11302, 56.4489, 59.7397, 19.9151, 7.64519, -3.29076, 0, 19.9151, 19.9152, 19.9152, 20.0347, 20.0992, 19.9205, 19.9731, 59.204, 19.9151, 19.9151, 19.9151, 19.9151, 19.9151, 19.9151, 19.9151, 19.9151, 19.9151, 19.9151, 19.9151, 19.9151, 19.9151, 19.9151, 20.0832, 19.9151
4.12088, 41.96, 53.9287, 19.9374, 6.63023, -11.9687, 0, 19.9374, 19.9376, 19.9376, 20.0571, 20.1324, 19.9435, 19.9963, 53.3954, 19.9374, 19.9374, 19.9374, 19.9374, 19.9374, 19.9374, 19.9374, 19.9374, 19.9374, 19.9374, 19.9374, 19.9374, 19.9374, 19.9374, 20.0908, 19.9374
4.12875, 45.0352, 48.6548, 19.9688, 6.85822, -3.61956, 0, 19.9688, 19.9689, 19.9689, 20.0884, 20.173, 19.9755, 20.0286, 48.1257, 19.9688, 19.9688, 19.9688, 19.9688, 19.9688, 19.9688, 19.9688, 19.9688, 19.9688, 19.9688, 19.9688, 19.9688, 19.9688, 19.9688, 20.1071, 19.9688
4.13661, 30.1206, 43.9492, 20.0088, 5.66751, -13.8286, 0, 20.0088, 20.009, 20.009, 20.1285, 20.2204, 20.0162, 20.0695, 43.4261, 20.0088, 20.0088, 20.0088, 20.0088, 20.0088, 20.0088, 20.0088, 20.0088, 20.0088, 20.0088, 20.0088, 20.0088, 20.0088, 20.0088, 20.1324, 20.0088
4.14447, 34.0491, 39.8203, 20.0571, 6.00409, -5.77127, 0, 20.0571, 20.0572, 20.0572, 20.1767, 20.2739, 20.0651, 20.1187, 39.3046, 20.0571, 20.0571, 20.0571, 20.0571, 20.0571, 20.0571, 20.0571, 20.0571, 20.0571, 20.0571, 20.0571, 20.0571, 20.0571, 20.0571, 20.1664, 20.0571
4.15234, 25.3069, 36.2547, 20.1129, 5.2256, -10.9477, 0, 20.1129, 20.1131, 20.1131, 20.2326, 20.3326, 20.1216, 20.1757, 35.7478, 20.1129, 20.1129, 20.1129, 20.1129, 20.1129, 20.1129, 20.1129, 20.1129, 20.1129, 20.1129, 20.1129, 20.1129, 20.1129, 20.1129, 20.2088, 20.1129
4.1602, 25.9772, 33.2247, 20.1758, 5.28935, -7.2475, 0, 20.1758, 20.1759, 20.1759, 20.2954, 20.3959, 20.185, 20.2397, 32.7279, 20.1758, 20.1758, 20.1758, 20.1758, 20.1758, 20.1758, 20.1758, 20.1758, 20.1758, 20.1758, 20.1758, 20.1758, 20.1758, 20.1758, 20.2595, 20.1758
4.16807, 17.9788, 30.6905, 20.2449, 4.46976, -12.7118, 0, 20.2449, 20.245, 20.245, 20.3645, 20.463, 20.2546, 20.3101, 30.2047, 20.2449, 20.2449, 20.2449, 20.2449, 20.2449, 20.2449, 20.2449, 20.2449, 20.2449, 20.2449, 20.2449, 20.2449, 20.2449, 20.2449, 20.3177, 20.2449
4.17593, 19.8872, 28.6045, 20.3195, 4.67837, -8.71729, 0, 20.3195, 20.3197, 20.3197, 20.4391, 20.5333, 20.3297, 20.3864, 28.1302, 20.3195, 20.3195, 20.3195, 20.3195, 20.3195, 20.3195, 20.3195, 20.3195, 20.3195, 20.3195, 20.3195, 20.3195, 20.3195, 20.3195, 20.383, 20.3195
4.1838, 14.3513, 26.9157, 20.399, 4.04368, -12.5644, 0, 20.399, 20.3991, 20.3991, 20.5186, 20.6061, 20.4095, 20.4679, 26.4533, 20.399, 20.399, 20.399, 20.399, 20.399, 20.399, 20.399, 20.399, 20.399, 20.399, 20.399, 20.399, 20.399, 20.399, 20.4548, 20.399
4.19166, 22.5032, 25.5721, 20.4826, 4.95007, -3.06891, 0, 20.4826, 20.4827, 20.4827, 20.6022, 20.6811, 20.4934, 20.5544, 25.1211, 20.4826, 20.4826, 20.4826, 20.4826, 20.4826, 20.4826, 20.4826, 20.4826, 20.4826, 20.4826, 20.4826, 20.4826, 20.4826, 20.4826, 20.5325, 20.4826
4.19953, 23.3696, 24.5229, 20.5698, 5.03683, -1.1533, 0, 20.5698, 20.5699, 20.5699, 20.6894, 20.7579, 20.5807, 20.6455, 24.0824, 20.5698, 20.5698, 20.5698, 20.5698, 20.5698, 20.5698, 20.5698, 20.5698, 20.5698, 20.5698, 20.5698, 20.5698, 20.5698, 20.5698, 20.6156, 20.5698
4.20739, 25.1727, 23.7214, 20.66, 5.21274, 1.45131, 0, 20.66, 20.6601, 20.6601, 20.7796, 20.8363, 20.671, 20.7413, 23.2893, 20.66, 20.66, 20.66, 20.66, 20.66, 20.66, 20.66, 20.66, 20.66, 20.66, 20.66, 20.66, 20.66, 20.66, 20.7034, 20.66
4.21526, 13.7931, 23.1249, 20.7526, 3.97405, -9.33179, 0, 20.7526, 20.7528, 20.7528, 20.8723, 20.9161, 20.7636, 20.8421, 22.698, 20.7526, 20.7526, 20.7526, 20.7526, 20.7526, 20.7526, 20.7526, 20.7526, 20.7526, 20.7526, 20.7526, 20.7526, 20.7526, 20.7526, 20.7956, 20.7526
4.22312, 17.8773, 22.6965, 20.8473, 4.4584, -4.8192, 0, 20.8473, 20.8475, 20.8475, 20.967, 20.9972, 20.8581, 20.9489, 22.2702, 20.8473, 20.8473, 20.8473, 20.8473, 20.8473, 20.8473, 20.8473, 20.8473, 20.8473, 20.8473, 20.8473, 20.8473, 20.8473, 20.8473, 20.8915, 20.8473
4.23099, 19.9807, 22.4052, 20.9437, 4.68835, -2.42453, 0, 20.9437, 20.9439, 20.9439, 21.0634, 21.0796, 20.9543, 21.0629, 21.9725, 20.9437, 20.9437, 20.9437, 20.9437, 20.9437, 20.9437, 20.9437, 20.9437, 20.9437, 20.9437, 20.9437, 20.9437, 20.9437, 20.9437, 20.9909, 20.9437
4.23885, 17.0912, 22.2256, 21.0415, 4.36935, -5.13433, 0, 21.0415, 21.0417, 21.0417, 21.1612, 21.1634, 21.0517, 21.1866, 21.7768, 21.0415, 21.0415, 21.0415, 21.0415, 21.0415, 21.0415, 21.0415, 21.0415, 21.0415, 21.0415, 21.0415, 21.0415, 21.0415, 21.0415, 21.0933, 21.0415
4.24672, 13.9835, 22.1382, 21.1405, 3.99793, -8.15477, 0, 21.1405, 21.1406, 21.1406, 21.2602, 21.2486, 21.1502, 21.323, 21.6599, 21.1405, 21.1405, 21.1405, 21.1405, 21.1405, 21.1405, 21.1405, 21.1405, 21.1405, 21.1405, 21.1405, 21.1405, 21.1405, 21.1405, 21.1984, 21.1405
4.25458, 13.0989, 22.1294, 21.2404, 3.88573, -9.03047, 0, 21.2404, 21.2405, 21.2405, 21.3601, 21.3352, 21.2496, 21.4769, 21.6032, 21.2404, 21.2404, 21.2404, 21.2404, 21.2404, 21.2404, 21.2404, 21.2404, 21.2404, 21.2404, 21.2404, 21.2404, 21.2404, 21.2404, 21.3059, 21.2404
4.26245, 15.7491, 22.1905, 21.341, 4.21296, -6.4414, 0, 21.341, 21.3412, 21.3412, 21.4608, 21.4234, 21.3497, 21.6545, 21.5915, 21.341, 21.341, 21.341, 21.341, 21.341, 21.341, 21.341, 21.341, 21.341, 21.341, 21.341, 21.341, 21.341, 21.341, 21.4154, 21.341
4.27031, 21.9807, 22.3184, 21.4423, 4.89701, -0.337702, 0, 21.4423, 21.4425, 21.4425, 21.5622, 21.5131, 21.4504, 21.8641, 21.6133, 21.4423, 21.4423, 21.4423, 21.4423, 21.4423, 21.4423, 21.4423, 21.4423, 21.4423, 21.4423, 21.4423, 21.4423, 21.4423, 21.4423, 21.5266, 21.4423
4.27818, 17.6121, 22.5152, 21.5442, 4.42856, -4.903, 0, 21.5442, 21.5443, 21.5443, 21.6641, 21.6044, 21.5516, 22.1166, 21.6596, 21.5442, 21.5442, 21.5442, 21.5442, 21.5442, 21.5442, 21.5442, 21.5442, 21.5442, 21.5442, 21.5442, 21.5442, 21.5442, 21.5442, 21.6393, 21.5442
4.28604, 13.4746, 22.7877, 21.6465, 3.93378, -9.31308, 0, 21.6465, 21.6466, 21.6466, 21.7666, 21.6972, 21.6533, 22.426, 21.7235, 21.6465, 21.6465, 21.6465, 21.6465, 21.6465, 21.6465, 21.6465, 21.6465, 21.6465, 21.6465, 21.6465, 21.6465, 21.6465, 21.6465, 21.7531, 21.6465
4.29391, 19.3438, 23.1483, 21.7492, 4.61993, -3.80449, 0, 21.7492, 21.7494, 21.7494, 21.8695, 21.7916, 21.7555, 22.8097, 21.8, 21.7492, 21.7492, 21.7492, 21.7492, 21.7492, 21.7492, 21.7492, 21.7492, 21.7492, 21.7492, 21.7492, 21.7492, 21.7492, 21.7492, 21.8677, 21.7492
4.30177, 18.4926, 23.6143, 21.8524, 4.52687, -5.12176, 0, 21.8524, 21.8525, 21.8525, 21.973, 21.8874, 21.858, 23.2891, 21.8855, 21.8524, 21.8524, 21.8524, 21.8524, 21.8524, 21.8524, 21.8524, 21.8524, 21.8524, 21.8524, 21.8524, 21.8524, 21.8524, 21.8524, 21.9829, 21.8524
4.30963, 23.5203, 24.2085, 21.9558, 5.05176, -0.68821, 0, 21.9558, 21.956, 21.956, 22.0769, 21.9846, 21.9609, 23.8896, 21.9772, 21.9558, 21.9558, 21.9558, 21.9558, 21.9558, 21.9558, 21.9558, 21.9558, 21.9558, 21.9558, 21.9558, 21.9558, 21.9558, 21.9558, 22.0982, 21.9558
4.3175, 20.5761, 24.9588, 22.0596, 4.75143, -4.38268, 0, 22.0596, 22.0598, 22.0597, 22.1813, 22.083, 22.0642, 24.6414, 22.0732, 22.0596, 22.0596, 22.0596, 22.0596, 22.0596, 22.0596, 22.0596, 22.0596, 22.0596, 22.0596, 22.0596, 22.0596, 22.0596, 22.0596, 22.2133, 22.0596
4.32536, 22.6084, 25.8979, 22.1637, 4.96068, -3.28951, 0, 22.1637, 22.1639, 22.1638, 22.2862, 22.1827, 22.1678, 25.579, 22.1723, 22.1637, 22.1637, 22.1637, 22.1637, 22.1637, 22.1637, 22.1637, 22.1637, 22.1637, 22.1637, 22.1637, 22.1637, 22.1637, 22.1637, 22.328, 22.1637
4.33323, 26.3785, 27.0629, 22.2681, 5.32715, -0.684429, 0, 22.2681, 22.2682, 22.2682, 22.3918, 22.2834, 22.2718, 26.7405, 22.2734, 22.2681, 22.2681, 22.2681, 22.2681, 22.2681, 22.2681, 22.2681, 22.2681, 22.2681, 22.2681, 22.2681, 22.2681, 22.2681, 22.2681, 22.442, 22.2681
4.34109, 27.2508, 28.4948, 22.3728, 5.4084, -1.24395, 0, 22.3728, 22.3729, 22.3729, 22.4982, 22.385, 22.3761, 28.1678, 22.3761, 22.3728, 22.3728, 22.3728, 22.3728, 22.3728, 22.3728, 22.3728, 22.3728, 22.3728, 22.3728, 22.3728, 22.3728, 22.3728, 22.3728, 22.555, 22.3728
4.34896, 24.5369, 30.236, 22.4777, 5.1514, -5.69909, 0, 22.4777, 22.4779, 22.4779, 22.6054, 22.4876, 22.4808, 29.904, 22.4797, 22.4777, 22.4777, 22.4777, 22.4777, 22.4777, 22.4777, 22.4777, 22.4777, 22.4777, 22.4777, 22.4777, 22.4777, 22.4777, 22.4777, 22.6668, 22.4777
4.35682, 25.8165, 32.3298, 22.5829, 5.27413, -6.51329, 0, 22.5829, 22.5831, 22.5831, 22.7138, 22.5909, 22.5857, 31.9923, 22.5841, 22.5829, 22.5829, 22.5829, 22.5829, 22.5829, 22.5829, 22.5829, 22.5829, 22.5829, 22.5829, 22.5829, 22.5829, 22.5829, 22.5829, 22.7772, 22.5829
4.36469, 32.0639, 34.8175, 22.6884, 5.83643, -2.75354, 0, 22.6884, 22.6886, 22.6886, 22.8235, 22.6949, 22.691, 34.4746, 22.6891, 22.6884, 22.6884, 22.6884, 22.6884, 22.6884, 22.6884, 22.6884, 22.6884, 22.6884, 22.6884, 22.6884, 22.6884, 22.6884, 22.6884, 22.8861, 22.6884
4.37255, 33.9482, 37.7351, 22.7942, 5.99568, -3.78685, 0, 22.7942, 22.7943, 22.7943, 22.935, 22.7995, 22.7966, 37.3864, 22.7946, 22.7942, 22.7942, 22.7942, 22.7942, 22.7942, 22.7942, 22.7942, 22.7942, 22.7942, 22.7942, 22.7942, 22.7942, 22.7942, 22.7942, 22.9935, 22.7942
4.38042, 45.0193, 41.1108, 22.9002, 6.85707, 3.9085, 0, 22.9002, 22.9003, 22.9003, 23.0487, 22.9046, 22.9025, 40.7559, 22.9004, 22.9002, 22.9002, 22.9002, 22.9002, 22.9002, 22.9002, 22.9002, 22.9002, 22.9002, 22.9002, 22.9002, 22.9002, 22.9002, 22.9002, 23.0993, 22.9002
4.38828, 32.0298, 44.9618, 23.0065, 5.83351, -12.932, 0, 23.0065, 23.0066, 23.0066, 23.1651, 23.0103, 23.0086, 44.5995, 23.0066, 23.0065, 23.0065, 23.0065, 23.0065, 23.0065, 23.0065, 23.0065, 23.0065, 23.0065, 23.0065, 23.0065, 23.0065, 23.0065, 23.0065, 23.2037, 23.0065
4.39615, 46.518, 49.29, 23.113, 6.96549, -2.77193, 0, 23.113, 23.1132, 23.1132, 23.2851, 23.1163, 23.1151, 48.9184, 23.1131, 23.113, 23.113, 23.113, 23.113, 23.113, 23.113, 23.113, 23.113, 23.113, 23.113, 23.113, 23.113, 23.113, 23.113, 23.3067, 23.113
4.40401, 58.4125, 54.0799, 23.2198, 7.77255, 4.33263, 0, 23.2198, 23.22, 23.22, 23.4095, 23.2228, 23.2219, 53.6963, 23.2199, 23.2198, 23.2198, 23.2198, 23.2198, 23.2198, 23.2198, 23.2198, 23.2198, 23.2198, 23.2198, 23.2198, 23.2198, 23.2198, 23.2198, 23.4084, 23.2198
4.41188, 73.1593, 59.2945, 23.3269, 8.66945, 13.8649, 0, 23.3269, 23.327, 23.327, 23.5396, 23.3296, 23.3289, 58.8946, 23.3269, 23.3269, 23.3269, 23.3269, 23.3269, 23.3269, 23.3269, 23.3269, 23.3269, 23.3269, 23.3269, 23.3269, 23.3269, 23.3269, 23.3269, 23.509, 23.3269
4.41974, 74.548, 64.8761, 23.4342, 8.74917, 9.67191, 0, 23.4342, 23.4344, 23.4344, 23.6767, 23.4367, 23.4362, 64.4542, 23.4342, 23.4342, 23.4342, 23.4342, 23.4342, 23.4342, 23.4342, 23.4342, 23.4342, 23.4342, 23.4342, 23.4342, 23.4342, 23.4342, 23.4342, 23.6088, 23.4342
4.42761, 71.4107, 70.7435, 23.5418, 8.568, 0.667168, 0, 23.5418, 23.5419, 23.5419, 23.8226, 23.5442, 23.5438, 70.292, 23.5418, 23.5418, 23.5418, 23.5418, 23.5418, 23.5418, 23.5418, 23.5418, 23.5418, 23.5418, 23.5418, 23.5418, 23.5418, 23.5418, 23.5418, 23.7079, 23.5418
4.43547, 80.6795, 76.7924, 23.6496, 9.09282, 3.88706, 0, 23.6496, 23.6497, 23.6497, 23.9794, 23.6519, 23.6516, 76.301, 23.6496, 23.6496, 23.6496, 23.6496, 23.6496, 23.6496, 23.6496, 23.6496, 23.6496, 23.6496, 23.6496, 23.6496, 23.6496, 23.6496, 23.6496, 23.8066, 23.6496
4.44334, 86.8397, 82.9008, 23.7577, 9.42548, 3.93889, 0, 23.7577, 23.7578, 23.7578, 24.1498, 23.7599, 23.7597, 82.3568, 23.7577, 23.7577, 23.7577, 23.7577, 23.7577, 23.7577, 23.7577, 23.7577, 23.7577, 23.7577, 23.7577, 23.7577, 23.7577, 23.7577, 23.7577, 23.9051, 23.7577
4.4512, 88.6921, 88.9299, 23.866, 9.52324, -0.237801, 0, 23.866, 23.8662, 23.8662, 24.3366, 23.8682, 23.868, 88.3172, 23.866, 23.866, 23.866, 23.866, 23.866, 23.866, 23.866, 23.866, 23.866, 23.866, 23.866, 23.866, 23.866, 23.866, 23.866, 24.0036, 23.866
4.45907, 101.788, 94.7289, 23.9746, 10.1877, 7.05958, 0, 23.9746, 23.9747, 23.9747, 24.5434, 23.9768, 23.9766, 94.0276, 23.9746, 23.9746, 23.9746, 23.9746, 23.9746, 23.9746, 23.9746, 23.9746, 23.9746, 23.9746, 23.9746, 23.9746, 23.9746, 23.9746, 23.9746, 24.1024, 23.9746
4.46693, 93.8372, 100.145, 24.0834, 9.78965, -6.30799, 0, 24.0834, 24.0835, 24.0835, 24.7741, 24.0856, 24.0855, 99.3315, 24.0834, 24.0834, 24.0834, 24.0834, 24.0834, 24.0834, 24.0834, 24.0834, 24.0834, 24.0834, 24.0834, 24.0834, 24.0834, 24.0834, 24.0834, 24.2017, 24.0834
4.4748, 119.846, 105.027, 24.1924, 11.0384, 14.8187, 0, 24.1924, 24.1926, 24.1926, 25.0331, 24.1947, 24.1945, 104.072, 24.1924, 24.1924, 24.1924, 24.1924, 24.1924, 24.1924, 24.1924, 24.1924, 24.1924, 24.1924, 24.1924, 24.1924, 24.1924, 24.1924, 24.1924, 24.3016, 24.1924
4.48266, 124.564, 109.234, 24.3017, 11.2501, 15.3302, 0, 24.3017, 24.3019, 24.3019, 25.3251, 24.304, 24.3038, 108.105, 24.3017, 24.3017, 24.3017, 24.3017, 24.3017, 24.3017, 24.3017, 24.3017, 24.3017, 24.3017, 24.3017, 24.3017, 24.3017, 24.3017, 24.3017, 24.4023, 24.3017
4.49052, 124.827, 112.644, 24.4112, 11.2618, 12.183, 0, 24.4112, 24.4114, 24.4114, 25.6552, 24.4136, 24.4134, 111.303, 24.4112, 24.4112, 24.4112, 24.4112, 24.4112, 24.4112, 24.4112, 24.4112, 24.4112, 24.4112, 24.4112, 24.4112, 24.4112, 24.4112, 24.4112, 24.5039, 24.4112
4.49839, 125.644, 115.16, 24.521, 11.298, 10.4835, 0, 24.521, 24.5211, 24.5211, 26.0284, 24.5234, 24.5232, 113.562, 24.521, 24.521, 24.521, 24.521, 24.521, 24.521, 24.521, 24.521, 24.521, 24.521, 24.521, 24.521, 24.521, 24.521, 24.521, 24.6067, 24.521
4.50625, 126.913, 116.715, 24.6309, 11.354, 10.198, 0, 24.631, 24.6311, 24.6311, 26.4497, 24.6335, 24.6332, 114.811, 24.6309, 24.6309, 24.6309, 24.6309, 24.6309, 24.6309, 24.6309, 24.6309, 24.6309, 24.6309, 24.6309, 24.6309, 24.6309, 24.6309, 24.6309, 24.7105, 24.6309
4.51412, 143.372, 117.274, 24.7411, 12.057, 26.0977, 0, 24.7411, 24.7413, 24.7413, 26.9237, 24.7438, 24.7434, 115.012, 24.7411, 24.7411, 24.7411, 24.7411, 24.7411, 24.7411, 24.7411, 24.7411, 24.7411, 24.7411, 24.7411, 24.7411, 24.7411, 24.7411, 24.7411, 24.8155, 24.7411
4.52198, 115.761, 116.841, 24.8515, 10.8518, -1.08038, 0, 24.8515, 24.8517, 24.8517, 27.4541, 24.8543, 24.8539, 114.163, 24.8515, 24.8515, 24.8515, 24.8515, 24.8515, 24.8515, 24.8515, 24.8515, 24.8515, 24.8515, 24.8515, 24.8515, 24.8515, 24.8515, 24.8515, 24.9217, 24.8515
4.52985, 113.074, 115.453, 24.9621, 10.7273, -2.37891, 0, 24.9622, 24.9623, 24.9623, 28.0436, 24.9651, 24.9645, 112.299, 24.9621, 24.9621, 24.9621, 24.9621, 24.9621, 24.9621, 24.9621, 24.9621, 24.9621, 24.9621, 24.9621, 24.9621, 24.9621, 24.9621, 24.9621, 25.0291, 24.9621
4.53771, 116.088, 113.181, 25.073, 10.8668, 2.9072, 0, 25.073, 25.0731, 25.0731, 28.6935, 25.0761, 25.0754, 109.49, 25.073, 25.073, 25.073, 25.073, 25.073, 25.073, 25.073, 25.073, 25.073, 25.073, 25.073, 25.073, 25.073, 25.073, 25.073, 25.1375, 25.073
4.54558, 109.044, 110.123, 25.184, 10.5378, -1.07882, 0, 25.184, 25.1841, 25.1841, 29.403, 25.1874, 25.1864, 105.835, 25.184, 25.184, 25.184, 25.184, 25.184, 25.184, 25.184, 25.184, 25.184, 25.184, 25.184, 25.184, 25.184, 25.184, 25.184, 25.247, 25.184
4.55344, 115.662, 106.402, 25.2952, 10.8472, 9.26077, 0, 25.2952, 25.2954, 25.2953, 30.1692, 25.2989, 25.2977, 101.459, 25.2952, 25.2952, 25.2952, 25.2952, 25.2952, 25.2952, 25.2952, 25.2952, 25.2952, 25.2952, 25.2952, 25.2952, 25.2952, 25.2952, 25.2952, 25.3574, 25.2952
4.56131, 115.019, 102.153, 25.4066, 10.8175, 12.866, 0, 25.4066, 25.4068, 25.4068, 30.9866, 25.4107, 25.4092, 96.504, 25.4066, 25.4066, 25.4066, 25.4066, 25.4066, 25.4066, 25.4066, 25.4066, 25.4066, 25.4066, 25.4066, 25.4066, 25.4066, 25.4066, 25.4066, 25.4685, 25.4066
4.56917, 115.042, 97.5212, 25.5182, 10.8186, 17.5208, 0, 25.5182, 25.5184, 25.5184, 31.847, 25.5227, 25.5208, 91.1229, 25.5182, 25.5182, 25.5182, 25.5182, 25.5182, 25.5182, 25.5182, 25.5182, 25.5182, 25.5182, 25.5182, 25.5182, 25.5182, 25.5182, 25.5182, 25.5803, 25.5182
4.57704, 100.465, 92.6511, 25.63, 10.1225, 7.81367, 0, 25.63, 25.6301, 25.6301, 32.7394, 25.635, 25.6326, 85.4713, 25.63, 25.63, 25.63, 25.63, 25.63, 25.63, 25.63, 25.63, 25.63, 25.63, 25.63, 25.63, 25.63, 25.63, 25.63, 25.6925, 25.63
4.5849, 78.8398, 87.6804, 25.742, 8.99109, -8.84066, 0, 25.742, 25.7421, 25.7421, 33.6502, 25.7476, 25.7447, 79.7005, 25.742, 25.742, 25.742, 25.742, 25.742, 25.742, 25.742, 25.742, 25.742, 25.742, 25.742, 25.742, 25.742, 25.742, 25.742, 25.805, 25.742
4.59277, 76.1276, 82.7335, 25.8541, 8.83898, -6.6059, 0, 25.8541, 25.8543, 25.8543, 34.5634, 25.8605, 25.8569, 73.9513, 25.8541, 25.8541, 25.8541, 25.8541, 25.8541, 25.8541, 25.8541, 25.8541, 25.8541, 25.8541, 25.8541, 25.8541, 25.8541, 25.8541, 25.8541, 25.9177, 25.8541
4.60063, 81.8018, 77.9186, 25.9665, 9.15433, 3.88319, 0, 25.9665, 25.9666, 25.9666, 35.4608, 25.9737, 25.9692, 68.35, 25.9665, 25.9665, 25.9665, 25.9665, 25.9665, 25.9665, 25.9665, 25.9665, 25.9665, 25.9665, 25.9665, 25.9665, 25.9665, 25.9665, 25.9665, 26.0305, 25.9665
4.6085, 75.8137, 73.3215, 26.0789, 8.82121, 2.49219, 0, 26.0789, 26.0791, 26.0791, 36.3233, 26.0871, 26.0818, 63.0017, 26.0789, 26.0789, 26.0789, 26.0789, 26.0789, 26.0789, 26.0789, 26.0789, 26.0789, 26.0789, 26.0789, 26.0789, 26.0789, 26.0789, 26.0789, 26.1431, 26.0789
4.61636, 71.2483, 69.0068, 26.1916, 8.55852, 2.24145, 0, 26.1916, 26.1918, 26.1918, 37.1309, 26.2009, 26.1945, 57.9912, 26.1916, 26.1916, 26.1916, 26.1916, 26.1916, 26.1916, 26.1916, 26.1916, 26.1916, 26.1916, 26.1916, 26.1916, 26.1916, 26.1916, 26.1916, 26.2555, 26.1916
4.62423, 76.9242, 65.0181, 26.3045, 8.88393, 11.9061, 0, 26.3045, 26.3046, 26.3046, 37.864, 26.315, 26.3074, 53.3817, 26.3045, 26.3045, 26.3045, 26.3045, 26.3045, 26.3045, 26.3045, 26.3045, 26.3045, 26.3045, 26.3045, 26.3045, 26.3045, 26.3045, 26.3045, 26.3676, 26.3045
4.63209, 70.0804, 61.3765, 26.4175, 8.49002, 8.70382, 0, 26.4175, 26.4176, 26.4176, 38.5043, 26.4293, 26.4204, 49.2127, 26.4175, 26.4175, 26.4175, 26.4175, 26.4175, 26.4175, 26.4175, 26.4175, 26.4175, 26.4175, 26.4175, 26.4175, 26.4175, 26.4175, 26.4175, 26.4793, 26.4175
4.63996, 56.8706, 58.0864, 26.5306, 7.67272, -1.21581, 0, 26.5307, 26.5308, 26.5308, 39.0354, 26.544, 26.5337, 45.5049, 26.5306, 26.5306, 26.5306, 26.5306, 26.5306, 26.5306, 26.5306, 26.5306, 26.5306, 26.5306, 26.5306, 26.5306, 26.5307, 26.5306, 26.5306, 26.5908, 26.5306
4.64782, 39.4185, 55.1375, 26.644, 6.43572, -15.719, 0, 26.644, 26.6441, 26.6441, 39.4438, 26.6589, 26.647, 42.2614, 26.644, 26.644, 26.644, 26.644, 26.644, 26.644, 26.644, 26.644, 26.644, 26.644, 26.644, 26.644, 26.644, 26.644, 26.644, 26.7018, 26.644
4.65568, 48.8012, 52.5072, 26.7575, 7.12749, -3.70603, 0, 26.7575, 26.7576, 26.7576, 39.7201, 26.7741, 26.7606, 39.4694, 26.7575, 26.7575, 26.7575, 26.7575, 26.7575, 26.7575, 26.7575, 26.7575, 26.7575, 26.7575, 26.7575, 26.7575, 26.7575, 26.7575, 26.7575, 26.8126, 26.7575
4.66355, 42.6136, 50.167, 26.8711, 6.67934, -7.55336, 0, 26.8711, 26.8713, 26.8712, 39.8585, 26.8895, 26.8743, 37.1057, 26.8711, 26.8711, 26.8711, 26.8711, 26.8711, 26.8711, 26.8711, 26.8711, 26.8711, 26.8711, 26.8711, 26.8711, 26.8711, 26.8711, 26.8711, 26.9232, 26.8711
4.67141, 44.9448, 48.0837, 26.9849, 6.85163, -3.13897, 0, 26.9849, 26.985, 26.985, 39.858, 27.0051, 26.9881, 35.1382, 26.9849, 26.9849, 26.9849, 26.9849, 26.9849, 26.9849, 26.9849, 26.9849, 26.9849, 26.9849, 26.9849, 26.9849, 26.9849, 26.9849, 26.9849, 27.0335, 26.9849
4.67928, 48.9616, 46.2234, 27.0988, 7.13874, 2.73819, 0, 27.0988, 27.099, 27.0989, 39.7223, 27.1208, 27.1021, 33.5294, 27.0988, 27.0988, 27.0988, 27.0988, 27.0988, 27.0988, 27.0988, 27.0988, 27.0988, 27.0988, 27.0988, 27.0988, 27.0988, 27.0988, 27.0988, 27.1438, 27.0988
4.68714, 39.6784, 44.5546, 27.2129, 6.45588, -4.87617, 0, 27.2129, 27.213, 27.213, 39.459, 27.2366, 27.2162, 32.2398, 27.2129, 27.2129, 27.2129, 27.2129, 27.2129, 27.2129, 27.2129, 27.2129, 27.2129, 27.2129, 27.2129, 27.2129, 27.2129, 27.2129, 27.2129, 27.2541, 27.2129
4.69501, 36.4515, 43.0493, 27.327, 6.20093, -6.59772, 0, 27.327, 27.3272, 27.3272, 39.0801, 27.3525, 27.3304, 31.2296, 27.327, 27.327, 27.327, 27.327, 27.327, 27.327, 27.327, 27.327, 27.327, 27.327, 27.327, 27.327, 27.327, 27.327, 27.327, 27.3645, 27.327
4.70287, 35.2076, 41.6841, 27.4413, 6.0998, -6.47658, 0, 27.4414, 27.4415, 27.4415, 38.6006, 27.4684, 27.4448, 30.4603, 27.4413, 27.4413, 27.4413, 27.4413, 27.4413, 27.4413, 27.4413, 27.4413, 27.4413, 27.4413, 27.4413, 27.4413, 27.4414, 27.4413, 27.4413, 27.4751, 27.4413
4.71074, 39.4244, 40.4421, 27.5558, 6.43618, -1.01767, 0, 27.5558, 27.5559, 27.5559, 38.0382, 27.5843, 27.5592, 29.8971, 27.5558, 27.5558, 27.5558, 27.5558, 27.5558, 27.5558, 27.5558, 27.5558, 27.5558, 27.5558, 27.5558, 27.5558, 27.5558, 27.5558, 27.5558, 27.586, 27.5558
4.7186, 32.2666, 39.3113, 27.6703, 5.85376, -7.04476, 0, 27.6703, 27.6704, 27.6704, 37.4122, 27.7, 27.6738, 29.5088, 27.6703, 27.6703, 27.6703, 27.6703, 27.6703, 27.6703, 27.6703, 27.6703, 27.6703, 27.6703, 27.6703, 27.6703, 27.6703, 27.6703, 27.6703, 27.6973, 27.6703
4.72647, 31.4455, 38.2854, 27.7849, 5.78321, -6.83995, 0, 27.7849, 27.785, 27.785, 36.7426, 27.8156, 27.7885, 29.269, 27.7849, 27.7849, 27.7849, 27.7849, 27.7849, 27.7849, 27.7849, 27.7849, 27.7849, 27.7849, 27.7849, 27.7849, 27.7849, 27.7849, 27.7849, 27.809, 27.7849
4.73433, 33.6982, 37.3626, 27.8995, 5.9748, -3.66445, 0, 27.8996, 27.8997, 27.8997, 36.0492, 27.931, 27.9032, 29.1559, 27.8995, 27.8995, 27.8995, 27.8995, 27.8995, 27.8995, 27.8995, 27.8995, 27.8995, 27.8995, 27.8995, 27.8995, 27.8995, 27.8995, 27.8995, 27.9212, 27.8995
4.7422, 24.612, 36.5448, 28.0143, 5.15868, -11.9329, 0, 28.0143, 28.0144, 28.0144, 35.3511, 28.0462, 28.018, 29.1524, 28.0143, 28.0143, 28.0143, 28.0143, 28.0143, 28.0143, 28.0143, 28.0143, 28.0143, 28.0143, 28.0143, 28.0143, 28.0143, 28.0143, 28.0143, 28.034, 28.0143
4.75006, 29.8423, 35.8367, 28.129, 5.64289, -5.9944, 0, 28.129, 28.1292, 28.1292, 34.6653, 28.1611, 28.1328, 29.2459, 28.129, 28.129, 28.129, 28.129, 28.129, 28.129, 28.129, 28.129, 28.129, 28.129, 28.129, 28.129, 28.129, 28.129, 28.129, 28.1473, 28.129
4.75793, 32.9638, 35.2444, 28.2438, 5.91302, -2.28062, 0, 28.2438, 28.2439, 28.2439, 34.0068, 28.2757, 28.2476, 29.4277, 28.2438, 28.2438, 28.2438, 28.2438, 28.2438, 28.2438, 28.2438, 28.2438, 28.2438, 28.2438, 28.2438, 28.2438, 28.2438, 28.2438, 28.2438, 28.2613, 28.2438
4.76579, 33.2356, 34.775, 28.3585, 5.93596, -1.53938, 0, 28.3585, 28.3587, 28.3586, 33.3882, 28.39, 28.3623, 29.6923, 28.3585, 28.3585, 28.3585, 28.3585, 28.3585, 28.3585, 28.3585, 28.3585, 28.3585, 28.3585, 28.3585, 28.3585, 28.3585, 28.3585, 28.3585, 28.3758, 28.3585
4.77366, 24.0664, 34.4355, 28.4731, 5.10553, -10.3691, 0, 28.4731, 28.4733, 28.4733, 32.819, 28.5039, 28.477, 30.0368, 28.4731, 28.4731, 28.4731, 28.4731, 28.4731, 28.4731, 28.4731, 28.4731, 28.4731, 28.4731, 28.4731, 28.4731, 28.4731, 28.4731, 28.4731, 28.4909, 28.4731
4.78152, 26.7576, 34.2317, 28.5876, 5.36261, -7.47414, 0, 28.5877, 28.5878, 28.5878, 32.306, 28.6175, 28.5916, 30.4603, 28.5876, 28.5876, 28.5876, 28.5876, 28.5876, 28.5876, 28.5876, 28.5876, 28.5876, 28.5876, 28.5876, 28.5876, 28.5877, 28.5876, 28.5876, 28.6066, 28.5876
4.78939, 26.9551, 34.168, 28.702, 5.38099, -7.2129, 0, 28.702, 28.7021, 28.7021, 31.8534, 28.7307, 28.706, 30.9628, 28.702, 28.702, 28.702, 28.702, 28.702, 28.702, 28.702, 28.702, 28.702, 28.702, 28.702, 28.702, 28.702, 28.702, 28.702, 28.7228, 28.702
4.79725, 30.0862, 34.2465, 28.8161, 5.66447, -4.16021, 0, 28.8161, 28.8162, 28.8162, 31.4628, 28.8434, 28.8201, 31.5447, 28.8161, 28.8161, 28.8161, 28.8161, 28.8161, 28.8161, 28.8161, 28.8161, 28.8161, 28.8161, 28.8161, 28.8161, 28.8161, 28.8161, 28.8161, 28.8394, 28.8161
4.80512, 30.829, 34.4666, 28.9298, 5.72966, -3.63757, 0, 28.9298, 28.93, 28.93, 31.1337, 28.9556, 28.9339, 32.206, 28.9298, 28.9298, 28.9298, 28.9298, 28.9298, 28.9298, 28.9298, 28.9298, 28.9298, 28.9298, 28.9298, 28.9298, 28.9298, 28.9298, 28.9298, 28.9563, 28.9298
4.81298, 29.6684, 34.8247, 29.0432, 5.62747, -5.15633, 0, 29.0432, 29.0433, 29.0433, 30.8639, 29.0674, 29.0473, 32.945, 29.0432, 29.0432, 29.0432, 29.0432, 29.0432, 29.0432, 29.0432, 29.0432, 29.0432, 29.0432, 29.0432, 29.0432, 29.0432, 29.0432, 29.0432, 29.0734, 29.0432
4.82084, 34.3757, 35.314, 29.156, 6.03122, -0.938332, 0, 29.156, 29.1561, 29.1561, 30.6497, 29.1785, 29.1602, 33.7585, 29.156, 29.156, 29.156, 29.156, 29.156, 29.156, 29.156, 29.156, 29.156, 29.156, 29.156, 29.156, 29.156, 29.156, 29.156, 29.1907, 29.156
4.82871, 29.7007, 35.924, 29.2682, 5.63034, -6.22326, 0, 29.2682, 29.2683, 29.2683, 30.4865, 29.2891, 29.2725, 34.6405, 29.2682, 29.2682, 29.2682, 29.2682, 29.2682, 29.2682, 29.2682, 29.2682, 29.2682, 29.2682, 29.2682, 29.2682, 29.2682, 29.2682, 29.2682, 29.3078, 29.2682
4.83657, 31.5515, 36.6406, 29.3797, 5.79237, -5.0891, 0, 29.3797, 29.3798, 29.3798, 30.3692, 29.3989, 29.384, 35.5821, 29.3797, 29.3797, 29.3797, 29.3797, 29.3797, 29.3797, 29.3797, 29.3797, 29.3797, 29.3797, 29.3797, 29.3797, 29.3797, 29.3797, 29.3797, 29.4247, 29.3797
4.84444, 28.7817, 37.4464, 29.4903, 5.54813, -8.66471, 0, 29.4903, 29.4904, 29.4904, 30.2922, 29.5079, 29.4947, 36.5713, 29.4903, 29.4903, 29.4903, 29.4903, 29.4903, 29.4903, 29.4903, 29.4903, 29.4903, 29.4903, 29.4903, 29.4903, 29.4903, 29.4903, 29.4903, 29.5412, 29.4903
4.8523, 39.8669, 38.3206, 29.5999, 6.47046, 1.54629, 0, 29.5999, 29.6001, 29.6001, 30.2499, 29.616, 29.6044, 37.5928, 29.5999, 29.5999, 29.5999, 29.5999, 29.5999, 29.5999, 29.5999, 29.5999, 29.5999, 29.5999, 29.5999, 29.5999, 29.5999, 29.5999, 29.5999, 29.6569, 29.5999
4.86017, 41.4349, 39.2396, 29.7085, 6.59051, 2.19529, 0, 29.7085, 29.7086, 29.7086, 30.237, 29.7232, 29.713, 38.6283, 29.7085, 29.7085, 29.7085, 29.7085, 29.7085, 29.7085, 29.7085, 29.7085, 29.7085, 29.7085, 29.7085, 29.7085, 29.7085, 29.7085, 29.7085, 29.7716, 29.7085
4.86803, 31.753, 40.1774, 29.8158, 5.80973, -8.42447, 0, 29.8158, 29.8159, 29.8159, 30.2486, 29.8292, 29.8204, 39.6569, 29.8158, 29.8158, 29.8158, 29.8158, 29.8158, 29.8158, 29.8158, 29.8158, 29.8158, 29.8158, 29.8158, 29.8158, 29.8158, 29.8158, 29.8158, 29.8852, 29.8158
4.8759, 35.0261, 41.1069, 29.9218, 6.08491, -6.08071, 0, 29.9218, 29.922, 29.922, 30.2802, 29.9341, 29.9265, 40.6558, 29.9218, 29.9218, 29.9218, 29.9218, 29.9218, 29.9218, 29.9218, 29.9218, 29.9218, 29.9218, 29.9218, 29.9218, 29.9218, 29.9218, 29.9218, 29.9973, 29.9218
4.88376, 31.4061, 41.9999, 30.0265, 5.7798, -10.5938, 0, 30.0265, 30.0266, 30.0266, 30.3276, 30.0377, 30.0312, 41.6012, 30.0265, 30.0265, 30.0265, 30.0265, 30.0265, 30.0265, 30.0265, 30.0265, 30.0265, 30.0265, 30.0265, 30.0265, 30.0265, 30.0265, 30.0265, 30.1078, 30.0265
4.89163, 29.0889, 42.8292, 30.1297, 5.57575, -13.7403, 0, 30.1297, 30.1298, 30.1298, 30.3876, 30.14, 30.1344, 42.4691, 30.1297, 30.1297, 30.1297, 30.1297, 30.1297, 30.1297, 30.1297, 30.1297, 30.1297, 30.1297, 30.1297, 30.1297, 30.1297, 30.1297, 30.1297, 30.2165, 30.1297
4.89949, 44.5106, 43.5689, 30.2314, 6.81987, 0.941692, 0, 30.2314, 30.2316, 30.2316, 30.4571, 30.241, 30.2362, 43.2368, 30.2314, 30.2314, 30.2314, 30.2314, 30.2314, 30.2314, 30.2314, 30.2314, 30.2314, 30.2314, 30.2314, 30.2314, 30.2314, 30.2314, 30.2314, 30.3231, 30.2314
4.90736, 42.4284, 44.1958, 30.3316, 6.66546, -1.76741, 0, 30.3317, 30.3318, 30.3318, 30.5338, 30.3406, 30.3365, 43.8836, 30.3316, 30.3316, 30.3316, 30.3316, 30.3316, 30.3316, 30.3316, 30.3316, 30.3316, 30.3316, 30.3316, 30.3316, 30.3317, 30.3316, 30.3316, 30.4276, 30.3316
4.91522, 34.0715, 44.6904, 30.4304, 6.00596, -10.6189, 0, 30.4305, 30.4306, 30.4306, 30.6157, 30.4389, 30.4354, 44.392, 30.4304, 30.4304, 30.4304, 30.4304, 30.4304, 30.4304, 30.4304, 30.4304, 30.4304, 30.4304, 30.4304, 30.4304, 30.4304, 30.4304, 30.4304, 30.5299, 30.4304
4.92309, 35.7222, 45.0379, 30.5279, 6.14184, -9.31568, 0, 30.5279, 30.528, 30.528, 30.7014, 30.5359, 30.5329, 44.7489, 30.5279, 30.5279, 30.5279, 30.5279, 30.5279, 30.5279, 30.5279, 30.5279, 30.5279, 30.5279, 30.5279, 30.5279, 30.5279, 30.5279, 30.5279, 30.63, 30.5279
4.93095, 33.2113, 45.2286, 30.6241, 5.93391, -12.0173, 0, 30.6241, 30.6242, 30.6242, 30.7897, 30.6317, 30.6291, 44.946, 30.6241, 30.6241, 30.6241, 30.6241, 30.6241, 30.6241, 30.6241, 30.6241, 30.6241, 30.6241, 30.6241, 30.6241, 30.6241, 30.6241, 30.6241, 30.7279, 30.6241
4.93882, 32.3603, 45.2584, 30.7191, 5.86177, -12.8981, 0, 30.7191, 30.7193, 30.7193, 30.8798, 30.7265, 30.7242, 44.9802, 30.7191, 30.7191, 30.7191, 30.7191, 30.7191, 30.7191, 30.7191, 30.7191, 30.7191, 30.7191, 30.7191, 30.7191, 30.7191, 30.7191, 30.7191, 30.8238, 30.7191
4.94668, 33.9152, 45.1292, 30.8132, 5.99293, -11.214, 0, 30.8132, 30.8134, 30.8134, 30.9711, 30.8204, 30.8184, 44.854, 30.8132, 30.8132, 30.8132, 30.8132, 30.8132, 30.8132, 30.8132, 30.8132, 30.8132, 30.8132, 30.8132, 30.8132, 30.8132, 30.8132, 30.8132, 30.9178, 30.8132
4.95455, 35.6495, 44.8481, 30.9066, 6.13592, -9.19864, 0, 30.9066, 30.9067, 30.9067, 31.0632, 30.9137, 30.9118, 44.5753, 30.9066, 30.9066, 30.9066, 30.9066, 30.9066, 30.9066, 30.9066, 30.9066, 30.9066, 30.9066, 30.9066, 30.9066, 30.9066, 30.9066, 30.9066, 31.0101, 30.9066
4.96241, 41.9444, 44.4277, 30.9994, 6.62906, -2.48323, 0, 30.9994, 30.9995, 30.9995, 31.1559, 31.0064, 31.0047, 44.1568, 30.9994, 30.9994, 30.9994, 30.9994, 30.9994, 30.9994, 30.9994, 30.9994, 30.9994, 30.9994, 30.9994, 30.9994, 30.9994, 30.9994, 30.9994, 31.1011, 30.9994
4.97028, 38.95, 43.8844, 31.0919, 6.39922, -4.93436, 0, 31.0919, 31.0921, 31.0921, 31.2492, 31.0989, 31.0972, 43.6153, 31.0919, 31.0919, 31.0919, 31.0919, 31.0919, 31.0919, 31.0919, 31.0919, 31.0919, 31.0919, 31.0919, 31.0919, 31.0919, 31.0919, 31.0919, 31.191, 31.0919
4.97814, 41.6145, 43.2384, 31.1844, 6.60413, -1.62388, 0, 31.1844, 31.1845, 31.1845, 31.3431, 31.1914, 31.1898, 42.9713, 31.1844, 31.1844, 31.1844, 31.1844, 31.1844, 31.1844, 31.1844, 31.1844, 31.1844, 31.1844, 31.1844, 31.1844, 31.1844, 31.1844, 31.1844, 31.28, 31.1844
4.986, 33.669, 42.5121, 31.277, 5.97235, -8.84311, 0, 31.277, 31.2772, 31.2772, 31.4376, 31.2841, 31.2825, 42.247, 31.277, 31.277, 31.277, 31.277, 31.277, 31.277, 31.277, 31.277, 31.277, 31.277, 31.277, 31.277, 31.277, 31.277, 31.277, 31.3687, 31.277
4.99387, 38.9139, 41.729, 31.3701, 6.3964, -2.81509, 0, 31.3701, 31.3702, 31.3702, 31.533, 31.3772, 31.3756, 41.4661, 31.3701, 31.3701, 31.3701, 31.3701, 31.3701, 31.3701, 31.3701, 31.3701, 31.3701, 31.3701, 31.3701, 31.3701, 31.3701, 31.3701, 31.3701, 31.4572, 31.3701
5.00173, 35.6787, 40.9129, 31.4637, 6.1383, -5.2342, 0, 31.4637, 31.4639, 31.4639, 31.6292, 31.4709, 31.4693, 40.6521, 31.4637, 31.4637, 31.4637, 31.4637, 31.4637, 31.4637, 31.4637, 31.4637, 31.4637, 31.4637, 31.4637, 31.4637, 31.4637, 31.4637, 31.4637, 31.5459, 31.4637
5.0096, 25.2713, 40.0864, 31.5582, 5.2222, -14.815, 0, 31.5582, 31.5583, 31.5583, 31.7265, 31.5654, 31.5638, 39.8278, 31.5582, 31.5582, 31.5582, 31.5582, 31.5582, 31.5582, 31.5582, 31.5582, 31.5582, 31.5582, 31.5582, 31.5582, 31.5582, 31.5582, 31.5582, 31.6351, 31.5582
5.01746, 29.3601, 39.2702, 31.6535, 5.60001, -9.91015, 0, 31.6535, 31.6537, 31.6537, 31.8251, 31.6608, 31.6593, 39.0138, 31.6535, 31.6535, 31.6535, 31.6535, 31.6535, 31.6535, 31.6535, 31.6535, 31.6535, 31.6535, 31.6535, 31.6535, 31.6535, 31.6535, 31.6535, 31.7251, 31.6535
5.02533, 29.0993, 38.483, 31.75, 5.57667, -9.38377, 0, 31.75, 31.7501, 31.7501, 31.9249, 31.7574, 31.7558, 38.2284, 31.75, 31.75, 31.75, 31.75, 31.75, 31.75, 31.75, 31.75, 31.75, 31.75, 31.75, 31.75, 31.75, 31.75, 31.75, 31.816, 31.75
5.03319, 28.7171, 37.74, 31.8475, 5.5423, -9.02287, 0, 31.8475, 31.8477, 31.8477, 32.0263, 31.855, 31.8534, 37.4869, 31.8475, 31.8475, 31.8475, 31.8475, 31.8475, 31.8475, 31.8475, 31.8475, 31.8475, 31.8475, 31.8475, 31.8475, 31.8475, 31.8475, 31.8475, 31.9081, 31.8475
5.04106, 25.8105, 37.0532, 31.9462, 5.27357, -11.2427, 0, 31.9462, 31.9464, 31.9464, 32.1292, 31.9538, 31.9522, 36.8011, 31.9462, 31.9462, 31.9462, 31.9462, 31.9462, 31.9462, 31.9462, 31.9462, 31.9462, 31.9462, 31.9462, 31.9462, 31.9462, 31.9462, 31.9462, 32.0015, 31.9462
5.04892, 19.9765, 36.4315, 32.0462, 4.68791, -16.4551, 0, 32.0462, 32.0463, 32.0463, 32.2338, 32.0539, 32.0523, 36.1797, 32.0462, 32.0462, 32.0462, 32.0462, 32.0462, 32.0462, 32.0462, 32.0462, 32.0462, 32.0462, 32.0462, 32.0462, 32.0462, 32.0462, 32.0462, 32.0962, 32.0462
5.05679, 20.2527, 35.8804, 32.1473, 4.71728, -15.6277, 0, 32.1473, 32.1474, 32.1474, 32.3402, 32.1551, 32.1535, 35.628, 32.1473, 32.1473, 32.1473, 32.1473, 32.1473, 32.1473, 32.1473, 32.1473, 32.1473, 32.1473, 32.1473, 32.1473, 32.1473, 32.1473, 32.1473, 32.1924, 32.1473
5.06465, 26.6066, 35.4025, 32.2495, 5.34851, -8.79593, 0, 32.2495, 32.2496, 32.2496, 32.4484, 32.2574, 32.2559, 35.1484, 32.2495, 32.2495, 32.2495, 32.2495, 32.2495, 32.2495, 32.2495, 32.2495, 32.2495, 32.2495, 32.2495, 32.2495, 32.2495, 32.2495, 32.2495, 32.2901, 32.2495
5.07252, 29.5024, 34.9979, 32.3528, 5.6127, -5.49549, 0, 32.3528, 32.3529, 32.3529, 32.5585, 32.3608, 32.3595, 34.7406, 32.3528, 32.3528, 32.3528, 32.3528, 32.3528, 32.3528, 32.3528, 32.3528, 32.3528, 32.3528, 32.3528, 32.3528, 32.3528, 32.3528, 32.3528, 32.3892, 32.3528
5.08038, 35.5911, 34.6646, 32.457, 6.13116, 0.926514, 0, 32.457, 32.4572, 32.4572, 32.6708, 32.4652, 32.4641, 34.4025, 32.457, 32.457, 32.457, 32.457, 32.457, 32.457, 32.457, 32.457, 32.457, 32.457, 32.457, 32.457, 32.457, 32.457, 32.457, 32.4897, 32.457
5.08825, 23.298, 34.3988, 32.5622, 5.02971, -11.1008, 0, 32.5622, 32.5623, 32.5623, 32.7854, 32.5704, 32.5698, 34.1299, 32.5622, 32.5622, 32.5622, 32.5622, 32.5622, 32.5622, 32.5622, 32.5622, 32.5622, 32.5622, 32.5622, 32.5622, 32.5622, 32.5622, 32.5622, 32.5916, 32.5622
5.09611, 26.6043, 34.1958, 32.6681, 5.34829, -7.59157, 0, 32.6681, 32.6682, 32.6682, 32.9024, 32.6765, 32.6765, 33.9177, 32.6681, 32.6681, 32.6681, 32.6681, 32.6681, 32.6681, 32.6681, 32.6681, 32.6681, 32.6681, 32.6681, 32.6681, 32.6681, 32.6681, 32.6681, 32.6948, 32.6681
5.10398, 21.9765, 34.0502, 32.7746, 4.89658, -12.0738, 0, 32.7746, 32.7748, 32.7748, 33.022, 32.7831, 32.7843, 33.7598, 32.7746, 32.7746, 32.7746, 32.7746, 32.7746, 32.7746, 32.7746, 32.7746, 32.7746, 32.7746, 32.7746, 32.7746, 32.7746, 32.7746, 32.7746, 32.7992, 32.7746
5.11184, 23.8396, 33.9563, 32.8818, 5.08327, -10.1166, 0, 32.8818, 32.8819, 32.8819, 33.1448, 32.8904, 32.8932, 33.6501, 32.8818, 32.8818, 32.8818, 32.8818, 32.8818, 32.8818, 32.8818, 32.8818, 32.8818, 32.8818, 32.8818, 32.8818, 32.8818, 32.8818, 32.8818, 32.9046, 32.8818
5.11971, 22.4924, 33.9083, 32.9894, 4.94898, -11.4159, 0, 32.9894, 32.9895, 32.9895, 33.2709, 32.9981, 33.0034, 33.582, 32.9894, 32.9894, 32.9894, 32.9894, 32.9894, 32.9894, 32.9894, 32.9894, 32.9894, 32.9894, 32.9894, 32.9894, 32.9894, 32.9894, 32.9894, 33.0111, 32.9894
5.12757, 21.212, 33.9011, 33.0973, 4.81789, -12.6891, 0, 33.0973, 33.0974, 33.0974, 33.4008, 33.1061, 33.1151, 33.5495, 33.0973, 33.0973, 33.0973, 33.0973, 33.0973, 33.0973, 33.0973, 33.0973, 33.0973, 33.0973, 33.0973, 33.0973, 33.0973, 33.0973, 33.0973, 33.1183, 33.0973
5.13544, 24.4311, 33.9298, 33.2055, 5.14112, -9.49868, 0, 33.2055, 33.2056, 33.2056, 33.5349, 33.2144, 33.2287, 33.5468, 33.2055, 33.2055, 33.2055, 33.2055, 33.2055, 33.2055, 33.2055, 33.2055, 33.2055, 33.2055, 33.2055, 33.2055, 33.2055, 33.2055, 33.2055, 33.2264, 33.2055
5.1433, 27.5153, 33.9905, 33.3138, 5.4328, -6.47517, 0, 33.3138, 33.314, 33.314, 33.6739, 33.3229, 33.3448, 33.5687, 33.3138, 33.3138, 33.3138, 33.3138, 33.3138, 33.3138, 33.3138, 33.3138, 33.3138, 33.3138, 33.3138, 33.3138, 33.3138, 33.3138, 33.3138, 33.3351, 33.3138
5.15117, 17.9271, 34.08, 33.4222, 4.46397, -16.1529, 0, 33.4222, 33.4224, 33.4224, 33.818, 33.4315, 33.4642, 33.6105, 33.4222, 33.4222, 33.4222, 33.4222, 33.4222, 33.4222, 33.4222, 33.4222, 33.4222, 33.4222, 33.4222, 33.4222, 33.4222, 33.4222, 33.4222, 33.4444, 33.4222
5.15903, 20.4489, 34.1959, 33.5307, 4.73803, -13.747, 0, 33.5307, 33.5308, 33.5308, 33.9679, 33.54, 33.588, 33.6683, 33.5307, 33.5307, 33.5307, 33.5307, 33.5307, 33.5307, 33.5307, 33.5307, 33.5307, 33.5307, 33.5307, 33.5307, 33.5307, 33.5307, 33.5307, 33.5541, 33.5307
5.16689, 28.3578, 34.3369, 33.6391, 5.50979, -5.97908, 0, 33.6391, 33.6393, 33.6393, 34.124, 33.6486, 33.7177, 33.7386, 33.6391, 33.6391, 33.6391, 33.6391, 33.6391, 33.6391, 33.6391, 33.6391, 33.6391, 33.6391, 33.6391, 33.6391, 33.6391, 33.6391, 33.6391, 33.6642, 33.6391
5.17476, 16.1604, 34.5023, 33.7474, 4.2615, -18.3419, 0, 33.7474, 33.7476, 33.7476, 34.2866, 33.757, 33.8549, 33.8186, 33.7474, 33.7474, 33.7474, 33.7474, 33.7474, 33.7474, 33.7474, 33.7474, 33.7474, 33.7474, 33.7474, 33.7474, 33.7474, 33.7474, 33.7474, 33.7746, 33.7474
5.18262, 21.7734, 34.6926, 33.8557, 4.87579, -12.9192, 0, 33.8557, 33.8558, 33.8558, 34.4562, 33.8654, 34.0022, 33.906, 33.8557, 33.8557, 33.8557, 33.8557, 33.8557, 33.8557, 33.8557, 33.8557, 33.8557, 33.8557, 33.8557, 33.8557, 33.8557, 33.8557, 33.8557, 33.8852, 33.8557
5.19049, 25.1608, 34.9089, 33.9637, 5.21161, -9.74801, 0, 33.9637, 33.9639, 33.9638, 34.6326, 33.9735, 34.1623, 33.9989, 33.9637, 33.9637, 33.9637, 33.9637, 33.9637, 33.9637, 33.9637, 33.9637, 33.9637, 33.9637, 33.9637, 33.9637, 33.9637, 33.9637, 33.9637, 33.9959, 33.9637
5.19835, 23.3915, 35.153, 34.0716, 5.03899, -11.7616, 0, 34.0716, 34.0717, 34.0717, 34.816, 34.0815, 34.3388, 34.096, 34.0716, 34.0716, 34.0716, 34.0716, 34.0716, 34.0716, 34.0716, 34.0716, 34.0716, 34.0716, 34.0716, 34.0716, 34.0716, 34.0716, 34.0716, 34.1067, 34.0716
5.20622, 26.5687, 35.4277, 34.1792, 5.34497, -8.85896, 0, 34.1792, 34.1793, 34.1793, 35.0058, 34.1893, 34.5355, 34.1959, 34.1792, 34.1792, 34.1792, 34.1792, 34.1792, 34.1792, 34.1792, 34.1792, 34.1792, 34.1792, 34.1792, 34.1792, 34.1792, 34.1792, 34.1792, 34.2177, 34.1792
5.21408, 18.5635, 35.7361, 34.2866, 4.5347, -17.1726, 0, 34.2866, 34.2867, 34.2867, 35.2015, 34.2968, 34.7573, 34.2979, 34.2866, 34.2866, 34.2866, 34.2866, 34.2866, 34.2866, 34.2866, 34.2866, 34.2866, 34.2866, 34.2866, 34.2866, 34.2866, 34.2866, 34.2866, 34.3286, 34.2866
5.22195, 23.7335, 36.0822, 34.3937, 5.07282, -12.3488, 0, 34.3937, 34.3939, 34.3939, 35.4022, 34.4041, 35.0095, 34.4013, 34.3937, 34.3937, 34.3937, 34.3937, 34.3937, 34.3937, 34.3937, 34.3937, 34.3937, 34.3937, 34.3937, 34.3937, 34.3937, 34.3937, 34.3937, 34.4398, 34.3937
5.22981, 25.2085, 36.4701, 34.5006, 5.21618, -11.2615, 0, 34.5006, 34.5007, 34.5007, 35.6066, 34.5111, 35.2978, 34.5056, 34.5006, 34.5006, 34.5006, 34.5006, 34.5006, 34.5006, 34.5006, 34.5006, 34.5006, 34.5006, 34.5006, 34.5006, 34.5006, 34.5006, 34.5006, 34.5509, 34.5006
5.23768, 21.8911, 36.9041, 34.6072, 4.88786, -15.013, 0, 34.6072, 34.6073, 34.6073, 35.8133, 34.6178, 35.6285, 34.6105, 34.6072, 34.6072, 34.6072, 34.6072, 34.6072, 34.6072, 34.6072, 34.6072, 34.6072, 34.6072, 34.6072, 34.6072, 34.6072, 34.6072, 34.6072, 34.6623, 34.6072
5.24554, 18.3096, 37.3889, 34.7134, 4.50662, -19.0793, 0, 34.7134, 34.7136, 34.7136, 36.0205, 34.7242, 36.0081, 34.7156, 34.7134, 34.7134, 34.7134, 34.7134, 34.7134, 34.7134, 34.7134, 34.7134, 34.7134, 34.7134, 34.7134, 34.7134, 34.7134, 34.7134, 34.7134, 34.774, 34.7134
5.25341, 19.2906, 37.9286, 34.8194, 4.61418, -18.638, 0, 34.8194, 34.8195, 34.8195, 36.2262, 34.8303, 36.4427, 34.8208, 34.8194, 34.8194, 34.8194, 34.8194, 34.8194, 34.8194, 34.8194, 34.8194, 34.8194, 34.8194, 34.8194, 34.8194, 34.8194, 34.8194, 34.8194, 34.8859, 34.8194
5.26127, 32.5447, 38.5271, 34.925, 5.87747, -5.98238, 0, 34.9251, 34.9252, 34.9252, 36.4283, 34.936, 36.9383, 34.9259, 34.925, 34.925, 34.925, 34.925, 34.925, 34.925, 34.925, 34.925, 34.925, 34.925, 34.925, 34.925, 34.925, 34.925, 34.925, 34.9984, 34.925
5.26914, 25.258, 39.187, 35.0304, 5.22092, -13.9291, 0, 35.0304, 35.0305, 35.0305, 36.6244, 35.0415, 37.5, 35.0309, 35.0304, 35.0304, 35.0304, 35.0304, 35.0304, 35.0304, 35.0304, 35.0304, 35.0304, 35.0304, 35.0304, 35.0304, 35.0304, 35.0304, 35.0304, 35.1114, 35.0304
5.277, 39.8109, 39.9101, 35.1353, 6.46613, -0.0992508, 0, 35.1353, 35.1355, 35.1355, 36.8123, 35.1466, 38.1316, 35.1357, 35.1353, 35.1353, 35.1353, 35.1353, 35.1353, 35.1353, 35.1353, 35.1353, 35.1353, 35.1353, 35.1353, 35.1353, 35.1353, 35.1353, 35.1353, 35.225, 35.1353
5.28487, 36.8084, 40.6966, 35.24, 6.22964, -3.88814, 0, 35.24, 35.2401, 35.2401, 36.99, 35.2514, 38.8352, 35.2402, 35.24, 35.24, 35.24, 35.24, 35.24, 35.24, 35.24, 35.24, 35.24, 35.24, 35.24, 35.24, 35.24, 35.24, 35.24, 35.3394, 35.24
5.29273, 31.5524, 41.5442, 35.3443, 5.79244, -9.99176, 0, 35.3443, 35.3444, 35.3444, 37.1553, 35.3558, 39.6108, 35.3444, 35.3443, 35.3443, 35.3443, 35.3443, 35.3443, 35.3443, 35.3443, 35.3443, 35.3443, 35.3443, 35.3443, 35.3443, 35.3443, 35.3443, 35.3443, 35.4547, 35.3443
5.3006, 35.3461, 42.4487, 35.4482, 6.11115, -7.10258, 0, 35.4482, 35.4483, 35.4483, 37.3067, 35.4598, 40.4555, 35.4483, 35.4482, 35.4482, 35.4482, 35.4482, 35.4482, 35.4482, 35.4482, 35.4482, 35.4482, 35.4482, 35.4482, 35.4482, 35.4482, 35.4482, 35.4482, 35.5708, 35.4482
5.30846, 37.7051, 43.4032, 35.5517, 6.3012, -5.69814, 0, 35.5517, 35.5519, 35.5519, 37.4428, 35.5635, 41.3639, 35.5518, 35.5517, 35.5517, 35.5517, 35.5517, 35.5517, 35.5517, 35.5517, 35.5517, 35.5517, 35.5517, 35.5517, 35.5517, 35.5517, 35.5517, 35.5517, 35.6879, 35.5517
5.31633, 39.6347, 44.3979, 35.6549, 6.45249, -4.76328, 0, 35.6549, 35.655, 35.655, 37.5627, 35.6668, 42.3269, 35.6549, 35.6549, 35.6549, 35.6549, 35.6549, 35.6549, 35.6549, 35.6549, 35.6549, 35.6549, 35.6549, 35.6549, 35.6549, 35.6549, 35.6549, 35.6549, 35.8057, 35.6549
5.32419, 36.8459, 45.4202, 35.7576, 6.23265, -8.57433, 0, 35.7576, 35.7578, 35.7578, 37.6661, 35.7697, 43.3326, 35.7576, 35.7576, 35.7576, 35.7576, 35.7576, 35.7576, 35.7576, 35.7576, 35.7576, 35.7576, 35.7576, 35.7576, 35.7576, 35.7576, 35.7576, 35.7576, 35.9244, 35.7576
5.33206, 40.7198, 46.4548, 35.86, 6.53604, -5.73497, 0, 35.86, 35.8601, 35.8601, 37.7531, 35.8722, 44.3656, 35.86, 35.86, 35.86, 35.86, 35.86, 35.86, 35.86, 35.86, 35.86, 35.86, 35.86, 35.86, 35.86, 35.86, 35.86, 35.86, 36.0436, 35.86
5.33992, 42.9072, 47.4836, 35.9619, 6.70128, -4.57642, 0, 35.9619, 35.9621, 35.9621, 37.8241, 35.9742, 45.4075, 35.9619, 35.9619, 35.9619, 35.9619, 35.9619, 35.9619, 35.9619, 35.9619, 35.9619, 35.9619, 35.9619, 35.9619, 35.9619, 35.9619, 35.9619, 35.9619, 36.1631, 35.9619
5.34778, 49.981, 48.4869, 36.0634, 7.20979, 1.49413, 0, 36.0634, 36.0636, 36.0636, 37.8804, 36.0759, 46.4379, 36.0634, 36.0634, 36.0634, 36.0634, 36.0634, 36.0634, 36.0634, 36.0634, 36.0634, 36.0634, 36.0634, 36.0634, 36.0634, 36.0634, 36.0634, 36.0634, 36.2826, 36.0634
5.35565, 53.3196, 49.4435, 36.1645, 7.43771, 3.87606, 0, 36.1645, 36.1646, 36.1646, 37.9233, 36.1771, 47.4345, 36.1645, 36.1645, 36.1645, 36.1645, 36.1645, 36.1645, 36.1645, 36.1645, 36.1645, 36.1645, 36.1645, 36.1645, 36.1645, 36.1645, 36.1645, 36.1645, 36.4018, 36.1645
5.36351, 53.3798, 50.3316, 36.2651, 7.44176, 3.04819, 0, 36.2651, 36.2653, 36.2653, 37.9546, 36.2778, 48.374, 36.2651, 36.2651, 36.2651, 36.2651, 36.2651, 36.2651, 36.2651, 36.2651, 36.2651, 36.2651, 36.2651, 36.2651, 36.2651, 36.2651, 36.2651, 36.2651, 36.5202, 36.2651
5.37138, 54.6358, 51.1297, 36.3653, 7.52567, 3.5061, 0, 36.3653, 36.3654, 36.3654, 37.9764, 36.3782, 49.2333, 36.3653, 36.3653, 36.3653, 36.3653, 36.3653, 36.3653, 36.3653, 36.3653, 36.3653, 36.3653, 36.3653, 36.3653, 36.3653, 36.3653, 36.3653, 36.3653, 36.6374, 36.3653
5.37924, 51.6019, 51.8176, 36.465, 7.32133, -0.215744, 0, 36.465, 36.4651, 36.4651, 37.9908, 36.478, 49.9906, 36.465, 36.465, 36.465, 36.465, 36.465, 36.465, 36.465, 36.465, 36.465, 36.465, 36.465, 36.465, 36.465, 36.465, 36.465, 36.465, 36.7528, 36.465
5.38711, 65.5288, 52.3775, 36.5642, 8.21759, 13.1513, 0, 36.5642, 36.5644, 36.5644, 38.0002, 36.5774, 50.6262, 36.5642, 36.5642, 36.5642, 36.5642, 36.5642, 36.5642, 36.5642, 36.5642, 36.5642, 36.5642, 36.5642, 36.5642, 36.5642, 36.5642, 36.5642, 36.5642, 36.866, 36.5642
5.39497, 62.081, 52.7946, 36.6629, 8.00506, 9.28644, 0, 36.6629, 36.6631, 36.6631, 38.0067, 36.6762, 51.1236, 36.6629, 36.6629, 36.6629, 36.6629, 36.6629, 36.6629, 36.6629, 36.6629, 36.6629, 36.6629, 36.6629, 36.6629, 36.6629, 36.6629, 36.6629, 36.6629, 36.9766, 36.6629
5.40284, 59.92, 53.0582, 36.7612, 7.86892, 6.86173, 0, 36.7612, 36.7613, 36.7613, 38.0125, 36.7746, 51.4703, 36.7612, 36.7612, 36.7612, 36.7612, 36.7612, 36.7612, 36.7612, 36.7612, 36.7612, 36.7612, 36.7612, 36.7612, 36.7612, 36.7612, 36.7612, 36.7612, 37.084, 36.7612
5.4107, 58.3901, 53.1621, 36.8589, 7.77111, 5.22796, 0, 36.8589, 36.8591, 36.8591, 38.0194, 36.8725, 51.6586, 36.8589, 36.8589, 36.8589, 36.8589, 36.8589, 36.8589, 36.8589, 36.8589, 36.8589, 36.8589, 36.8589, 36.8589, 36.8589, 36.8589, 36.8589, 36.8589, 37.1881, 36.8589
5.41857, 54.3898, 53.105, 36.9561, 7.50931, 1.28477, 0, 36.9561, 36.9563, 36.9563, 38.029, 36.9698, 51.6857, 36.9561, 36.9561, 36.9561, 36.9561, 36.9561, 36.9561, 36.9561, 36.9561, 36.9561, 36.9561, 36.9561, 36.9561, 36.9561, 36.9561, 36.9561, 36.9561, 37.2885, 36.9561
5.42643, 63.8238, 52.8907, 37.0528, 8.11319, 10.9332, 0, 37.0528, 37.0529, 37.053, 38.0429, 37.0667, 51.5541, 37.0528, 37.0528, 37.0528, 37.0528, 37.0528, 37.0528, 37.0528, 37.0528, 37.0528, 37.0528, 37.0528, 37.0528, 37.0528, 37.0528, 37.0528, 37.0528, 37.3851, 37.0528
5.4343, 73.0235, 52.5277, 37.1489, 8.66161, 20.4958, 0, 37.149, 37.1491, 37.1491, 38.062, 37.163, 51.2715, 37.1489, 37.1489, 37.1489, 37.1489, 37.1489, 37.1489, 37.1489, 37.1489, 37.1489, 37.1489, 37.1489, 37.1489, 37.1489, 37.1489, 37.1489, 37.1489, 37.4777, 37.1489
5.44216, 59.4821, 52.0292, 37.2446, 7.84105, 7.45292, 0, 37.2446, 37.2447, 37.2447, 38.0871, 37.2587, 50.8501, 37.2446, 37.2446, 37.2446, 37.2446, 37.2446, 37.2446, 37.2446, 37.2446, 37.2446, 37.2446, 37.2446, 37.2446, 37.2446, 37.2446, 37.2446, 37.2446, 37.5666, 37.2446
5.45003, 61.88, 51.412, 37.3396, 7.9925, 10.468, 0, 37.3396, 37.3398, 37.3398, 38.1187, 37.3539, 50.306, 37.3396, 37.3396, 37.3396, 37.3396, 37.3396, 37.3396, 37.3396, 37.3396, 37.3396, 37.3396, 37.3396, 37.3396, 37.3396, 37.3396, 37.3396, 37.3396, 37.6518, 37.3396
5.45789, 61.4377, 50.696, 37.4341, 7.96478, 10.7417, 0, 37.4341, 37.4342, 37.4343, 38.157, 37.4485, 49.6587, 37.4341, 37.4341, 37.4341, 37.4341, 37.4341, 37.4341, 37.4341, 37.4341, 37.4341, 37.4341, 37.4341, 37.4341, 37.4341, 37.4341, 37.4341, 37.4341, 37.7336, 37.4341
5.46576, 49.7884, 49.9031, 37.528, 7.19641, -0.114731, 0, 37.528, 37.5282, 37.5283, 38.202, 37.5426, 48.9297, 37.528, 37.528, 37.528, 37.528, 37.528, 37.528, 37.528, 37.528, 37.528, 37.528, 37.528, 37.528, 37.528, 37.528, 37.528, 37.528, 37.8124, 37.528
5.47362, 54.4518, 49.056, 37.6213, 7.51344, 5.39571, 0, 37.6214, 37.6215, 37.6216, 38.2534, 37.6361, 48.1417, 37.6213, 37.6213, 37.6213, 37.6213, 37.6213, 37.6213, 37.6213, 37.6213, 37.6213, 37.6213, 37.6213, 37.6213, 37.6213, 37.6213, 37.6213, 37.6213, 37.8885, 37.6213
5.48149, 52.9241, 48.1779, 37.7141, 7.41108, 4.74625, 0, 37.7141, 37.7142, 37.7144, 38.3109, 37.729, 47.3174, 37.7141, 37.7141, 37.7141, 37.7141, 37.7141, 37.7141, 37.7141, 37.7141, 37.7141, 37.7141, 37.7141, 37.7141, 37.7141, 37.7141, 37.7141, 37.7141, 37.9624, 37.7141
5.48935, 54.955, 47.2907, 37.8062, 7.54686, 7.66433, 0, 37.8062, 37.8064, 37.8066, 38.3739, 37.8213, 46.479, 37.8062, 37.8062, 37.8062, 37.8062, 37.8062, 37.8062, 37.8062, 37.8062, 37.8062, 37.8062, 37.8062, 37.8062, 37.8062, 37.8062, 37.8062, 37.8062, 38.0347, 37.8062
5.49722, 43.4485, 46.4145, 37.8977, 6.74155, -2.96604, 0, 37.8977, 37.8979, 37.8981, 38.4418, 37.913, 45.6466, 37.8977, 37.8977, 37.8977, 37.8977, 37.8977, 37.8977, 37.8977, 37.8977, 37.8977, 37.8977, 37.8977, 37.8977, 37.8977, 37.8977, 37.8977, 37.8977, 38.1057, 37.8977
5.50508, 40.4211, 45.5675, 37.9886, 6.51315, -5.14639, 0, 37.9886, 37.9888, 37.9891, 38.5142, 38.0041, 44.8385, 37.9886, 37.9886, 37.9886, 37.9886, 37.9886, 37.9886, 37.9886, 37.9886, 37.9886, 37.9886, 37.9886, 37.9886, 37.9886, 37.9886, 37.9886, 37.9886, 38.176, 37.9886
5.51294, 40.4679, 44.7645, 38.0789, 6.51674, -4.2966, 0, 38.0789, 38.079, 38.0794, 38.5903, 38.0945, 44.0697, 38.0789, 38.0789, 38.0789, 38.0789, 38.0789, 38.0789, 38.0789, 38.0789, 38.0789, 38.0789, 38.0789, 38.0789, 38.0789, 38.0789, 38.0789, 38.0789, 38.246, 38.0789
5.52081, 32.9653, 44.0176, 38.1685, 5.91315, -11.0523, 0, 38.1685, 38.1686, 38.1692, 38.6695, 38.1844, 43.3524, 38.1685, 38.1685, 38.1685, 38.1685, 38.1685, 38.1685, 38.1685, 38.1685, 38.1685, 38.1685, 38.1685, 38.1685, 38.1685, 38.1685, 38.1685, 38.1685, 38.3159, 38.1685
5.52867, 29.4603, 43.3356, 38.2575, 5.60894, -13.8754, 0, 38.2575, 38.2576, 38.2583, 38.7513, 38.2737, 42.6958, 38.2575, 38.2575, 38.2575, 38.2575, 38.2575, 38.2575, 38.2575, 38.2575, 38.2575, 38.2575, 38.2575, 38.2575, 38.2575, 38.2575, 38.2575, 38.2575, 38.3863, 38.2575
5.53654, 39.9118, 42.7242, 38.3457, 6.47393, -2.8124, 0, 38.3457, 38.3459, 38.3467, 38.835, 38.3624, 42.1055, 38.3457, 38.3457, 38.3457, 38.3457, 38.3457, 38.3457, 38.3457, 38.3457, 38.3457, 38.3457, 38.3457, 38.3457, 38.3457, 38.3457, 38.3457, 38.3457, 38.4572, 38.3457
5.5444, 35.4361, 42.1861, 38.4333, 6.1185, -6.75005, 0, 38.4333, 38.4335, 38.4345, 38.9204, 38.4506, 41.5848, 38.4333, 38.4333, 38.4333, 38.4333, 38.4333, 38.4333, 38.4333, 38.4333, 38.4333, 38.4333, 38.4333, 38.4333, 38.4333, 38.4333, 38.4333, 38.4333, 38.529, 38.4333
5.55227, 40.002, 41.7217, 38.5202, 6.4809, -1.71968, 0, 38.5202, 38.5204, 38.5217, 39.0069, 38.5384, 41.1339, 38.5202, 38.5202, 38.5202, 38.5202, 38.5202, 38.5202, 38.5202, 38.5202, 38.5202, 38.5202, 38.5202, 38.5202, 38.5202, 38.5202, 38.5202, 38.5202, 38.6016, 38.5202
5.56013, 33.9576, 41.3292, 38.6065, 5.99647, -7.37155, 0, 38.6065, 38.6066, 38.6082, 39.0942, 38.6258, 40.7514, 38.6065, 38.6065, 38.6065, 38.6065, 38.6065, 38.6065, 38.6065, 38.6065, 38.6065, 38.6065, 38.6065, 38.6065, 38.6065, 38.6065, 38.6065, 38.6065, 38.6752, 38.6065
5.568, 28.5117, 41.005, 38.692, 5.52374, -12.4933, 0, 38.692, 38.6921, 38.6941, 39.1819, 38.7131, 40.4338, 38.692, 38.692, 38.692, 38.692, 38.692, 38.692, 38.692, 38.692, 38.692, 38.692, 38.692, 38.692, 38.692, 38.692, 38.692, 38.692, 38.7498, 38.692
5.57586, 27.9638, 40.7446, 38.7767, 5.47392, -12.7808, 0, 38.7767, 38.7769, 38.7793, 39.2698, 38.8006, 40.1764, 38.7767, 38.7767, 38.7767, 38.7767, 38.7767, 38.7767, 38.7767, 38.7767, 38.7767, 38.7767, 38.7767, 38.7767, 38.7767, 38.7767, 38.7767, 38.7767, 38.8253, 38.7767
5.58373, 27.9642, 40.5426, 38.8608, 5.47396, -12.5784, 0, 38.8608, 38.8609, 38.8638, 39.3578, 38.8886, 39.9738, 38.8608, 38.8608, 38.8608, 38.8608, 38.8608, 38.8608, 38.8608, 38.8608, 38.8608, 38.8608, 38.8608, 38.8608, 38.8608, 38.8608, 38.8608, 38.8608, 38.9017, 38.8608
5.59159, 26.5402, 40.3934, 38.9441, 5.3423, -13.8532, 0, 38.9441, 38.9443, 38.9477, 39.4455, 38.9777, 39.82, 38.9441, 38.9441, 38.9441, 38.9441, 38.9441, 38.9441, 38.9441, 38.9441, 38.9441, 38.9441, 38.9441, 38.9441, 38.9441, 38.9441, 38.9441, 38.9441, 38.9789, 38.9441
5.59946, 30.8021, 40.2914, 39.0267, 5.72731, -9.48936, 0, 39.0267, 39.0269, 39.0308, 39.533, 39.0688, 39.7088, 39.0267, 39.0267, 39.0267, 39.0267, 39.0267, 39.0267, 39.0267, 39.0267, 39.0267, 39.0267, 39.0267, 39.0267, 39.0267, 39.0267, 39.0267, 39.0267, 39.0567, 39.0267
5.60732, 24.2619, 40.2316, 39.1085, 5.12463, -15.9698, 0, 39.1085, 39.1087, 39.1134, 39.62, 39.1629, 39.6342, 39.1085, 39.1085, 39.1085, 39.1085, 39.1085, 39.1085, 39.1085, 39.1085, 39.1085, 39.1085, 39.1085, 39.1085, 39.1085, 39.1085, 39.1085, 39.1085, 39.1351, 39.1085
5.61519, 27.7833, 40.2097, 39.1896, 5.45741, -12.4264, 0, 39.1896, 39.1897, 39.1951, 39.7065, 39.2617, 39.5907, 39.1896, 39.1896, 39.1896, 39.1896, 39.1896, 39.1896, 39.1896, 39.1896, 39.1896, 39.1896, 39.1896, 39.1896, 39.1896, 39.1896, 39.1896, 39.1896, 39.2138, 39.1896
5.62305, 21.1781, 40.2222, 39.2698, 4.81436, -19.0441, 0, 39.2698, 39.27, 39.2762, 39.7924, 39.3672, 39.5728, 39.2698, 39.2698, 39.2698, 39.2698, 39.2698, 39.2698, 39.2698, 39.2698, 39.2698, 39.2698, 39.2698, 39.2698, 39.2698, 39.2698, 39.2698, 39.2698, 39.2928, 39.2698
5.63092, 24.2928, 40.2671, 39.3493, 5.12765, -15.9743, 0, 39.3493, 39.3495, 39.3566, 39.8777, 39.4822, 39.5759, 39.3493, 39.3493, 39.3493, 39.3493, 39.3493, 39.3493, 39.3493, 39.3493, 39.3493, 39.3493, 39.3493, 39.3493, 39.3493, 39.3493, 39.3493, 39.3493, 39.3719, 39.3493
5.63878, 22.5892, 40.3439, 39.428, 4.95875, -17.7547, 0, 39.428, 39.4282, 39.4362, 39.9623, 39.6103, 39.596, 39.428, 39.428, 39.428, 39.428, 39.428, 39.428, 39.428, 39.428, 39.428, 39.428, 39.428, 39.428, 39.428, 39.428, 39.428, 39.428, 39.451, 39.428
5.64665, 24.5174, 40.4536, 39.5059, 5.14951, -15.9362, 0, 39.5059, 39.5061, 39.5151, 40.0461, 39.7564, 39.6295, 39.5059, 39.5059, 39.5059, 39.5059, 39.5059, 39.5059, 39.5059, 39.5059, 39.5059, 39.5059, 39.5059, 39.5059, 39.5059, 39.5059, 39.5059, 39.5059, 39.53, 39.5059
5.65451, 21.2538, 40.599, 39.5829, 4.82222, -19.3452, 0, 39.5829, 39.5831, 39.5931, 40.1292, 39.9263, 39.6733, 39.5829, 39.5829, 39.5829, 39.5829, 39.5829, 39.5829, 39.5829, 39.5829, 39.5829, 39.5829, 39.5829, 39.5829, 39.5829, 39.5829, 39.5829, 39.5829, 39.6086, 39.5829
5.66238, 19.4192, 40.7852, 39.6592, 4.62809, -21.3659, 0, 39.6592, 39.6593, 39.6703, 40.2116, 40.1276, 39.7253, 39.6592, 39.6592, 39.6592, 39.6592, 39.6592, 39.6592, 39.6592, 39.6592, 39.6592, 39.6592, 39.6592, 39.6592, 39.6592, 39.6592, 39.6592, 39.6592, 39.6869, 39.6592
5.67024, 24.7119, 41.0191, 39.7346, 5.16835, -16.3072, 0, 39.7346, 39.7347, 39.7466, 40.2932, 40.3694, 39.7833, 39.7346, 39.7346, 39.7346, 39.7346, 39.7346, 39.7346, 39.7346, 39.7346, 39.7346, 39.7346, 39.7346, 39.7346, 39.7346, 39.7346, 39.7346, 39.7346, 39.7647, 39.7346
5.6781, 25.1113, 41.3102, 39.8091, 5.20685, -16.1989, 0, 39.8091, 39.8092, 39.8221, 40.3739, 40.6626, 39.8459, 39.8091, 39.8091, 39.8091, 39.8091, 39.8091, 39.8091, 39.8091, 39.8091, 39.8091, 39.8091, 39.8091, 39.8091, 39.8091, 39.8091, 39.8091, 39.8091, 39.8418, 39.8091
5.68597, 27.8509, 41.6702, 39.8828, 5.4636, -13.8193, 0, 39.8828, 39.8829, 39.8966, 40.4538, 41.0204, 39.9121, 39.8828, 39.8828, 39.8828, 39.8828, 39.8828, 39.8828, 39.8828, 39.8828, 39.8828, 39.8828, 39.8828, 39.8828, 39.8828, 39.8828, 39.8828, 39.8828, 39.9182, 39.8828
5.69383, 29.8523, 42.1134, 39.9555, 5.64379, -12.261, 0, 39.9555, 39.9557, 39.9701, 40.5329, 41.4577, 39.9809, 39.9555, 39.9555, 39.9555, 39.9555, 39.9555, 39.9555, 39.9555, 39.9555, 39.9555, 39.9555, 39.9555, 39.9555, 39.9555, 39.9555, 39.9555, 39.9555, 39.9937, 39.9555
5.7017, 25.7329, 42.6561, 40.0274, 5.26621, -16.9232, 0, 40.0274, 40.0276, 40.0427, 40.6111, 41.9917, 40.0519, 40.0274, 40.0274, 40.0274, 40.0274, 40.0274, 40.0274, 40.0274, 40.0274, 40.0274, 40.0274, 40.0274, 40.0274, 40.0274, 40.0274, 40.0274, 40.0274, 40.0682, 40.0274
5.70956, 38.9057, 43.3167, 40.0984, 6.39576, -4.41097, 0, 40.0984, 40.0986, 40.1142, 40.6885, 42.6411, 40.1248, 40.0984, 40.0984, 40.0984, 40.0984, 40.0984, 40.0984, 40.0984, 40.0984, 40.0984, 40.0984, 40.0984, 40.0984, 40.0984, 40.0984, 40.0984, 40.0984, 40.1416, 40.0984
5.71743, 33.017, 44.1154, 40.1685, 5.91751, -11.0984, 0, 40.1685, 40.1687, 40.1847, 40.7649, 43.4261, 40.1997, 40.1685, 40.1685, 40.1685, 40.1685, 40.1685, 40.1685, 40.1685, 40.1685, 40.1685, 40.1685, 40.1685, 40.1685, 40.1685, 40.1685, 40.1685, 40.1685, 40.2139, 40.1685
5.72529, 27.6613, 45.0733, 40.2377, 5.44622, -17.412, 0, 40.2377, 40.2378, 40.2541, 40.8405, 44.3678, 40.2766, 40.2377, 40.2377, 40.2377, 40.2377, 40.2377, 40.2377, 40.2377, 40.2377, 40.2377, 40.2377, 40.2377, 40.2377, 40.2377, 40.2377, 40.2377, 40.2377, 40.2848, 40.2377
5.73316, 27.4172, 46.2116, 40.3059, 5.42376, -18.7944, 0, 40.3059, 40.306, 40.3224, 40.9151, 45.487, 40.356, 40.3059, 40.3059, 40.3059, 40.3059, 40.3059, 40.3059, 40.3059, 40.3059, 40.3059, 40.3059, 40.3059, 40.3059, 40.3059, 40.3059, 40.3059, 40.3059, 40.3544, 40.3059
5.74102, 35.0921, 47.551, 40.3732, 6.09033, -12.4589, 0, 40.3732, 40.3733, 40.3896, 40.9889, 46.804, 40.4383, 40.3732, 40.3732, 40.3732, 40.3732, 40.3732, 40.3732, 40.3732, 40.3732, 40.3732, 40.3732, 40.3732, 40.3732, 40.3732, 40.3732, 40.3732, 40.3732, 40.4227, 40.3732
5.74889, 40.2319, 49.1101, 40.4395, 6.49861, -8.87815, 0, 40.4395, 40.4396, 40.4557, 41.0617, 48.3367, 40.5242, 40.4395, 40.4395, 40.4395, 40.4395, 40.4395, 40.4395, 40.4395, 40.4395, 40.4395, 40.4395, 40.4395, 40.4395, 40.4395, 40.4395, 40.4395, 40.4395, 40.4896, 40.4395
5.75675, 27.5576, 50.9036, 40.5048, 5.43669, -23.346, 0, 40.5048, 40.505, 40.5207, 41.1335, 50.0991, 40.6144, 40.5048, 40.5048, 40.5048, 40.5048, 40.5048, 40.5048, 40.5048, 40.5048, 40.5048, 40.5048, 40.5048, 40.5048, 40.5048, 40.5048, 40.5048, 40.5048, 40.5551, 40.5048
5.76462, 32.551, 52.9421, 40.5692, 5.87801, -20.3912, 0, 40.5692, 40.5693, 40.5845, 41.2044, 52.1008, 40.7098, 40.5692, 40.5692, 40.5692, 40.5692, 40.5692, 40.5692, 40.5692, 40.5692, 40.5692, 40.5692, 40.5692, 40.5692, 40.5692, 40.5692, 40.5692, 40.5692, 40.6192, 40.5692
5.77248, 50.1761, 55.2291, 40.6326, 7.2233, -5.05301, 0, 40.6326, 40.6327, 40.6472, 41.2743, 54.3443, 40.8114, 40.6326, 40.6326, 40.6326, 40.6326, 40.6326, 40.6326, 40.6326, 40.6326, 40.6326, 40.6326, 40.6326, 40.6326, 40.6326, 40.6326, 40.6326, 40.6326, 40.682, 40.6326
5.78035, 43.1693, 57.7601, 40.6949, 6.72081, -14.5909, 0, 40.6949, 40.6951, 40.7088, 41.3432, 56.8241, 40.9201, 40.6949, 40.6949, 40.6949, 40.6949, 40.6949, 40.6949, 40.6949, 40.6949, 40.6949, 40.6949, 40.6949, 40.6949, 40.6949, 40.6949, 40.6949, 40.6949, 40.7435, 40.6949
5.78821, 51.9083, 60.5224, 40.7563, 7.34223, -8.61413, 0, 40.7563, 40.7565, 40.7693, 41.4111, 59.5263, 41.0368, 40.7563, 40.7563, 40.7563, 40.7563, 40.7563, 40.7563, 40.7563, 40.7563, 40.7563, 40.7563, 40.7563, 40.7563, 40.7563, 40.7563, 40.7563, 40.7563, 40.8039, 40.7563
5.79608, 55.4359, 63.4919, 40.8166, 7.57865, -8.05594, 0, 40.8166, 40.8168, 40.8287, 41.4781, 62.4259, 41.1624, 40.8166, 40.8166, 40.8166, 40.8166, 40.8166, 40.8166, 40.8166, 40.8166, 40.8166, 40.8166, 40.8166, 40.8166, 40.8166, 40.8166, 40.8166, 40.8166, 40.8632, 40.8166
5.80394, 61.8814, 66.6342, 40.876, 7.99258, -4.75276, 0, 40.876, 40.8762, 40.8871, 41.544, 65.4876, 41.2976, 40.876, 40.876, 40.876, 40.876, 40.876, 40.876, 40.876, 40.876, 40.876, 40.876, 40.876, 40.876, 40.876, 40.876, 40.876, 40.876, 40.9216, 40.876
5.81181, 78.3585, 69.9048, 40.9343, 8.96429, 8.45374, 0, 40.9343, 40.9345, 40.9445, 41.609, 68.6662, 41.4431, 40.9343, 40.9343, 40.9343, 40.9343, 40.9343, 40.9343, 40.9343, 40.9343, 40.9343, 40.9343, 40.9343, 40.9343, 40.9343, 40.9343, 40.9343, 40.9343, 40.9793, 40.9343
5.81967, 81.9337, 73.2477, 40.9917, 9.16154, 8.686, 0, 40.9917, 40.9918, 41.0008, 41.673, 71.9054, 41.5988, 40.9917, 40.9917, 40.9917, 40.9917, 40.9917, 40.9917, 40.9917, 40.9917, 40.9917, 40.9917, 40.9917, 40.9917, 40.9917, 40.9917, 40.9917, 40.9917, 41.0362, 40.9917
5.82754, 80.3607, 76.599, 41.048, 9.07528, 3.76166, 0, 41.048, 41.0482, 41.0562, 41.736, 75.1411, 41.7649, 41.048, 41.048, 41.048, 41.048, 41.048, 41.048, 41.048, 41.048, 41.048, 41.048, 41.048, 41.048, 41.048, 41.048, 41.048, 41.048, 41.0927, 41.048
5.8354, 86.4732, 79.8872, 41.1034, 9.40602, 6.58607, 0, 41.1034, 41.1035, 41.1106, 41.7981, 78.3022, 41.9407, 41.1034, 41.1034, 41.1034, 41.1034, 41.1034, 41.1034, 41.1034, 41.1034, 41.1034, 41.1034, 41.1034, 41.1034, 41.1034, 41.1034, 41.1034, 41.1034, 41.1489, 41.1034
5.84327, 96.2552, 83.036, 41.1578, 9.91238, 13.2192, 0, 41.1578, 41.158, 41.1642, 41.8592, 81.3134, 42.1253, 41.1578, 41.1578, 41.1578, 41.1578, 41.1578, 41.1578, 41.1578, 41.1578, 41.1578, 41.1578, 41.1578, 41.1578, 41.1578, 41.1578, 41.1578, 41.1578, 41.2049, 41.1578
5.85113, 88.7511, 85.9674, 41.2113, 9.52634, 2.78367, 0, 41.2113, 41.2114, 41.2168, 41.9194, 84.098, 42.3173, 41.2113, 41.2113, 41.2113, 41.2113, 41.2113, 41.2113, 41.2113, 41.2113, 41.2113, 41.2113, 41.2113, 41.2113, 41.2113, 41.2113, 41.2113, 41.2113, 41.2609, 41.2113
5.85899, 87.4721, 88.6051, 41.2639, 9.45897, -1.13293, 0, 41.2639, 41.2641, 41.2687, 41.9788, 86.5815, 42.5147, 41.2639, 41.2639, 41.2639, 41.2639, 41.2639, 41.2639, 41.2639, 41.2639, 41.2639, 41.2639, 41.2639, 41.2639, 41.2639, 41.2639, 41.2639, 41.2639, 41.3169, 41.2639
5.86686, 91.6193, 90.8771, 41.3158, 9.67571, 0.742233, 0, 41.3158, 41.3159, 41.3199, 42.0375, 88.6945, 42.7151, 41.3158, 41.3158, 41.3158, 41.3158, 41.3158, 41.3158, 41.3158, 41.3158, 41.3158, 41.3158, 41.3158, 41.3158, 41.3158, 41.3158, 41.3158, 41.3158, 41.3731, 41.3158
5.87472, 101.748, 92.72, 41.3669, 10.1857, 9.02831, 0, 41.3669, 41.367, 41.3703, 42.0954, 90.3763, 42.9157, 41.3669, 41.3669, 41.3669, 41.3669, 41.3669, 41.3669, 41.3669, 41.3669, 41.3669, 41.3669, 41.3669, 41.3669, 41.3669, 41.3669, 41.3669, 41.3669, 41.4296, 41.3669
5.88259, 103.23, 94.0815, 41.4173, 10.2582, 9.14861, 0, 41.4173, 41.4174, 41.4202, 42.1527, 91.5779, 43.1133, 41.4173, 41.4173, 41.4173, 41.4173, 41.4173, 41.4173, 41.4173, 41.4173, 41.4173, 41.4173, 41.4173, 41.4173, 41.4173, 41.4173, 41.4173, 41.4173, 41.4864, 41.4173
5.89045, 102.055, 94.9231, 41.4672, 10.2007, 7.13142, 0, 41.4672, 41.4673, 41.4696, 42.2094, 92.2645, 43.3046, 41.4672, 41.4672, 41.4672, 41.4672, 41.4672, 41.4672, 41.4672, 41.4672, 41.4672, 41.4672, 41.4672, 41.4672, 41.4672, 41.4672, 41.4672, 41.4672, 41.5435, 41.4672
5.89832, 93.0841, 95.2219, 41.5166, 9.75111, -2.13774, 0, 41.5166, 41.5168, 41.5187, 42.2658, 92.4166, 43.4861, 41.5166, 41.5166, 41.5166, 41.5166, 41.5166, 41.5166, 41.5166, 41.5166, 41.5166, 41.5166, 41.5166, 41.5166, 41.5166, 41.5166, 41.5166, 41.5166, 41.6011, 41.5166
5.90618, 100.39, 94.972, 41.5658, 10.1188, 5.41843, 0, 41.5658, 41.5659, 41.5674, 42.3219, 92.0323, 43.6543, 41.5658, 41.5658, 41.5658, 41.5658, 41.5658, 41.5658, 41.5658, 41.5658, 41.5658, 41.5658, 41.5658, 41.5658, 41.5658, 41.5658, 41.5658, 41.5658, 41.6589, 41.5658
5.91405, 105.244, 94.1843, 41.6147, 10.3559, 11.0596, 0, 41.6147, 41.6149, 41.6161, 42.3778, 91.126, 43.8061, 41.6147, 41.6147, 41.6147, 41.6147, 41.6147, 41.6147, 41.6147, 41.6147, 41.6147, 41.6147, 41.6147, 41.6147, 41.6147, 41.6147, 41.6147, 41.6147, 41.717, 41.6147
5.92191, 98.3846, 92.8867, 41.6637, 10.0192, 5.49798, 0, 41.6637, 41.6638, 41.6648, 42.4338, 89.7285, 43.9386, 41.6637, 41.6637, 41.6637, 41.6637, 41.6637, 41.6637, 41.6637, 41.6637, 41.6637, 41.6637, 41.6637, 41.6637, 41.6637, 41.6637, 41.6637, 41.6637, 41.7754, 41.6637
5.92978, 98.4901, 91.1211, 41.7128, 10.0245, 7.36898, 0, 41.7128, 41.7129, 41.7137, 42.49, 87.8849, 44.0495, 41.7128, 41.7128, 41.7128, 41.7128, 41.7128, 41.7128, 41.7128, 41.7128, 41.7128, 41.7128, 41.7128, 41.7128, 41.7128, 41.7128, 41.7128, 41.7128, 41.834, 41.7128
5.93764, 98.4586, 88.9429, 41.7622, 10.0229, 9.51573, 0, 41.7622, 41.7624, 41.763, 42.5465, 85.6523, 44.1371, 41.7622, 41.7622, 41.7622, 41.7622, 41.7622, 41.7622, 41.7622, 41.7622, 41.7622, 41.7622, 41.7622, 41.7622, 41.7622, 41.7622, 41.7622, 41.7622, 41.8926, 41.7622
5.94551, 85.8082, 86.4176, 41.8122, 9.3706, -0.609398, 0, 41.8122, 41.8123, 41.8128, 42.6037, 83.098, 44.2003, 41.8122, 41.8122, 41.8122, 41.8122, 41.8122, 41.8122, 41.8122, 41.8122, 41.8122, 41.8122, 41.8122, 41.8122, 41.8122, 41.8122, 41.8122, 41.8122, 41.9512, 41.8122
5.95337, 79.2744, 83.6167, 41.8628, 9.01523, -4.34235, 0, 41.8628, 41.8629, 41.8634, 42.6617, 80.2939, 44.2391, 41.8628, 41.8628, 41.8628, 41.8628, 41.8628, 41.8628, 41.8628, 41.8628, 41.8628, 41.8628, 41.8628, 41.8628, 41.8628, 41.8628, 41.8628, 41.8628, 42.0097, 41.8628
5.96124, 96.9974, 80.6164, 41.9143, 9.94974, 16.3809, 0, 41.9143, 41.9144, 41.9148, 42.7206, 77.316, 44.254, 41.9143, 41.9143, 41.9143, 41.9143, 41.9143, 41.9143, 41.9143, 41.9143, 41.9143, 41.9143, 41.9143, 41.9143, 41.9143, 41.9143, 41.9143, 41.9143, 42.0679, 41.9143
5.9691, 83.1087, 77.4928, 41.9667, 9.22544, 5.61587, 0, 41.9667, 41.9669, 41.9672, 42.7808, 74.2394, 44.2463, 41.9667, 41.9667, 41.9667, 41.9667, 41.9667, 41.9667, 41.9667, 41.9667, 41.9667, 41.9667, 41.9667, 41.9667, 41.9667, 41.9667, 41.9667, 41.9667, 42.1259, 41.9667
5.97697, 81.3535, 74.3187, 42.0204, 9.12981, 7.03477, 0, 42.0204, 42.0206, 42.0208, 42.8425, 71.1351, 44.2181, 42.0204, 42.0204, 42.0204, 42.0204, 42.0204, 42.0204, 42.0204, 42.0204, 42.0204, 42.0204, 42.0204, 42.0204, 42.0204, 42.0204, 42.0204, 42.0204, 42.1837, 42.0204
5.98483, 73.4788, 71.1628, 42.0754, 8.68785, 2.31602, 0, 42.0754, 42.0755, 42.0757, 42.9059, 68.0693, 44.172, 42.0754, 42.0754, 42.0754, 42.0754, 42.0754, 42.0754, 42.0754, 42.0754, 42.0754, 42.0754, 42.0754, 42.0754, 42.0754, 42.0754, 42.0754, 42.0754, 42.2411, 42.0754
5.9927, 76.4545, 68.0857, 42.1317, 8.85745, 8.36878, 0, 42.1317, 42.1319, 42.1321, 42.9714, 65.0996, 44.1111, 42.1317, 42.1317, 42.1317, 42.1317, 42.1317, 42.1317, 42.1317, 42.1317, 42.1317, 42.1317, 42.1317, 42.1317, 42.1317, 42.1317, 42.1317, 42.1317, 42.2983, 42.1317
6.00056, 62.2345, 65.1395, 42.1896, 8.01464, -2.90502, 0, 42.1896, 42.1897, 42.1899, 43.0395, 62.2742, 44.0388, 42.1896, 42.1896, 42.1896, 42.1896, 42.1896, 42.1896, 42.1896, 42.1896, 42.1896, 42.1896, 42.1896, 42.1896, 42.1896, 42.1896, 42.1896, 42.1896, 42.3553, 42.1896
6.00843, 56.6717, 62.3664, 42.249, 7.65975, -5.69468, 0, 42.249, 42.2492, 42.2493, 43.1108, 59.6314, 43.9587, 42.249, 42.249, 42.249, 42.249, 42.249, 42.249, 42.249, 42.249, 42.249, 42.249, 42.249, 42.249, 42.249, 42.249, 42.249, 42.249, 42.4121, 42.249
6.01629, 54.2379, 59.7988, 42.31, 7.49919, -5.56093, 0, 42.31, 42.3102, 42.3103, 43.1865, 57.1989, 43.8743, 42.31, 42.31, 42.31, 42.31, 42.31, 42.31, 42.31, 42.31, 42.31, 42.31, 42.31, 42.31, 42.31, 42.31, 42.31, 42.31, 42.4688, 42.31
6.02415, 54.1181, 57.4601, 42.3726, 7.4912, -3.34199, 0, 42.3726, 42.3727, 42.3729, 43.2678, 54.9949, 43.789, 42.3726, 42.3726, 42.3726, 42.3726, 42.3726, 42.3726, 42.3726, 42.3726, 42.3726, 42.3726, 42.3726, 42.3726, 42.3726, 42.3726, 42.3726, 42.3726, 42.5257, 42.3726
6.03202, 41.6865, 55.364, 42.4367, 6.60958, -13.6775, 0, 42.4367, 42.4368, 42.437, 43.3572, 53.0277, 43.7059, 42.4367, 42.4367, 42.4367, 42.4367, 42.4367, 42.4367, 42.4367, 42.4367, 42.4367, 42.4367, 42.4367, 42.4367, 42.4367, 42.4367, 42.4367, 42.4367, 42.5828, 42.4367
6.03988, 47.2786, 53.5175, 42.5023, 7.01987, -6.23899, 0, 42.5023, 42.5024, 42.5026, 43.4579, 51.2978, 43.6279, 42.5023, 42.5023, 42.5023, 42.5023, 42.5023, 42.5023, 42.5023, 42.5023, 42.5023, 42.5023, 42.5023, 42.5023, 42.5023, 42.5023, 42.5023, 42.5023, 42.6403, 42.5023
6.04775, 41.9628, 51.9227, 42.5693, 6.63045, -9.95986, 0, 42.5693, 42.5694, 42.5695, 43.5752, 49.7993, 43.5573, 42.5693, 42.5693, 42.5693, 42.5693, 42.5693, 42.5693, 42.5693, 42.5693, 42.5693, 42.5693, 42.5693, 42.5693, 42.5693, 42.5693, 42.5693, 42.5693, 42.6983, 42.5693
6.05561, 47.9383, 50.5772, 42.6375, 7.0667, -2.6389, 0, 42.6375, 42.6377, 42.6378, 43.7165, 48.52, 43.4958, 42.6375, 42.6375, 42.6375, 42.6375, 42.6375, 42.6375, 42.6375, 42.6375, 42.6375, 42.6375, 42.6375, 42.6375, 42.6375, 42.6375, 42.6375, 42.6375, 42.757, 42.6375
6.06348, 40.3309, 49.4787, 42.7069, 6.50622, -9.14784, 0, 42.7069, 42.707, 42.7072, 43.8934, 47.4443, 43.4448, 42.7069, 42.7069, 42.7069, 42.7069, 42.7069, 42.7069, 42.7069, 42.7069, 42.7069, 42.7069, 42.7069, 42.7069, 42.7069, 42.7069, 42.7069, 42.7069, 42.8164, 42.7069
6.07134, 39.6122, 48.6267, 42.7773, 6.45075, -9.0145, 0, 42.7773, 42.7774, 42.7776, 44.1221, 46.5539, 43.4052, 42.7773, 42.7773, 42.7773, 42.7773, 42.7773, 42.7773, 42.7773, 42.7773, 42.7773, 42.7773, 42.7773, 42.7773, 42.7773, 42.7773, 42.7773, 42.7773, 42.8768, 42.7773
6.07921, 27.6383, 48.0257, 42.8485, 5.44411, -20.3875, 0, 42.8485, 42.8487, 42.8488, 44.4266, 45.8286, 43.3774, 42.8485, 42.8485, 42.8485, 42.8485, 42.8485, 42.8485, 42.8485, 42.8485, 42.8485, 42.8485, 42.8485, 42.8485, 42.8485, 42.8485, 42.8485, 42.8485, 42.9382, 42.8485
6.08707, 37.1594, 47.6902, 42.9204, 6.25775, -10.5308, 0, 42.9204, 42.9206, 42.9207, 44.8407, 45.2482, 43.3613, 42.9204, 42.9204, 42.9204, 42.9204, 42.9204, 42.9204, 42.9204, 42.9204, 42.9204, 42.9204, 42.9204, 42.9204, 42.9204, 42.9204, 42.9204, 42.9204, 43.0007, 42.9204
6.09494, 41.2941, 47.6478, 42.9928, 6.57983, -6.35369, 0, 42.9928, 42.993, 42.9931, 45.4121, 44.7929, 43.3567, 42.9928, 42.9928, 42.9928, 42.9928, 42.9928, 42.9928, 42.9928, 42.9928, 42.9928, 42.9928, 42.9928, 42.9928, 42.9928, 42.9928, 42.9928, 42.9928, 43.0642, 42.9928
6.1028, 43.7626, 47.9457, 43.0656, 6.7648, -4.18316, 0, 43.0656, 43.0657, 43.0659, 46.2069, 44.4435, 43.3627, 43.0656, 43.0656, 43.0656, 43.0656, 43.0656, 43.0656, 43.0656, 43.0656, 43.0656, 43.0656, 43.0656, 43.0656, 43.0656, 43.0656, 43.0656, 43.0656, 43.1289, 43.0656
6.11067, 25.8561, 48.6566, 43.1385, 5.27789, -22.8005, 0, 43.1385, 43.1386, 43.1388, 47.3155, 44.1828, 43.3787, 43.1385, 43.1385, 43.1385, 43.1385, 43.1385, 43.1385, 43.1385, 43.1385, 43.1385, 43.1385, 43.1385, 43.1385, 43.1385, 43.1385, 43.1385, 43.1385, 43.1945, 43.1385
6.11853, 43.515, 49.8865, 43.2114, 6.74648, -6.37154, 0, 43.2114, 43.2115, 43.2117, 48.8602, 43.995, 43.4036, 43.2114, 43.2114, 43.2114, 43.2114, 43.2114, 43.2114, 43.2114, 43.2114, 43.2114, 43.2114, 43.2114, 43.2114, 43.2114, 43.2114, 43.2114, 43.2114, 43.2613, 43.2114
6.1264, 46.1416, 51.7837, 43.2841, 6.93841, -5.64216, 0, 43.2841, 43.2843, 43.2844, 51.0038, 43.8664, 43.4365, 43.2841, 43.2841, 43.2841, 43.2841, 43.2841, 43.2841, 43.2841, 43.2841, 43.2841, 43.2841, 43.2841, 43.2841, 43.2841, 43.2841, 43.2841, 43.2841, 43.329, 43.2841
6.13426, 44.7351, 54.5491, 43.3566, 6.83631, -9.814, 0, 43.3566, 43.3568, 43.357, 53.9597, 43.7851, 43.4761, 43.3566, 43.3566, 43.3566, 43.3566, 43.3566, 43.3566, 43.3566, 43.3566, 43.3566, 43.3566, 43.3566, 43.3566, 43.3566, 43.3566, 43.3566, 43.3566, 43.3976, 43.3566
6.14213, 56.8518, 58.448, 43.4287, 7.67149, -1.59618, 0, 43.4287, 43.4289, 43.4291, 58.004, 43.7411, 43.5215, 43.4287, 43.4287, 43.4287, 43.4287, 43.4287, 43.4287, 43.4287, 43.4287, 43.4287, 43.4287, 43.4287, 43.4287, 43.4287, 43.4287, 43.4287, 43.4287, 43.467, 43.4287
6.14999, 58.203, 63.823, 43.5003, 7.75906, -5.62001, 0, 43.5003, 43.5005, 43.5006, 63.4885, 43.7261, 43.5716, 43.5003, 43.5003, 43.5003, 43.5003, 43.5003, 43.5003, 43.5003, 43.5003, 43.5003, 43.5003, 43.5003, 43.5003, 43.5003, 43.5003, 43.5003, 43.5003, 43.5372, 43.5003
6.15786, 80.3766, 71.1075, 43.5713, 9.07616, 9.26918, 0, 43.5713, 43.5714, 43.5716, 70.854, 43.7332, 43.6255, 43.5713, 43.5713, 43.5713, 43.5713, 43.5713, 43.5713, 43.5713, 43.5713, 43.5713, 43.5713, 43.5713, 43.5713, 43.5713, 43.5713, 43.5713, 43.5713, 43.6081, 43.5713
6.16572, 81.0731, 80.8393, 43.6416, 9.11445, 0.233856, 0, 43.6416, 43.6417, 43.6419, 80.6445, 43.7571, 43.6824, 43.6416, 43.6416, 43.6416, 43.6416, 43.6416, 43.6416, 43.6416, 43.6416, 43.6416, 43.6416, 43.6416, 43.6416, 43.6416, 43.6416, 43.6416, 43.6416, 43.6795, 43.6416
6.17359, 95.6012, 93.673, 43.7111, 9.87933, 1.92815, 0, 43.7111, 43.7112, 43.7114, 93.5195, 43.7933, 43.7415, 43.7111, 43.7111, 43.7111, 43.7111, 43.7111, 43.7111, 43.7111, 43.7111, 43.7111, 43.7111, 43.7111, 43.7111, 43.7111, 43.7111, 43.7111, 43.7111, 43.7515, 43.7111
6.18145, 137.585, 110.392, 43.7798, 11.8146, 27.1929, 0, 43.7798, 43.7799, 43.7801, 110.266, 43.8387, 43.8022, 43.7798, 43.7798, 43.7798, 43.7798, 43.7798, 43.7798, 43.7798, 43.7798, 43.7798, 43.7798, 43.7798, 43.7798, 43.7798, 43.7798, 43.7798, 43.7798, 43.8237, 43.7798
6.18931, 170.564, 131.908, 43.8475, 13.1364, 38.6561, 0, 43.8476, 43.8477, 43.8479, 131.799, 43.8907, 43.864, 43.8475, 43.8475, 43.8475, 43.8475, 43.8475, 43.8475, 43.8475, 43.8475, 43.8475, 43.8475, 43.8475, 43.8475, 43.8475, 43.8475, 43.8475, 43.8475, 43.8963, 43.8475
6.19718, 198.24, 159.274, 43.9144, 14.1506, 38.9659, 0, 43.9144, 43.9146, 43.9148, 159.174, 43.9475, 43.9263, 43.9144, 43.9144, 43.9144, 43.9144, 43.9144, 43.9144, 43.9144, 43.9144, 43.9144, 43.9144, 43.9144, 43.9144, 43.9144, 43.9144, 43.9144, 43.9144, 43.969, 43.9144
6.20504, 239.454, 193.669, 43.9803, 15.5388, 45.7852, 0, 43.9803, 43.9805, 43.9807, 193.571, 44.0078, 43.9888, 43.9803, 43.9803, 43.9803, 43.9803, 43.9803, 43.9803, 43.9803, 43.9803, 43.9803, 43.9803, 43.9803, 43.9803, 43.9803, 43.9803, 43.9803, 43.9803, 44.0418, 43.9803
6.21291, 254.064, 236.373, 44.0452, 16.002, 17.6908, 0, 44.0452, 44.0454, 44.0456, 236.272, 44.071, 44.0513, 44.0452, 44.0452, 44.0452, 44.0452, 44.0452, 44.0452, 44.0452, 44.0452, 44.0452, 44.0452, 44.0452, 44.0452, 44.0452, 44.0452, 44.0452, 44.0452, 44.1145, 44.0452
6.22077, 331.189, 288.765, 44.1091, 18.2535, 42.4238, 0, 44.1091, 44.1093, 44.1095, 288.656, 44.1365, 44.1134, 44.1091, 44.1091, 44.1091, 44.1091, 44.1091, 44.1091, 44.1091, 44.1091, 44.1091, 44.1091, 44.1091, 44.1091, 44.1091, 44.1091, 44.1091, 44.1091, 44.1868, 44.1091
6.22864, 387.946, 352.259, 44.172, 19.747, 35.6867, 0, 44.172, 44.1722, 44.1724, 352.136, 44.2044, 44.175, 44.172, 44.172, 44.172, 44.172, 44.172, 44.172, 44.172, 44.172, 44.172, 44.172, 44.172, 44.172, 44.172, 44.172, 44.172, 44.172, 44.2588, 44.172
6.2365, 485.409, 428.241, 44.2339, 22.0773, 57.1681, 0, 44.2339, 44.234, 44.2342, 428.101, 44.275, 44.2359, 44.2339, 44.2339, 44.2339, 44.2339, 44.2339, 44.2339, 44.2339, 44.2339, 44.2339, 44.2339, 44.2339, 44.2339, 44.2339, 44.2339, 44.2339, 44.2339, 44.3301, 44.2339
6.24437, 610.267, 518.048, 44.2947, 24.744, 92.2189, 0, 44.2947, 44.2948, 44.295, 517.886, 44.3488, 44.296, 44.2947, 44.2947, 44.2947, 44.2947, 44.2947, 44.2947, 44.2947, 44.2947, 44.2947, 44.2947, 44.2947, 44.2947, 44.2947, 44.2947, 44.2947, 44.2947, 44.4007, 44.2947
6.25223, 681.71, 622.823, 44.3544, 26.1479, 58.8877, 0, 44.3544, 44.3545, 44.3548, 622.633, 44.4268, 44.3553, 44.3544, 44.3544, 44.3544, 44.3544, 44.3544, 44.3544, 44.3544, 44.3544, 44.3544, 44.3544, 44.3544, 44.3544, 44.3544, 44.3544, 44.3544, 44.3544, 44.4701, 44.3544
6.2601, 802.206, 743.467, 44.413, 28.3585, 58.7385, 0, 44.413, 44.4132, 44.4134, 743.244, 44.5101, 44.4137, 44.413, 44.413, 44.413, 44.413, 44.413, 44.413, 44.413, 44.413, 44.413, 44.413, 44.413, 44.413, 44.413, 44.413, 44.413, 44.413, 44.5383, 44.413
6.26796, 978.408, 880.564, 44.4706, 31.3115, 97.8436, 0, 44.4706, 44.4708, 44.471, 880.299, 44.6004, 44.471, 44.4706, 44.4706, 44.4706, 44.4706, 44.4706, 44.4706, 44.4706, 44.4706, 44.4706, 44.4706, 44.4706, 44.4706, 44.4706, 44.4706, 44.4706, 44.4706, 44.6051, 44.4706
6.27583, 1145.54, 1034.2, 44.5271, 33.8753, 111.333, 0, 44.5271, 44.5273, 44.5276, 1033.89, 44.6994, 44.5274, 44.5271, 44.5271, 44.5271, 44.5271, 44.5271, 44.5271, 44.5271, 44.5271, 44.5271, 44.5271, 44.5271, 44.5271, 44.5271, 44.5271, 44.5271, 44.5271, 44.6701, 44.5271
6.28369, 1310.3, 1203.96, 44.5826, 36.2257, 106.337, 0, 44.5826, 44.5827, 44.583, 1203.59, 44.8093, 44.5827, 44.5826, 44.5826, 44.5826, 44.5826, 44.5826, 44.5826, 44.5826, 44.5826, 44.5826, 44.5826, 44.5826, 44.5826, 44.5826, 44.5826, 44.5826, 44.5826, 44.7332, 44.5826
6.29156, 1486.99, 1388.85, 44.6369, 38.5875, 98.147, 0, 44.6369, 44.6371, 44.6373, 1388.39, 44.9325, 44.637, 44.6369, 44.6369, 44.6369, 44.6369, 44.6369, 44.6369, 44.6369, 44.6369, 44.6369, 44.6369, 44.6369, 44.6369, 44.6369, 44.6369, 44.6369, 44.6369, 44.7942, 44.6369
6.29942, 1623.77, 1587.12, 44.6901, 40.3209, 36.6523, 0, 44.6902, 44.6903, 44.6906, 1586.58, 45.072, 44.6902, 44.6901, 44.6901, 44.6901, 44.6901, 44.6901, 44.6901, 44.6901, 44.6901, 44.6901, 44.6901, 44.6901, 44.6901, 44.6901, 44.6901, 44.6901, 44.6901, 44.853, 44.6901
6.30729, 1925.15, 1796.4, 44.7423, 43.8993, 128.748, 0, 44.7423, 44.7424, 44.7428, 1795.75, 45.2304, 44.7423, 44.7423, 44.7423, 44.7423, 44.7423, 44.7423, 44.7423, 44.7423, 44.7423, 44.7423, 44.7423, 44.7423, 44.7423, 44.7423, 44.7423, 44.7423, 44.7423, 44.9093, 44.7423
6.31515, 2083.66, 2013.6, 44.7933, 45.6691, 70.0659, 0, 44.7933, 44.7934, 44.7938, 2012.81, 45.4111, 44.7933, 44.7933, 44.7933, 44.7933, 44.7933, 44.7933, 44.7933, 44.7933, 44.7933, 44.7933, 44.7933, 44.7933, 44.7933, 44.7933, 44.7933, 44.7933, 44.7933, 44.9631, 44.7933
6.32302, 2209.61, 2234.97, 44.8432, 47.0277, -25.3623, 0, 44.8432, 44.8433, 44.8437, 2234.02, 45.6171, 44.8432, 44.8432, 44.8432, 44.8432, 44.8432, 44.8432, 44.8432, 44.8432, 44.8432, 44.8432, 44.8432, 44.8432, 44.8432, 44.8432, 44.8432, 44.8432, 44.8432, 45.0144, 44.8432
6.33088, 2415.18, 2456.21, 44.8919, 49.1648, -41.0278, 0, 44.8919, 44.892, 44.8924, 2455.08, 45.8514, 44.8919, 44.8919, 44.8919, 44.8919, 44.8919, 44.8919, 44.8919, 44.8919, 44.8919, 44.8919, 44.8919, 44.8919, 44.8919, 44.8919, 44.8919, 44.8919, 44.8919, 45.0631, 44.8919
6.33875, 2649.69, 2672.57, 44.9394, 51.4946, -22.8816, 0, 44.9394, 44.9396, 44.94, 2671.22, 46.1168, 44.9394, 44.9394, 44.9394, 44.9394, 44.9394, 44.9394, 44.9394, 44.9394, 44.9394, 44.9394, 44.9394, 44.9394, 44.9394, 44.9394, 44.9394, 44.9394, 44.9394, 45.1091, 44.9394
6.34661, 2733.73, 2879.02, 44.9857, 52.3042, -145.296, 0, 44.9858, 44.9859, 44.9864, 2877.42, 46.4156, 44.9858, 44.9857, 44.9857, 44.9857, 44.9857, 44.9857, 44.9857, 44.9857, 44.9857, 44.9857, 44.9857, 44.9857, 44.9857, 44.9857, 44.9857, 44.9857, 44.9857, 45.1526, 44.9857
6.35448, 2991.47, 3070.43, 45.0308, 54.7126, -78.9624, 0, 45.0308, 45.031, 45.0315, 3068.55, 46.7494, 45.0308, 45.0308, 45.0308, 45.0308, 45.0308, 45.0308, 45.0308, 45.0308, 45.0308, 45.0308, 45.0308, 45.0308, 45.0308, 45.0308, 45.0308, 45.0308, 45.0308, 45.1935, 45.0308
6.36234, 3254.07, 3241.78, 45.0746, 57.062, 12.2859, 0, 45.0746, 45.0748, 45.0753, 3239.58, 47.1189, 45.0746, 45.0746, 45.0746, 45.0746, 45.0746, 45.0746, 45.0746, 45.0746, 45.0746, 45.0746, 45.0746, 45.0746, 45.0746, 45.0746, 45.0746, 45.0746, 45.0746, 45.2319, 45.0746
6.3702, 3404.04, 3388.41, 45.117, 58.3613, 15.6326, 0, 45.117, 45.1172, 45.1178, 3385.85, 47.5238, 45.117, 45.117, 45.117, 45.117, 45.117, 45.117, 45.117, 45.117, 45.117, 45.117, 45.117, 45.117, 45.117, 45.117, 45.117, 45.117, 45.117, 45.268, 45.117
6.37807, 3514.4, 3506.14, 45.158, 59.2993, 8.26221, 0, 45.158, 45.1582, 45.1589, 3503.19, 47.9623, 45.158, 45.158, 45.158, 45.158, 45.158, 45.158, 45.158, 45.158, 45.158, 45.158, 45.158, 45.158, 45.158, 45.158, 45.158, 45.158, 45.158, 45.3018, 45.158
6.38593, 3609.55, 3591.61, 45.1976, 60.0962, 17.9419, 0, 45.1976, 45.1977, 45.1985, 3588.24, 48.4314, 45.1976, 45.1976, 45.1976, 45.1976, 45.1976, 45.1976, 45.1976, 45.1976, 45.1976, 45.1976, 45.1976, 45.1976, 45.1976, 45.1976, 45.1976, 45.1976, 45.1976, 45.3334, 45.1976
6.3938, 3616.12, 3642.32, 45.2356, 60.1508, -26.2014, 0, 45.2356, 45.2357, 45.2366, 3638.5, 48.9264, 45.2356, 45.2356, 45.2356, 45.2356, 45.2356, 45.2356, 45.2356, 45.2356, 45.2356, 45.2356, 45.2356, 45.2356, 45.2356, 45.2356, 45.2356, 45.2356, 45.2356, 45.363, 45.2356
6.40166, 3577.48, 3656.78, 45.2719, 59.8288, -79.2944, 0, 45.2719, 45.2721, 45.273, 3652.49, 49.4412, 45.2719, 45.2719, 45.2719, 45.2719, 45.2719, 45.2719, 45.2719, 45.2719, 45.2719, 45.2719, 45.2719, 45.2719, 45.2719, 45.2719, 45.2719, 45.2719, 45.2719, 45.3905, 45.2719
6.40953, 3557.74, 3634.62, 45.3066, 59.6636, -76.8782, 0, 45.3066, 45.3067, 45.3078, 3629.85, 49.968, 45.3066, 45.3066, 45.3066, 45.3066, 45.3066, 45.3066, 45.3066, 45.3066, 45.3066, 45.3066, 45.3066, 45.3066, 45.3066, 45.3066, 45.3066, 45.3066, 45.3066, 45.4162, 45.3066
6.41739, 3631.06, 3576.57, 45.3394, 60.2748, 54.4844, 0, 45.3394, 45.3396, 45.3408, 3571.31, 50.4978, 45.3394, 45.3394, 45.3394, 45.3394, 45.3394, 45.3394, 45.3394, 45.3394, 45.3394, 45.3394, 45.3394, 45.3394, 45.3394, 45.3394, 45.3394, 45.3394, 45.3394, 45.44, 45.3394
6.42526, 3451.17, 3484.45, 45.3704, 58.7636, -33.2815, 0, 45.3704, 45.3706, 45.3719, 3478.7, 51.0203, 45.3704, 45.3704, 45.3704, 45.3704, 45.3704, 45.3704, 45.3704, 45.3704, 45.3704, 45.3704, 45.3704, 45.3704, 45.3704, 45.3704, 45.3704, 45.3704, 45.3704, 45.4621, 45.3704
6.43312, 3403.68, 3361.02, 45.3994, 58.3582, 42.6609, 0, 45.3994, 45.3996, 45.401, 3354.81, 51.5245, 45.3994, 45.3994, 45.3994, 45.3994, 45.3994, 45.3994, 45.3994, 45.3994, 45.3994, 45.3994, 45.3994, 45.3994, 45.3994, 45.3994, 45.3994, 45.3994, 45.3994, 45.4825, 45.3994
6.44099, 3230.98, 3209.92, 45.4264, 56.8593, 21.0637, 0, 45.4264, 45.4266, 45.4282, 3203.27, 51.9991, 45.4264, 45.4264, 45.4264, 45.4264, 45.4264, 45.4264, 45.4264, 45.4264, 45.4264, 45.4264, 45.4264, 45.4264, 45.4264, 45.4264, 45.4264, 45.4264, 45.4264, 45.5012, 45.4264
6.44885, 2926.68, 3035.42, 45.4514, 54.1173, -108.741, 0, 45.4514, 45.4515, 45.4532, 3028.38, 52.4325, 45.4514, 45.4514, 45.4514, 45.4514, 45.4514, 45.4514, 45.4514, 45.4514, 45.4514, 45.4514, 45.4514, 45.4514, 45.4514, 45.4514, 45.4514, 45.4514, 45.4514, 45.5183, 45.4514
6.45672, 2849.83, 2842.28, 45.4742, 53.4026, 7.55347, 0, 45.4742, 45.4744, 45.4762, 2834.88, 52.8138, 45.4742, 45.4742, 45.4742, 45.4742, 45.4742, 45.4742, 45.4742, 45.4742, 45.4742, 45.4742, 45.4742, 45.4742, 45.4742, 45.4742, 45.4742, 45.4742, 45.4742, 45.5337, 45.4742
6.46458, 2630.34, 2635.48, 45.4949, 51.3063, -5.14429, 0, 45.4949, 45.4951, 45.497, 2627.79, 53.1331, 45.4949, 45.4949, 45.4949, 45.4949, 45.4949, 45.4949, 45.4949, 45.4949, 45.4949, 45.4949, 45.4949, 45.4949, 45.4949, 45.4949, 45.4949, 45.4949, 45.4949, 45.5477, 45.4949
6.47245, 2383.96, 2420.07, 45.5135, 48.8463, -36.1045, 0, 45.5135, 45.5137, 45.5157, 2412.15, 53.3819, 45.5135, 45.5135, 45.5135, 45.5135, 45.5135, 45.5135, 45.5135, 45.5135, 45.5135, 45.5135, 45.5135, 45.5135, 45.5135, 45.5135, 45.5135, 45.5135, 45.5135, 45.5601, 45.5135
6.48031, 2145.05, 2200.91, 45.53, 46.3363, -55.8613, 0, 45.53, 45.5301, 45.5323, 2192.84, 53.5536, 45.53, 45.53, 45.53, 45.53, 45.53, 45.53, 45.53, 45.53, 45.53, 45.53, 45.53, 45.53, 45.53, 45.53, 45.53, 45.53, 45.53, 45.571, 45.53
6.48818, 2057.01, 1982.56, 45.5444, 45.3764, 74.4515, 0, 45.5444, 45.5446, 45.5468, 1974.42, 53.6438, 45.5444, 45.5444, 45.5444, 45.5444, 45.5444, 45.5444, 45.5444, 45.5444, 45.5444, 45.5444, 45.5444, 45.5444, 45.5444, 45.5444, 45.5444, 45.5444, 45.5444, 45.5806, 45.5444
6.49604, 1813.25, 1769.08, 45.5569, 42.6058, 44.1769, 0, 45.5569, 45.5571, 45.5594, 1760.95, 53.6502, 45.5569, 45.5569, 45.5569, 45.5569, 45.5569, 45.5569, 45.5569, 45.5569, 45.5569, 45.5569, 45.5569, 45.5569, 45.5569, 45.5569, 45.5569, 45.5569, 45.5569, 45.5889, 45.5569
6.50391, 1651.96, 1563.99, 45.5675, 40.6689, 87.9778, 0, 45.5675, 45.5677, 45.5701, 1555.95, 53.5734, 45.5675, 45.5675, 45.5675, 45.5675, 45.5675, 45.5675, 45.5675, 45.5675, 45.5675, 45.5675, 45.5675, 45.5675, 45.5675, 45.5675, 45.5675, 45.5675, 45.5675, 45.5959, 45.5675
6.51177, 1404.97, 1370.1, 45.5765, 37.5096, 34.8691, 0, 45.5765, 45.5766, 45.579, 1362.23, 53.4163, 45.5765, 45.5765, 45.5765, 45.5765, 45.5765, 45.5765, 45.5765, 45.5765, 45.5765, 45.5765, 45.5765, 45.5765, 45.5765, 45.5765, 45.5765, 45.5765, 45.5765, 45.6019, 45.5765
6.51964, 1262.38, 1189.6, 45.5838, 35.5582, 72.7875, 0, 45.5838, 45.584, 45.5864, 1181.97, 53.184, 45.5838, 45.5838, 45.5838, 45.5838, 45.5838, 45.5838, 45.5838, 45.5838, 45.5838, 45.5838, 45.5838, 45.5838, 45.5838, 45.5838, 45.5838, 45.5838, 45.5838, 45.6068, 45.5838
6.5275, 1117.78, 1024.02, 45.5898, 33.4632, 93.766, 0, 45.5898, 45.5899, 45.5924, 1016.7, 52.8839, 45.5898, 45.5898, 45.5898, 45.5898, 45.5898, 45.5898, 45.5898, 45.5898, 45.5898, 45.5898, 45.5898, 45.5898, 45.5898, 45.5898, 45.5898, 45.5898, 45.5898, 45.6109, 45.5898
6.53536, 956.536, 874.207, 45.5945, 30.9602, 82.3287, 0, 45.5945, 45.5947, 45.5971, 867.254, 52.5249, 45.5945, 45.5945, 45.5945, 45.5945, 45.5945, 45.5945, 45.5945, 45.5945, 45.5945, 45.5945, 45.5945, 45.5945, 45.5945, 45.5945, 45.5945, 45.5945, 45.5945, 45.6143, 45.5945
6.54323, 825.597, 740.481, 45.5983, 28.768, 85.1166, 0, 45.5983, 45.5984, 45.6008, 733.94, 52.1173, 45.5983, 45.5983, 45.5983, 45.5983, 45.5983, 45.5983, 45.5983, 45.5983, 45.5983, 45.5983, 45.5983, 45.5983, 45.5983, 45.5983, 45.5983, 45.5983, 45.5983, 45.6172, 45.5983
6.55109, 681.889, 622.681, 45.6012, 26.1513, 59.2076, 0, 45.6012, 45.6014, 45.6037, 616.589, 51.6722, 45.6012, 45.6012, 45.6012, 45.6012, 45.6012, 45.6012, 45.6012, 45.6012, 45.6012, 45.6012, 45.6012, 45.6012, 45.6012, 45.6012, 45.6012, 45.6012, 45.6012, 45.6196, 45.6012
6.55896, 565.004, 520.194, 45.6035, 23.8118, 44.8095, 0, 45.6035, 45.6037, 45.606, 514.576, 51.201, 45.6035, 45.6035, 45.6035, 45.6035, 45.6035, 45.6035, 45.6035, 45.6035, 45.6035, 45.6035, 45.6035, 45.6035, 45.6035, 45.6035, 45.6035, 45.6035, 45.6035, 45.6218, 45.6035
6.56682, 511.95, 432.143, 45.6054, 22.6705, 79.8068, 0, 45.6054, 45.6056, 45.6078, 427.012, 50.7151, 45.6054, 45.6054, 45.6054, 45.6054, 45.6054, 45.6054, 45.6054, 45.6054, 45.6054, 45.6054, 45.6054, 45.6054, 45.6054, 45.6054, 45.6054, 45.6054, 45.6054, 45.6238, 45.6054
6.57469, 411.926, 357.403, 45.6071, 20.3452, 54.5233, 0, 45.6071, 45.6073, 45.6094, 352.764, 50.2253, 45.6071, 45.6071, 45.6071, 45.6071, 45.6071, 45.6071, 45.6071, 45.6071, 45.6071, 45.6071, 45.6071, 45.6071, 45.6071, 45.6071, 45.6071, 45.6071, 45.6071, 45.6257, 45.6071
6.58255, 346.621, 294.698, 45.6087, 18.6714, 51.9232, 0, 45.6087, 45.6089, 45.6108, 290.544, 49.7412, 45.6087, 45.6087, 45.6087, 45.6087, 45.6087, 45.6087, 45.6087, 45.6087, 45.6087, 45.6087, 45.6087, 45.6087, 45.6087, 45.6087, 45.6087, 45.6087, 45.6087, 45.6278, 45.6087
6.59042, 272.131, 242.709, 45.6102, 16.5569, 29.4222, 0, 45.6102, 45.6104, 45.6123, 239.025, 49.2718, 45.6102, 45.6102, 45.6102, 45.6102, 45.6102, 45.6102, 45.6102, 45.6102, 45.6102, 45.6102, 45.6102, 45.6102, 45.6102, 45.6102, 45.6102, 45.6102, 45.6102, 45.6299, 45.6102
6.59828, 237.184, 200.094, 45.612, 15.4656, 37.0899, 0, 45.612, 45.6122, 45.6139, 196.859, 48.8242, 45.612, 45.612, 45.612, 45.612, 45.612, 45.612, 45.612, 45.612, 45.612, 45.612, 45.612, 45.612, 45.612, 45.612, 45.612, 45.612, 45.612, 45.6323, 45.612
6.60615, 204.201, 165.548, 45.6139, 14.3597, 38.6525, 0, 45.6139, 45.6142, 45.6158, 162.735, 48.4041, 45.6139, 45.6139, 45.6139, 45.6139, 45.6139, 45.6139, 45.6139, 45.6139, 45.6139, 45.6139, 45.6139, 45.6139, 45.6139, 45.6139, 45.6139, 45.6139, 45.6139, 45.6348, 45.6139
6.61401, 125.78, 137.859, 45.6161, 11.304, -12.0785, 0, 45.6161, 45.6164, 45.6179, 135.435, 48.016, 45.6161, 45.6161, 45.6161, 45.6161, 45.6161, 45.6161, 45.6161, 45.6161, 45.6161, 45.6161, 45.6161, 45.6161, 45.6161, 45.6161, 45.6161, 45.6161, 45.6161, 45.6377, 45.6161
6.62188, 133.634, 115.904, 45.6187, 11.6462, 17.7298, 0, 45.6187, 45.619, 45.6203, 113.837, 47.6626, 45.6187, 45.6187, 45.6187, 45.6187, 45.6187, 45.6187, 45.6187, 45.6187, 45.6187, 45.6187, 45.6187, 45.6187, 45.6187, 45.6187, 45.6187, 45.6187, 45.6187, 45.6407, 45.6187
6.62974, 81.2922, 98.6846, 45.6215, 9.12646, -17.3924, 0, 45.6215, 45.6218, 45.623, 96.9366, 47.3452, 45.6215, 45.6215, 45.6215, 45.6215, 45.6215, 45.6215, 45.6215, 45.6215, 45.6215, 45.6215, 45.6215, 45.6215, 45.6215, 45.6215, 45.6215, 45.6215, 45.6215, 45.6439, 45.6215
6.63761, 89.1629, 85.3217, 45.6246, 9.54793, 3.84125, 0, 45.6246, 45.625, 45.626, 83.8577, 47.064, 45.6246, 45.6246, 45.6246, 45.6246, 45.6246, 45.6246, 45.6246, 45.6246, 45.6246, 45.6246, 45.6246, 45.6246, 45.6246, 45.6246, 45.6246, 45.6246, 45.6246, 45.6473, 45.6246
6.64547, 71.0344, 75.0607, 45.628, 8.54602, -4.0263, 0, 45.628, 45.6284, 45.6293, 73.8458, 46.8183, 45.628, 45.628, 45.628, 45.628, 45.628, 45.628, 45.628, 45.628, 45.628, 45.628, 45.628, 45.628, 45.628, 45.628, 45.628, 45.628, 45.628, 45.6508, 45.628
6.65334, 55.253, 67.2635, 45.6315, 7.56657, -12.0104, 0, 45.6315, 45.6321, 45.6328, 66.2641, 46.6063, 45.6315, 45.6315, 45.6315, 45.6315, 45.6315, 45.6315, 45.6315, 45.6315, 45.6315, 45.6315, 45.6315, 45.6315, 45.6315, 45.6315, 45.6315, 45.6315, 45.6315, 45.6544, 45.6315
6.6612, 56.9529, 61.3993, 45.6353, 7.67808, -4.44638, 0, 45.6353, 45.6359, 45.6364, 60.5844, 46.4257, 45.6353, 45.6353, 45.6353, 45.6353, 45.6353, 45.6353, 45.6353, 45.6353, 45.6353, 45.6353, 45.6353, 45.6353, 45.6353, 45.6353, 45.6353, 45.6353, 45.6353, 45.6579, 45.6353
6.66907, 41.6647, 57.034, 45.639, 6.60793, -15.3693, 0, 45.639, 45.6398, 45.6401, 56.3751, 46.2738, 45.639, 45.639, 45.639, 45.639, 45.639, 45.639, 45.639, 45.639, 45.639, 45.639, 45.639, 45.639, 45.639, 45.639, 45.639, 45.639, 45.639, 45.6614, 45.639
6.67693, 46.9645, 53.8174, 45.6428, 6.99747, -6.8529, 0, 45.6428, 45.6436, 45.6438, 53.2889, 46.1475, 45.6428, 45.6428, 45.6428, 45.6428, 45.6428, 45.6428, 45.6428, 45.6428, 45.6428, 45.6428, 45.6428, 45.6428, 45.6428, 45.6428, 45.6428, 45.6428, 45.6428, 45.6646, 45.6428
6.6848, 37.9474, 51.4715, 45.6464, 6.32039, -13.5241, 0, 45.6464, 45.6475, 45.6474, 51.0507, 46.044, 45.6464, 45.6464, 45.6464, 45.6464, 45.6464, 45.6464, 45.6464, 45.6464, 45.6464, 45.6464, 45.6464, 45.6464, 45.6464, 45.6464, 45.6464, 45.6464, 45.6464, 45.6676, 45.6464
6.69266, 36.8206, 49.7788, 45.6499, 6.23062, -12.9582, 0, 45.6499, 45.6512, 45.6508, 49.446, 45.96, 45.6499, 45.6499, 45.6499, 45.6499, 45.6499, 45.6499, 45.6499, 45.6499, 45.6499, 45.6499, 45.6499, 45.6499, 45.6499, 45.6499, 45.6499, 45.6499, 45.6499, 45.6703, 45.6499
6.70052, 33.7643, 48.5707, 45.6531, 5.98033, -14.8064, 0, 45.6531, 45.6546, 45.654, 48.3092, 45.8927, 45.6531, 45.6531, 45.6531, 45.6531, 45.6531, 45.6531, 45.6531, 45.6531, 45.6531, 45.6531, 45.6531, 45.6531, 45.6531, 45.6531, 45.6531, 45.6531, 45.6531, 45.6727, 45.6531
6.70839, 40.4928, 47.7197, 45.656, 6.51865, -7.22696, 0, 45.656, 45.6578, 45.6569, 47.5152, 45.8393, 45.656, 45.656, 45.656, 45.656, 45.656, 45.656, 45.656, 45.656, 45.656, 45.656, 45.656, 45.656, 45.656, 45.656, 45.656, 45.656, 45.656, 45.6746, 45.656
6.71625, 35.4902, 47.1302, 45.6586, 6.12293, -11.64, 0, 45.6586, 45.6607, 45.6594, 46.9709, 45.7974, 45.6586, 45.6586, 45.6586, 45.6586, 45.6586, 45.6586, 45.6586, 45.6586, 45.6586, 45.6586, 45.6586, 45.6586, 45.6586, 45.6586, 45.6586, 45.6586, 45.6586, 45.6761, 45.6586
6.72412, 28.4525, 46.7321, 45.6607, 5.51838, -18.2796, 0, 45.6607, 45.6632, 45.6614, 46.6081, 45.7649, 45.6607, 45.6607, 45.6607, 45.6607, 45.6607, 45.6607, 45.6607, 45.6607, 45.6607, 45.6607, 45.6607, 45.6607, 45.6607, 45.6607, 45.6607, 45.6607, 45.6607, 45.6771, 45.6607
6.73198, 31.5948, 46.4756, 45.6623, 5.7961, -14.8808, 0, 45.6623, 45.6653, 45.663, 46.3791, 45.7397, 45.6623, 45.6623, 45.6623, 45.6623, 45.6623, 45.6623, 45.6623, 45.6623, 45.6623, 45.6623, 45.6623, 45.6623, 45.6623, 45.6623, 45.6623, 45.6623, 45.6623, 45.6775, 45.6623
6.73985, 30.8367, 46.3269, 45.6633, 5.73033, -15.4902, 0, 45.6633, 45.6669, 45.6641, 46.2515, 45.7203, 45.6633, 45.6633, 45.6633, 45.6633, 45.6633, 45.6633, 45.6633, 45.6633, 45.6633, 45.6633, 45.6633, 45.6633, 45.6633, 45.6633, 45.6633, 45.6633, 45.6633, 45.6774, 45.6633
6.74771, 27.0822, 46.265, 45.6638, 5.39279, -19.1828, 0, 45.6638, 45.6679, 45.6646, 46.2056, 45.7054, 45.6638, 45.6638, 45.6638, 45.6638, 45.6638, 45.6638, 45.6638, 45.6638, 45.6638, 45.6638, 45.6638, 45.6638, 45.6638, 45.6638, 45.6638, 45.6638, 45.6638, 45.6767, 45.6638
6.75558, 36.4268, 46.2798, 45.6637, 6.19894, -9.85293, 0, 45.6637, 45.6685, 45.6644, 46.2324, 45.6937, 45.6637, 45.6637, 45.6637, 45.6637, 45.6637, 45.6637, 45.6637, 45.6637, 45.6637, 45.6637, 45.6637, 45.6637, 45.6637, 45.6637, 45.6637, 45.6637, 45.6637, 45.6754, 45.6637
6.76344, 32.9145, 46.3703, 45.6629, 5.90885, -13.4558, 0, 45.6629, 45.6684, 45.6637, 46.3319, 45.6844, 45.6629, 45.6629, 45.6629, 45.6629, 45.6629, 45.6629, 45.6629, 45.6629, 45.6629, 45.6629, 45.6629, 45.6629, 45.6629, 45.6629, 45.6629, 45.6629, 45.6629, 45.6735, 45.6629
6.77131, 28.6483, 46.5446, 45.6615, 5.53609, -17.8963, 0, 45.6615, 45.6678, 45.6622, 46.5128, 45.6767, 45.6615, 45.6615, 45.6615, 45.6615, 45.6615, 45.6615, 45.6615, 45.6615, 45.6615, 45.6615, 45.6615, 45.6615, 45.6615, 45.6615, 45.6615, 45.6615, 45.6615, 45.671, 45.6615
6.77917, 36.7274, 46.8194, 45.6593, 6.22313, -10.0921, 0, 45.6593, 45.6665, 45.6601, 46.7924, 45.67, 45.6593, 45.6593, 45.6593, 45.6593, 45.6593, 45.6593, 45.6593, 45.6593, 45.6593, 45.6593, 45.6593, 45.6593, 45.6593, 45.6593, 45.6593, 45.6593, 45.6593, 45.6678, 45.6593
6.78704, 40.9123, 47.221, 45.6565, 6.55075, -6.3087, 0, 45.6565, 45.6645, 45.6573, 47.1973, 45.6639, 45.6565, 45.6565, 45.6565, 45.6565, 45.6565, 45.6565, 45.6565, 45.6565, 45.6565, 45.6565, 45.6565, 45.6565, 45.6565, 45.6565, 45.6565, 45.6565, 45.6565, 45.664, 45.6565
6.7949, 49.3905, 47.7858, 45.6529, 7.16872, 1.60469, 0, 45.6529, 45.6618, 45.6537, 47.7644, 45.658, 45.6529, 45.6529, 45.6529, 45.6529, 45.6529, 45.6529, 45.6529, 45.6529, 45.6529, 45.6529, 45.6529, 45.6529, 45.6529, 45.6529, 45.6529, 45.6529, 45.6529, 45.6595, 45.6529
6.80277, 46.6205, 48.5621, 45.6485, 6.97284, -1.94165, 0, 45.6486, 45.6584, 45.6493, 48.5423, 45.652, 45.6485, 45.6485, 45.6485, 45.6485, 45.6485, 45.6485, 45.6485, 45.6485, 45.6485, 45.6485, 45.6485, 45.6485, 45.6485, 45.6485, 45.6485, 45.6485, 45.6485, 45.6542, 45.6485
6.81063, 49.6401, 49.6116, 45.6434, 7.1861, 0.02845, 0, 45.6434, 45.6542, 45.6441, 49.5927, 45.6457, 45.6434, 45.6434, 45.6434, 45.6434, 45.6434, 45.6434, 45.6434, 45.6434, 45.6434, 45.6434, 45.6434, 45.6434, 45.6434, 45.6434, 45.6434, 45.6434, 45.6434, 45.6483, 45.6434
6.8185, 47.9223, 51.0108, 45.6373, 7.06557, -3.08847, 0, 45.6373, 45.6491, 45.6381, 50.9924, 45.6389, 45.6373, 45.6373, 45.6373, 45.6373, 45.6373, 45.6373, 45.6373, 45.6373, 45.6373, 45.6373, 45.6373, 45.6373, 45.6373, 45.6373, 45.6373, 45.6373, 45.6373, 45.6415, 45.6373
6.82636, 50.8659, 52.8532, 45.6302, 7.2709, -1.98732, 0, 45.6302, 45.6429, 45.631, 52.8351, 45.6313, 45.6302, 45.6302, 45.6302, 45.6302, 45.6302, 45.6302, 45.6302, 45.6302, 45.6302, 45.6302, 45.6302, 45.6302, 45.6302, 45.6302, 45.6302, 45.6302, 45.6302, 45.6338, 45.6302
6.83423, 43.2549, 55.2508, 45.6221, 6.72718, -11.9959, 0, 45.6221, 45.6357, 45.6229, 55.2328, 45.6228, 45.6221, 45.6221, 45.6221, 45.6221, 45.6221, 45.6221, 45.6221, 45.6221, 45.6221, 45.6221, 45.6221, 45.6221, 45.6221, 45.6221, 45.6221, 45.6221, 45.6221, 45.6251, 45.6221
6.84209, 52.1883, 58.3339, 45.6127, 7.36127, -6.14567, 0, 45.6127, 45.6271, 45.6135, 58.3158, 45.6132, 45.6127, 45.6127, 45.6127, 45.6127, 45.6127, 45.6127, 45.6127, 45.6127, 45.6127, 45.6127, 45.6127, 45.6127, 45.6127, 45.6127, 45.6127, 45.6127, 45.6127, 45.6153, 45.6127
6.84996, 62.4352, 62.2534, 45.6019, 8.02715, 0.181805, 0, 45.6019, 45.617, 45.6027, 62.2351, 45.6022, 45.6019, 45.6019, 45.6019, 45.6019, 45.6019, 45.6019, 45.6019, 45.6019, 45.6019, 45.6019, 45.6019, 45.6019, 45.6019, 45.6019, 45.6019, 45.6019, 45.6019, 45.604, 45.6019
6.85782, 63.8048, 67.1786, 45.5894, 8.11202, -3.3737, 0, 45.5894, 45.605, 45.5902, 67.1601, 45.5896, 45.5894, 45.5894, 45.5894, 45.5894, 45.5894, 45.5894, 45.5894, 45.5894, 45.5894, 45.5894, 45.5894, 45.5894, 45.5894, 45.5894, 45.5894, 45.5894, 45.5894, 45.5911, 45.5894
6.86568, 71.8102, 73.2945, 45.5747, 8.59128, -1.48434, 0, 45.5747, 45.5909, 45.5755, 73.276, 45.5749, 45.5747, 45.5747, 45.5747, 45.5747, 45.5747, 45.5747, 45.5747, 45.5747, 45.5747, 45.5747, 45.5747, 45.5747, 45.5747, 45.5747, 45.5747, 45.5747, 45.5747, 45.5762, 45.5747
6.87355, 73.527, 80.8021, 45.5575, 8.69063, -7.27505, 0, 45.5575, 45.574, 45.5583, 80.7835, 45.5576, 45.5575, 45.5575, 45.5575, 45.5575, 45.5575, 45.5575, 45.5575, 45.5575, 45.5575, 45.5575, 45.5575, 45.5575, 45.5575, 45.5575, 45.5575, 45.5575, 45.5575, 45.5587, 45.5575
6.88141, 103.633, 89.9076, 45.5372, 10.2778, 13.7256, 0, 45.5372, 45.5539, 45.538, 89.8891, 45.5372, 45.5372, 45.5372, 45.5372, 45.5372, 45.5372, 45.5372, 45.5372, 45.5372, 45.5372, 45.5372, 45.5372, 45.5372, 45.5372, 45.5372, 45.5372, 45.5372, 45.5372, 45.5381, 45.5372
6.88928, 116.058, 100.819, 45.5128, 10.8654, 15.2384, 0, 45.5128, 45.5296, 45.5137, 100.801, 45.5129, 45.5128, 45.5128, 45.5128, 45.5128, 45.5128, 45.5128, 45.5128, 45.5128, 45.5128, 45.5128, 45.5128, 45.5128, 45.5128, 45.5128, 45.5128, 45.5128, 45.5128, 45.5136, 45.5128
6.89714, 125.929, 113.739, 45.4836, 11.3106, 12.1899, 0, 45.4836, 45.5003, 45.4845, 113.721, 45.4837, 45.4836, 45.4836, 45.4836, 45.4836, 45.4836, 45.4836, 45.4836, 45.4836, 45.4836, 45.4836, 45.4836, 45.4836, 45.4836, 45.4836, 45.4836, 45.4836, 45.4836, 45.4842, 45.4836
6.90501, 147.28, 128.848, 45.4484, 12.218, 18.4323, 0, 45.4484, 45.4648, 45.4492, 128.83, 45.4484, 45.4484, 45.4484, 45.4484, 45.4484, 45.4484, 45.4484, 45.4484, 45.4484, 45.4484, 45.4484, 45.4484, 45.4484, 45.4484, 45.4484, 45.4484, 45.4484, 45.4484, 45.4488, 45.4484
6.91287, 169.36, 146.294, 45.4057, 13.0904, 23.0658, 0, 45.4057, 45.4218, 45.4066, 146.277, 45.4057, 45.4057, 45.4057, 45.4057, 45.4057, 45.4057, 45.4057, 45.4057, 45.4057, 45.4057, 45.4057, 45.4057, 45.4057, 45.4057, 45.4057, 45.4057, 45.4057, 45.4057, 45.4061, 45.4057
6.92074, 189.247, 166.188, 45.3539, 13.8292, 23.0594, 0, 45.3539, 45.3694, 45.3547, 166.171, 45.3539, 45.3539, 45.3539, 45.3539, 45.3539, 45.3539, 45.3539, 45.3539, 45.3539, 45.3539, 45.3539, 45.3539, 45.3539, 45.3539, 45.3539, 45.3539, 45.3539, 45.3539, 45.3542, 45.3539
6.9286, 228.491, 188.573, 45.291, 15.1819, 39.9181, 0, 45.291, 45.3059, 45.2918, 188.557, 45.291, 45.291, 45.291, 45.291, 45.291, 45.291, 45.291, 45.291, 45.291, 45.291, 45.291, 45.291, 45.291, 45.291, 45.291, 45.291, 45.291, 45.291, 45.2912, 45.291
6.93647, 188.434, 213.426, 45.2147, 13.7998, -24.9926, 0, 45.2147, 45.2288, 45.2155, 213.411, 45.2147, 45.2147, 45.2147, 45.2147, 45.2147, 45.2147, 45.2147, 45.2147, 45.2147, 45.2147, 45.2147, 45.2147, 45.2147, 45.2147, 45.2147, 45.2147, 45.2147, 45.2147, 45.2148, 45.2147
6.94433, 227.533, 240.64, 45.1224, 15.1503, -13.1075, 0, 45.1224, 45.1357, 45.1233, 240.626, 45.1224, 45.1224, 45.1224, 45.1224, 45.1224, 45.1224, 45.1224, 45.1224, 45.1224, 45.1224, 45.1224, 45.1224, 45.1224, 45.1224, 45.1224, 45.1224, 45.1224, 45.1224, 45.1225, 45.1224
6.9522, 267.242, 270.013, 45.0113, 16.4086, -2.77075, 0, 45.0113, 45.0237, 45.0122, 269.999, 45.0113, 45.0113, 45.0113, 45.0113, 45.0113, 45.0113, 45.0113, 45.0113, 45.0113, 45.0113, 45.0113, 45.0113, 45.0113, 45.0113, 45.0113, 45.0113, 45.0113, 45.0113, 45.0114, 45.0113
6.96006, 317.219, 301.242, 44.8781, 17.8667, 15.9761, 0, 44.8782, 44.8897, 44.879, 301.23, 44.8781, 44.8781, 44.8781, 44.8781, 44.8781, 44.8781, 44.8781, 44.8781, 44.8781, 44.8781, 44.8781, 44.8781, 44.8781, 44.8781, 44.8781, 44.8781, 44.8781, 44.8781, 44.8782, 44.8781
6.96793, 290.201, 333.926, 44.7196, 17.0939, -43.7258, 0, 44.7196, 44.7302, 44.7205, 333.915, 44.7196, 44.7196, 44.7196, 44.7196, 44.7196, 44.7196, 44.7196, 44.7196, 44.7196, 44.7196, 44.7196, 44.7196, 44.7196, 44.7196, 44.7196, 44.7196, 44.7196, 44.7196, 44.7197, 44.7196
6.97579, 349.946, 367.562, 44.532, 18.7602, -17.6161, 0, 44.532, 44.5416, 44.5329, 367.551, 44.532, 44.532, 44.532, 44.532, 44.532, 44.532, 44.532, 44.532, 44.532, 44.532, 44.532, 44.532, 44.532, 44.532, 44.532, 44.532, 44.532, 44.532, 44.5321, 44.532
6.98366, 426.815, 401.556, 44.3118, 20.7079, 25.2589, 0, 44.3118, 44.3204, 44.3127, 401.547, 44.3118, 44.3118, 44.3118, 44.3118, 44.3118, 44.3118, 44.3118, 44.3118, 44.3118, 44.3118, 44.3118, 44.3118, 44.3118, 44.3118, 44.3118, 44.3118, 44.3118, 44.3118, 44.3118, 44.3118
6.99152, 408.878, 435.902, 44.7157, 20.2701, -27.0246, 0, 44.7157, 44.7234, 44.7166, 435.893, 44.7157, 44.7157, 44.7157, 44.7157, 44.7157, 44.7157, 44.7157, 44.7157, 44.7157, 44.7157, 44.7157, 44.7157, 44.7157, 44.7157, 44.7157, 44.7157, 44.7157, 44.7157, 44.7157, 44.7157
6.99939, 453.754, 469.212, 45.0761, 21.3484, -15.4576, 0, 45.0761, 45.083, 45.077, 469.204, 45.0761, 45.0761, 45.0761, 45.0761, 45.0761, 45.0761, 45.0761, 45.0761, 45.0761, 45.0761, 45.0761, 45.0761, 45.0761, 45.0761, 45.0761, 45.0761, 45.0761, 45.0761, 45.0761, 45.0761
7.00725, 435.421, 499.668, 44.3365, 20.9146, -64.2475, 0, 44.3365, 44.3426, 44.3375, 499.661, 44.3365, 44.3365, 44.3365, 44.3365, 44.3365, 44.3365, 44.3365, 44.3365, 44.3365, 44.3365, 44.3365, 44.3365, 44.3365, 44.3365, 44.3365, 44.3365, 44.3365, 44.3365, 44.3365, 44.3365
7.01512, 489.94, 527.499, 43.4754, 22.1797, -37.5586, 0, 43.4754, 43.4807, 43.4763, 527.493, 43.4754, 43.4754, 43.4754, 43.4754, 43.4754, 43.4754, 43.4754, 43.4754, 43.4754, 43.4754, 43.4754, 43.4754, 43.4754, 43.4754, 43.4754, 43.4754, 43.4754, 43.4754, 43.4754, 43.4754
7.02298, 541.217, 552.06, 42.5824, 23.307, -10.843, 0, 42.5824, 42.5869, 42.5833, 552.055, 42.5824, 42.5824, 42.5824, 42.5824, 42.5824, 42.5824, 42.5824, 42.5824, 42.5824, 42.5824, 42.5824, 42.5824, 42.5824, 42.5824, 42.5824, 42.5824, 42.5824, 42.5824, 42.5824, 42.5824
7.03085, 543.836, 572.675, 41.6598, 23.3631, -28.8384, 0, 41.6598, 41.6637, 41.6607, 572.67, 41.6598, 41.6598, 41.6598, 41.6598, 41.6598, 41.6598, 41.6598, 41.6598, 41.6598, 41.6598, 41.6598, 41.6598, 41.6598, 41.6598, 41.6598, 41.6598, 41.6598, 41.6598, 41.6598, 41.6598
7.03871, 518.258, 588.762, 40.7107, 22.8092, -70.5043, 0, 40.7107, 40.714, 40.7116, 588.758, 40.7107, 40.7107, 40.7107, 40.7107, 40.7107, 40.7107, 40.7107, 40.7107, 40.7107, 40.7107, 40.7107, 40.7107, 40.7107, 40.7107, 40.7107, 40.7107, 40.7107, 40.7107, 40.7107, 40.7107
7.04658, 530.353, 599.852, 39.7396, 23.0728, -69.499, 0, 39.7396, 39.7425, 39.7406, 599.848, 39.7396, 39.7396, 39.7396, 39.7396, 39.7396, 39.7396, 39.7396, 39.7396, 39.7396, 39.7396, 39.7396, 39.7396, 39.7396, 39.7396, 39.7396, 39.7396, 39.7396, 39.7396, 39.7396, 39.7396
7.05444, 518.433, 605.607, 38.7522, 22.813, -87.1735, 0, 38.7522, 38.7546, 38.7532, 605.603, 38.7522, 38.7522, 38.7522, 38.7522, 38.7522, 38.7522, 38.7522, 38.7522, 38.7522, 38.7522, 38.7522, 38.7522, 38.7522, 38.7522, 38.7522, 38.7522, 38.7522, 38.7522, 38.7522, 38.7522
7.0623, 571.828, 605.847, 37.7528, 23.9547, -34.0186, 0, 37.7528, 37.7548, 37.7538, 605.844, 37.7528, 37.7528, 37.7528, 37.7528, 37.7528, 37.7528, 37.7528, 37.7528, 37.7528, 37.7528, 37.7528, 37.7528, 37.7528, 37.7528, 37.7528, 37.7528, 37.7528, 37.7528, 37.7528, 37.7528
7.07017, 533.89, 600.549, 36.7478, 23.1493, -66.6594, 0, 36.7478, 36.7496, 36.7488, 600.547, 36.7478, 36.7478, 36.7478, 36.7478, 36.7478, 36.7478, 36.7478, 36.7478, 36.7478, 36.7478, 36.7478, 36.7478, 36.7478, 36.7478, 36.7478, 36.7478, 36.7478, 36.7478, 36.7479, 36.7478
7.07803, 513.915, 589.856, 35.7445, 22.7138, -75.9413, 0, 35.7445, 35.7459, 35.7455, 589.853, 35.7445, 35.7445, 35.7445, 35.7445, 35.7445, 35.7445, 35.7445, 35.7445, 35.7445, 35.7445, 35.7445, 35.7445, 35.7445, 35.7445, 35.7445, 35.7445, 35.7445, 35.7445, 35.7445, 35.7445
7.0859, 526.998, 574.059, 34.7499, 23, -47.0612, 0, 34.7499, 34.7511, 34.751, 574.057, 34.7499, 34.7499, 34.7499, 34.7499, 34.7499, 34.7499, 34.7499, 34.7499, 34.7499, 34.7499, 34.7499, 34.7499, 34.7499, 34.7499, 34.7499, 34.7499, 34.7499, 34.7499, 34.75, 34.7499
7.09376, 578.413, 553.597, 33.7725, 24.0918, 24.816, 0, 33.7725, 33.7735, 33.7736, 553.595, 33.7725, 33.7725, 33.7725, 33.7725, 33.7725, 33.7725, 33.7725, 33.7725, 33.7725, 33.7725, 33.7725, 33.7725, 33.7725, 33.7725, 33.7725, 33.7725, 33.7725, 33.7725, 33.7727, 33.7725
7.10163, 511.712, 529.022, 32.8179, 22.6652, -17.3094, 0, 32.8179, 32.8187, 32.819, 529.02, 32.8179, 32.8179, 32.8179, 32.8179, 32.8179, 32.8179, 32.8179, 32.8179, 32.8179, 32.8179, 32.8179, 32.8179, 32.8179, 32.8179, 32.8179, 32.8179, 32.8179, 32.8179, 32.8181, 32.8179
7.10949, 439.202, 500.981, 31.8922, 21.0048, -61.7784, 0, 31.8922, 31.893, 31.8935, 500.978, 31.8922, 31.8922, 31.8922, 31.8922, 31.8922, 31.8922, 31.8922, 31.8922, 31.8922, 31.8922, 31.8922, 31.8922, 31.8922, 31.8922, 31.8922, 31.8922, 31.8922, 31.8922, 31.8926, 31.8922
7.11736, 425.682, 470.186, 31.0016, 20.6805, -44.5049, 0, 31.0016, 31.0022, 31.003, 470.184, 31.0016, 31.0016, 31.0016, 31.0016, 31.0016, 31.0016, 31.0016, 31.0016, 31.0016, 31.0016, 31.0016, 31.0016, 31.0016, 31.0016, 31.0016, 31.0016, 31.0016, 31.0016, 31.0021, 31.0016
7.12522, 419.331, 437.386, 30.1509, 20.5263, -18.0549, 0, 30.151, 30.1515, 30.1525, 437.383, 30.1509, 30.1509, 30.1509, 30.1509, 30.1509, 30.1509, 30.1509, 30.1509, 30.1509, 30.1509, 30.1509, 30.1509, 30.1509, 30.1509, 30.1509, 30.1509, 30.1509, 30.1509, 30.1516, 30.1509
7.13309, 320.662, 403.33, 29.3445, 17.9628, -82.6679, 0, 29.3445, 29.345, 29.3464, 403.326, 29.3445, 29.3445, 29.3445, 29.3445, 29.3445, 29.3445, 29.3445, 29.3445, 29.3445, 29.3445, 29.3445, 29.3445, 29.3445, 29.3445, 29.3445, 29.3445, 29.3445, 29.3445, 29.3455, 29.3445
7.14095, 309.679, 368.745, 28.5855, 17.6544, -59.0666, 0, 28.5855, 28.586, 28.5878, 368.741, 28.5855, 28.5855, 28.5855, 28.5855, 28.5855, 28.5855, 28.5855, 28.5855, 28.5855, 28.5855, 28.5855, 28.5855, 28.5855, 28.5855, 28.5855, 28.5855, 28.5855, 28.5855, 28.5868, 28.5855
7.14882, 316.627, 334.31, 27.8756, 17.8501, -17.6827, 0, 27.8756, 27.876, 27.8785, 334.305, 27.8756, 27.8756, 27.8756, 27.8756, 27.8756, 27.8756, 27.8756, 27.8756, 27.8756, 27.8756, 27.8756, 27.8756, 27.8756, 27.8756, 27.8756, 27.8756, 27.8756, 27.8756, 27.8773, 27.8756
7.15668, 269.9, 300.633, 27.2153, 16.4894, -30.7329, 0, 27.2153, 27.2158, 27.2192, 300.626, 27.2153, 27.2153, 27.2153, 27.2153, 27.2153, 27.2153, 27.2153, 27.2153, 27.2153, 27.2153, 27.2153, 27.2153, 27.2153, 27.2153, 27.2153, 27.2153, 27.2153, 27.2153, 27.2176, 27.2153
7.16455, 256.696, 268.236, 26.6046, 16.084, -11.539, 0, 26.6046, 26.605, 26.6097, 268.227, 26.6046, 26.6046, 26.6046, 26.6046, 26.6046, 26.6046, 26.6046, 26.6046, 26.6046, 26.6046, 26.6046, 26.6046, 26.6046, 26.6046, 26.6046, 26.6046, 26.6046, 26.6046, 26.6076, 26.6046
7.17241, 246.99, 237.555, 26.0422, 15.7794, 9.43529, 0, 26.0422, 26.0426, 26.0491, 237.543, 26.0422, 26.0422, 26.0422, 26.0422, 26.0422, 26.0422, 26.0422, 26.0422, 26.0422, 26.0422, 26.0422, 26.0422, 26.0422, 26.0422, 26.0422, 26.0422, 26.0422, 26.0422, 26.0462, 26.0422
7.18028, 191.934, 208.915, 25.526, 13.926, -16.9815, 0, 25.526, 25.5264, 25.5354, 208.9, 25.526, 25.526, 25.526, 25.526, 25.526, 25.526, 25.526, 25.526, 25.526, 25.526, 25.526, 25.526, 25.526, 25.526, 25.526, 25.526, 25.526, 25.526, 25.531, 25.526
7.18814, 169.896, 182.551, 25.053, 13.1109, -12.6548, 0, 25.053, 25.0534, 25.0659, 182.532, 25.053, 25.053, 25.053, 25.053, 25.053, 25.053, 25.053, 25.053, 25.053, 25.053, 25.053, 25.053, 25.053, 25.053, 25.053, 25.053, 25.053, 25.053, 25.0594, 25.053
7.19601, 139.183, 158.606, 24.6195, 11.882, -19.4235, 0, 24.6196, 24.6199, 24.6373, 158.58, 24.6195, 24.6195, 24.6195, 24.6195, 24.6195, 24.6195, 24.6195, 24.6195, 24.6195, 24.6195, 24.6195, 24.6195, 24.6195, 24.6195, 24.6195, 24.6195, 24.6195, 24.6195, 24.6277, 24.6195
7.20387, 114.08, 137.135, 24.2217, 10.7741, -23.0551, 0, 24.2217, 24.2221, 24.246, 137.101, 24.2217, 24.2217, 24.2217, 24.2217, 24.2217, 24.2217, 24.2217, 24.2217, 24.2217, 24.2217, 24.2217, 24.2217, 24.2217, 24.2217, 24.2217, 24.2217, 24.2217, 24.2217, 24.2319, 24.2217
7.21174, 107.928, 118.117, 23.8552, 10.4847, -10.189, 0, 23.8552, 23.8555, 23.8884, 118.071, 23.8552, 23.8552, 23.8552, 23.8552, 23.8552, 23.8552, 23.8552, 23.8552, 23.8552, 23.8552, 23.8552, 23.8552, 23.8552, 23.8552, 23.8552, 23.8552, 23.8552, 23.8552, 23.8678, 23.8552
7.2196, 94.1078, 101.475, 23.5159, 9.80346, -7.36755, 0, 23.5159, 23.5163, 23.5611, 101.414, 23.5159, 23.5159, 23.5159, 23.5159, 23.5159, 23.5159, 23.5159, 23.5159, 23.5159, 23.5159, 23.5159, 23.5159, 23.5159, 23.5159, 23.5159, 23.5159, 23.5159, 23.5159, 23.5314, 23.5159
7.22746, 76.0629, 87.0814, 23.1995, 8.83532, -11.0184, 0, 23.1995, 23.1999, 23.2605, 87.0013, 23.1995, 23.1995, 23.1995, 23.1995, 23.1995, 23.1995, 23.1995, 23.1995, 23.1995, 23.1995, 23.1995, 23.1995, 23.1995, 23.1995, 23.1995, 23.1995, 23.1995, 23.1995, 23.2182, 23.1995
7.23533, 62.1744, 74.772, 22.9016, 8.01089, -12.5976, 0, 22.9016, 22.902, 22.9832, 74.6674, 22.9016, 22.9016, 22.9016, 22.9016, 22.9016, 22.9016, 22.9016, 22.9016, 22.9016, 22.9016, 22.9016, 22.9016, 22.9016, 22.9016, 22.9016, 22.9016, 22.9016, 22.9016, 22.9241, 22.9016
7.24319, 54.96, 64.3609, 22.6181, 7.54718, -9.40093, 0, 22.6181, 22.6185, 22.7266, 64.2253, 22.6181, 22.6181, 22.6181, 22.6181, 22.6181, 22.6181, 22.6181, 22.6181, 22.6181, 22.6181, 22.6181, 22.6181, 22.6181, 22.6181, 22.6181, 22.6181, 22.6181, 22.6181, 22.6449, 22.6181
7.25106, 54.0619, 55.6499, 22.3456, 7.48745, -1.58793, 0, 22.3456, 22.346, 22.4884, 55.4751, 22.3456, 22.3456, 22.3456, 22.3456, 22.3456, 22.3456, 22.3456, 22.3456, 22.3456, 22.3456, 22.3456, 22.3456, 22.3456, 22.3456, 22.3456, 22.3456, 22.3456, 22.3456, 22.3772, 22.3456
7.25892, 47.7077, 48.4374, 22.0807, 7.05037, -0.729771, 0, 22.0807, 22.0811, 22.2671, 48.2138, 22.0807, 22.0807, 22.0807, 22.0807, 22.0807, 22.0807, 22.0807, 22.0807, 22.0807, 22.0807, 22.0807, 22.0807, 22.0807, 22.0807, 22.0807, 22.0807, 22.0807, 22.0807, 22.1176, 22.0807
7.26679, 48.1855, 42.527, 21.8207, 7.08417, 5.65848, 0, 21.8207, 21.8211, 22.0618, 42.243, 21.8207, 21.8207, 21.8207, 21.8207, 21.8207, 21.8207, 21.8207, 21.8207, 21.8207, 21.8207, 21.8207, 21.8207, 21.8207, 21.8207, 21.8207, 21.8207, 21.8207, 21.8207, 21.8633, 21.8207
7.27465, 27.2553, 37.7321, 21.563, 5.40881, -10.4769, 0, 21.563, 21.5633, 21.8719, 37.3741, 21.563, 21.563, 21.563, 21.563, 21.563, 21.563, 21.563, 21.563, 21.563, 21.563, 21.563, 21.563, 21.563, 21.563, 21.563, 21.563, 21.563, 21.563, 21.6117, 21.563
7.28252, 29.7603, 33.8808, 21.3054, 5.63562, -4.12053, 0, 21.3054, 21.3058, 21.6975, 33.4331, 21.3054, 21.3054, 21.3054, 21.3054, 21.3054, 21.3054, 21.3054, 21.3054, 21.3054, 21.3054, 21.3054, 21.3054, 21.3054, 21.3054, 21.3054, 21.3054, 21.3054, 21.3054, 21.3606, 21.3054
7.29038, 20.015, 30.3827, 20.6112, 4.69201, -10.3677, 0, 20.6112, 20.6116, 21.1043, 29.8273, 20.6112, 20.6112, 20.6112, 20.6112, 20.6112, 20.6112, 20.6112, 20.6112, 20.6112, 20.6112, 20.6112, 20.6112, 20.6112, 20.6112, 20.6112, 20.6112, 20.6112, 20.6112, 20.6731, 20.6112
7.29825, 24.118, 27.4589, 19.8366, 5.11058, -3.34085, 0, 19.8366, 19.837, 20.4506, 26.7757, 19.8366, 19.8366, 19.8366, 19.8366, 19.8366, 19.8366, 19.8366, 19.8366, 19.8366, 19.8366, 19.8366, 19.8366, 19.8366, 19.8366, 19.8366, 19.8366, 19.8366, 19.8366, 19.9053, 19.8366
7.30611, 20.7728, 25.5531, 19.5432, 4.77208, -4.78036, 0, 19.5432, 19.5436, 20.3007, 24.7196, 19.5432, 19.5432, 19.5432, 19.5432, 19.5432, 19.5432, 19.5432, 19.5432, 19.5432, 19.5432, 19.5432, 19.5432, 19.5432, 19.5432, 19.5432, 19.5432, 19.5432, 19.5432, 19.6188, 19.5432
7.31398, 19.0759, 24.2212, 19.3871, 4.59085, -5.14534, 0, 19.3871, 19.3875, 20.3125, 23.213, 19.3871, 19.3871, 19.3871, 19.3871, 19.3871, 19.3871, 19.3871, 19.3871, 19.3871, 19.3871, 19.3871, 19.3871, 19.3871, 19.3871, 19.3871, 19.3871, 19.3871, 19.3871, 19.4694, 19.3871
7.32184, 14.1421, 23.2418, 19.2309, 4.01773, -9.09968, 0, 19.2309, 19.2313, 20.3506, 22.0328, 19.2309, 19.2309, 19.2309, 19.2309, 19.2309, 19.2309, 19.2309, 19.2309, 19.2309, 19.2309, 19.2309, 19.2309, 19.2309, 19.2309, 19.2309, 19.2309, 19.2309, 19.2309, 19.3197, 19.2309
7.32971, 25.4548, 22.5451, 19.0747, 5.23974, 2.90976, 0, 19.0747, 19.0751, 20.4166, 21.1079, 19.0747, 19.0747, 19.0747, 19.0747, 19.0747, 19.0747, 19.0747, 19.0747, 19.0747, 19.0747, 19.0747, 19.0747, 19.0747, 19.0747, 19.0747, 19.0747, 19.0747, 19.0747, 19.1696, 19.0747
7.33757, 24.3233, 22.0739, 18.9187, 5.13063, 2.24946, 0, 18.9187, 18.9191, 20.5112, 20.3805, 18.9187, 18.9187, 18.9187, 18.9187, 18.9187, 18.9187, 18.9187, 18.9187, 18.9187, 18.9187, 18.9187, 18.9187, 18.9187, 18.9187, 18.9187, 18.9187, 18.9187, 18.9187, 19.0191, 18.9187
7.34544, 13.9741, 21.7818, 18.7628, 3.99676, -7.8077, 0, 18.7628, 18.7632, 20.6347, 19.8043, 18.7628, 18.7628, 18.7628, 18.7628, 18.7628, 18.7628, 18.7628, 18.7628, 18.7628, 18.7628, 18.7628, 18.7628, 18.7628, 18.7628, 18.7628, 18.7628, 18.7628, 18.7628, 18.868, 18.7628
7.3533, 10.4332, 21.6309, 18.6072, 3.52607, -11.1977, 0, 18.6072, 18.6076, 20.7861, 19.3424, 18.6072, 18.6072, 18.6072, 18.6072, 18.6072, 18.6072, 18.6072, 18.6072, 18.6072, 18.6072, 18.6072, 18.6072, 18.6072, 18.6072, 18.6072, 18.6072, 18.6072, 18.6072, 18.7163, 18.6072
7.36117, 23.5811, 21.5907, 18.4518, 5.05778, 1.99048, 0, 18.4518, 18.4522, 20.9638, 18.9662, 18.4518, 18.4518, 18.4518, 18.4518, 18.4518, 18.4518, 18.4518, 18.4518, 18.4518, 18.4518, 18.4518, 18.4518, 18.4518, 18.4518, 18.4518, 18.4518, 18.4518, 18.4518, 18.5639, 18.4518
7.36903, 21.7649, 21.6358, 18.2967, 4.87493, 0.129124, 0, 18.2967, 18.2971, 21.1647, 18.6533, 18.2967, 18.2967, 18.2967, 18.2967, 18.2967, 18.2967, 18.2967, 18.2967, 18.2967, 18.2967, 18.2967, 18.2967, 18.2967, 18.2967, 18.2967, 18.2967, 18.2967, 18.2967, 18.4107, 18.2967
7.3769, 20.188, 21.7454, 18.1419, 4.71041, -1.55738, 0, 18.1419, 18.1423, 21.385, 18.3868, 18.1419, 18.1419, 18.1419, 18.1419, 18.1419, 18.1419, 18.1419, 18.1419, 18.1419, 18.1419, 18.1419, 18.1419, 18.1419, 18.1419, 18.1419, 18.1419, 18.1419, 18.1419, 18.2568, 18.1419
7.38476, 13.2012, 21.9013, 17.9873, 3.89888, -8.70004, 0, 17.9873, 17.9878, 21.6193, 18.1541, 17.9873, 17.9873, 17.9873, 17.9873, 17.9873, 17.9873, 17.9873, 17.9873, 17.9873, 17.9873, 17.9873, 17.9873, 17.9873, 17.9873, 17.9873, 17.9873, 17.9873, 17.9873, 18.102, 17.9873
7.39262, 19.0609, 22.0879, 17.833, 4.58921, -3.027, 0, 17.833, 17.8335, 21.8615, 17.9456, 17.833, 17.833, 17.833, 17.833, 17.833, 17.833, 17.833, 17.833, 17.833, 17.833, 17.833, 17.833, 17.833, 17.833, 17.833, 17.833, 17.833, 17.833, 17.9465, 17.833
7.40049, 19.345, 22.2911, 17.679, 4.62006, -2.94613, 0, 17.679, 17.6795, 22.1044, 17.7543, 17.679, 17.679, 17.679, 17.679, 17.679, 17.679, 17.679, 17.679, 17.679, 17.679, 17.679, 17.679, 17.679, 17.679, 17.679, 17.679, 17.679, 17.679, 17.7901, 17.679
7.40835, 23.1305, 22.498, 17.5253, 5.01304, 0.632513, 0, 17.5253, 17.5257, 22.34, 17.5751, 17.5253, 17.5253, 17.5253, 17.5253, 17.5253, 17.5253, 17.5253, 17.5253, 17.5253, 17.5253, 17.5253, 17.5253, 17.5253, 17.5253, 17.5253, 17.5253, 17.5253, 17.5253, 17.633, 17.5253
7.41622, 27.4609, 22.6968, 17.3719, 5.42779, 4.7641, 0, 17.3719, 17.3723, 22.5602, 17.4046, 17.3719, 17.3719, 17.3719, 17.3719, 17.3719, 17.3719, 17.3719, 17.3719, 17.3719, 17.3719, 17.3719, 17.3719, 17.3719, 17.3719, 17.3719, 17.3719, 17.3719, 17.3719, 17.4753, 17.3719
7.42408, 30.1323, 22.8764, 17.2188, 5.66854, 7.25592, 0, 17.2189, 17.2193, 22.7562, 17.2402, 17.2188, 17.2188, 17.2188, 17.2188, 17.2188, 17.2188, 17.2188, 17.2188, 17.2188, 17.2188, 17.2188, 17.2188, 17.2188, 17.2188, 17.2188, 17.2188, 17.2188, 17.2188, 17.3173, 17.2188
7.43195, 25.4102, 23.0267, 17.0662, 5.23548, 2.38353, 0, 17.0662, 17.0666, 22.9197, 17.0799, 17.0662, 17.0662, 17.0662, 17.0662, 17.0662, 17.0662, 17.0662, 17.0662, 17.0662, 17.0662, 17.0662, 17.0662, 17.0662, 17.0662, 17.0662, 17.0662, 17.0662, 17.0662, 17.159, 17.0662
7.43981, 22.1578, 23.1385, 16.9139, 4.91506, -0.980724, 0, 16.9139, 16.9144, 23.0426, 16.9227, 16.9139, 16.9139, 16.9139, 16.9139, 16.9139, 16.9139, 16.9139, 16.9139, 16.9139, 16.9139, 16.9139, 16.9139, 16.9139, 16.9139, 16.9139, 16.9139, 16.9139, 16.9139, 17.0005, 16.9139
7.44768, 22.7891, 23.204, 16.762, 4.97887, -0.414906, 0, 16.762, 16.7625, 23.1178, 16.7676, 16.762, 16.762, 16.762, 16.762, 16.762, 16.762, 16.762, 16.762, 16.762, 16.762, 16.762, 16.762, 16.762, 16.762, 16.762, 16.762, 16.762, 16.762, 16.8422, 16.762
7.45554, 22.6823, 23.2165, 16.6106, 4.96813, -0.534271, 0, 16.6106, 16.611, 23.1391, 16.6141, 16.6106, 16.6106, 16.6106, 16.6106, 16.6106, 16.6106, 16.6106, 16.6106, 16.6106, 16.6106, 16.6106, 16.6106, 16.6106, 16.6106, 16.6106, 16.6106, 16.6106, 16.6106, 16.684, 16.6106
7.46341, 30.8659, 23.1711, 16.4594, 5.73288, 7.69474, 0, 16.4594, 16.4599, 23.1017, 16.4616, 16.4594, 16.4594, 16.4594, 16.4594, 16.4594, 16.4594, 16.4594, 16.4594, 16.4594, 16.4594, 16.4594, 16.4594, 16.4594, 16.4594, 16.4594, 16.4594, 16.4594, 16.4594, 16.5262, 16.4594
7.47127, 25.8627, 23.0645, 16.3086, 5.27852, 2.79819, 0, 16.3086, 16.3091, 23.0025, 16.3099, 16.3086, 16.3086, 16.3086, 16.3086, 16.3086, 16.3086, 16.3086, 16.3086, 16.3086, 16.3086, 16.3086, 16.3086, 16.3086, 16.3086, 16.3086, 16.3086, 16.3086, 16.3086, 16.3688, 16.3086
7.47914, 25.4834, 22.8953, 16.1581, 5.24246, 2.58813, 0, 16.1581, 16.1585, 22.8402, 16.1589, 16.1581, 16.1581, 16.1581, 16.1581, 16.1581, 16.1581, 16.1581, 16.1581, 16.1581, 16.1581, 16.1581, 16.1581, 16.1581, 16.1581, 16.1581, 16.1581, 16.1581, 16.1581, 16.2119, 16.1581
7.487, 18.0794, 22.6638, 16.0078, 4.48101, -4.58432, 0, 16.0078, 16.0083, 22.615, 16.0083, 16.0078, 16.0078, 16.0078, 16.0078, 16.0078, 16.0078, 16.0078, 16.0078, 16.0078, 16.0078, 16.0078, 16.0078, 16.0078, 16.0078, 16.0078, 16.0078, 16.0078, 16.0078, 16.0556, 16.0078
7.49487, 29.1945, 22.3723, 15.858, 5.58521, 6.82228, 0, 15.858, 15.8585, 22.3294, 15.8583, 15.858, 15.858, 15.858, 15.858, 15.858, 15.858, 15.858, 15.858, 15.858, 15.858, 15.858, 15.858, 15.858, 15.858, 15.858, 15.858, 15.858, 15.858, 15.9001, 15.858
7.50273, 19.5349, 22.0248, 15.7086, 4.64057, -2.48989, 0, 15.7086, 15.7091, 21.9872, 15.7088, 15.7086, 15.7086, 15.7086, 15.7086, 15.7086, 15.7086, 15.7086, 15.7086, 15.7086, 15.7086, 15.7086, 15.7086, 15.7086, 15.7086, 15.7086, 15.7086, 15.7086, 15.7086, 15.7456, 15.7086
7.5106, 22.0841, 21.6268, 15.5598, 4.90756, 0.45731, 0, 15.5598, 15.5603, 21.5938, 15.5599, 15.5598, 15.5598, 15.5598, 15.5598, 15.5598, 15.5598, 15.5598, 15.5598, 15.5598, 15.5598, 15.5598, 15.5598, 15.5598, 15.5598, 15.5598, 15.5598, 15.5598, 15.5598, 15.5921, 15.5598
7.51846, 17.8571, 21.1848, 15.4113, 4.45614, -3.32766, 0, 15.4114, 15.4118, 21.1559, 15.4114, 15.4113, 15.4113, 15.4113, 15.4113, 15.4113, 15.4113, 15.4113, 15.4113, 15.4113, 15.4113, 15.4113, 15.4113, 15.4113, 15.4113, 15.4113, 15.4113, 15.4113, 15.4113, 15.4397, 15.4113
7.52633, 24.7342, 20.7063, 15.2633, 5.17052, 4.02794, 0, 15.2633, 15.2638, 20.6809, 15.2634, 15.2633, 15.2633, 15.2633, 15.2633, 15.2633, 15.2633, 15.2633, 15.2633, 15.2633, 15.2633, 15.2633, 15.2633, 15.2633, 15.2633, 15.2633, 15.2633, 15.2633, 15.2633, 15.2882, 15.2633
7.53419, 19.4507, 20.1996, 15.1157, 4.63149, -0.748873, 0, 15.1158, 15.1163, 20.177, 15.1158, 15.1157, 15.1157, 15.1157, 15.1157, 15.1157, 15.1157, 15.1157, 15.1157, 15.1157, 15.1157, 15.1157, 15.1157, 15.1157, 15.1157, 15.1157, 15.1158, 15.1157, 15.1157, 15.1378, 15.1157
7.54206, 23.2229, 19.6729, 14.9686, 5.02224, 3.55004, 0, 14.9686, 14.9691, 19.6526, 14.9686, 14.9686, 14.9686, 14.9686, 14.9686, 14.9686, 14.9686, 14.9686, 14.9686, 14.9686, 14.9686, 14.9686, 14.9686, 14.9686, 14.9686, 14.9686, 14.9686, 14.9686, 14.9686, 14.9883, 14.9686
7.54992, 20.4776, 19.1348, 14.8218, 4.74105, 1.34279, 0, 14.8218, 14.8223, 19.1161, 14.8218, 14.8218, 14.8218, 14.8218, 14.8218, 14.8218, 14.8218, 14.8218, 14.8218, 14.8218, 14.8218, 14.8218, 14.8218, 14.8218, 14.8218, 14.8218, 14.8218, 14.8218, 14.8218, 14.8399, 14.8218
7.55778, 23.2271, 18.5934, 14.6755, 5.02266, 4.63372, 0, 14.6755, 14.676, 18.5758, 14.6755, 14.6755, 14.6755, 14.6755, 14.6755, 14.6755, 14.6755, 14.6755, 14.6755, 14.6755, 14.6755, 14.6755, 14.6755, 14.6755, 14.6755, 14.6755, 14.6755, 14.6755, 14.6755, 14.6925, 14.6755
7.56565, 18.7605, 18.0561, 14.5298, 4.55637, 0.704384, 0, 14.5298, 14.5304, 18.0392, 14.5298, 14.5298, 14.5298, 14.5298, 14.5298, 14.5298, 14.5298, 14.5298, 14.5298, 14.5298, 14.5298, 14.5298, 14.5298, 14.5298, 14.5298, 14.5298, 14.5298, 14.5298, 14.5298, 14.5462, 14.5298
7.57351, 10.9904, 17.5298, 14.3848, 3.60422, -6.53946, 0, 14.3848, 14.3854, 17.513, 14.3848, 14.3848, 14.3848, 14.3848, 14.3848, 14.3848, 14.3848, 14.3848, 14.3848, 14.3848, 14.3848, 14.3848, 14.3848, 14.3848, 14.3848, 14.3848, 14.3848, 14.3848, 14.3848, 14.401, 14.3848
7.58138, 20.1765, 17.02, 14.2404, 4.7092, 3.15652, 0, 14.2404, 14.241, 17.0029, 14.2404, 14.2404, 14.2404, 14.2404, 14.2404, 14.2404, 14.2404, 14.2404, 14.2404, 14.2404, 14.2404, 14.2404, 14.2404, 14.2404, 14.2404, 14.2404, 14.2404, 14.2404, 14.2404, 14.2569, 14.2404
7.58924, 19.9758, 16.5313, 14.0967, 4.68784, 3.44451, 0, 14.0967, 14.0972, 16.5135, 14.0967, 14.0967, 14.0967, 14.0967, 14.0967, 14.0967, 14.0967, 14.0967, 14.0967, 14.0967, 14.0967, 14.0967, 14.0967, 14.0967, 14.0967, 14.0967, 14.0967, 14.0967, 14.0967, 14.1139, 14.0967
7.59711, 20.9765, 16.0671, 13.9534, 4.79338, 4.90935, 0, 13.9534, 13.954, 16.0483, 13.9534, 13.9534, 13.9534, 13.9534, 13.9534, 13.9534, 13.9534, 13.9534, 13.9534, 13.9534, 13.9534, 13.9534, 13.9534, 13.9534, 13.9534, 13.9534, 13.9534, 13.9534, 13.9534, 13.9717, 13.9534
7.60497, 22.262, 15.6297, 13.8107, 4.92564, 6.63222, 0, 13.8107, 13.8113, 15.6096, 13.8107, 13.8107, 13.8107, 13.8107, 13.8107, 13.8107, 13.8107, 13.8107, 13.8107, 13.8107, 13.8107, 13.8107, 13.8107, 13.8107, 13.8107, 13.8107, 13.8107, 13.8107, 13.8107, 13.8302, 13.8107
7.61284, 18.8345, 15.2208, 13.6686, 4.56448, 3.6137, 0, 13.6686, 13.6692, 15.1991, 13.6686, 13.6686, 13.6686, 13.6686, 13.6686, 13.6686, 13.6686, 13.6686, 13.6686, 13.6686, 13.6686, 13.6686, 13.6686, 13.6686, 13.6686, 13.6686, 13.6686, 13.6686, 13.6686, 13.6896, 13.6686
7.6207, 23.5358, 14.8407, 13.5272, 5.0533, 8.6951, 0, 13.5272, 13.5279, 14.8173, 13.5272, 13.5272, 13.5272, 13.5272, 13.5272, 13.5272, 13.5272, 13.5272, 13.5272, 13.5272, 13.5272, 13.5272, 13.5272, 13.5272, 13.5272, 13.5272, 13.5272, 13.5272, 13.5272, 13.5499, 13.5272
7.62857, 13.0215, 14.4892, 13.3866, 3.87576, -1.46772, 0, 13.3866, 13.3873, 14.464, 13.3866, 13.3866, 13.3866, 13.3866, 13.3866, 13.3866, 13.3866, 13.3866, 13.3866, 13.3866, 13.3866, 13.3866, 13.3866, 13.3866, 13.3866, 13.3866, 13.3866, 13.3866, 13.3866, 13.4111, 13.3866
7.63643, 10.6825, 14.1652, 13.2466, 3.56125, -3.48271, 0, 13.2467, 13.2474, 14.1381, 13.2466, 13.2466, 13.2466, 13.2466, 13.2466, 13.2466, 13.2466, 13.2466, 13.2466, 13.2466, 13.2466, 13.2466, 13.2466, 13.2466, 13.2466, 13.2466, 13.2467, 13.2466, 13.2466, 13.273, 13.2466
7.6443, 18.3639, 13.8672, 13.1074, 4.51264, 4.49676, 0, 13.1074, 13.1082, 13.8383, 13.1074, 13.1074, 13.1074, 13.1074, 13.1074, 13.1074, 13.1074, 13.1074, 13.1074, 13.1074, 13.1074, 13.1074, 13.1074, 13.1074, 13.1074, 13.1074, 13.1074, 13.1074, 13.1074, 13.1355, 13.1074
7.65216, 18.2886, 13.5931, 12.9687, 4.50429, 4.69553, 0, 12.9687, 12.9696, 13.5624, 12.9687, 12.9687, 12.9687, 12.9687, 12.9687, 12.9687, 12.9687, 12.9687, 12.9687, 12.9687, 12.9687, 12.9687, 12.9687, 12.9687, 12.9687, 12.9687, 12.9687, 12.9687, 12.9687, 12.9986, 12.9687
7.66003, 23.4993, 13.3408, 12.8307, 5.04968, 10.1584, 0, 12.8307, 12.8316, 13.3085, 12.8307, 12.8307, 12.8307, 12.8307, 12.8307, 12.8307, 12.8307, 12.8307, 12.8307, 12.8307, 12.8307, 12.8307, 12.8307, 12.8307, 12.8307, 12.8307, 12.8307, 12.8307, 12.8307, 12.8621, 12.8307
7.66789, 12.781, 13.1082, 12.6934, 3.84461, -0.327128, 0, 12.6934, 12.6943, 13.0744, 12.6934, 12.6934, 12.6934, 12.6934, 12.6934, 12.6934, 12.6934, 12.6934, 12.6934, 12.6934, 12.6934, 12.6934, 12.6934, 12.6934, 12.6934, 12.6934, 12.6934, 12.6934, 12.6934, 12.7262, 12.6934
7.67576, 12.3124, 12.893, 12.5569, 3.78318, -0.580561, 0, 12.5569, 12.5579, 12.858, 12.5569, 12.5569, 12.5569, 12.5569, 12.5569, 12.5569, 12.5569, 12.5569, 12.5569, 12.5569, 12.5569, 12.5569, 12.5569, 12.5569, 12.5569, 12.5569, 12.5569, 12.5569, 12.5569, 12.5909, 12.5569
7.68362, 15.1546, 12.6928, 12.4211, 4.14181, 2.46184, 0, 12.4211, 12.4222, 12.6569, 12.4211, 12.4211, 12.4211, 12.4211, 12.4211, 12.4211, 12.4211, 12.4211, 12.4211, 12.4211, 12.4211, 12.4211, 12.4211, 12.4211, 12.4211, 12.4211, 12.4211, 12.4211, 12.4211, 12.4559, 12.4211
7.69149, 14.4821, 12.5055, 12.286, 4.05982, 1.97661, 0, 12.286, 12.2872, 12.4689, 12.286, 12.286, 12.286, 12.286, 12.286, 12.286, 12.286, 12.286, 12.286, 12.286, 12.286, 12.286, 12.286, 12.286, 12.286, 12.286, 12.286, 12.286, 12.286, 12.3214, 12.286
7.69935, 11.327, 12.3294, 12.1518, 3.65062, -1.00234, 0, 12.1518, 12.153, 12.2924, 12.1518, 12.1518, 12.1518, 12.1518, 12.1518, 12.1518, 12.1518, 12.1518, 12.1518, 12.1518, 12.1518, 12.1518, 12.1518, 12.1518, 12.1518, 12.1518, 12.1518, 12.1518, 12.1518, 12.1874, 12.1518
7.70722, 13.9879, 12.1623, 12.0181, 3.99849, 1.82565, 0, 12.0181, 12.0195, 12.1253, 12.0181, 12.0181, 12.0181, 12.0181, 12.0181, 12.0181, 12.0181, 12.0181, 12.0181, 12.0181, 12.0181, 12.0181, 12.0181, 12.0181, 12.0181, 12.0181, 12.0181, 12.0181, 12.0181, 12.0538, 12.0181
7.71508, 12.6348, 12.0028, 11.8852, 3.82554, 0.631921, 0, 11.8852, 11.8867, 11.9661, 11.8852, 11.8852, 11.8852, 11.8852, 11.8852, 11.8852, 11.8852, 11.8852, 11.8852, 11.8852, 11.8852, 11.8852, 11.8852, 11.8852, 11.8852, 11.8852, 11.8852, 11.8852, 11.8852, 11.9205, 11.8852
7.72295, 5.6991, 11.8499, 11.7532, 2.77473, -6.15077, 0, 11.7532, 11.7548, 11.8138, 11.7532, 11.7532, 11.7532, 11.7532, 11.7532, 11.7532, 11.7532, 11.7532, 11.7532, 11.7532, 11.7532, 11.7532, 11.7532, 11.7532, 11.7532, 11.7532, 11.7532, 11.7532, 11.7532, 11.7878, 11.7532
7.73081, 16.3607, 11.7019, 11.6218, 4.28494, 4.65884, 0, 11.6218, 11.6235, 11.6667, 11.6218, 11.6218, 11.6218, 11.6218, 11.6218, 11.6218, 11.6218, 11.6218, 11.6218, 11.6218, 11.6218, 11.6218, 11.6218, 11.6218, 11.6218, 11.6218, 11.6218, 11.6218, 11.6218, 11.6553, 11.6218
7.73867, 13.1535, 11.5582, 11.4911, 3.89275, 1.59537, 0, 11.4911, 11.4929, 11.5241, 11.4911, 11.4911, 11.4911, 11.4911, 11.4911, 11.4911, 11.4911, 11.4911, 11.4911, 11.4911, 11.4911, 11.4911, 11.4911, 11.4911, 11.4911, 11.4911, 11.4911, 11.4911, 11.4911, 11.5234, 11.4911
7.74654, 9.09145, 11.4743, 11.4176, 3.33038, -2.38281, 0, 11.4176, 11.4195, 11.4416, 11.4176, 11.4176, 11.4176, 11.4176, 11.4176, 11.4176, 11.4176, 11.4176, 11.4176, 11.4176, 11.4176, 11.4176, 11.4176, 11.4176, 11.4176, 11.4176, 11.4176, 11.4176, 11.4176, 11.4483, 11.4176
7.7544, 10.9882, 11.3909, 11.3425, 3.60392, -0.402646, 0, 11.3425, 11.3445, 11.3598, 11.3425, 11.3425, 11.3425, 11.3425, 11.3425, 11.3425, 11.3425, 11.3425, 11.3425, 11.3425, 11.3425, 11.3425, 11.3425, 11.3425, 11.3425, 11.3425, 11.3425, 11.3425, 11.3425, 11.3715, 11.3425
7.76227, 7.98761, 11.3072, 11.2654, 3.16032, -3.31956, 0, 11.2654, 11.2676, 11.2779, 11.2654, 11.2654, 11.2654, 11.2654, 11.2654, 11.2654, 11.2654, 11.2654, 11.2654, 11.2654, 11.2654, 11.2654, 11.2654, 11.2654, 11.2654, 11.2654, 11.2654, 11.2654, 11.2654, 11.2926, 11.2654
7.77013, 14.4079, 11.2225, 11.1862, 4.05067, 3.18545, 0, 11.1862, 11.1885, 11.1951, 11.1862, 11.1862, 11.1862, 11.1862, 11.1862, 11.1862, 11.1862, 11.1862, 11.1862, 11.1862, 11.1862, 11.1862, 11.1862, 11.1862, 11.1862, 11.1862, 11.1862, 11.1862, 11.1862, 11.2114, 11.1862
7.778, 10.7641, 11.1367, 11.105, 3.57269, -0.372593, 0, 11.105, 11.1073, 11.1112, 11.105, 11.105, 11.105, 11.105, 11.105, 11.105, 11.105, 11.105, 11.105, 11.105, 11.105, 11.105, 11.105, 11.105, 11.105, 11.105, 11.105, 11.105, 11.105, 11.1281, 11.105
7.78586, 11.792, 11.0494, 11.0215, 3.71376, 0.742641, 0, 11.0215, 11.0239, 11.0259, 11.0215, 11.0215, 11.0215, 11.0215, 11.0215, 11.0215, 11.0215, 11.0215, 11.0215, 11.0215, 11.0215, 11.0215, 11.0215, 11.0215, 11.0215, 11.0215, 11.0215, 11.0215, 11.0215, 11.0426, 11.0215
7.79373, 16.1847, 10.9605, 10.9359, 4.26436, 5.22425, 0, 10.9359, 10.9384, 10.9389, 10.9359, 10.9359, 10.9359, 10.9359, 10.9359, 10.9359, 10.9359, 10.9359, 10.9359, 10.9359, 10.9359, 10.9359, 10.9359, 10.9359, 10.9359, 10.9359, 10.9359, 10.9359, 10.9359, 10.9549, 10.9359
7.80159, 11.1973, 10.87, 10.8482, 3.63281, 0.327259, 0, 10.8482, 10.8508, 10.8503, 10.8482, 10.8482, 10.8482, 10.8482, 10.8482, 10.8482, 10.8482, 10.8482, 10.8482, 10.8482, 10.8482, 10.8482, 10.8482, 10.8482, 10.8482, 10.8482, 10.8482, 10.8482, 10.8482, 10.8653, 10.8482
7.80946, 6.99275, 10.7783, 10.7588, 2.99879, -3.78551, 0, 10.7588, 10.7615, 10.7603, 10.7588, 10.7588, 10.7588, 10.7588, 10.7588, 10.7588, 10.7588, 10.7588, 10.7588, 10.7588, 10.7588, 10.7588, 10.7588, 10.7588, 10.7588, 10.7588, 10.7588, 10.7588, 10.7588, 10.7741, 10.7588
7.81732, 13.369, 10.6856, 10.6682, 3.92033, 2.68335, 0, 10.6682, 10.6709, 10.6693, 10.6682, 10.6682, 10.6682, 10.6682, 10.6682, 10.6682, 10.6682, 10.6682, 10.6682, 10.6682, 10.6682, 10.6682, 10.6682, 10.6682, 10.6682, 10.6682, 10.6682, 10.6682, 10.6682, 10.6819, 10.6682
7.82519, 14.1959, 10.592, 10.5764, 4.02442, 3.60392, 0, 10.5764, 10.579, 10.5771, 10.5764, 10.5764, 10.5764, 10.5764, 10.5764, 10.5764, 10.5764, 10.5764, 10.5764, 10.5764, 10.5764, 10.5764, 10.5764, 10.5764, 10.5764, 10.5764, 10.5764, 10.5764, 10.5764, 10.5886, 10.5764
7.83305, 9.41338, 10.4975, 10.4833, 3.37837, -1.08414, 0, 10.4833, 10.486, 10.4838, 10.4833, 10.4833, 10.4833, 10.4833, 10.4833, 10.4833, 10.4833, 10.4833, 10.4833, 10.4833, 10.4833, 10.4833, 10.4833, 10.4833, 10.4833, 10.4833, 10.4833, 10.4833, 10.4833, 10.4943, 10.4833
7.84092, 9.20793, 10.4024, 10.3892, 3.34782, -1.19446, 0, 10.3892, 10.3919, 10.3896, 10.3892, 10.3892, 10.3892, 10.3892, 10.3892, 10.3892, 10.3892, 10.3892, 10.3892, 10.3892, 10.3892, 10.3892, 10.3892, 10.3892, 10.3892, 10.3892, 10.3892, 10.3892, 10.3892, 10.3993, 10.3892
7.84878, 10.3424, 10.3069, 10.2944, 3.51318, 0.0355015, 0, 10.2944, 10.297, 10.2947, 10.2944, 10.2944, 10.2944, 10.2944, 10.2944, 10.2944, 10.2944, 10.2944, 10.2944, 10.2944, 10.2944, 10.2944, 10.2944, 10.2944, 10.2944, 10.2944, 10.2944, 10.2944, 10.2944, 10.304, 10.2944
7.85665, 13.7682, 10.2116, 10.1992, 3.97092, 3.55661, 0, 10.1992, 10.2018, 10.1994, 10.1992, 10.1992, 10.1992, 10.1992, 10.1992, 10.1992, 10.1992, 10.1992, 10.1992, 10.1992, 10.1992, 10.1992, 10.1992, 10.1992, 10.1992, 10.1992, 10.1992, 10.1992, 10.1992, 10.2088, 10.1992
7.86451, 12.9851, 10.1168, 10.1041, 3.87106, 2.8683, 0, 10.1041, 10.1067, 10.1043, 10.1041, 10.1041, 10.1041, 10.1041, 10.1041, 10.1041, 10.1041, 10.1041, 10.1041, 10.1041, 10.1041, 10.1041, 10.1041, 10.1041, 10.1041, 10.1041, 10.1041, 10.1041, 10.1041, 10.1141, 10.1041
7.87238, 10.5363, 10.0231, 10.0095, 3.54066, 0.513158, 0, 10.0095, 10.0119, 10.0096, 10.0095, 10.0095, 10.0095, 10.0095, 10.0095, 10.0095, 10.0095, 10.0095, 10.0095, 10.0095, 10.0095, 10.0095, 10.0095, 10.0095, 10.0095, 10.0095, 10.0095, 10.0095, 10.0095, 10.0205, 10.0095
7.88024, 11.4352, 9.96121, 9.94579, 3.6654, 1.47394, 0, 9.9458, 9.94817, 9.94595, 9.94579, 9.94579, 9.94579, 9.94579, 9.94579, 9.94579, 9.94579, 9.94579, 9.94579, 9.94579, 9.94579, 9.94579, 9.94579, 9.94579, 9.94579, 9.94579, 9.9458, 9.94579, 9.94579, 9.95868, 9.94579
7.88811, 11.2147, 9.90043, 9.88231, 3.63521, 1.31429, 0, 9.88232, 9.8846, 9.88247, 9.88231, 9.88231, 9.88231, 9.88231, 9.88231, 9.88231, 9.88231, 9.88231, 9.88231, 9.88231, 9.88231, 9.88231, 9.88231, 9.88231, 9.88231, 9.88231, 9.88232, 9.88231, 9.88231, 9.89799, 9.88231
7.89597, 5.45229, 9.94225, 9.92028, 2.72989, -4.48996, 0, 9.92028, 9.92246, 9.92044, 9.92028, 9.92028, 9.92028, 9.92028, 9.92028, 9.92028, 9.92028, 9.92028, 9.92028, 9.92028, 9.92028, 9.92028, 9.92028, 9.92028, 9.92028, 9.92028, 9.92028, 9.92028, 9.92028, 9.9399, 9.92028
7.90383, 6.52393, 9.98527, 9.95802, 2.91958, -3.46134, 0, 9.95802, 9.96009, 9.95819, 9.95802, 9.95802, 9.95802, 9.95802, 9.95802, 9.95802, 9.95802, 9.95802, 9.95802, 9.95802, 9.95802, 9.95802, 9.95802, 9.95802, 9.95802, 9.95802, 9.95802, 9.95802, 9.95802, 9.98301, 9.95802
7.9117, 9.22471, 10.0301, 9.99583, 3.35033, -0.805383, 0, 9.99583, 9.99779, 9.99603, 9.99583, 9.99583, 9.99583, 9.99583, 9.99583, 9.99583, 9.99583, 9.99583, 9.99583, 9.99583, 9.99583, 9.99583, 9.99583, 9.99583, 9.99583, 9.99583, 9.99583, 9.99583, 9.99583, 10.0279, 9.99583
7.91956, 12.2296, 10.0774, 10.034, 3.77222, 2.15223, 0, 10.034, 10.0359, 10.0342, 10.034, 10.034, 10.034, 10.034, 10.034, 10.034, 10.034, 10.034, 10.034, 10.034, 10.034, 10.034, 10.034, 10.034, 10.034, 10.034, 10.034, 10.034, 10.034, 10.0753, 10.034
7.92743, 4.99294, 10.127, 10.072, 2.64442, -5.13404, 0, 10.072, 10.0737, 10.0723, 10.072, 10.072, 10.072, 10.072, 10.072, 10.072, 10.072, 10.072, 10.072, 10.072, 10.072, 10.072, 10.072, 10.072, 10.072, 10.072, 10.072, 10.072, 10.072, 10.1249, 10.072
7.93529, 13.5044, 10.1794, 10.1097, 3.93756, 3.32502, 0, 10.1097, 10.1114, 10.1101, 10.1097, 10.1097, 10.1097, 10.1097, 10.1097, 10.1097, 10.1097, 10.1097, 10.1097, 10.1097, 10.1097, 10.1097, 10.1097, 10.1097, 10.1097, 10.1097, 10.1097, 10.1097, 10.1097, 10.1773, 10.1097
7.94316, 18.4948, 10.2347, 10.1469, 4.52712, 8.26006, 0, 10.1469, 10.1485, 10.1475, 10.1469, 10.1469, 10.1469, 10.1469, 10.1469, 10.1469, 10.1469, 10.1469, 10.1469, 10.1469, 10.1469, 10.1469, 10.1469, 10.1469, 10.1469, 10.1469, 10.1469, 10.1469, 10.1469, 10.2326, 10.1469
7.95102, 9.2324, 10.2939, 10.1838, 3.35148, -1.06146, 0, 10.1838, 10.1853, 10.1846, 10.1838, 10.1838, 10.1838, 10.1838, 10.1838, 10.1838, 10.1838, 10.1838, 10.1838, 10.1838, 10.1838, 10.1838, 10.1838, 10.1838, 10.1838, 10.1838, 10.1838, 10.1838, 10.1838, 10.2916, 10.1838
7.95889, 11.9852, 10.3577, 10.2208, 3.73968, 1.62748, 0, 10.2208, 10.2222, 10.2218, 10.2208, 10.2208, 10.2208, 10.2208, 10.2208, 10.2208, 10.2208, 10.2208, 10.2208, 10.2208, 10.2208, 10.2208, 10.2208, 10.2208, 10.2208, 10.2208, 10.2208, 10.2208, 10.2208, 10.3553, 10.2208
7.96675, 15.7165, 10.4272, 10.2581, 4.2091, 5.2893, 0, 10.2581, 10.2594, 10.2595, 10.2581, 10.2581, 10.2581, 10.2581, 10.2581, 10.2581, 10.2581, 10.2581, 10.2581, 10.2581, 10.2581, 10.2581, 10.2581, 10.2581, 10.2581, 10.2581, 10.2581, 10.2581, 10.2581, 10.4245, 10.2581
7.97462, 12.9986, 10.5023, 10.2951, 3.87281, 2.49631, 0, 10.2951, 10.2963, 10.2971, 10.2951, 10.2951, 10.2951, 10.2951, 10.2951, 10.2951, 10.2951, 10.2951, 10.2951, 10.2951, 10.2951, 10.2951, 10.2951, 10.2951, 10.2951, 10.2951, 10.2951, 10.2951, 10.2951, 10.4991, 10.2951
7.98248, 12.759, 10.5834, 10.3317, 3.84174, 2.1756, 0, 10.3317, 10.3328, 10.3344, 10.3317, 10.3317, 10.3317, 10.3317, 10.3317, 10.3317, 10.3317, 10.3317, 10.3317, 10.3317, 10.3317, 10.3317, 10.3317, 10.3317, 10.3317, 10.3317, 10.3317, 10.3317, 10.3317, 10.5795, 10.3317
7.99035, 6.25092, 10.6706, 10.3674, 2.87244, -4.4197, 0, 10.3674, 10.3685, 10.3712, 10.3674, 10.3674, 10.3674, 10.3674, 10.3674, 10.3674, 10.3674, 10.3674, 10.3674, 10.3674, 10.3674, 10.3674, 10.3674, 10.3674, 10.3674, 10.3674, 10.3674, 10.3674, 10.3674, 10.6657, 10.3674
7.99821, 19.3591, 10.7648, 10.4028, 4.62159, 8.59422, 0, 10.4028, 10.4039, 10.408, 10.4028, 10.4028, 10.4028, 10.4028, 10.4028, 10.4028, 10.4028, 10.4028, 10.4028, 10.4028, 10.4028, 10.4028, 10.4028, 10.4028, 10.4028, 10.4028, 10.4028, 10.4028, 10.4028, 10.7586, 10.4028
8.00608, 12.8925, 10.8668, 10.4383, 3.85908, 2.02574, 0, 10.4383, 10.4393, 10.4454, 10.4383, 10.4383, 10.4383, 10.4383, 10.4383, 10.4383, 10.4383, 10.4383, 10.4383, 10.4383, 10.4383, 10.4383, 10.4383, 10.4383, 10.4383, 10.4383, 10.4383, 10.4383, 10.4383, 10.8587, 10.4383
8.01394, 16.1171, 10.9766, 10.474, 4.25642, 5.14049, 0, 10.474, 10.4749, 10.4835, 10.474, 10.474, 10.474, 10.474, 10.474, 10.474, 10.474, 10.474, 10.474, 10.474, 10.474, 10.474, 10.474, 10.474, 10.474, 10.474, 10.474, 10.474, 10.474, 10.9661, 10.474
8.02181, 12.708, 11.0939, 10.5094, 3.8351, 1.61408, 0, 10.5094, 10.5104, 10.5222, 10.5094, 10.5094, 10.5094, 10.5094, 10.5094, 10.5094, 10.5094, 10.5094, 10.5094, 10.5094, 10.5094, 10.5094, 10.5094, 10.5094, 10.5094, 10.5094, 10.5094, 10.5094, 10.5094, 11.0802, 10.5094
8.02967, 16.5224, 11.2178, 10.544, 4.30377, 5.3046, 0, 10.544, 10.5449, 10.5609, 10.544, 10.544, 10.544, 10.544, 10.544, 10.544, 10.544, 10.544, 10.544, 10.544, 10.544, 10.544, 10.544, 10.544, 10.544, 10.544, 10.544, 10.544, 10.544, 11.2, 10.544
8.03754, 10.3577, 11.3476, 10.5777, 3.51535, -0.989964, 0, 10.5777, 10.5786, 10.6, 10.5777, 10.5777, 10.5777, 10.5777, 10.5777, 10.5777, 10.5777, 10.5777, 10.5777, 10.5777, 10.5777, 10.5777, 10.5777, 10.5777, 10.5777, 10.5777, 10.5777, 10.5777, 10.5777, 11.3245, 10.5777
8.0454, 13.3254, 11.4831, 10.6109, 3.91477, 1.84229, 0, 10.6109, 10.6118, 10.6399, 10.6109, 10.6109, 10.6109, 10.6109, 10.6109, 10.6109, 10.6109, 10.6109, 10.6109, 10.6109, 10.6109, 10.6109, 10.6109, 10.6109, 10.6109, 10.6109, 10.6109, 10.6109, 10.6109, 11.4532, 10.6109
8.05327, 14.9787, 11.6238, 10.6442, 4.12052, 3.35485, 0, 10.6442, 10.6451, 10.6817, 10.6442, 10.6442, 10.6442, 10.6442, 10.6442, 10.6442, 10.6442, 10.6442, 10.6442, 10.6442, 10.6442, 10.6442, 10.6442, 10.6442, 10.6442, 10.6442, 10.6442, 10.6442, 10.6442, 11.5855, 10.6442
8.06113, 12.8262, 11.7685, 10.6776, 3.85048, 1.05772, 0, 10.6776, 10.6785, 10.7255, 10.6776, 10.6776, 10.6776, 10.6776, 10.6776, 10.6776, 10.6776, 10.6776, 10.6776, 10.6776, 10.6776, 10.6776, 10.6776, 10.6776, 10.6776, 10.6776, 10.6776, 10.6776, 10.6776, 11.7197, 10.6776
8.069, 14.7001, 11.9154, 10.7108, 4.08658, 2.78473, 0, 10.7108, 10.7116, 10.7715, 10.7108, 10.7108, 10.7108, 10.7108, 10.7108, 10.7108, 10.7108, 10.7108, 10.7108, 10.7108, 10.7108, 10.7108, 10.7108, 10.7108, 10.7108, 10.7108, 10.7108, 10.7108, 10.7108, 11.8538, 10.7108
8.07686, 7.9834, 12.0621, 10.7428, 3.15965, -4.07867, 0, 10.7428, 10.7436, 10.8191, 10.7428, 10.7428, 10.7428, 10.7428, 10.7428, 10.7428, 10.7428, 10.7428, 10.7428, 10.7428, 10.7428, 10.7428, 10.7428, 10.7428, 10.7428, 10.7428, 10.7428, 10.7428, 10.7428, 11.9849, 10.7428
8.08473, 16.4038, 12.2069, 10.7737, 4.28997, 4.19699, 0, 10.7737, 10.7746, 10.8686, 10.7737, 10.7737, 10.7737, 10.7737, 10.7737, 10.7737, 10.7737, 10.7737, 10.7737, 10.7737, 10.7737, 10.7737, 10.7737, 10.7737, 10.7737, 10.7737, 10.7737, 10.7737, 10.7737, 12.1111, 10.7737
8.09259, 16.5623, 12.3485, 10.8041, 4.3084, 4.21378, 0, 10.8042, 10.805, 10.9211, 10.8041, 10.8041, 10.8041, 10.8041, 10.8041, 10.8041, 10.8041, 10.8041, 10.8041, 10.8041, 10.8041, 10.8041, 10.8041, 10.8041, 10.8041, 10.8041, 10.8041, 10.8041, 10.8041, 12.2308, 10.8041
8.10045, 8.16208, 12.486, 10.8346, 3.1878, -4.32391, 0, 10.8346, 10.8354, 10.9773, 10.8346, 10.8346, 10.8346, 10.8346, 10.8346, 10.8346, 10.8346, 10.8346, 10.8346, 10.8346, 10.8346, 10.8346, 10.8346, 10.8346, 10.8346, 10.8346, 10.8346, 10.8346, 10.8346, 12.3424, 10.8346
8.10832, 12.9929, 12.6175, 10.8651, 3.87206, 0.375423, 0, 10.8651, 10.8659, 11.0377, 10.8651, 10.8651, 10.8651, 10.8651, 10.8651, 10.8651, 10.8651, 10.8651, 10.8651, 10.8651, 10.8651, 10.8651, 10.8651, 10.8651, 10.8651, 10.8651, 10.8651, 10.8651, 10.8651, 12.444, 10.8651
8.11618, 11.3934, 12.7409, 10.8951, 3.6597, -1.34749, 0, 10.8951, 10.896, 11.102, 10.8951, 10.8951, 10.8951, 10.8951, 10.8951, 10.8951, 10.8951, 10.8951, 10.8951, 10.8951, 10.8951, 10.8951, 10.8951, 10.8951, 10.8951, 10.8951, 10.8951, 10.8951, 10.8951, 12.5332, 10.8951
8.12405, 10.988, 12.8542, 10.9239, 3.60389, -1.86619, 0, 10.9239, 10.9248, 11.1694, 10.9239, 10.9239, 10.9239, 10.9239, 10.9239, 10.9239, 10.9239, 10.9239, 10.9239, 10.9239, 10.9239, 10.9239, 10.9239, 10.9239, 10.9239, 10.9239, 10.9239, 10.9239, 10.9239, 12.6078, 10.9239
8.13191, 10.6838, 12.9562, 10.9515, 3.56143, -2.27244, 0, 10.9515, 10.9524, 11.2403, 10.9515, 10.9515, 10.9515, 10.9515, 10.9515, 10.9515, 10.9515, 10.9515, 10.9515, 10.9515, 10.9515, 10.9515, 10.9515, 10.9515, 10.9515, 10.9515, 10.9515, 10.9515, 10.9515, 12.6666, 10.9515
8.13978, 15.7585, 13.0467, 10.9786, 4.21408, 2.71179, 0, 10.9786, 10.9795, 11.315, 10.9786, 10.9786, 10.9786, 10.9786, 10.9786, 10.9786, 10.9786, 10.9786, 10.9786, 10.9786, 10.9786, 10.9786, 10.9786, 10.9786, 10.9786, 10.9786, 10.9786, 10.9786, 10.9786, 12.7095, 10.9786
8.14764, 8.52168, 13.1256, 11.0057, 3.24371, -4.60387, 0, 11.0057, 11.0066, 11.394, 11.0057, 11.0057, 11.0057, 11.0057, 11.0057, 11.0057, 11.0057, 11.0057, 11.0057, 11.0057, 11.0057, 11.0057, 11.0057, 11.0057, 11.0057, 11.0057, 11.0057, 11.0057, 11.0057, 12.7364, 11.0057
8.15551, 20.3649, 13.1922, 11.0327, 4.72915, 7.17264, 0, 11.0327, 11.0335, 11.4766, 11.0327, 11.0327, 11.0327, 11.0327, 11.0327, 11.0327, 11.0327, 11.0327, 11.0327, 11.0327, 11.0327, 11.0327, 11.0327, 11.0327, 11.0327, 11.0327, 11.0327, 11.0327, 11.0327, 12.7474, 11.0327
8.16337, 13.297, 13.2462, 11.059, 3.91113, 0.0507774, 0, 11.059, 11.0598, 11.5619, 11.059, 11.059, 11.059, 11.059, 11.059, 11.059, 11.059, 11.059, 11.059, 11.059, 11.059, 11.059, 11.059, 11.059, 11.059, 11.059, 11.059, 11.059, 11.059, 12.7424, 11.059
8.17124, 15.3535, 13.2868, 11.0839, 4.16575, 2.06666, 0, 11.0839, 11.0848, 11.6484, 11.0839, 11.0839, 11.0839, 11.0839, 11.0839, 11.0839, 11.0839, 11.0839, 11.0839, 11.0839, 11.0839, 11.0839, 11.0839, 11.0839, 11.0839, 11.0839, 11.0839, 11.0839, 11.0839, 12.7214, 11.0839
8.1791, 11.6182, 13.3147, 11.1077, 3.69029, -1.69648, 0, 11.1077, 11.1086, 11.7355, 11.1077, 11.1077, 11.1077, 11.1077, 11.1077, 11.1077, 11.1077, 11.1077, 11.1077, 11.1077, 11.1077, 11.1077, 11.1077, 11.1077, 11.1077, 11.1077, 11.1077, 11.1077, 11.1077, 12.6861, 11.1077
8.18697, 15.9854, 13.331, 11.131, 4.24092, 2.6544, 0, 11.131, 11.1319, 11.8225, 11.131, 11.131, 11.131, 11.131, 11.131, 11.131, 11.131, 11.131, 11.131, 11.131, 11.131, 11.131, 11.131, 11.131, 11.131, 11.131, 11.131, 11.131, 11.131, 12.6385, 11.131
8.19483, 15.6902, 13.3368, 11.1542, 4.20597, 2.35342, 0, 11.1542, 11.1551, 11.9091, 11.1542, 11.1542, 11.1542, 11.1542, 11.1542, 11.1542, 11.1542, 11.1542, 11.1542, 11.1542, 11.1542, 11.1542, 11.1542, 11.1542, 11.1542, 11.1542, 11.1542, 11.1542, 11.1542, 12.5809, 11.1542
8.2027, 8.6285, 13.3325, 11.1771, 3.26014, -4.70403, 0, 11.1771, 11.178, 11.9936, 11.1771, 11.1771, 11.1771, 11.1771, 11.1771, 11.1771, 11.1771, 11.1771, 11.1771, 11.1771, 11.1771, 11.1771, 11.1771, 11.1771, 11.1771, 11.1771, 11.1771, 11.1771, 11.1771, 12.5151, 11.1771
8.21056, 10.3095, 13.3185, 11.1992, 3.5085, -3.00893, 0, 11.1992, 11.2001, 12.0741, 11.1992, 11.1992, 11.1992, 11.1992, 11.1992, 11.1992, 11.1992, 11.1992, 11.1992, 11.1992, 11.1992, 11.1992, 11.1992, 11.1992, 11.1992, 11.1992, 11.1992, 11.1992, 11.1992, 12.4426, 11.1992
8.21843, 11.3061, 13.2948, 11.2198, 3.64775, -1.98877, 0, 11.2198, 11.2208, 12.1488, 11.2198, 11.2198, 11.2198, 11.2198, 11.2198, 11.2198, 11.2198, 11.2198, 11.2198, 11.2198, 11.2198, 11.2198, 11.2198, 11.2198, 11.2198, 11.2198, 11.2198, 11.2198, 11.2198, 12.3649, 11.2198
8.22629, 13.9937, 13.2626, 11.2393, 3.99921, 0.73109, 0, 11.2393, 11.2404, 12.2166, 11.2393, 11.2393, 11.2393, 11.2393, 11.2393, 11.2393, 11.2393, 11.2393, 11.2393, 11.2393, 11.2393, 11.2393, 11.2393, 11.2393, 11.2393, 11.2393, 11.2393, 11.2393, 11.2393, 12.2842, 11.2393
8.23416, 16.6499, 13.223, 11.2583, 4.31856, 3.4269, 0, 11.2583, 11.2594, 12.277, 11.2583, 11.2583, 11.2583, 11.2583, 11.2583, 11.2583, 11.2583, 11.2583, 11.2583, 11.2583, 11.2583, 11.2583, 11.2583, 11.2583, 11.2583, 11.2583, 11.2583, 11.2583, 11.2583, 12.2032, 11.2583
8.24202, 15.9685, 13.1773, 11.2771, 4.23893, 2.79121, 0, 11.2771, 11.2783, 12.3293, 11.2771, 11.2771, 11.2771, 11.2771, 11.2771, 11.2771, 11.2771, 11.2771, 11.2771, 11.2771, 11.2771, 11.2771, 11.2771, 11.2771, 11.2771, 11.2771, 11.2771, 11.2771, 11.2771, 12.1239, 11.2771
8.24988, 17.6137, 13.1258, 11.2956, 4.42874, 4.48794, 0, 11.2956, 11.2969, 12.3724, 11.2956, 11.2956, 11.2956, 11.2956, 11.2956, 11.2956, 11.2956, 11.2956, 11.2956, 11.2956, 11.2956, 11.2956, 11.2956, 11.2956, 11.2956, 11.2956, 11.2956, 11.2956, 11.2956, 12.0476, 11.2956
8.25775, 14.3666, 13.0684, 11.313, 4.04556, 1.29813, 0, 11.313, 11.3146, 12.405, 11.313, 11.313, 11.313, 11.313, 11.313, 11.313, 11.313, 11.313, 11.313, 11.313, 11.313, 11.313, 11.313, 11.313, 11.313, 11.313, 11.313, 11.313, 11.313, 11.9748, 11.313
8.26561, 13.328, 13.0055, 11.329, 3.9151, 0.322512, 0, 11.329, 11.3309, 12.4264, 11.329, 11.329, 11.329, 11.329, 11.329, 11.329, 11.329, 11.329, 11.329, 11.329, 11.329, 11.329, 11.329, 11.329, 11.329, 11.329, 11.329, 11.329, 11.329, 11.9062, 11.329
8.27348, 13.6813, 12.9378, 11.3439, 3.95996, 0.743478, 0, 11.3439, 11.3461, 12.4366, 11.3439, 11.3439, 11.3439, 11.3439, 11.3439, 11.3439, 11.3439, 11.3439, 11.3439, 11.3439, 11.3439, 11.3439, 11.3439, 11.3439, 11.3439, 11.3439, 11.3439, 11.3439, 11.3439, 11.8428, 11.3439
8.28134, 17.5401, 12.8667, 11.3581, 4.42042, 4.67349, 0, 11.3581, 11.361, 12.4364, 11.3581, 11.3581, 11.3581, 11.3581, 11.3581, 11.3581, 11.3581, 11.3581, 11.3581, 11.3581, 11.3581, 11.3581, 11.3581, 11.3581, 11.3581, 11.3581, 11.3581, 11.3581, 11.3581, 11.7855, 11.3581
8.28921, 15.7931, 12.7931, 11.3722, 4.21818, 2.99996, 0, 11.3722, 11.376, 12.4265, 11.3722, 11.3722, 11.3722, 11.3722, 11.3722, 11.3722, 11.3722, 11.3722, 11.3722, 11.3722, 11.3722, 11.3722, 11.3722, 11.3722, 11.3722, 11.3722, 11.3722, 11.3722, 11.3722, 11.735, 11.3722
8.29707, 9.28337, 12.7177, 11.3858, 3.35907, -3.43431, 0, 11.3858, 11.3908, 12.4074, 11.3858, 11.3858, 11.3858, 11.3858, 11.3858, 11.3858, 11.3858, 11.3858, 11.3858, 11.3858, 11.3858, 11.3858, 11.3858, 11.3858, 11.3858, 11.3858, 11.3858, 11.3858, 11.3858, 11.6911, 11.3858
8.30494, 11.2726, 12.6405, 11.3983, 3.64316, -1.36788, 0, 11.3983, 11.405, 12.3793, 11.3983, 11.3983, 11.3983, 11.3983, 11.3983, 11.3983, 11.3983, 11.3983, 11.3983, 11.3983, 11.3983, 11.3983, 11.3983, 11.3983, 11.3983, 11.3983, 11.3983, 11.3983, 11.3983, 11.6529, 11.3983
8.3128, 13.2629, 12.5623, 11.4094, 3.90678, 0.700605, 0, 11.4094, 11.4185, 12.3429, 11.4094, 11.4094, 11.4094, 11.4094, 11.4094, 11.4094, 11.4094, 11.4094, 11.4094, 11.4094, 11.4094, 11.4094, 11.4094, 11.4094, 11.4094, 11.4094, 11.4094, 11.4094, 11.4094, 11.6198, 11.4094
8.32067, 14.0662, 12.4844, 11.4194, 4.00826, 1.58177, 0, 11.4194, 11.4318, 12.2997, 11.4194, 11.4194, 11.4194, 11.4194, 11.4194, 11.4194, 11.4194, 11.4194, 11.4194, 11.4194, 11.4194, 11.4194, 11.4194, 11.4194, 11.4194, 11.4194, 11.4194, 11.4194, 11.4194, 11.5917, 11.4194
8.32853, 17.1623, 12.4084, 11.4288, 4.37748, 4.75398, 0, 11.4288, 11.4458, 12.2515, 11.4288, 11.4288, 11.4288, 11.4288, 11.4288, 11.4288, 11.4288, 11.4288, 11.4288, 11.4288, 11.4288, 11.4288, 11.4288, 11.4288, 11.4288, 11.4288, 11.4288, 11.4288, 11.4288, 11.5687, 11.4288
8.3364, 15.0739, 12.3356, 11.4379, 4.13205, 2.73822, 0, 11.4379, 11.4611, 12.1999, 11.4379, 11.4379, 11.4379, 11.4379, 11.4379, 11.4379, 11.4379, 11.4379, 11.4379, 11.4379, 11.4379, 11.4379, 11.4379, 11.4379, 11.4379, 11.4379, 11.4379, 11.4379, 11.4379, 11.5505, 11.4379
8.34426, 16.09, 12.2672, 11.4464, 4.25323, 3.8228, 0, 11.4464, 11.478, 12.1458, 11.4464, 11.4464, 11.4464, 11.4464, 11.4464, 11.4464, 11.4464, 11.4464, 11.4464, 11.4464, 11.4464, 11.4464, 11.4464, 11.4464, 11.4464, 11.4464, 11.4464, 11.4464, 11.4464, 11.5361, 11.4464
8.35213, 9.61586, 12.2038, 11.4537, 3.40821, -2.58793, 0, 11.4537, 11.4966, 12.0899, 11.4537, 11.4537, 11.4537, 11.4537, 11.4537, 11.4537, 11.4537, 11.4537, 11.4537, 11.4537, 11.4537, 11.4537, 11.4537, 11.4537, 11.4537, 11.4537, 11.4537, 11.4537, 11.4537, 11.5247, 11.4537
8.35999, 16.9847, 12.1468, 11.4597, 4.35714, 4.83783, 0, 11.4597, 11.5175, 12.0334, 11.4597, 11.4597, 11.4597, 11.4597, 11.4597, 11.4597, 11.4597, 11.4597, 11.4597, 11.4597, 11.4597, 11.4597, 11.4597, 11.4597, 11.4597, 11.4597, 11.4597, 11.4597, 11.4597, 11.5154, 11.4597
8.36786, 10.3629, 12.0981, 11.4648, 3.51609, -1.73518, 0, 11.4648, 11.5422, 11.9774, 11.4648, 11.4648, 11.4648, 11.4648, 11.4648, 11.4648, 11.4648, 11.4648, 11.4648, 11.4648, 11.4648, 11.4648, 11.4648, 11.4648, 11.4648, 11.4648, 11.4648, 11.4648, 11.4648, 11.5081, 11.4648
8.37572, 12.2295, 12.0597, 11.4694, 3.7722, 0.169779, 0, 11.4694, 11.5723, 11.9233, 11.4694, 11.4694, 11.4694, 11.4694, 11.4694, 11.4694, 11.4694, 11.4694, 11.4694, 11.4694, 11.4694, 11.4694, 11.4694, 11.4694, 11.4694, 11.4694, 11.4694, 11.4694, 11.4694, 11.5028, 11.4694
8.38359, 14.6011, 12.0333, 11.4733, 4.07445, 2.56777, 0, 11.4733, 11.6091, 11.8718, 11.4733, 11.4733, 11.4733, 11.4733, 11.4733, 11.4733, 11.4733, 11.4733, 11.4733, 11.4733, 11.4733, 11.4733, 11.4733, 11.4733, 11.4733, 11.4733, 11.4733, 11.4733, 11.4733, 11.499, 11.4733
8.39145, 10.1335, 12.0207, 11.4765, 3.48331, -1.88726, 0, 11.4765, 11.6543, 11.8233, 11.4765, 11.4765, 11.4765, 11.4765, 11.4765, 11.4765, 11.4765, 11.4765, 11.4765, 11.4765, 11.4765, 11.4765, 11.4765, 11.4765, 11.4765, 11.4765, 11.4765, 11.4765, 11.4765, 11.4962, 11.4765
8.39932, 5.60136, 12.0236, 11.4787, 2.75706, -6.42226, 0, 11.4787, 11.7095, 11.7777, 11.4787, 11.4787, 11.4787, 11.4787, 11.4787, 11.4787, 11.4787, 11.4787, 11.4787, 11.4787, 11.4787, 11.4787, 11.4787, 11.4787, 11.4787, 11.4787, 11.4787, 11.4787, 11.4787, 11.4938, 11.4787
8.40718, 26.0407, 12.0442, 11.4797, 5.29534, 13.9964, 0, 11.4797, 11.7769, 11.7353, 11.4797, 11.4797, 11.4797, 11.4797, 11.4797, 11.4797, 11.4797, 11.4797, 11.4797, 11.4797, 11.4797, 11.4797, 11.4797, 11.4797, 11.4797, 11.4797, 11.4797, 11.4797, 11.4797, 11.4915, 11.4797
8.41504, 16.9749, 12.0853, 11.4799, 4.35602, 4.88967, 0, 11.4799, 11.8593, 11.6965, 11.4799, 11.4799, 11.4799, 11.4799, 11.4799, 11.4799, 11.4799, 11.4799, 11.4799, 11.4799, 11.4799, 11.4799, 11.4799, 11.4799, 11.4799, 11.4799, 11.4799, 11.4799, 11.4799, 11.4893, 11.4799
8.42291, 15.9727, 12.1493, 11.4793, 4.23943, 3.82344, 0, 11.4793, 11.9595, 11.6612, 11.4793, 11.4793, 11.4793, 11.4793, 11.4793, 11.4793, 11.4793, 11.4793, 11.4793, 11.4793, 11.4793, 11.4793, 11.4793, 11.4793, 11.4793, 11.4793, 11.4793, 11.4793, 11.4793, 11.4873, 11.4793
8.43078, 16.37, 12.2389, 11.4779, 4.28603, 4.13106, 0, 11.4779, 12.0803, 11.6293, 11.4779, 11.4779, 11.4779, 11.4779, 11.4779, 11.4779, 11.4779, 11.4779, 11.4779, 11.4779, 11.4779, 11.4779, 11.4779, 11.4779, 11.4779, 11.4779, 11.4779, 11.4779, 11.4779, 11.4851, 11.4779
8.43864, 17.1799, 12.357, 11.4757, 4.37949, 4.82291, 0, 11.4757, 12.2249, 11.6007, 11.4757, 11.4757, 11.4757, 11.4757, 11.4757, 11.4757, 11.4757, 11.4757, 11.4757, 11.4757, 11.4757, 11.4757, 11.4757, 11.4757, 11.4757, 11.4757, 11.4757, 11.4757, 11.4757, 11.4829, 11.4757
8.4465, 15.1762, 12.5062, 11.4726, 4.14442, 2.67001, 0, 11.4726, 12.3961, 11.5748, 11.4726, 11.4726, 11.4726, 11.4726, 11.4726, 11.4726, 11.4726, 11.4726, 11.4726, 11.4726, 11.4726, 11.4726, 11.4726, 11.4726, 11.4726, 11.4726, 11.4726, 11.4726, 11.4726, 11.4804, 11.4726
8.45437, 15.3782, 12.6887, 11.4681, 4.16872, 2.68945, 0, 11.4681, 12.5966, 11.5511, 11.4681, 11.4681, 11.4681, 11.4681, 11.4681, 11.4681, 11.4681, 11.4681, 11.4681, 11.4681, 11.4681, 11.4681, 11.4681, 11.4681, 11.4681, 11.4681, 11.4681, 11.4681, 11.4681, 11.4773, 11.4681
8.46223, 7.79207, 12.907, 11.4623, 3.12923, -5.11495, 0, 11.4623, 12.829, 11.529, 11.4623, 11.4623, 11.4623, 11.4623, 11.4623, 11.4623, 11.4623, 11.4623, 11.4623, 11.4623, 11.4623, 11.4623, 11.4623, 11.4623, 11.4623, 11.4623, 11.4623, 11.4623, 11.4623, 11.4737, 11.4623
8.4701, 18.3527, 13.1632, 11.4551, 4.51139, 5.18948, 0, 11.4551, 13.0956, 11.5083, 11.4551, 11.4551, 11.4551, 11.4551, 11.4551, 11.4551, 11.4551, 11.4551, 11.4551, 11.4551, 11.4551, 11.4551, 11.4551, 11.4551, 11.4551, 11.4551, 11.4551, 11.4551, 11.4551, 11.4696, 11.4551
8.47796, 12.2072, 13.459, 11.4468, 3.76924, -1.25186, 0, 11.4468, 13.3985, 11.4888, 11.4468, 11.4468, 11.4468, 11.4468, 11.4468, 11.4468, 11.4468, 11.4468, 11.4468, 11.4468, 11.4468, 11.4468, 11.4468, 11.4468, 11.4468, 11.4468, 11.4468, 11.4468, 11.4468, 11.4653, 11.4468
8.48583, 11.158, 13.7957, 11.4377, 3.62739, -2.6377, 0, 11.4377, 13.739, 11.4706, 11.4377, 11.4377, 11.4377, 11.4377, 11.4377, 11.4377, 11.4377, 11.4377, 11.4377, 11.4377, 11.4377, 11.4377, 11.4377, 11.4377, 11.4377, 11.4377, 11.4377, 11.4377, 11.4377, 11.4615, 11.4377
8.49369, 16.9777, 14.1734, 11.4278, 4.35634, 2.8043, 0, 11.4278, 14.1173, 11.4533, 11.4278, 11.4278, 11.4278, 11.4278, 11.4278, 11.4278, 11.4278, 11.4278, 11.4278, 11.4278, 11.4278, 11.4278, 11.4278, 11.4278, 11.4278, 11.4278, 11.4278, 11.4278, 11.4278, 11.4583, 11.4278
8.50156, 11.0668, 14.5907, 11.4168, 3.6148, -3.52393, 0, 11.4168, 14.5322, 11.4364, 11.4168, 11.4168, 11.4168, 11.4168, 11.4168, 11.4168, 11.4168, 11.4168, 11.4168, 11.4168, 11.4168, 11.4168, 11.4168, 11.4168, 11.4168, 11.4168, 11.4168, 11.4168, 11.4168, 11.4556, 11.4168
8.50942, 12.1507, 15.0454, 11.4046, 3.76174, -2.89469, 0, 11.4046, 14.9812, 11.4196, 11.4046, 11.4046, 11.4046, 11.4046, 11.4046, 11.4046, 11.4046, 11.4046, 11.4046, 11.4046, 11.4046, 11.4046, 11.4046, 11.4046, 11.4046, 11.4046, 11.4046, 11.4046, 11.4046, 11.4538, 11.4046
8.51729, 12.2947, 15.534, 11.3913, 3.78083, -3.23929, 0, 11.3913, 15.4609, 11.4027, 11.3913, 11.3913, 11.3913, 11.3913, 11.3913, 11.3913, 11.3913, 11.3913, 11.3913, 11.3913, 11.3913, 11.3913, 11.3913, 11.3913, 11.3913, 11.3913, 11.3913, 11.3913, 11.3913, 11.4529, 11.3913
8.52515, 20.551, 16.0518, 11.377, 4.74879, 4.4992, 0, 11.377, 15.9666, 11.3855, 11.377, 11.377, 11.377, 11.377, 11.377, 11.377, 11.377, 11.377, 11.377, 11.377, 11.377, 11.377, 11.377, 11.377, 11.377, 11.377, 11.377, 11.377, 11.377, 11.4536, 11.377
8.53302, 15.4014, 16.5928, 11.3619, 4.17149, -1.19148, 0, 11.3619, 16.4919, 11.3683, 11.3619, 11.3619, 11.3619, 11.3619, 11.3619, 11.3619, 11.3619, 11.3619, 11.3619, 11.3619, 11.3619, 11.3619, 11.3619, 11.3619, 11.3619, 11.3619, 11.3619, 11.3619, 11.3619, 11.4565, 11.3619
8.54088, 14.9752, 17.1499, 11.3463, 4.1201, -2.1747, 0, 11.3463, 17.0297, 11.351, 11.3463, 11.3463, 11.3463, 11.3463, 11.3463, 11.3463, 11.3463, 11.3463, 11.3463, 11.3463, 11.3463, 11.3463, 11.3463, 11.3463, 11.3463, 11.3463, 11.3463, 11.3463, 11.3463, 11.4618, 11.3463
8.54875, 20.6818, 17.714, 11.3299, 4.76254, 2.96778, 0, 11.3299, 17.5707, 11.3333, 11.3299, 11.3299, 11.3299, 11.3299, 11.3299, 11.3299, 11.3299, 11.3299, 11.3299, 11.3299, 11.3299, 11.3299, 11.3299, 11.3299, 11.3299, 11.3299, 11.3299, 11.3299, 11.3299, 11.4698, 11.3299
8.55661, 16.7056, 18.2753, 11.3127, 4.32499, -1.56976, 0, 11.3127, 18.105, 11.3152, 11.3127, 11.3127, 11.3127, 11.3127, 11.3127, 11.3127, 11.3127, 11.3127, 11.3127, 11.3127, 11.3127, 11.3127, 11.3127, 11.3127, 11.3127, 11.3127, 11.3127, 11.3127, 11.3127, 11.4806, 11.3127
8.56448, 18.7931, 18.8232, 11.2947, 4.55994, -0.0300903, 0, 11.2947, 18.6217, 11.2965, 11.2947, 11.2947, 11.2947, 11.2947, 11.2947, 11.2947, 11.2947, 11.2947, 11.2947, 11.2947, 11.2947, 11.2947, 11.2947, 11.2947, 11.2947, 11.2947, 11.2947, 11.2947, 11.2947, 11.4943, 11.2947
8.57234, 25.2862, 19.3466, 11.2757, 5.22362, 5.93962, 0, 11.2757, 19.1099, 11.277, 11.2757, 11.2757, 11.2757, 11.2757, 11.2757, 11.2757, 11.2757, 11.2757, 11.2757, 11.2757, 11.2757, 11.2757, 11.2757, 11.2757, 11.2757, 11.2757, 11.2757, 11.2757, 11.2757, 11.5111, 11.2757
8.5802, 19.1805, 19.8347, 11.2561, 4.60223, -0.654219, 0, 11.2561, 19.5587, 11.257, 11.2561, 11.2561, 11.2561, 11.2561, 11.2561, 11.2561, 11.2561, 11.2561, 11.2561, 11.2561, 11.2561, 11.2561, 11.2561, 11.2561, 11.2561, 11.2561, 11.2561, 11.2561, 11.2561, 11.5312, 11.2561
8.58807, 17.3194, 20.277, 11.2361, 4.39538, -2.95762, 0, 11.2361, 19.9577, 11.2368, 11.2361, 11.2361, 11.2361, 11.2361, 11.2361, 11.2361, 11.2361, 11.2361, 11.2361, 11.2361, 11.2361, 11.2361, 11.2361, 11.2361, 11.2361, 11.2361, 11.2361, 11.2361, 11.2361, 11.5548, 11.2361
8.59593, 14.3126, 20.6632, 11.2158, 4.03889, -6.35056, 0, 11.2158, 20.2969, 11.2163, 11.2158, 11.2158, 11.2158, 11.2158, 11.2158, 11.2158, 11.2158, 11.2158, 11.2158, 11.2158, 11.2158, 11.2158, 11.2158, 11.2158, 11.2158, 11.2158, 11.2158, 11.2158, 11.2158, 11.5817, 11.2158
8.6038, 22.6309, 20.9841, 11.195, 4.96295, 1.64679, 0, 11.195, 20.5673, 11.1953, 11.195, 11.195, 11.195, 11.195, 11.195, 11.195, 11.195, 11.195, 11.195, 11.195, 11.195, 11.195, 11.195, 11.195, 11.195, 11.195, 11.195, 11.195, 11.195, 11.6114, 11.195
8.61166, 23.4217, 21.2315, 11.1735, 5.04199, 2.19016, 0, 11.1735, 20.7614, 11.1737, 11.1735, 11.1735, 11.1735, 11.1735, 11.1735, 11.1735, 11.1735, 11.1735, 11.1735, 11.1735, 11.1735, 11.1735, 11.1735, 11.1735, 11.1735, 11.1735, 11.1735, 11.1735, 11.1735, 11.6434, 11.1735
8.61953, 19.5218, 21.3995, 11.1512, 4.63916, -1.87769, 0, 11.1512, 20.8737, 11.1513, 11.1512, 11.1512, 11.1512, 11.1512, 11.1512, 11.1512, 11.1512, 11.1512, 11.1512, 11.1512, 11.1512, 11.1512, 11.1512, 11.1512, 11.1512, 11.1512, 11.1512, 11.1512, 11.1512, 11.6768, 11.1512
8.62739, 23.8819, 21.484, 11.1283, 5.08742, 2.39785, 0, 11.1283, 20.9009, 11.1284, 11.1283, 11.1283, 11.1283, 11.1283, 11.1283, 11.1283, 11.1283, 11.1283, 11.1283, 11.1283, 11.1283, 11.1283, 11.1283, 11.1283, 11.1283, 11.1283, 11.1283, 11.1283, 11.1283, 11.7113, 11.1283
8.63526, 22.3048, 21.4833, 11.1051, 4.92999, 0.821442, 0, 11.1051, 20.8421, 11.1052, 11.1051, 11.1051, 11.1051, 11.1051, 11.1051, 11.1051, 11.1051, 11.1051, 11.1051, 11.1051, 11.1051, 11.1051, 11.1051, 11.1051, 11.1051, 11.1051, 11.1051, 11.1051, 11.1051, 11.7462, 11.1051
8.64312, 28.4208, 21.3977, 11.0817, 5.51551, 7.02315, 0, 11.0817, 20.6985, 11.0818, 11.0817, 11.0817, 11.0817, 11.0817, 11.0817, 11.0817, 11.0817, 11.0817, 11.0817, 11.0817, 11.0817, 11.0817, 11.0817, 11.0817, 11.0817, 11.0817, 11.0817, 11.0817, 11.0817, 11.7809, 11.0817
8.65099, 27.8116, 21.2292, 11.0581, 5.46, 6.58242, 0, 11.0581, 20.4731, 11.0581, 11.0581, 11.0581, 11.0581, 11.0581, 11.0581, 11.0581, 11.0581, 11.0581, 11.0581, 11.0581, 11.0581, 11.0581, 11.0581, 11.0581, 11.0581, 11.0581, 11.0581, 11.0581, 11.0581, 11.8141, 11.0581
8.65885, 24.5019, 20.982, 11.0339, 5.148, 3.51982, 0, 11.0339, 20.1711, 11.034, 11.0339, 11.0339, 11.0339, 11.0339, 11.0339, 11.0339, 11.0339, 11.0339, 11.0339, 11.0339, 11.0339, 11.0339, 11.0339, 11.0339, 11.0339, 11.0339, 11.0339, 11.0339, 11.0339, 11.8448, 11.0339
8.66672, 27.3095, 20.662, 11.0091, 5.41383, 6.64757, 0, 11.0091, 19.7994, 11.0091, 11.0091, 11.0091, 11.0091, 11.0091, 11.0091, 11.0091, 11.0091, 11.0091, 11.0091, 11.0091, 11.0091, 11.0091, 11.0091, 11.0091, 11.0091, 11.0091, 11.0091, 11.0091, 11.0091, 11.8717, 11.0091
8.67458, 18.5071, 20.2768, 10.9838, 4.52847, -1.76976, 0, 10.9838, 19.3667, 10.9838, 10.9838, 10.9838, 10.9838, 10.9838, 10.9838, 10.9838, 10.9838, 10.9838, 10.9838, 10.9838, 10.9838, 10.9838, 10.9838, 10.9838, 10.9838, 10.9838, 10.9838, 10.9838, 10.9838, 11.8939, 10.9838
8.68245, 26.5575, 19.8358, 10.9582, 5.34392, 6.72168, 0, 10.9582, 18.8832, 10.9582, 10.9582, 10.9582, 10.9582, 10.9582, 10.9582, 10.9582, 10.9582, 10.9582, 10.9582, 10.9582, 10.9582, 10.9582, 10.9582, 10.9582, 10.9582, 10.9582, 10.9582, 10.9582, 10.9582, 11.9108, 10.9582
8.69031, 18.821, 19.3489, 10.9326, 4.563, -0.527906, 0, 10.9326, 18.3596, 10.9326, 10.9326, 10.9326, 10.9326, 10.9326, 10.9326, 10.9326, 10.9326, 10.9326, 10.9326, 10.9326, 10.9326, 10.9326, 10.9326, 10.9326, 10.9326, 10.9326, 10.9326, 10.9326, 10.9326, 11.9218, 10.9326
8.69818, 13.5043, 18.826, 10.9067, 3.93755, -5.32175, 0, 10.9067, 17.8067, 10.9067, 10.9067, 10.9067, 10.9067, 10.9067, 10.9067, 10.9067, 10.9067, 10.9067, 10.9067, 10.9067, 10.9067, 10.9067, 10.9067, 10.9067, 10.9067, 10.9067, 10.9067, 10.9067, 10.9067, 11.926, 10.9067
8.70604, 13.5009, 18.2777, 10.8807, 3.93711, -4.77687, 0, 10.8807, 17.2355, 10.8807, 10.8807, 10.8807, 10.8807, 10.8807, 10.8807, 10.8807, 10.8807, 10.8807, 10.8807, 10.8807, 10.8807, 10.8807, 10.8807, 10.8807, 10.8807, 10.8807, 10.8807, 10.8807, 10.8807, 11.9229, 10.8807
8.71391, 21.4615, 17.7139, 10.8541, 4.8437, 3.74753, 0, 10.8542, 16.6563, 10.8541, 10.8541, 10.8541, 10.8541, 10.8541, 10.8541, 10.8541, 10.8541, 10.8541, 10.8541, 10.8541, 10.8541, 10.8541, 10.8541, 10.8541, 10.8541, 10.8541, 10.8541, 10.8541, 10.8541, 11.9118, 10.8541
8.72177, 12.0099, 17.1442, 10.8272, 3.74298, -5.13431, 0, 10.8272, 16.0788, 10.8272, 10.8272, 10.8272, 10.8272, 10.8272, 10.8272, 10.8272, 10.8272, 10.8272, 10.8272, 10.8272, 10.8272, 10.8272, 10.8272, 10.8272, 10.8272, 10.8272, 10.8272, 10.8272, 10.8272, 11.8926, 10.8272
8.72964, 15.9765, 16.5779, 10.8, 4.23986, -0.601398, 0, 10.8, 15.5125, 10.8, 10.8, 10.8, 10.8, 10.8, 10.8, 10.8, 10.8, 10.8, 10.8, 10.8, 10.8, 10.8, 10.8, 10.8, 10.8, 10.8, 10.8, 10.8, 10.8, 11.8654, 10.8
8.7375, 15.9354, 16.0229, 10.7729, 4.23502, -0.0874481, 0, 10.7729, 14.965, 10.7729, 10.7729, 10.7729, 10.7729, 10.7729, 10.7729, 10.7729, 10.7729, 10.7729, 10.7729, 10.7729, 10.7729, 10.7729, 10.7729, 10.7729, 10.7729, 10.7729, 10.7729, 10.7729, 10.7729, 11.8308, 10.7729
8.74537, 15.5226, 15.4859, 10.7457, 4.186, 0.0366545, 0, 10.7457, 14.4428, 10.7457, 10.7457, 10.7457, 10.7457, 10.7457, 10.7457, 10.7457, 10.7457, 10.7457, 10.7457, 10.7457, 10.7457, 10.7457, 10.7457, 10.7457, 10.7457, 10.7457, 10.7457, 10.7457, 10.7457, 11.7888, 10.7457
8.75323, 18.9637, 14.9726, 10.7185, 4.57861, 3.99113, 0, 10.7185, 13.9509, 10.7185, 10.7185, 10.7185, 10.7185, 10.7185, 10.7185, 10.7185, 10.7185, 10.7185, 10.7185, 10.7185, 10.7185, 10.7185, 10.7185, 10.7185, 10.7185, 10.7185, 10.7185, 10.7185, 10.7185, 11.7401, 10.7185
8.7611, 15.9788, 14.4871, 10.691, 4.24014, 1.49168, 0, 10.691, 13.4929, 10.691, 10.691, 10.691, 10.691, 10.691, 10.691, 10.691, 10.691, 10.691, 10.691, 10.691, 10.691, 10.691, 10.691, 10.691, 10.691, 10.691, 10.691, 10.691, 10.691, 11.6852, 10.691
8.76896, 16.977, 14.0326, 10.6633, 4.35625, 2.94439, 0, 10.6633, 13.0712, 10.6633, 10.6633, 10.6633, 10.6633, 10.6633, 10.6633, 10.6633, 10.6633, 10.6633, 10.6633, 10.6633, 10.6633, 10.6633, 10.6633, 10.6633, 10.6633, 10.6633, 10.6633, 10.6633, 10.6633, 11.6247, 10.6633
8.77682, 12.9796, 13.6111, 10.6354, 3.87034, -0.631594, 0, 10.6354, 12.687, 10.6354, 10.6354, 10.6354, 10.6354, 10.6354, 10.6354, 10.6354, 10.6354, 10.6354, 10.6354, 10.6354, 10.6354, 10.6354, 10.6354, 10.6354, 10.6354, 10.6354, 10.6354, 10.6354, 10.6354, 11.5596, 10.6354
8.78469, 25.4918, 13.224, 10.6076, 5.24326, 12.2678, 0, 10.6076, 12.3406, 10.6076, 10.6076, 10.6076, 10.6076, 10.6076, 10.6076, 10.6076, 10.6076, 10.6076, 10.6076, 10.6076, 10.6076, 10.6076, 10.6076, 10.6076, 10.6076, 10.6076, 10.6076, 10.6076, 10.6076, 11.491, 10.6076
8.79255, 9.46468, 12.8713, 10.5798, 3.38595, -3.40658, 0, 10.5798, 12.0312, 10.5798, 10.5798, 10.5798, 10.5798, 10.5798, 10.5798, 10.5798, 10.5798, 10.5798, 10.5798, 10.5798, 10.5798, 10.5798, 10.5798, 10.5798, 10.5798, 10.5798, 10.5798, 10.5798, 10.5798, 11.4199, 10.5798
8.80042, 14.5067, 12.5523, 10.552, 4.06284, 1.95443, 0, 10.552, 11.7571, 10.552, 10.552, 10.552, 10.552, 10.552, 10.552, 10.552, 10.552, 10.552, 10.552, 10.552, 10.552, 10.552, 10.552, 10.552, 10.552, 10.552, 10.552, 10.552, 10.552, 11.3472, 10.552
8.80828, 9.4964, 12.2659, 10.5242, 3.39063, -2.76947, 0, 10.5242, 11.5163, 10.5242, 10.5242, 10.5242, 10.5242, 10.5242, 10.5242, 10.5242, 10.5242, 10.5242, 10.5242, 10.5242, 10.5242, 10.5242, 10.5242, 10.5242, 10.5242, 10.5242, 10.5242, 10.5242, 10.5242, 11.2738, 10.5242
8.81615, 9.01586, 12.0104, 10.4963, 3.31902, -2.99453, 0, 10.4963, 11.306, 10.4963, 10.4963, 10.4963, 10.4963, 10.4963, 10.4963, 10.4963, 10.4963, 10.4963, 10.4963, 10.4963, 10.4963, 10.4963, 10.4963, 10.4963, 10.4963, 10.4963, 10.4963, 10.4963, 10.4963, 11.2006, 10.4963
8.82401, 12.8952, 11.784, 10.4683, 3.85943, 1.11119, 0, 10.4683, 11.1236, 10.4683, 10.4683, 10.4683, 10.4683, 10.4683, 10.4683, 10.4683, 10.4683, 10.4683, 10.4683, 10.4683, 10.4683, 10.4683, 10.4683, 10.4683, 10.4683, 10.4683, 10.4683, 10.4683, 10.4683, 11.1286, 10.4683
8.83188, 13.053, 11.5846, 10.4404, 3.87982, 1.46845, 0, 10.4404, 10.9662, 10.4404, 10.4404, 10.4404, 10.4404, 10.4404, 10.4404, 10.4404, 10.4404, 10.4404, 10.4404, 10.4404, 10.4404, 10.4404, 10.4404, 10.4404, 10.4404, 10.4404, 10.4404, 10.4404, 10.4404, 11.0587, 10.4404
8.83974, 13.4237, 11.4102, 10.4125, 3.9273, 2.01351, 0, 10.4125, 10.8309, 10.4125, 10.4125, 10.4125, 10.4125, 10.4125, 10.4125, 10.4125, 10.4125, 10.4125, 10.4125, 10.4125, 10.4125, 10.4125, 10.4125, 10.4125, 10.4125, 10.4125, 10.4125, 10.4125, 10.4125, 10.9918, 10.4125
8.84761, 12.5053, 11.2584, 10.3847, 3.80858, 1.24686, 0, 10.3847, 10.7147, 10.3847, 10.3847, 10.3847, 10.3847, 10.3847, 10.3847, 10.3847, 10.3847, 10.3847, 10.3847, 10.3847, 10.3847, 10.3847, 10.3847, 10.3847, 10.3847, 10.3847, 10.3847, 10.3847, 10.3847, 10.9284, 10.3847
8.85547, 8.56064, 11.1274, 10.3568, 3.24971, -2.56675, 0, 10.3568, 10.615, 10.3568, 10.3568, 10.3568, 10.3568, 10.3568, 10.3568, 10.3568, 10.3568, 10.3568, 10.3568, 10.3568, 10.3568, 10.3568, 10.3568, 10.3568, 10.3568, 10.3568, 10.3568, 10.3568, 10.3568, 10.8693, 10.3568
8.86334, 7.99009, 11.015, 10.3289, 3.16071, -3.02494, 0, 10.329, 10.5291, 10.3289, 10.3289, 10.3289, 10.3289, 10.3289, 10.3289, 10.3289, 10.3289, 10.3289, 10.3289, 10.3289, 10.3289, 10.3289, 10.3289, 10.3289, 10.3289, 10.3289, 10.3289, 10.3289, 10.3289, 10.8148, 10.3289
8.8712, 10.5219, 10.9196, 10.3011, 3.53863, -0.39763, 0, 10.3011, 10.455, 10.3011, 10.3011, 10.3011, 10.3011, 10.3011, 10.3011, 10.3011, 10.3011, 10.3011, 10.3011, 10.3011, 10.3011, 10.3011, 10.3011, 10.3011, 10.3011, 10.3011, 10.3011, 10.3011, 10.3011, 10.7656, 10.3011
8.87907, 8.9259, 10.8394, 10.2732, 3.30543, -1.91346, 0, 10.2732, 10.3906, 10.2732, 10.2732, 10.2732, 10.2732, 10.2732, 10.2732, 10.2732, 10.2732, 10.2732, 10.2732, 10.2732, 10.2732, 10.2732, 10.2732, 10.2732, 10.2732, 10.2732, 10.2732, 10.2732, 10.2732, 10.7219, 10.2732
8.88693, 7.98761, 10.773, 10.2455, 3.16032, -2.78537, 0, 10.2455, 10.3343, 10.2455, 10.2455, 10.2455, 10.2455, 10.2455, 10.2455, 10.2455, 10.2455, 10.2455, 10.2455, 10.2455, 10.2455, 10.2455, 10.2455, 10.2455, 10.2455, 10.2455, 10.2455, 10.2455, 10.2455, 10.6842, 10.2455
8.8948, 9.06493, 10.7189, 10.2177, 3.3264, -1.65395, 0, 10.2177, 10.2843, 10.2177, 10.2177, 10.2177, 10.2177, 10.2177, 10.2177, 10.2177, 10.2177, 10.2177, 10.2177, 10.2177, 10.2177, 10.2177, 10.2177, 10.2177, 10.2177, 10.2177, 10.2177, 10.2177, 10.2177, 10.6523, 10.2177
8.90266, 11.8305, 10.6759, 10.1899, 3.71894, 1.15462, 0, 10.1899, 10.2395, 10.1899, 10.1899, 10.1899, 10.1899, 10.1899, 10.1899, 10.1899, 10.1899, 10.1899, 10.1899, 10.1899, 10.1899, 10.1899, 10.1899, 10.1899, 10.1899, 10.1899, 10.1899, 10.1899, 10.1899, 10.6264, 10.1899
8.91053, 11.0684, 10.6428, 10.1623, 3.61502, 0.425605, 0, 10.1623, 10.1988, 10.1623, 10.1623, 10.1623, 10.1623, 10.1623, 10.1623, 10.1623, 10.1623, 10.1623, 10.1623, 10.1623, 10.1623, 10.1623, 10.1623, 10.1623, 10.1623, 10.1623, 10.1623, 10.1623, 10.1623, 10.6062, 10.1623
8.91839, 13.3525, 10.6183, 10.1345, 3.91822, 2.73415, 0, 10.1345, 10.1612, 10.1345, 10.1345, 10.1345, 10.1345, 10.1345, 10.1345, 10.1345, 10.1345, 10.1345, 10.1345, 10.1345, 10.1345, 10.1345, 10.1345, 10.1345, 10.1345, 10.1345, 10.1345, 10.1345, 10.1345, 10.5916, 10.1345
8.92626, 18.528, 10.6015, 10.1068, 4.53078, 7.92653, 0, 10.1068, 10.1262, 10.1068, 10.1068, 10.1068, 10.1068, 10.1068, 10.1068, 10.1068, 10.1068, 10.1068, 10.1068, 10.1068, 10.1068, 10.1068, 10.1068, 10.1068, 10.1068, 10.1068, 10.1068, 10.1068, 10.1068, 10.5821, 10.1068
8.93412, 16.333, 10.5914, 10.0792, 4.2817, 5.74161, 0, 10.0792, 10.0932, 10.0792, 10.0792, 10.0792, 10.0792, 10.0792, 10.0792, 10.0792, 10.0792, 10.0792, 10.0792, 10.0792, 10.0792, 10.0792, 10.0792, 10.0792, 10.0792, 10.0792, 10.0792, 10.0792, 10.0792, 10.5774, 10.0792
8.94198, 21.3188, 10.5866, 10.0516, 4.82896, 10.7323, 0, 10.0516, 10.0616, 10.0516, 10.0516, 10.0516, 10.0516, 10.0516, 10.0516, 10.0516, 10.0516, 10.0516, 10.0516, 10.0516, 10.0516, 10.0516, 10.0516, 10.0516, 10.0516, 10.0516, 10.0516, 10.0516, 10.0516, 10.5766, 10.0516
8.94985, 12.2979, 10.5861, 10.024, 3.78126, 1.71175, 0, 10.024, 10.0311, 10.024, 10.024, 10.024, 10.024, 10.024, 10.024, 10.024, 10.024, 10.024, 10.024, 10.024, 10.024, 10.024, 10.024, 10.024, 10.024, 10.024, 10.024, 10.024, 10.024, 10.5791, 10.024
8.95772, 8.98314, 10.5891, 9.99653, 3.31408, -1.606, 0, 9.99654, 10.0015, 9.99653, 9.99653, 9.99653, 9.99653, 9.99653, 9.99653, 9.99653, 9.99653, 9.99653, 9.99653, 9.99653, 9.99653, 9.99653, 9.99653, 9.99653, 9.99653, 9.99653, 9.99653, 9.99653, 9.99653, 10.5841, 9.99653
8.96558, 8.78229, 10.5941, 9.96895, 3.28364, -1.81182, 0, 9.96895, 9.97244, 9.96895, 9.96895, 9.96895, 9.96895, 9.96895, 9.96895, 9.96895, 9.96895, 9.96895, 9.96895, 9.96895, 9.96895, 9.96895, 9.96895, 9.96895, 9.96895, 9.96895, 9.96895, 9.96895, 9.96895, 10.5906, 9.96895
8.97344, 11.9341, 10.6001, 9.9414, 3.73284, 1.33393, 0, 9.94141, 9.94384, 9.9414, 9.9414, 9.9414, 9.9414, 9.9414, 9.9414, 9.9414, 9.9414, 9.9414, 9.9414, 9.9414, 9.9414, 9.9414, 9.9414, 9.9414, 9.9414, 9.9414, 9.9414, 9.9414, 9.9414, 10.5977, 9.9414
8.98131, 16.4094, 10.6063, 9.91408, 4.29062, 5.8031, 0, 9.91408, 9.91577, 9.91408, 9.91408, 9.91408, 9.91408, 9.91408, 9.91408, 9.91408, 9.91408, 9.91408, 9.91408, 9.91408, 9.91408, 9.91408, 9.91408, 9.91408, 9.91408, 9.91408, 9.91408, 9.91408, 9.91408, 10.6046, 9.91408
8.98917, 16.2399, 10.6112, 9.8866, 4.27082, 5.62872, 0, 9.88661, 9.88778, 9.8866, 9.8866, 9.8866, 9.8866, 9.8866, 9.8866, 9.8866, 9.8866, 9.8866, 9.8866, 9.8866, 9.8866, 9.8866, 9.8866, 9.8866, 9.8866, 9.8866, 9.8866, 9.8866, 9.8866, 10.61, 9.8866
8.99704, 11.1192, 10.6139, 9.85917, 3.62204, 0.505292, 0, 9.85917, 9.85999, 9.85917, 9.85917, 9.85917, 9.85917, 9.85917, 9.85917, 9.85917, 9.85917, 9.85917, 9.85917, 9.85917, 9.85917, 9.85917, 9.85917, 9.85917, 9.85917, 9.85917, 9.85917, 9.85917, 9.85917, 10.6131, 9.85917
9.0049, 12.5577, 10.6138, 9.83195, 3.81546, 1.94397, 0, 9.83195, 9.83253, 9.83195, 9.83195, 9.83195, 9.83195, 9.83195, 9.83195, 9.83195, 9.83195, 9.83195, 9.83195, 9.83195, 9.83195, 9.83195, 9.83195, 9.83195, 9.83195, 9.83195, 9.83195, 9.83195, 9.83195, 10.6132, 9.83195
9.01277, 14.2651, 10.6095, 9.80456, 4.033, 3.65561, 0, 9.80457, 9.80498, 9.80456, 9.80456, 9.80456, 9.80456, 9.80456, 9.80456, 9.80456, 9.80456, 9.80456, 9.80456, 9.80456, 9.80456, 9.80456, 9.80456, 9.80456, 9.80456, 9.80456, 9.80457, 9.80456, 9.80456, 10.6091, 9.80456
9.02063, 14.9796, 10.6006, 9.77722, 4.12063, 4.37896, 0, 9.77722, 9.77752, 9.77722, 9.77722, 9.77722, 9.77722, 9.77722, 9.77722, 9.77722, 9.77722, 9.77722, 9.77722, 9.77722, 9.77722, 9.77722, 9.77722, 9.77722, 9.77722, 9.77722, 9.77722, 9.77722, 9.77722, 10.6003, 9.77722
9.0285, 16.402, 10.5868, 9.75011, 4.28975, 5.81522, 0, 9.75012, 9.75034, 9.75011, 9.75011, 9.75011, 9.75011, 9.75011, 9.75011, 9.75011, 9.75011, 9.75011, 9.75011, 9.75011, 9.75011, 9.75011, 9.75011, 9.75011, 9.75011, 9.75011, 9.75011, 9.75011, 9.75011, 10.5865, 9.75011
9.03636, 10.9788, 10.567, 9.72284, 3.60261, 0.411762, 0, 9.72285, 9.72303, 9.72284, 9.72284, 9.72284, 9.72284, 9.72284, 9.72284, 9.72284, 9.72284, 9.72284, 9.72284, 9.72284, 9.72284, 9.72284, 9.72284, 9.72284, 9.72284, 9.72284, 9.72285, 9.72284, 9.72284, 10.5669, 9.72284
9.04423, 14.4818, 10.5414, 9.69561, 4.05978, 3.94037, 0, 9.69562, 9.69577, 9.69561, 9.69561, 9.69561, 9.69561, 9.69561, 9.69561, 9.69561, 9.69561, 9.69561, 9.69561, 9.69561, 9.69561, 9.69561, 9.69561, 9.69561, 9.69561, 9.69561, 9.69562, 9.69561, 9.69561, 10.5413, 9.69561
9.05209, 7.57955, 10.5099, 9.66861, 3.09509, -2.93038, 0, 9.66861, 9.66874, 9.66861, 9.66861, 9.66861, 9.66861, 9.66861, 9.66861, 9.66861, 9.66861, 9.66861, 9.66861, 9.66861, 9.66861, 9.66861, 9.66861, 9.66861, 9.66861, 9.66861, 9.66861, 9.66861, 9.66861, 10.5098, 9.66861
9.05996, 10.9949, 10.4723, 9.64146, 3.60485, 0.522657, 0, 9.64147, 9.64158, 9.64146, 9.64146, 9.64146, 9.64146, 9.64146, 9.64146, 9.64146, 9.64146, 9.64146, 9.64146, 9.64146, 9.64146, 9.64146, 9.64146, 9.64146, 9.64146, 9.64146, 9.64146, 9.64146, 9.64146, 10.4722, 9.64146
9.06782, 12.673, 10.4289, 9.61435, 3.83053, 2.24411, 0, 9.61436, 9.61446, 9.61435, 9.61435, 9.61435, 9.61435, 9.61435, 9.61435, 9.61435, 9.61435, 9.61435, 9.61435, 9.61435, 9.61435, 9.61435, 9.61435, 9.61435, 9.61435, 9.61435, 9.61435, 9.61435, 9.61435, 10.4287, 9.61435
9.07569, 10.1304, 10.3802, 9.58746, 3.48287, -0.249799, 0, 9.58747, 9.58757, 9.58746, 9.58746, 9.58746, 9.58746, 9.58746, 9.58746, 9.58746, 9.58746, 9.58746, 9.58746, 9.58746, 9.58746, 9.58746, 9.58746, 9.58746, 9.58746, 9.58746, 9.58746, 9.58746, 9.58746, 10.38, 9.58746
9.08355, 7.39405, 10.3263, 9.56043, 3.06497, -2.93225, 0, 9.56043, 9.56053, 9.56043, 9.56043, 9.56043, 9.56043, 9.56043, 9.56043, 9.56043, 9.56043, 9.56043, 9.56043, 9.56043, 9.56043, 9.56043, 9.56043, 9.56043, 9.56043, 9.56043, 9.56043, 9.56043, 9.56043, 10.3262, 9.56043
9.09142, 7.3891, 10.268, 9.53343, 3.06416, -2.87893, 0, 9.53344, 9.53353, 9.53343, 9.53343, 9.53343, 9.53343, 9.53343, 9.53343, 9.53343, 9.53343, 9.53343, 9.53343, 9.53343, 9.53343, 9.53343, 9.53343, 9.53343, 9.53343, 9.53343, 9.53343, 9.53343, 9.53343, 10.2679, 9.53343
9.09928, 9.58736, 10.2205, 9.52095, 3.40402, -0.633101, 0, 9.52095, 9.52105, 9.52095, 9.52095, 9.52095, 9.52095, 9.52095, 9.52095, 9.52095, 9.52095, 9.52095, 9.52095, 9.52095, 9.52095, 9.52095, 9.52095, 9.52095, 9.52095, 9.52095, 9.52095, 9.52095, 9.52095, 10.2204, 9.52095
9.10715, 10.5908, 10.1698, 9.50846, 3.54836, 0.421029, 0, 9.50847, 9.50856, 9.50846, 9.50846, 9.50846, 9.50846, 9.50846, 9.50846, 9.50846, 9.50846, 9.50846, 9.50846, 9.50846, 9.50846, 9.50846, 9.50846, 9.50846, 9.50846, 9.50846, 9.50846, 9.50846, 9.50846, 10.1697, 9.50846
9.11501, 7.20149, 10.1168, 9.49598, 3.0334, -2.91532, 0, 9.49599, 9.49608, 9.49598, 9.49598, 9.49598, 9.49598, 9.49598, 9.49598, 9.49598, 9.49598, 9.49598, 9.49598, 9.49598, 9.49598, 9.49598, 9.49598, 9.49598, 9.49598, 9.49598, 9.49598, 9.49598, 9.49598, 10.1167, 9.49598
9.12287, 8.56353, 10.0622, 9.48352, 3.25016, -1.49872, 0, 9.48353, 9.48362, 9.48352, 9.48352, 9.48352, 9.48352, 9.48352, 9.48352, 9.48352, 9.48352, 9.48352, 9.48352, 9.48352, 9.48352, 9.48352, 9.48352, 9.48352, 9.48352, 9.48352, 9.48352, 9.48352, 9.48352, 10.0621, 9.48352
9.13074, 12.7636, 10.0068, 9.471, 3.84234, 2.75686, 0, 9.471, 9.4711, 9.471, 9.471, 9.471, 9.471, 9.471, 9.471, 9.471, 9.471, 9.471, 9.471, 9.471, 9.471, 9.471, 9.471, 9.471, 9.471, 9.471, 9.471, 9.471, 9.471, 10.0066, 9.471
9.1386, 10.3672, 9.95104, 9.45837, 3.5167, 0.416126, 0, 9.45837, 9.45847, 9.45837, 9.45837, 9.45837, 9.45837, 9.45837, 9.45837, 9.45837, 9.45837, 9.45837, 9.45837, 9.45837, 9.45837, 9.45837, 9.45837, 9.45837, 9.45837, 9.45837, 9.45837, 9.45837, 9.45837, 9.95092, 9.45837
9.14647, 14.0561, 9.89576, 9.44565, 4.00701, 4.16037, 0, 9.44566, 9.44576, 9.44565, 9.44565, 9.44565, 9.44565, 9.44565, 9.44565, 9.44565, 9.44565, 9.44565, 9.44565, 9.44565, 9.44565, 9.44565, 9.44565, 9.44565, 9.44565, 9.44565, 9.44565, 9.44565, 9.44565, 9.89565, 9.44565
9.15433, 8.22553, 9.84159, 9.4329, 3.19774, -1.61606, 0, 9.4329, 9.43301, 9.4329, 9.4329, 9.4329, 9.4329, 9.4329, 9.4329, 9.4329, 9.4329, 9.4329, 9.4329, 9.4329, 9.4329, 9.4329, 9.4329, 9.4329, 9.4329, 9.4329, 9.4329, 9.4329, 9.4329, 9.84147, 9.4329
9.1622, 8.27485, 9.78909, 9.42013, 3.20544, -1.51424, 0, 9.42014, 9.42025, 9.42013, 9.42013, 9.42013, 9.42013, 9.42013, 9.42013, 9.42013, 9.42013, 9.42013, 9.42013, 9.42013, 9.42013, 9.42013, 9.42013, 9.42013, 9.42013, 9.42013, 9.42014, 9.42013, 9.42013, 9.78896, 9.42013
9.17006, 18.7358, 9.73871, 9.40735, 4.55366, 8.99713, 0, 9.40736, 9.40747, 9.40735, 9.40735, 9.40735, 9.40735, 9.40735, 9.40735, 9.40735, 9.40735, 9.40735, 9.40735, 9.40735, 9.40735, 9.40735, 9.40735, 9.40735, 9.40735, 9.40735, 9.40735, 9.40735, 9.40735, 9.73858, 9.40735
9.17793, 15.8495, 9.69075, 9.39447, 4.22487, 6.15879, 0, 9.39447, 9.39461, 9.39447, 9.39447, 9.39447, 9.39447, 9.39447, 9.39447, 9.39447, 9.39447, 9.39447, 9.39447, 9.39447, 9.39447, 9.39447, 9.39447, 9.39447, 9.39447, 9.39447, 9.39447, 9.39447, 9.39447, 9.6906, 9.39447
9.18579, 7.74783, 9.64546, 9.38144, 3.12215, -1.89763, 0, 9.38144, 9.38159, 9.38144, 9.38144, 9.38144, 9.38144, 9.38144, 9.38144, 9.38144, 9.38144, 9.38144, 9.38144, 9.38144, 9.38144, 9.38144, 9.38144, 9.38144, 9.38144, 9.38144, 9.38144, 9.38144, 9.38144, 9.64529, 9.38144
9.19366, 12.8489, 9.60309, 9.36828, 3.85343, 3.24586, 0, 9.36829, 9.36847, 9.36828, 9.36828, 9.36828, 9.36828, 9.36828, 9.36828, 9.36828, 9.36828, 9.36828, 9.36828, 9.36828, 9.36828, 9.36828, 9.36828, 9.36828, 9.36828, 9.36828, 9.36828, 9.36828, 9.36828, 9.60289, 9.36828
9.20152, 9.61735, 9.56384, 9.35507, 3.40842, 0.0535097, 0, 9.35508, 9.3553, 9.35507, 9.35507, 9.35507, 9.35507, 9.35507, 9.35507, 9.35507, 9.35507, 9.35507, 9.35507, 9.35507, 9.35507, 9.35507, 9.35507, 9.35507, 9.35507, 9.35507, 9.35507, 9.35507, 9.35507, 9.5636, 9.35507
9.20939, 10.1808, 9.52786, 9.34187, 3.4901, 0.652935, 0, 9.34187, 9.34216, 9.34187, 9.34187, 9.34187, 9.34187, 9.34187, 9.34187, 9.34187, 9.34187, 9.34187, 9.34187, 9.34187, 9.34187, 9.34187, 9.34187, 9.34187, 9.34187, 9.34187, 9.34187, 9.34187, 9.34187, 9.52756, 9.34187
9.21725, 14.248, 9.4951, 9.32861, 4.03088, 4.75286, 0, 9.32862, 9.32899, 9.32861, 9.32861, 9.32861, 9.32861, 9.32861, 9.32861, 9.32861, 9.32861, 9.32861, 9.32861, 9.32861, 9.32861, 9.32861, 9.32861, 9.32861, 9.32861, 9.32861, 9.32862, 9.32861, 9.32861, 9.49471, 9.32861
9.22512, 15.2565, 9.46548, 9.31529, 4.1541, 5.79102, 0, 9.3153, 9.3158, 9.31529, 9.31529, 9.31529, 9.31529, 9.31529, 9.31529, 9.31529, 9.31529, 9.31529, 9.31529, 9.31529, 9.31529, 9.31529, 9.31529, 9.31529, 9.31529, 9.31529, 9.31529, 9.31529, 9.31529, 9.46496, 9.31529
9.23298, 9.26682, 9.43878, 9.30174, 3.35661, -0.17196, 0, 9.30175, 9.30244, 9.30174, 9.30174, 9.30174, 9.30174, 9.30174, 9.30174, 9.30174, 9.30174, 9.30174, 9.30174, 9.30174, 9.30174, 9.30174, 9.30174, 9.30174, 9.30174, 9.30174, 9.30175, 9.30174, 9.30174, 9.43807, 9.30174
9.24085, 7.92054, 9.41486, 9.288, 3.14969, -1.49432, 0, 9.288, 9.28896, 9.288, 9.288, 9.288, 9.288, 9.288, 9.288, 9.288, 9.288, 9.288, 9.288, 9.288, 9.288, 9.288, 9.288, 9.288, 9.288, 9.288, 9.288, 9.288, 9.288, 9.41389, 9.288
9.24871, 13.0549, 9.39368, 9.27415, 3.88006, 3.66122, 0, 9.27416, 9.27548, 9.27415, 9.27415, 9.27415, 9.27415, 9.27415, 9.27415, 9.27415, 9.27415, 9.27415, 9.27415, 9.27415, 9.27415, 9.27415, 9.27415, 9.27415, 9.27415, 9.27415, 9.27415, 9.27415, 9.27415, 9.39234, 9.27415
9.25658, 11.3919, 9.37514, 9.26032, 3.6595, 2.0168, 0, 9.26032, 9.26216, 9.26032, 9.26032, 9.26032, 9.26032, 9.26032, 9.26032, 9.26032, 9.26032, 9.26032, 9.26032, 9.26032, 9.26032, 9.26032, 9.26032, 9.26032, 9.26032, 9.26032, 9.26032, 9.26032, 9.26032, 9.37329, 9.26032
9.26444, 9.28166, 9.35903, 9.24648, 3.35882, -0.0773697, 0, 9.24648, 9.24903, 9.24648, 9.24648, 9.24648, 9.24648, 9.24648, 9.24648, 9.24648, 9.24648, 9.24648, 9.24648, 9.24648, 9.24648, 9.24648, 9.24648, 9.24648, 9.24648, 9.24648, 9.24648, 9.24648, 9.24648, 9.35647, 9.24648
9.2723, 8.98265, 9.34508, 9.23258, 3.31401, -0.362424, 0, 9.23258, 9.23609, 9.23258, 9.23258, 9.23258, 9.23258, 9.23258, 9.23258, 9.23258, 9.23258, 9.23258, 9.23258, 9.23258, 9.23258, 9.23258, 9.23258, 9.23258, 9.23258, 9.23258, 9.23258, 9.23258, 9.23258, 9.34155, 9.23258
9.28017, 13.6403, 9.33287, 9.21842, 3.95478, 4.30739, 0, 9.21842, 9.22323, 9.21842, 9.21842, 9.21842, 9.21842, 9.21842, 9.21842, 9.21842, 9.21842, 9.21842, 9.21842, 9.21842, 9.21842, 9.21842, 9.21842, 9.21842, 9.21842, 9.21842, 9.21842, 9.21842, 9.21842, 9.32805, 9.21842
9.28804, 9.96085, 9.32222, 9.20399, 3.45845, 0.638635, 0, 9.20399, 9.21055, 9.20399, 9.20399, 9.20399, 9.20399, 9.20399, 9.20399, 9.20399, 9.20399, 9.20399, 9.20399, 9.20399, 9.20399, 9.20399, 9.20399, 9.20399, 9.20399, 9.20399, 9.20399, 9.20399, 9.20399, 9.31565, 9.20399
9.2959, 8.34771, 9.31306, 9.18943, 3.21679, -0.965357, 0, 9.18944, 9.1983, 9.18943, 9.18943, 9.18943, 9.18943, 9.18943, 9.18943, 9.18943, 9.18943, 9.18943, 9.18943, 9.18943, 9.18943, 9.18943, 9.18943, 9.18943, 9.18943, 9.18943, 9.18943, 9.18943, 9.18943, 9.30419, 9.18943
9.30376, 11.9747, 9.30541, 9.17489, 3.73828, 2.66931, 0, 9.17489, 9.18678, 9.17489, 9.17489, 9.17489, 9.17489, 9.17489, 9.17489, 9.17489, 9.17489, 9.17489, 9.17489, 9.17489, 9.17489, 9.17489, 9.17489, 9.17489, 9.17489, 9.17489, 9.17489, 9.17489, 9.17489, 9.29351, 9.17489
9.31163, 10.3264, 9.29917, 9.16038, 3.5109, 1.02723, 0, 9.16039, 9.17621, 9.16038, 9.16038, 9.16038, 9.16038, 9.16038, 9.16038, 9.16038, 9.16038, 9.16038, 9.16038, 9.16038, 9.16038, 9.16038, 9.16038, 9.16038, 9.16038, 9.16038, 9.16038, 9.16038, 9.16038, 9.28333, 9.16038
9.31949, 7.98538, 9.29414, 9.14578, 3.15996, -1.30877, 0, 9.14579, 9.16668, 9.14578, 9.14578, 9.14578, 9.14578, 9.14578, 9.14578, 9.14578, 9.14578, 9.14578, 9.14578, 9.14578, 9.14578, 9.14578, 9.14578, 9.14578, 9.14578, 9.14578, 9.14578, 9.14578, 9.14578, 9.27324, 9.14578
9.32736, 8.67138, 9.29019, 9.13094, 3.26671, -0.618812, 0, 9.13094, 9.1583, 9.13094, 9.13094, 9.13094, 9.13094, 9.13094, 9.13094, 9.13094, 9.13094, 9.13094, 9.13094, 9.13094, 9.13094, 9.13094, 9.13094, 9.13094, 9.13094, 9.13094, 9.13094, 9.13094, 9.13094, 9.26282, 9.13094
9.33522, 8.28575, 9.28728, 9.11578, 3.20714, -1.00153, 0, 9.11579, 9.1513, 9.11578, 9.11578, 9.11578, 9.11578, 9.11578, 9.11578, 9.11578, 9.11578, 9.11578, 9.11578, 9.11578, 9.11578, 9.11578, 9.11578, 9.11578, 9.11578, 9.11578, 9.11578, 9.11578, 9.11578, 9.25176, 9.11578
9.34309, 11.7093, 9.28571, 9.10048, 3.7026, 2.42354, 0, 9.10048, 9.14618, 9.10048, 9.10048, 9.10048, 9.10048, 9.10048, 9.10048, 9.10048, 9.10048, 9.10048, 9.10048, 9.10048, 9.10048, 9.10048, 9.10048, 9.10048, 9.10048, 9.10048, 9.10048, 9.10048, 9.10048, 9.24, 9.10048
9.35095, 7.28591, 9.28584, 9.08519, 3.04728, -1.99993, 0, 9.08519, 9.1435, 9.08519, 9.08519, 9.08519, 9.08519, 9.08519, 9.08519, 9.08519, 9.08519, 9.08519, 9.08519, 9.08519, 9.08519, 9.08519, 9.08519, 9.08519, 9.08519, 9.08519, 9.08519, 9.08519, 9.08519, 9.22752, 9.08519
9.35882, 8.30719, 9.288, 9.06996, 3.21048, -0.98081, 0, 9.06997, 9.14373, 9.06996, 9.06996, 9.06996, 9.06996, 9.06996, 9.06996, 9.06996, 9.06996, 9.06996, 9.06996, 9.06996, 9.06996, 9.06996, 9.06996, 9.06996, 9.06996, 9.06996, 9.06997, 9.06996, 9.06996, 9.21422, 9.06996
9.36668, 18.3022, 9.29232, 9.05463, 4.5058, 9.00991, 0, 9.05463, 9.14713, 9.05463, 9.05463, 9.05463, 9.05463, 9.05463, 9.05463, 9.05463, 9.05463, 9.05463, 9.05463, 9.05463, 9.05463, 9.05463, 9.05463, 9.05463, 9.05463, 9.05463, 9.05463, 9.05463, 9.05463, 9.19981, 9.05463
9.37455, 13.6695, 9.29913, 9.03907, 3.95847, 4.37039, 0, 9.03908, 9.15409, 9.03907, 9.03907, 9.03907, 9.03907, 9.03907, 9.03907, 9.03907, 9.03907, 9.03907, 9.03907, 9.03907, 9.03907, 9.03907, 9.03907, 9.03907, 9.03907, 9.03907, 9.03907, 9.03907, 9.03907, 9.1841, 9.03907
9.38241, 7.42317, 9.30871, 9.02318, 3.06972, -1.88554, 0, 9.02318, 9.16493, 9.02318, 9.02318, 9.02318, 9.02318, 9.02318, 9.02318, 9.02318, 9.02318, 9.02318, 9.02318, 9.02318, 9.02318, 9.02318, 9.02318, 9.02318, 9.02318, 9.02318, 9.02318, 9.02318, 9.02318, 9.16695, 9.02318
9.39028, 8.23698, 9.32174, 9.00711, 3.19953, -1.08476, 0, 9.00712, 9.18032, 9.00711, 9.00711, 9.00711, 9.00711, 9.00711, 9.00711, 9.00711, 9.00711, 9.00711, 9.00711, 9.00711, 9.00711, 9.00711, 9.00711, 9.00711, 9.00711, 9.00711, 9.00712, 9.00711, 9.00711, 9.14853, 9.00711
9.39814, 11.6809, 9.33887, 8.99107, 3.69876, 2.342, 0, 8.99107, 9.20086, 8.99107, 8.99107, 8.99107, 8.99107, 8.99107, 8.99107, 8.99107, 8.99107, 8.99107, 8.99107, 8.99107, 8.99107, 8.99107, 8.99107, 8.99107, 8.99107, 8.99107, 8.99107, 8.99107, 8.99107, 9.12906, 8.99107
9.40601, 11.6002, 9.36065, 8.97512, 3.68785, 2.2396, 0, 8.97513, 9.22705, 8.97512, 8.97512, 8.97512, 8.97512, 8.97512, 8.97512, 8.97512, 8.97512, 8.97512, 8.97512, 8.97512, 8.97512, 8.97512, 8.97512, 8.97512, 8.97512, 8.97512, 8.97512, 8.97512, 8.97512, 9.10871, 8.97512
9.41387, 11.9859, 9.38726, 8.95904, 3.73977, 2.59862, 0, 8.95904, 9.25896, 8.95904, 8.95904, 8.95904, 8.95904, 8.95904, 8.95904, 8.95904, 8.95904, 8.95904, 8.95904, 8.95904, 8.95904, 8.95904, 8.95904, 8.95904, 8.95904, 8.95904, 8.95904, 8.95904, 8.95904, 9.08733, 8.95904
9.42174, 12.6855, 9.419, 8.94278, 3.83217, 3.2665, 0, 8.94279, 9.29674, 8.94278, 8.94278, 8.94278, 8.94278, 8.94278, 8.94278, 8.94278, 8.94278, 8.94278, 8.94278, 8.94278, 8.94278, 8.94278, 8.94278, 8.94278, 8.94278, 8.94278, 8.94278, 8.94278, 8.94278, 9.06503, 8.94278
9.4296, 7.5834, 9.45592, 8.92616, 3.09571, -1.87252, 0, 8.92617, 9.34031, 8.92616, 8.92616, 8.92616, 8.92616, 8.92616, 8.92616, 8.92616, 8.92616, 8.92616, 8.92616, 8.92616, 8.92616, 8.92616, 8.92616, 8.92616, 8.92616, 8.92616, 8.92616, 8.92616, 8.92616, 9.04176, 8.92616
9.43747, 10.9835, 9.49828, 8.90937, 3.60327, 1.48524, 0, 8.90938, 9.38977, 8.90937, 8.90937, 8.90937, 8.90937, 8.90937, 8.90937, 8.90937, 8.90937, 8.90937, 8.90937, 8.90937, 8.90937, 8.90937, 8.90937, 8.90937, 8.90937, 8.90937, 8.90938, 8.90937, 8.90937, 9.01787, 8.90937
9.44533, 9.81078, 9.54618, 8.8926, 3.43668, 0.264596, 0, 8.89261, 9.44504, 8.8926, 8.8926, 8.8926, 8.8926, 8.8926, 8.8926, 8.8926, 8.8926, 8.8926, 8.8926, 8.8926, 8.8926, 8.8926, 8.8926, 8.8926, 8.8926, 8.8926, 8.8926, 8.8926, 8.8926, 8.99373, 8.8926
9.45319, 7.31782, 9.59946, 8.87595, 3.05251, -2.28164, 0, 8.87596, 9.50579, 8.87595, 8.87595, 8.87595, 8.87595, 8.87595, 8.87595, 8.87595, 8.87595, 8.87595, 8.87595, 8.87595, 8.87595, 8.87595, 8.87595, 8.87595, 8.87595, 8.87595, 8.87595, 8.87595, 8.87595, 8.96961, 8.87595
9.46106, 14.0909, 9.65735, 8.85916, 4.01134, 4.43351, 0, 8.85916, 9.57109, 8.85916, 8.85916, 8.85916, 8.85916, 8.85916, 8.85916, 8.85916, 8.85916, 8.85916, 8.85916, 8.85916, 8.85916, 8.85916, 8.85916, 8.85916, 8.85916, 8.85916, 8.85916, 8.85916, 8.85916, 8.94541, 8.85916
9.46892, 8.85527, 9.71913, 8.84224, 3.29473, -0.863864, 0, 8.84225, 9.64005, 8.84224, 8.84224, 8.84224, 8.84224, 8.84224, 8.84224, 8.84224, 8.84224, 8.84224, 8.84224, 8.84224, 8.84224, 8.84224, 8.84224, 8.84224, 8.84224, 8.84224, 8.84224, 8.84224, 8.84224, 8.92131, 8.84224
9.47679, 10.1399, 9.78364, 8.82496, 3.48424, 0.356256, 0, 8.82497, 9.71137, 8.82496, 8.82496, 8.82496, 8.82496, 8.82496, 8.82496, 8.82496, 8.82496, 8.82496, 8.82496, 8.82496, 8.82496, 8.82496, 8.82496, 8.82496, 8.82496, 8.82496, 8.82496, 8.82496, 8.82496, 8.89723, 8.82496
9.48465, 3.68389, 9.84992, 8.80751, 2.38409, -6.16603, 0, 8.80751, 9.78394, 8.80751, 8.80751, 8.80751, 8.80751, 8.80751, 8.80751, 8.80751, 8.80751, 8.80751, 8.80751, 8.80751, 8.80751, 8.80751, 8.80751, 8.80751, 8.80751, 8.80751, 8.80751, 8.80751, 8.80751, 8.87348, 8.80751
9.49252, 15.1475, 9.91679, 8.79007, 4.14095, 5.23067, 0, 8.79007, 9.85647, 8.79007, 8.79007, 8.79007, 8.79007, 8.79007, 8.79007, 8.79007, 8.79007, 8.79007, 8.79007, 8.79007, 8.79007, 8.79007, 8.79007, 8.79007, 8.79007, 8.79007, 8.79007, 8.79007, 8.79007, 8.85038, 8.79007
9.50038, 10.4376, 9.98292, 8.77279, 3.5267, 0.454686, 0, 8.77279, 9.92752, 8.77279, 8.77279, 8.77279, 8.77279, 8.77279, 8.77279, 8.77279, 8.77279, 8.77279, 8.77279, 8.77279, 8.77279, 8.77279, 8.77279, 8.77279, 8.77279, 8.77279, 8.77279, 8.77279, 8.77279, 8.82818, 8.77279
9.50825, 5.09003, 10.0464, 8.75534, 2.66271, -4.95635, 0, 8.75535, 9.99509, 8.75534, 8.75534, 8.75534, 8.75534, 8.75534, 8.75534, 8.75534, 8.75534, 8.75534, 8.75534, 8.75534, 8.75534, 8.75534, 8.75534, 8.75534, 8.75534, 8.75534, 8.75534, 8.75534, 8.75534, 8.80663, 8.75534
9.51611, 10.2572, 10.1056, 8.73784, 3.50104, 0.151645, 0, 8.73785, 10.0575, 8.73784, 8.73784, 8.73784, 8.73784, 8.73784, 8.73784, 8.73784, 8.73784, 8.73784, 8.73784, 8.73784, 8.73784, 8.73784, 8.73784, 8.73784, 8.73784, 8.73784, 8.73784, 8.73784, 8.73784, 8.7859, 8.73784
9.52398, 12.5204, 10.1586, 8.71998, 3.81057, 2.36181, 0, 8.71999, 10.1129, 8.71998, 8.71998, 8.71998, 8.71998, 8.71998, 8.71998, 8.71998, 8.71998, 8.71998, 8.71998, 8.71998, 8.71998, 8.71998, 8.71998, 8.71998, 8.71998, 8.71998, 8.71998, 8.71998, 8.71998, 8.76575, 8.71998
9.53184, 14.4466, 10.2041, 8.70195, 4.05544, 4.24253, 0, 8.70196, 10.1596, 8.70195, 8.70195, 8.70195, 8.70195, 8.70195, 8.70195, 8.70195, 8.70195, 8.70195, 8.70195, 8.70195, 8.70195, 8.70195, 8.70195, 8.70195, 8.70195, 8.70195, 8.70196, 8.70195, 8.70195, 8.7464, 8.70195
9.53971, 10.2468, 10.2406, 8.68395, 3.49955, 0.00627899, 0, 8.68395, 10.1965, 8.68395, 8.68395, 8.68395, 8.68395, 8.68395, 8.68395, 8.68395, 8.68395, 8.68395, 8.68395, 8.68395, 8.68395, 8.68395, 8.68395, 8.68395, 8.68395, 8.68395, 8.68395, 8.68395, 8.68395, 8.72803, 8.68395
9.54757, 11.6716, 10.267, 8.66611, 3.69752, 1.40464, 0, 8.66612, 10.2223, 8.66611, 8.66611, 8.66611, 8.66611, 8.66611, 8.66611, 8.66611, 8.66611, 8.66611, 8.66611, 8.66611, 8.66611, 8.66611, 8.66611, 8.66611, 8.66611, 8.66611, 8.66611, 8.66611, 8.66611, 8.7108, 8.66611
9.55544, 17.0312, 10.2819, 8.64812, 4.36248, 6.74928, 0, 8.64813, 10.2357, 8.64812, 8.64812, 8.64812, 8.64812, 8.64812, 8.64812, 8.64812, 8.64812, 8.64812, 8.64812, 8.64812, 8.64812, 8.64812, 8.64812, 8.64812, 8.64812, 8.64812, 8.64812, 8.64812, 8.64812, 8.69435, 8.64812
9.5633, 12.4964, 10.2848, 8.63013, 3.80741, 2.21157, 0, 8.63014, 10.2361, 8.63013, 8.63013, 8.63013, 8.63013, 8.63013, 8.63013, 8.63013, 8.63013, 8.63013, 8.63013, 8.63013, 8.63013, 8.63013, 8.63013, 8.63013, 8.63013, 8.63013, 8.63013, 8.63013, 8.63013, 8.6788, 8.63013
9.57117, 12.2137, 10.2747, 8.6118, 3.7701, 1.93897, 0, 8.61181, 10.2227, 8.6118, 8.6118, 8.6118, 8.6118, 8.6118, 8.6118, 8.6118, 8.6118, 8.6118, 8.6118, 8.6118, 8.6118, 8.6118, 8.6118, 8.6118, 8.6118, 8.6118, 8.61181, 8.6118, 8.6118, 8.66377, 8.6118
9.57903, 8.48228, 10.2517, 8.59332, 3.23764, -1.76937, 0, 8.59333, 10.1956, 8.59332, 8.59332, 8.59332, 8.59332, 8.59332, 8.59332, 8.59332, 8.59332, 8.59332, 8.59332, 8.59332, 8.59332, 8.59332, 8.59332, 8.59332, 8.59332, 8.59332, 8.59333, 8.59332, 8.59332, 8.64936, 8.59332
9.5869, 7.99009, 10.216, 8.57487, 3.16071, -2.22591, 0, 8.57487, 10.1552, 8.57487, 8.57487, 8.57487, 8.57487, 8.57487, 8.57487, 8.57487, 8.57487, 8.57487, 8.57487, 8.57487, 8.57487, 8.57487, 8.57487, 8.57487, 8.57487, 8.57487, 8.57487, 8.57487, 8.57487, 8.63567, 8.57487
9.59476, 10.7317, 10.1684, 8.55659, 3.56815, 0.563347, 0, 8.5566, 10.1022, 8.55659, 8.55659, 8.55659, 8.55659, 8.55659, 8.55659, 8.55659, 8.55659, 8.55659, 8.55659, 8.55659, 8.55659, 8.55659, 8.55659, 8.55659, 8.55659, 8.55659, 8.55659, 8.55659, 8.55659, 8.62275, 8.55659
9.60262, 10.5145, 10.1092, 8.53817, 3.53758, 0.405296, 0, 8.53817, 10.0372, 8.53817, 8.53817, 8.53817, 8.53817, 8.53817, 8.53817, 8.53817, 8.53817, 8.53817, 8.53817, 8.53817, 8.53817, 8.53817, 8.53817, 8.53817, 8.53817, 8.53817, 8.53817, 8.53817, 8.53817, 8.61017, 8.53817
9.61049, 7.72491, 10.0397, 8.51976, 3.11848, -2.31477, 0, 8.51977, 9.96145, 8.51976, 8.51976, 8.51976, 8.51976, 8.51976, 8.51976, 8.51976, 8.51976, 8.51976, 8.51976, 8.51976, 8.51976, 8.51976, 8.51976, 8.51976, 8.51976, 8.51976, 8.51976, 8.51976, 8.51976, 8.59798, 8.51976
9.61835, 11.4695, 9.9608, 8.50112, 3.67008, 1.50872, 0, 8.50113, 9.87613, 8.50112, 8.50112, 8.50112, 8.50112, 8.50112, 8.50112, 8.50112, 8.50112, 8.50112, 8.50112, 8.50112, 8.50112, 8.50112, 8.50112, 8.50112, 8.50112, 8.50112, 8.50112, 8.50112, 8.50112, 8.58578, 8.50112
9.62622, 11.5113, 9.87404, 8.48234, 3.67577, 1.63724, 0, 8.48234, 9.78282, 8.48234, 8.48234, 8.48234, 8.48234, 8.48234, 8.48234, 8.48234, 8.48234, 8.48234, 8.48234, 8.48234, 8.48234, 8.48234, 8.48234, 8.48234, 8.48234, 8.48234, 8.48234, 8.48234, 8.48234, 8.57354, 8.48234
9.63408, 8.22528, 9.78108, 8.46357, 3.1977, -1.5558, 0, 8.46358, 9.68336, 8.46357, 8.46357, 8.46357, 8.46357, 8.46357, 8.46357, 8.46357, 8.46357, 8.46357, 8.46357, 8.46357, 8.46357, 8.46357, 8.46357, 8.46357, 8.46357, 8.46357, 8.46357, 8.46357, 8.46357, 8.56128, 8.46357
9.64195, 10.5222, 9.68365, 8.44499, 3.53867, 0.838528, 0, 8.44499, 9.57962, 8.44499, 8.44499, 8.44499, 8.44499, 8.44499, 8.44499, 8.44499, 8.44499, 8.44499, 8.44499, 8.44499, 8.44499, 8.44499, 8.44499, 8.44499, 8.44499, 8.44499, 8.44499, 8.44499, 8.44499, 8.54901, 8.44499
9.64981, 8.22379, 9.58297, 8.42627, 3.19747, -1.35917, 0, 8.42628, 9.47294, 8.42627, 8.42627, 8.42627, 8.42627, 8.42627, 8.42627, 8.42627, 8.42627, 8.42627, 8.42627, 8.42627, 8.42627, 8.42627, 8.42627, 8.42627, 8.42627, 8.42627, 8.42627, 8.42627, 8.42627, 8.53628, 8.42627
9.65768, 13.2181, 9.48069, 8.40757, 3.90104, 3.73741, 0, 8.40758, 9.36512, 8.40757, 8.40757, 8.40757, 8.40757, 8.40757, 8.40757, 8.40757, 8.40757, 8.40757, 8.40757, 8.40757, 8.40757, 8.40757, 8.40757, 8.40757, 8.40757, 8.40757, 8.40757, 8.40757, 8.40757, 8.52312, 8.40757
9.66554, 9.66518, 9.37808, 8.38875, 3.41543, 0.287104, 0, 8.38876, 9.25756, 8.38875, 8.38875, 8.38875, 8.38875, 8.38875, 8.38875, 8.38875, 8.38875, 8.38875, 8.38875, 8.38875, 8.38875, 8.38875, 8.38875, 8.38875, 8.38875, 8.38875, 8.38876, 8.38875, 8.38875, 8.50926, 8.38875
9.67341, 12.3111, 9.2764, 8.36982, 3.78301, 3.03474, 0, 8.36982, 9.15163, 8.36982, 8.36982, 8.36982, 8.36982, 8.36982, 8.36982, 8.36982, 8.36982, 8.36982, 8.36982, 8.36982, 8.36982, 8.36982, 8.36982, 8.36982, 8.36982, 8.36982, 8.36982, 8.36982, 8.36982, 8.49458, 8.36982
9.68127, 8.32504, 9.17688, 8.3509, 3.21326, -0.851832, 0, 8.35091, 9.04865, 8.3509, 8.3509, 8.3509, 8.3509, 8.3509, 8.3509, 8.3509, 8.3509, 8.3509, 8.3509, 8.3509, 8.3509, 8.3509, 8.3509, 8.3509, 8.3509, 8.3509, 8.3509, 8.3509, 8.3509, 8.47912, 8.3509
9.68914, 10.777, 9.08059, 8.33214, 3.57449, 1.69636, 0, 8.33215, 8.94977, 8.33214, 8.33214, 8.33214, 8.33214, 8.33214, 8.33214, 8.33214, 8.33214, 8.33214, 8.33214, 8.33214, 8.33214, 8.33214, 8.33214, 8.33214, 8.33214, 8.33214, 8.33214, 8.33214, 8.33214, 8.46295, 8.33214
9.697, 5.50954, 8.988, 8.31327, 2.74035, -3.47846, 0, 8.31328, 8.85552, 8.31327, 8.31327, 8.31327, 8.31327, 8.31327, 8.31327, 8.31327, 8.31327, 8.31327, 8.31327, 8.31327, 8.31327, 8.31327, 8.31327, 8.31327, 8.31327, 8.31327, 8.31327, 8.31327, 8.31327, 8.44575, 8.31327
9.70487, 10.6991, 8.89979, 8.29442, 3.56358, 1.79934, 0, 8.29443, 8.7666, 8.29442, 8.29442, 8.29442, 8.29442, 8.29442, 8.29442, 8.29442, 8.29442, 8.29442, 8.29442, 8.29442, 8.29442, 8.29442, 8.29442, 8.29442, 8.29442, 8.29442, 8.29443, 8.29442, 8.29442, 8.4276, 8.29442
9.71273, 3.62875, 8.81612, 8.27539, 2.3725, -5.18738, 0, 8.2754, 8.68321, 8.27539, 8.27539, 8.27539, 8.27539, 8.27539, 8.27539, 8.27539, 8.27539, 8.27539, 8.27539, 8.27539, 8.27539, 8.27539, 8.27539, 8.27539, 8.27539, 8.27539, 8.27539, 8.27539, 8.27539, 8.4083, 8.27539
9.7206, 10.1969, 8.73668, 8.25561, 3.4924, 1.46019, 0, 8.25562, 8.60499, 8.25561, 8.25561, 8.25561, 8.25561, 8.25561, 8.25561, 8.25561, 8.25561, 8.25561, 8.25561, 8.25561, 8.25561, 8.25561, 8.25561, 8.25561, 8.25561, 8.25561, 8.25561, 8.25561, 8.25561, 8.38729, 8.25561
9.72846, 8.57215, 8.66138, 8.23496, 3.25148, -0.0892286, 0, 8.23497, 8.53186, 8.23496, 8.23496, 8.23496, 8.23496, 8.23496, 8.23496, 8.23496, 8.23496, 8.23496, 8.23496, 8.23496, 8.23496, 8.23496, 8.23496, 8.23496, 8.23496, 8.23496, 8.23496, 8.23496, 8.23496, 8.36448, 8.23496
9.73633, 9.00979, 8.59039, 8.21364, 3.3181, 0.419397, 0, 8.21364, 8.4639, 8.21364, 8.21364, 8.21364, 8.21364, 8.21364, 8.21364, 8.21364, 8.21364, 8.21364, 8.21364, 8.21364, 8.21364, 8.21364, 8.21364, 8.21364, 8.21364, 8.21364, 8.21364, 8.21364, 8.21364, 8.34012, 8.21364
9.74419, 13.7773, 8.52392, 8.19199, 3.97207, 5.25341, 0, 8.192, 8.40125, 8.19199, 8.19199, 8.19199, 8.19199, 8.19199, 8.19199, 8.19199, 8.19199, 8.19199, 8.19199, 8.19199, 8.19199, 8.19199, 8.19199, 8.19199, 8.19199, 8.19199, 8.19199, 8.19199, 8.19199, 8.31465, 8.19199
9.75206, 14.1841, 8.46168, 8.16996, 4.02295, 5.72246, 0, 8.16997, 8.34353, 8.16996, 8.16996, 8.16996, 8.16996, 8.16996, 8.16996, 8.16996, 8.16996, 8.16996, 8.16996, 8.16996, 8.16996, 8.16996, 8.16996, 8.16996, 8.16996, 8.16996, 8.16996, 8.16996, 8.16996, 8.28811, 8.16996
9.75992, 3.99058, 8.40323, 8.14737, 2.44757, -4.41265, 0, 8.14738, 8.29018, 8.14737, 8.14737, 8.14737, 8.14737, 8.14737, 8.14737, 8.14737, 8.14737, 8.14737, 8.14737, 8.14737, 8.14737, 8.14737, 8.14737, 8.14737, 8.14737, 8.14737, 8.14737, 8.14737, 8.14737, 8.26041, 8.14737
9.76779, 8.99058, 8.34797, 8.12391, 3.3152, 0.642611, 0, 8.12392, 8.24049, 8.12391, 8.12391, 8.12391, 8.12391, 8.12391, 8.12391, 8.12391, 8.12391, 8.12391, 8.12391, 8.12391, 8.12391, 8.12391, 8.12391, 8.12391, 8.12391, 8.12391, 8.12391, 8.12391, 8.12391, 8.23139, 8.12391
9.77565, 12.4146, 8.29555, 8.09956, 3.79666, 4.11907, 0, 8.09957, 8.19396, 8.09956, 8.09956, 8.09956, 8.09956, 8.09956, 8.09956, 8.09956, 8.09956, 8.09956, 8.09956, 8.09956, 8.09956, 8.09956, 8.09956, 8.09956, 8.09956, 8.09956, 8.09956, 8.09956, 8.09956, 8.20114, 8.09956
9.78351, 4.94558, 8.2459, 8.07453, 2.63545, -3.30032, 0, 8.07453, 8.15037, 8.07453, 8.07453, 8.07453, 8.07453, 8.07453, 8.07453, 8.07453, 8.07453, 8.07453, 8.07453, 8.07453, 8.07453, 8.07453, 8.07453, 8.07453, 8.07453, 8.07453, 8.07453, 8.07453, 8.07453, 8.17005, 8.07453
9.79138, 8.98453, 8.19907, 8.04918, 3.31429, 0.785453, 0, 8.04919, 8.10963, 8.04918, 8.04918, 8.04918, 8.04918, 8.04918, 8.04918, 8.04918, 8.04918, 8.04918, 8.04918, 8.04918, 8.04918, 8.04918, 8.04918, 8.04918, 8.04918, 8.04918, 8.04918, 8.04918, 8.04918, 8.13862, 8.04918
9.79924, 8.24709, 8.15476, 8.02345, 3.20111, 0.092329, 0, 8.02346, 8.07126, 8.02345, 8.02345, 8.02345, 8.02345, 8.02345, 8.02345, 8.02345, 8.02345, 8.02345, 8.02345, 8.02345, 8.02345, 8.02345, 8.02345, 8.02345, 8.02345, 8.02345, 8.02345, 8.02345, 8.02345, 8.10694, 8.02345
9.80711, 3.17782, 8.11272, 7.99735, 2.27548, -4.9349, 0, 7.99736, 8.03485, 7.99735, 7.99735, 7.99735, 7.99735, 7.99735, 7.99735, 7.99735, 7.99735, 7.99735, 7.99735, 7.99735, 7.99735, 7.99735, 7.99735, 7.99735, 7.99735, 7.99735, 7.99735, 7.99735, 7.99735, 8.0752, 7.99735
9.81497, 8.99257, 8.073, 7.97107, 3.3155, 0.919567, 0, 7.97108, 8.00027, 7.97107, 7.97107, 7.97107, 7.97107, 7.97107, 7.97107, 7.97107, 7.97107, 7.97107, 7.97107, 7.97107, 7.97107, 7.97107, 7.97107, 7.97107, 7.97107, 7.97107, 7.97108, 7.97107, 7.97107, 8.04379, 7.97107
9.82284, 7.70186, 8.03528, 7.94447, 3.11478, -0.333425, 0, 7.94448, 7.96703, 7.94447, 7.94447, 7.94447, 7.94447, 7.94447, 7.94447, 7.94447, 7.94447, 7.94447, 7.94447, 7.94447, 7.94447, 7.94447, 7.94447, 7.94447, 7.94447, 7.94447, 7.94447, 7.94447, 7.94447, 8.01271, 7.94447
9.8307, 10.9842, 7.99949, 7.91753, 3.60336, 2.98474, 0, 7.91754, 7.93482, 7.91753, 7.91753, 7.91753, 7.91753, 7.91753, 7.91753, 7.91753, 7.91753, 7.91753, 7.91753, 7.91753, 7.91753, 7.91753, 7.91753, 7.91753, 7.91753, 7.91753, 7.91753, 7.91753, 7.91753, 7.98219, 7.91753
9.83857, 10.3269, 7.96577, 7.89046, 3.51097, 2.36114, 0, 7.89047, 7.90361, 7.89046, 7.89046, 7.89046, 7.89046, 7.89046, 7.89046, 7.89046, 7.89046, 7.89046, 7.89046, 7.89046, 7.89046, 7.89046, 7.89046, 7.89046, 7.89046, 7.89046, 7.89046, 7.89046, 7.89046, 7.95261, 7.89046
9.84643, 12.1276, 7.93433, 7.86343, 3.75867, 4.1933, 0, 7.86344, 7.87336, 7.86343, 7.86343, 7.86343, 7.86343, 7.86343, 7.86343, 7.86343, 7.86343, 7.86343, 7.86343, 7.86343, 7.86343, 7.86343, 7.86343, 7.86343, 7.86343, 7.86343, 7.86343, 7.86343, 7.86343, 7.92439, 7.86343
9.8543, 5.99108, 7.90524, 7.83646, 2.82685, -1.91417, 0, 7.83647, 7.8439, 7.83646, 7.83646, 7.83646, 7.83646, 7.83646, 7.83646, 7.83646, 7.83646, 7.83646, 7.83646, 7.83646, 7.83646, 7.83646, 7.83646, 7.83646, 7.83646, 7.83646, 7.83646, 7.83646, 7.83646, 7.89779, 7.83646
9.86216, 7.99009, 7.8785, 7.80942, 3.16071, 0.111591, 0, 7.80943, 7.81495, 7.80942, 7.80942, 7.80942, 7.80942, 7.80942, 7.80942, 7.80942, 7.80942, 7.80942, 7.80942, 7.80942, 7.80942, 7.80942, 7.80942, 7.80942, 7.80942, 7.80942, 7.80942, 7.80942, 7.80942, 7.87295, 7.80942
9.87003, 6.99009, 7.85411, 7.78218, 2.99835, -0.864024, 0, 7.78219, 7.78626, 7.78218, 7.78218, 7.78218, 7.78218, 7.78218, 7.78218, 7.78218, 7.78218, 7.78218, 7.78218, 7.78218, 7.78218, 7.78218, 7.78218, 7.78218, 7.78218, 7.78218, 7.78218, 7.78218, 7.78218, 7.85002, 7.78218
9.87789, 7.99108, 7.83098, 7.75342, 3.16087, 0.1601, 0, 7.75343, 7.75641, 7.75342, 7.75342, 7.75342, 7.75342, 7.75342, 7.75342, 7.75342, 7.75342, 7.75342, 7.75342, 7.75342, 7.75342, 7.75342, 7.75342, 7.75342, 7.75342, 7.75342, 7.75342, 7.75342, 7.75342, 7.82797, 7.75342
9.88576, 12.1482, 7.80879, 7.72259, 3.76141, 4.33941, 0, 7.72261, 7.72477, 7.72259, 7.72259, 7.72259, 7.72259, 7.72259, 7.72259, 7.72259, 7.72259, 7.72259, 7.72259, 7.72259, 7.72259, 7.72259, 7.72259, 7.72259, 7.72259, 7.72259, 7.7226, 7.72259, 7.72259, 7.8066, 7.72259
9.89362, 9.83189, 7.78792, 7.6898, 3.43975, 2.04398, 0, 7.68982, 7.69137, 7.6898, 7.6898, 7.6898, 7.6898, 7.6898, 7.6898, 7.6898, 7.6898, 7.6898, 7.6898, 7.6898, 7.6898, 7.6898, 7.6898, 7.6898, 7.6898, 7.6898, 7.6898, 7.6898, 7.6898, 7.78633, 7.6898
9.90149, 7.83738, 7.76903, 7.65542, 3.13646, 0.0683455, 0, 7.65544, 7.65655, 7.65542, 7.65542, 7.65542, 7.65542, 7.65542, 7.65542, 7.65542, 7.65542, 7.65542, 7.65542, 7.65542, 7.65542, 7.65542, 7.65542, 7.65542, 7.65542, 7.65542, 7.65543, 7.65542, 7.65542, 7.76789, 7.65542
9.90935, 6.84176, 7.75288, 7.61991, 2.97351, -0.911116, 0, 7.61993, 7.62071, 7.61991, 7.61991, 7.61991, 7.61991, 7.61991, 7.61991, 7.61991, 7.61991, 7.61991, 7.61991, 7.61991, 7.61991, 7.61991, 7.61991, 7.61991, 7.61991, 7.61991, 7.61991, 7.61991, 7.61991, 7.75205, 7.61991
9.91722, 5.14374, 7.74012, 7.58363, 2.67278, -2.59638, 0, 7.58365, 7.58419, 7.58363, 7.58363, 7.58363, 7.58363, 7.58363, 7.58363, 7.58363, 7.58363, 7.58363, 7.58363, 7.58363, 7.58363, 7.58363, 7.58363, 7.58363, 7.58363, 7.58363, 7.58363, 7.58363, 7.58363, 7.73954, 7.58363
9.92508, 7.43123, 7.73135, 7.5469, 3.07103, -0.300127, 0, 7.54692, 7.54729, 7.5469, 7.5469, 7.5469, 7.5469, 7.5469, 7.5469, 7.5469, 7.5469, 7.5469, 7.5469, 7.5469, 7.5469, 7.5469, 7.5469, 7.5469, 7.5469, 7.5469, 7.5469, 7.5469, 7.5469, 7.73093, 7.5469
9.93295, 8.84142, 7.72698, 7.50989, 3.29263, 1.11445, 0, 7.50992, 7.51017, 7.50989, 7.50989, 7.50989, 7.50989, 7.50989, 7.50989, 7.50989, 7.50989, 7.50989, 7.50989, 7.50989, 7.50989, 7.50989, 7.50989, 7.50989, 7.50989, 7.50989, 7.50989, 7.50989, 7.50989, 7.72667, 7.50989
9.94081, 9.70542, 7.7273, 7.47274, 3.42132, 1.97811, 0, 7.47278, 7.47293, 7.47274, 7.47274, 7.47274, 7.47274, 7.47274, 7.47274, 7.47274, 7.47274, 7.47274, 7.47274, 7.47274, 7.47274, 7.47274, 7.47274, 7.47274, 7.47274, 7.47274, 7.47275, 7.47274, 7.47274, 7.72708, 7.47274
9.94868, 5.54808, 7.73254, 7.43558, 2.74738, -2.18446, 0, 7.43561, 7.43571, 7.43558, 7.43558, 7.43558, 7.43558, 7.43558, 7.43558, 7.43558, 7.43558, 7.43558, 7.43558, 7.43558, 7.43558, 7.43558, 7.43558, 7.43558, 7.43558, 7.43558, 7.43558, 7.43558, 7.43558, 7.73237, 7.43558
9.95654, 10.119, 7.74252, 7.39822, 3.48123, 2.37644, 0, 7.39827, 7.39831, 7.39822, 7.39822, 7.39822, 7.39822, 7.39822, 7.39822, 7.39822, 7.39822, 7.39822, 7.39822, 7.39822, 7.39822, 7.39822, 7.39822, 7.39822, 7.39822, 7.39822, 7.39822, 7.39822, 7.39822, 7.74239, 7.39822
9.96441, 13.5793, 7.75628, 7.35985, 3.94706, 5.82302, 0, 7.3599, 7.35991, 7.35985, 7.35985, 7.35985, 7.35985, 7.35985, 7.35985, 7.35985, 7.35985, 7.35985, 7.35985, 7.35985, 7.35985, 7.35985, 7.35985, 7.35985, 7.35985, 7.35985, 7.35985, 7.35985, 7.35985, 7.75617, 7.35985
9.97227, 11.5146, 7.77151, 7.3184, 3.67622, 3.74311, 0, 7.31846, 7.31845, 7.3184, 7.3184, 7.3184, 7.3184, 7.3184, 7.3184, 7.3184, 7.3184, 7.3184, 7.3184, 7.3184, 7.3184, 7.3184, 7.3184, 7.3184, 7.3184, 7.3184, 7.31841, 7.3184, 7.3184, 7.7714, 7.3184
9.98013, 14.203, 7.78809, 7.2742, 4.02529, 6.41488, 0, 7.27427, 7.27422, 7.2742, 7.2742, 7.2742, 7.2742, 7.2742, 7.2742, 7.2742, 7.2742, 7.2742, 7.2742, 7.2742, 7.2742, 7.2742, 7.2742, 7.2742, 7.2742, 7.2742, 7.2742, 7.2742, 7.2742, 7.78799, 7.2742
9.988, 5.1197, 7.80694, 7.22869, 2.66828, -2.68723, 0, 7.22877, 7.22871, 7.22869, 7.22869, 7.22869, 7.22869, 7.22869, 7.22869, 7.22869, 7.22869, 7.22869, 7.22869, 7.22869, 7.22869, 7.22869, 7.22869, 7.22869, 7.22869, 7.22869, 7.22869, 7.22869, 7.22869, 7.80684, 7.22869
9.99586, 6.99052, 7.82874, 7.18332, 2.99842, -0.838222, 0, 7.18342, 7.18334, 7.18332, 7.18332, 7.18332, 7.18332, 7.18332, 7.18332, 7.18332, 7.18332, 7.18332, 7.18332, 7.18332, 7.18332, 7.18332, 7.18332, 7.18332, 7.18332, 7.18332, 7.18333, 7.18332, 7.18332, 7.82864, 7.18332
10.0037, 7.11146, 7.86597, 7.15143, 3.01852, -0.754512, 0, 7.15154, 7.15144, 7.15143, 7.15143, 7.15143, 7.15143, 7.15143, 7.15143, 7.15143, 7.15143, 7.15143, 7.15143, 7.15143, 7.15143, 7.15143, 7.15143, 7.15143, 7.15143, 7.15143, 7.15143, 7.15143, 7.15143, 7.86586, 7.15143
10.0116, 10.8688, 7.89724, 7.11266, 3.58731, 2.97153, 0, 7.11278, 7.11266, 7.11266, 7.11266, 7.11266, 7.11266, 7.11266, 7.11266, 7.11266, 7.11266, 7.11266, 7.11266, 7.11266, 7.11266, 7.11266, 7.11266, 7.11266, 7.11266, 7.11266, 7.11266, 7.11266, 7.11266, 7.89712, 7.11266
10.0195, 12.3419, 7.92193, 7.06754, 3.78707, 4.41996, 0, 7.06767, 7.06754, 7.06754, 7.06754, 7.06754, 7.06754, 7.06754, 7.06754, 7.06754, 7.06754, 7.06754, 7.06754, 7.06754, 7.06754, 7.06754, 7.06754, 7.06754, 7.06754, 7.06754, 7.06754, 7.06754, 7.06754, 7.92179, 7.06754
10.0273, 11.4095, 7.94207, 7.01935, 3.6619, 3.46747, 0, 7.0195, 7.01935, 7.01935, 7.01935, 7.01935, 7.01935, 7.01935, 7.01935, 7.01935, 7.01935, 7.01935, 7.01935, 7.01935, 7.01935, 7.01935, 7.01935, 7.01935, 7.01935, 7.01935, 7.01935, 7.01935, 7.01935, 7.94191, 7.01935
10.0352, 4.99554, 7.95961, 6.97132, 2.64491, -2.96407, 0, 6.97149, 6.97133, 6.97132, 6.97132, 6.97132, 6.97132, 6.97132, 6.97132, 6.97132, 6.97132, 6.97132, 6.97132, 6.97132, 6.97132, 6.97132, 6.97132, 6.97132, 6.97132, 6.97132, 6.97133, 6.97132, 6.97132, 7.95943, 6.97132
10.0431, 3.88512, 7.99767, 6.94793, 2.42593, -4.11255, 0, 6.94811, 6.94793, 6.94793, 6.94793, 6.94793, 6.94793, 6.94793, 6.94793, 6.94793, 6.94793, 6.94793, 6.94793, 6.94793, 6.94793, 6.94793, 6.94793, 6.94793, 6.94793, 6.94793, 6.94793, 6.94793, 6.94793, 7.99747, 6.94793
10.0509, 5.21203, 8.01833, 6.91255, 2.68552, -2.8063, 0, 6.91276, 6.91255, 6.91255, 6.91255, 6.91255, 6.91255, 6.91255, 6.91255, 6.91255, 6.91255, 6.91255, 6.91255, 6.91255, 6.91255, 6.91255, 6.91255, 6.91255, 6.91255, 6.91255, 6.91255, 6.91255, 6.91255, 8.01812, 6.91255
10.0588, 8.20347, 8.02127, 6.86607, 3.19429, 0.182202, 0, 6.86631, 6.86607, 6.86607, 6.86607, 6.86607, 6.86607, 6.86607, 6.86607, 6.86607, 6.86607, 6.86607, 6.86607, 6.86607, 6.86607, 6.86607, 6.86607, 6.86607, 6.86607, 6.86607, 6.86608, 6.86607, 6.86607, 8.02103, 6.86607
10.0666, 11.6798, 8.01102, 6.81419, 3.69862, 3.66878, 0, 6.81444, 6.81419, 6.81419, 6.81419, 6.81419, 6.81419, 6.81419, 6.81419, 6.81419, 6.81419, 6.81419, 6.81419, 6.81419, 6.81419, 6.81419, 6.81419, 6.81419, 6.81419, 6.81419, 6.81419, 6.81419, 6.81419, 8.01076, 6.81419
10.0745, 9.19529, 7.99222, 6.7625, 3.34594, 1.20307, 0, 6.76277, 6.7625, 6.7625, 6.7625, 6.7625, 6.7625, 6.7625, 6.7625, 6.7625, 6.7625, 6.7625, 6.7625, 6.7625, 6.7625, 6.7625, 6.7625, 6.7625, 6.7625, 6.7625, 6.7625, 6.7625, 6.7625, 7.99194, 6.7625
10.0824, 6.89318, 8.02673, 6.77363, 2.98214, -1.13354, 0, 6.77393, 6.77363, 6.77363, 6.77363, 6.77363, 6.77363, 6.77363, 6.77363, 6.77363, 6.77363, 6.77363, 6.77363, 6.77363, 6.77363, 6.77363, 6.77363, 6.77363, 6.77363, 6.77363, 6.77363, 6.77363, 6.77363, 8.02643, 6.77363
10.0902, 5.89715, 8.03779, 6.77139, 2.81019, -2.14064, 0, 6.77171, 6.77139, 6.77139, 6.77139, 6.77139, 6.77139, 6.77139, 6.77139, 6.77139, 6.77139, 6.77139, 6.77139, 6.77139, 6.77139, 6.77139, 6.77139, 6.77139, 6.77139, 6.77139, 6.77139, 6.77139, 6.77139, 8.03747, 6.77139
10.0981, 6.80917, 8.0256, 6.75629, 2.96802, -1.21643, 0, 6.75663, 6.75629, 6.75629, 6.75629, 6.75629, 6.75629, 6.75629, 6.75629, 6.75629, 6.75629, 6.75629, 6.75629, 6.75629, 6.75629, 6.75629, 6.75629, 6.75629, 6.75629, 6.75629, 6.75629, 6.75629, 6.75629, 8.02526, 6.75629
10.106, 4.45348, 7.99657, 6.73477, 2.54037, -3.54309, 0, 6.73514, 6.73477, 6.73477, 6.73477, 6.73477, 6.73477, 6.73477, 6.73477, 6.73477, 6.73477, 6.73477, 6.73477, 6.73477, 6.73477, 6.73477, 6.73477, 6.73477, 6.73477, 6.73477, 6.73478, 6.73477, 6.73477, 7.9962, 6.73477
10.1138, 7.16325, 7.95734, 6.7133, 3.02709, -0.794082, 0, 6.71368, 6.7133, 6.7133, 6.7133, 6.7133, 6.7133, 6.7133, 6.7133, 6.7133, 6.7133, 6.7133, 6.7133, 6.7133, 6.7133, 6.7133, 6.7133, 6.7133, 6.7133, 6.7133, 6.7133, 6.7133, 6.7133, 7.95695, 6.7133
10.1217, 11.4689, 7.93255, 6.71604, 3.67, 3.53634, 0, 6.71644, 6.71604, 6.71604, 6.71604, 6.71604, 6.71604, 6.71604, 6.71604, 6.71604, 6.71604, 6.71604, 6.71604, 6.71604, 6.71604, 6.71604, 6.71604, 6.71604, 6.71604, 6.71604, 6.71604, 6.71604, 6.71604, 7.93215, 6.71604
10.1296, 9.33135, 7.89056, 6.71065, 3.36621, 1.44079, 0, 6.71107, 6.71065, 6.71065, 6.71065, 6.71065, 6.71065, 6.71065, 6.71065, 6.71065, 6.71065, 6.71065, 6.71065, 6.71065, 6.71065, 6.71065, 6.71065, 6.71065, 6.71065, 6.71065, 6.71065, 6.71065, 6.71065, 7.89014, 6.71065
10.1374, 8.39219, 7.8328, 6.6977, 3.22369, 0.559392, 0, 6.69813, 6.6977, 6.6977, 6.6977, 6.6977, 6.6977, 6.6977, 6.6977, 6.6977, 6.6977, 6.6977, 6.6977, 6.6977, 6.6977, 6.6977, 6.6977, 6.6977, 6.6977, 6.6977, 6.6977, 6.6977, 6.6977, 7.83237, 6.6977
10.1453, 12.5051, 7.76416, 6.68098, 3.80855, 4.74092, 0, 6.68141, 6.68098, 6.68098, 6.68098, 6.68098, 6.68098, 6.68098, 6.68098, 6.68098, 6.68098, 6.68098, 6.68098, 6.68098, 6.68098, 6.68098, 6.68098, 6.68098, 6.68098, 6.68098, 6.68098, 6.68098, 6.68098, 7.76372, 6.68098
10.1532, 6.06674, 7.68962, 6.66428, 2.8402, -1.62288, 0, 6.66472, 6.66428, 6.66428, 6.66428, 6.66428, 6.66428, 6.66428, 6.66428, 6.66428, 6.66428, 6.66428, 6.66428, 6.66428, 6.66428, 6.66428, 6.66428, 6.66428, 6.66428, 6.66428, 6.66428, 6.66428, 6.66428, 7.68917, 6.66428
10.161, 9.98704, 7.62812, 6.66526, 3.46223, 2.35892, 0, 6.66571, 6.66526, 6.66526, 6.66526, 6.66526, 6.66526, 6.66526, 6.66526, 6.66526, 6.66526, 6.66526, 6.66526, 6.66526, 6.66526, 6.66526, 6.66526, 6.66526, 6.66526, 6.66526, 6.66526, 6.66526, 6.66526, 7.62767, 6.66526
10.1689, 8.98823, 7.55632, 6.65925, 3.31485, 1.4319, 0, 6.6597, 6.65925, 6.65925, 6.65925, 6.65925, 6.65925, 6.65925, 6.65925, 6.65925, 6.65925, 6.65925, 6.65925, 6.65925, 6.65925, 6.65925, 6.65925, 6.65925, 6.65925, 6.65925, 6.65925, 6.65925, 6.65925, 7.55587, 6.65925
10.1768, 7.91933, 7.47608, 6.64677, 3.1495, 0.443246, 0, 6.64722, 6.64677, 6.64677, 6.64677, 6.64677, 6.64677, 6.64677, 6.64677, 6.64677, 6.64677, 6.64677, 6.64677, 6.64677, 6.64677, 6.64677, 6.64677, 6.64677, 6.64677, 6.64677, 6.64677, 6.64677, 6.64677, 7.47563, 6.64677
10.1846, 8.18934, 7.39192, 6.63108, 3.19208, 0.79742, 0, 6.63152, 6.63108, 6.63108, 6.63108, 6.63108, 6.63108, 6.63108, 6.63108, 6.63108, 6.63108, 6.63108, 6.63108, 6.63108, 6.63108, 6.63108, 6.63108, 6.63108, 6.63108, 6.63108, 6.63108, 6.63108, 6.63108, 7.39148, 6.63108
10.1925, 11.8554, 7.3083, 6.6154, 3.72228, 4.54709, 0, 6.61583, 6.6154, 6.6154, 6.6154, 6.6154, 6.6154, 6.6154, 6.6154, 6.6154, 6.6154, 6.6154, 6.6154, 6.6154, 6.6154, 6.6154, 6.6154, 6.6154, 6.6154, 6.6154, 6.6154, 6.6154, 6.6154, 7.30786, 6.6154
10.2003, 8.86481, 7.24172, 6.61514, 3.29618, 1.62309, 0, 6.61557, 6.61514, 6.61514, 6.61514, 6.61514, 6.61514, 6.61514, 6.61514, 6.61514, 6.61514, 6.61514, 6.61514, 6.61514, 6.61514, 6.61514, 6.61514, 6.61514, 6.61514, 6.61514, 6.61514, 6.61514, 6.61514, 7.24129, 6.61514
10.2082, 9.8741, 7.17157, 6.60873, 3.44588, 2.70254, 0, 6.60914, 6.60873, 6.60873, 6.60873, 6.60873, 6.60873, 6.60873, 6.60873, 6.60873, 6.60873, 6.60873, 6.60873, 6.60873, 6.60873, 6.60873, 6.60873, 6.60873, 6.60873, 6.60873, 6.60873, 6.60873, 6.60873, 7.17115, 6.60873
10.2161, 5.33886, 7.09914, 6.5966, 2.70903, -1.76028, 0, 6.597, 6.5966, 6.5966, 6.5966, 6.5966, 6.5966, 6.5966, 6.5966, 6.5966, 6.5966, 6.5966, 6.5966, 6.5966, 6.5966, 6.5966, 6.5966, 6.5966, 6.5966, 6.5966, 6.59661, 6.5966, 6.5966, 7.09875, 6.5966
10.2239, 12.7651, 7.02798, 6.58165, 3.84254, 5.73712, 0, 6.58202, 6.58165, 6.58165, 6.58165, 6.58165, 6.58165, 6.58165, 6.58165, 6.58165, 6.58165, 6.58165, 6.58165, 6.58165, 6.58165, 6.58165, 6.58165, 6.58165, 6.58165, 6.58165, 6.58165, 6.58165, 6.58165, 7.0276, 6.58165
10.2318, 6.20025, 6.96145, 6.5667, 2.86361, -0.761203, 0, 6.56706, 6.5667, 6.5667, 6.5667, 6.5667, 6.5667, 6.5667, 6.5667, 6.5667, 6.5667, 6.5667, 6.5667, 6.5667, 6.5667, 6.5667, 6.5667, 6.5667, 6.5667, 6.5667, 6.5667, 6.5667, 6.5667, 6.96109, 6.5667
10.2397, 11.8348, 6.9129, 6.56476, 3.71952, 4.92192, 0, 6.5651, 6.56476, 6.56476, 6.56476, 6.56476, 6.56476, 6.56476, 6.56476, 6.56476, 6.56476, 6.56476, 6.56476, 6.56476, 6.56476, 6.56476, 6.56476, 6.56476, 6.56476, 6.56476, 6.56476, 6.56476, 6.56476, 6.91256, 6.56476
10.2475, 6.08501, 6.86456, 6.55781, 2.84341, -0.779552, 0, 6.55813, 6.55781, 6.55781, 6.55781, 6.55781, 6.55781, 6.55781, 6.55781, 6.55781, 6.55781, 6.55781, 6.55781, 6.55781, 6.55781, 6.55781, 6.55781, 6.55781, 6.55781, 6.55781, 6.55781, 6.55781, 6.55781, 6.86424, 6.55781
10.2554, 10.9404, 6.81677, 6.54614, 3.59728, 4.12362, 0, 6.54644, 6.54614, 6.54614, 6.54614, 6.54614, 6.54614, 6.54614, 6.54614, 6.54614, 6.54614, 6.54614, 6.54614, 6.54614, 6.54614, 6.54614, 6.54614, 6.54614, 6.54614, 6.54614, 6.54615, 6.54614, 6.54614, 6.81648, 6.54614
10.2633, 5.81883, 6.77189, 6.53213, 2.79622, -0.953062, 0, 6.5324, 6.53213, 6.53213, 6.53213, 6.53213, 6.53213, 6.53213, 6.53213, 6.53213, 6.53213, 6.53213, 6.53213, 6.53213, 6.53213, 6.53213, 6.53213, 6.53213, 6.53213, 6.53213, 6.53213, 6.53213, 6.53213, 6.77162, 6.53213
10.2711, 5.19691, 6.73214, 6.51813, 2.68271, -1.53523, 0, 6.51838, 6.51813, 6.51813, 6.51813, 6.51813, 6.51813, 6.51813, 6.51813, 6.51813, 6.51813, 6.51813, 6.51813, 6.51813, 6.51813, 6.51813, 6.51813, 6.51813, 6.51813, 6.51813, 6.51813, 6.51813, 6.51813, 6.73189, 6.51813
10.279, 15.0974, 6.70653, 6.5134, 4.1349, 8.39087, 0, 6.51362, 6.5134, 6.5134, 6.5134, 6.5134, 6.5134, 6.5134, 6.5134, 6.5134, 6.5134, 6.5134, 6.5134, 6.5134, 6.5134, 6.5134, 6.5134, 6.5134, 6.5134, 6.5134, 6.5134, 6.5134, 6.5134, 6.7063, 6.5134
10.2869, 13.8743, 6.68224, 6.50541, 3.98426, 7.19211, 0, 6.50562, 6.50541, 6.50541, 6.50541, 6.50541, 6.50541, 6.50541, 6.50541, 6.50541, 6.50541, 6.50541, 6.50541, 6.50541, 6.50541, 6.50541, 6.50541, 6.50541, 6.50541, 6.50541, 6.50541, 6.50541, 6.50541, 6.68204, 6.50541
10.2947, 7.98513, 6.65923, 6.49449, 3.15993, 1.3259, 0, 6.49467, 6.49449, 6.49449, 6.49449, 6.49449, 6.49449, 6.49449, 6.49449, 6.49449, 6.49449, 6.49449, 6.49449, 6.49449, 6.49449, 6.49449, 6.49449, 6.49449, 6.49449, 6.49449, 6.49449, 6.49449, 6.49449, 6.65905, 6.49449
10.3026, 7.98513, 6.63858, 6.48211, 3.15993, 1.34655, 0, 6.48227, 6.48211, 6.48211, 6.48211, 6.48211, 6.48211, 6.48211, 6.48211, 6.48211, 6.48211, 6.48211, 6.48211, 6.48211, 6.48211, 6.48211, 6.48211, 6.48211, 6.48211, 6.48211, 6.48211, 6.48211, 6.48211, 6.63841, 6.48211
10.3105, 11.9026, 6.62131, 6.46973, 3.72862, 5.28129, 0, 6.46988, 6.46973, 6.46973, 6.46973, 6.46973, 6.46973, 6.46973, 6.46973, 6.46973, 6.46973, 6.46973, 6.46973, 6.46973, 6.46973, 6.46973, 6.46973, 6.46973, 6.46973, 6.46973, 6.46974, 6.46973, 6.46973, 6.62117, 6.46973
10.3183, 5.99257, 6.60781, 6.45819, 2.82711, -0.615244, 0, 6.45832, 6.45819, 6.45819, 6.45819, 6.45819, 6.45819, 6.45819, 6.45819, 6.45819, 6.45819, 6.45819, 6.45819, 6.45819, 6.45819, 6.45819, 6.45819, 6.45819, 6.45819, 6.45819, 6.45819, 6.45819, 6.45819, 6.60768, 6.45819
10.3262, 7.0156, 6.59662, 6.44651, 3.0026, 0.418977, 0, 6.44662, 6.44651, 6.44651, 6.44651, 6.44651, 6.44651, 6.44651, 6.44651, 6.44651, 6.44651, 6.44651, 6.44651, 6.44651, 6.44651, 6.44651, 6.44651, 6.44651, 6.44651, 6.44651, 6.44651, 6.44651, 6.44651, 6.59651, 6.44651
10.334, 8.01129, 6.58712, 6.4345, 3.16406, 1.42417, 0, 6.4346, 6.4345, 6.4345, 6.4345, 6.4345, 6.4345, 6.4345, 6.4345, 6.4345, 6.4345, 6.4345, 6.4345, 6.4345, 6.4345, 6.4345, 6.4345, 6.4345, 6.4345, 6.4345, 6.4345, 6.4345, 6.4345, 6.58702, 6.4345
10.3419, 9.89653, 6.57804, 6.42137, 3.44913, 3.31849, 0, 6.42145, 6.42137, 6.42137, 6.42137, 6.42137, 6.42137, 6.42137, 6.42137, 6.42137, 6.42137, 6.42137, 6.42137, 6.42137, 6.42137, 6.42137, 6.42137, 6.42137, 6.42137, 6.42137, 6.42137, 6.42137, 6.42137, 6.57795, 6.42137
10.3498, 3.04721, 6.56897, 6.40715, 2.2466, -3.52175, 0, 6.40722, 6.40715, 6.40715, 6.40715, 6.40715, 6.40715, 6.40715, 6.40715, 6.40715, 6.40715, 6.40715, 6.40715, 6.40715, 6.40715, 6.40715, 6.40715, 6.40715, 6.40715, 6.40715, 6.40715, 6.40715, 6.40715, 6.56889, 6.40715
10.3576, 6.03383, 6.55872, 6.39108, 2.8344, -0.524895, 0, 6.39114, 6.39108, 6.39108, 6.39108, 6.39108, 6.39108, 6.39108, 6.39108, 6.39108, 6.39108, 6.39108, 6.39108, 6.39108, 6.39108, 6.39108, 6.39108, 6.39108, 6.39108, 6.39108, 6.39108, 6.39108, 6.39108, 6.55866, 6.39108
10.3655, 8.95204, 6.54719, 6.37344, 3.30939, 2.40485, 0, 6.37349, 6.37344, 6.37344, 6.37344, 6.37344, 6.37344, 6.37344, 6.37344, 6.37344, 6.37344, 6.37344, 6.37344, 6.37344, 6.37344, 6.37344, 6.37344, 6.37344, 6.37344, 6.37344, 6.37344, 6.37344, 6.37344, 6.54713, 6.37344
10.3734, 5.00111, 6.53432, 6.35454, 2.64596, -1.53321, 0, 6.35459, 6.35454, 6.35454, 6.35454, 6.35454, 6.35454, 6.35454, 6.35454, 6.35454, 6.35454, 6.35454, 6.35454, 6.35454, 6.35454, 6.35454, 6.35454, 6.35454, 6.35454, 6.35454, 6.35454, 6.35454, 6.35454, 6.53427, 6.35454
10.3812, 7.99059, 6.52016, 6.33478, 3.16079, 1.47042, 0, 6.33482, 6.33478, 6.33478, 6.33478, 6.33478, 6.33478, 6.33478, 6.33478, 6.33478, 6.33478, 6.33478, 6.33478, 6.33478, 6.33478, 6.33478, 6.33478, 6.33478, 6.33478, 6.33478, 6.33478, 6.33478, 6.33478, 6.52012, 6.33478
10.3891, 8.98637, 6.50477, 6.31449, 3.31457, 2.4816, 0, 6.31453, 6.31449, 6.31449, 6.31449, 6.31449, 6.31449, 6.31449, 6.31449, 6.31449, 6.31449, 6.31449, 6.31449, 6.31449, 6.31449, 6.31449, 6.31449, 6.31449, 6.31449, 6.31449, 6.31449, 6.31449, 6.31449, 6.50473, 6.31449
10.397, 4.99566, 6.48811, 6.29389, 2.64493, -1.49245, 0, 6.29392, 6.29389, 6.29389, 6.29389, 6.29389, 6.29389, 6.29389, 6.29389, 6.29389, 6.29389, 6.29389, 6.29389, 6.29389, 6.29389, 6.29389, 6.29389, 6.29389, 6.29389, 6.29389, 6.29389, 6.29389, 6.29389, 6.48808, 6.29389
10.4048, 5.98823, 6.47017, 6.27315, 2.82635, -0.481941, 0, 6.27318, 6.27315, 6.27315, 6.27315, 6.27315, 6.27315, 6.27315, 6.27315, 6.27315, 6.27315, 6.27315, 6.27315, 6.27315, 6.27315, 6.27315, 6.27315, 6.27315, 6.27315, 6.27315, 6.27315, 6.27315, 6.27315, 6.47014, 6.27315
10.4127, 10.9841, 6.45095, 6.25244, 3.60335, 4.53318, 0, 6.25247, 6.25244, 6.25244, 6.25244, 6.25244, 6.25244, 6.25244, 6.25244, 6.25244, 6.25244, 6.25244, 6.25244, 6.25244, 6.25244, 6.25244, 6.25244, 6.25244, 6.25244, 6.25244, 6.25244, 6.25244, 6.25244, 6.45093, 6.25244
10.4206, 15.9684, 6.42947, 6.23087, 4.23892, 9.53893, 0, 6.23089, 6.23087, 6.23087, 6.23087, 6.23087, 6.23087, 6.23087, 6.23087, 6.23087, 6.23087, 6.23087, 6.23087, 6.23087, 6.23087, 6.23087, 6.23087, 6.23087, 6.23087, 6.23087, 6.23087, 6.23087, 6.23087, 6.42945, 6.23087
10.4284, 6.04424, 6.40406, 6.2068, 2.83624, -0.359825, 0, 6.20683, 6.2068, 6.2068, 6.2068, 6.2068, 6.2068, 6.2068, 6.2068, 6.2068, 6.2068, 6.2068, 6.2068, 6.2068, 6.2068, 6.2068, 6.2068, 6.2068, 6.2068, 6.2068, 6.20681, 6.2068, 6.2068, 6.40404, 6.2068
10.4363, 10.9762, 6.37507, 6.1806, 3.60225, 4.60114, 0, 6.18062, 6.1806, 6.1806, 6.1806, 6.1806, 6.1806, 6.1806, 6.1806, 6.1806, 6.1806, 6.1806, 6.1806, 6.1806, 6.1806, 6.1806, 6.1806, 6.1806, 6.1806, 6.1806, 6.1806, 6.1806, 6.1806, 6.37505, 6.1806
10.4442, 3.0057, 6.34364, 6.15336, 2.23734, -3.33794, 0, 6.15338, 6.15336, 6.15336, 6.15336, 6.15336, 6.15336, 6.15336, 6.15336, 6.15336, 6.15336, 6.15336, 6.15336, 6.15336, 6.15336, 6.15336, 6.15336, 6.15336, 6.15336, 6.15336, 6.15337, 6.15336, 6.15336, 6.34362, 6.15336
10.452, 4.99529, 6.31098, 6.12619, 2.64486, -1.31569, 0, 6.1262, 6.12619, 6.12619, 6.12619, 6.12619, 6.12619, 6.12619, 6.12619, 6.12619, 6.12619, 6.12619, 6.12619, 6.12619, 6.12619, 6.12619, 6.12619, 6.12619, 6.12619, 6.12619, 6.12619, 6.12619, 6.12619, 6.31096, 6.12619
10.4599, 9.94114, 6.2857, 6.10756, 3.4556, 3.65544, 0, 6.10758, 6.10756, 6.10756, 6.10756, 6.10756, 6.10756, 6.10756, 6.10756, 6.10756, 6.10756, 6.10756, 6.10756, 6.10756, 6.10756, 6.10756, 6.10756, 6.10756, 6.10756, 6.10756, 6.10756, 6.10756, 6.10756, 6.28568, 6.10756
10.4677, 10.0289, 6.25526, 6.08478, 3.46827, 3.77361, 0, 6.0848, 6.08478, 6.08478, 6.08478, 6.08478, 6.08478, 6.08478, 6.08478, 6.08478, 6.08478, 6.08478, 6.08478, 6.08478, 6.08478, 6.08478, 6.08478, 6.08478, 6.08478, 6.08478, 6.08479, 6.08478, 6.08478, 6.25524, 6.08478
10.4756, 4.99294, 6.22016, 6.05816, 2.64442, -1.22722, 0, 6.05817, 6.05816, 6.05816, 6.05816, 6.05816, 6.05816, 6.05816, 6.05816, 6.05816, 6.05816, 6.05816, 6.05816, 6.05816, 6.05816, 6.05816, 6.05816, 6.05816, 6.05816, 6.05816, 6.05816, 6.05816, 6.05816, 6.22014, 6.05816
10.4835, 6.96741, 6.18257, 6.02966, 2.99456, 0.78484, 0, 6.02967, 6.02966, 6.02966, 6.02966, 6.02966, 6.02966, 6.02966, 6.02966, 6.02966, 6.02966, 6.02966, 6.02966, 6.02966, 6.02966, 6.02966, 6.02966, 6.02966, 6.02966, 6.02966, 6.02966, 6.02966, 6.02966, 6.18255, 6.02966
10.4913, 8.01773, 6.14466, 6.00122, 3.16508, 1.87307, 0, 6.00123, 6.00122, 6.00122, 6.00122, 6.00122, 6.00122, 6.00122, 6.00122, 6.00122, 6.00122, 6.00122, 6.00122, 6.00122, 6.00122, 6.00122, 6.00122, 6.00122, 6.00122, 6.00122, 6.00122, 6.00122, 6.00122, 6.14464, 6.00122
10.4992, 11.9629, 6.11765, 5.98384, 3.7367, 5.84529, 0, 5.98385, 5.98384, 5.98384, 5.98384, 5.98384, 5.98384, 5.98384, 5.98384, 5.98384, 5.98384, 5.98384, 5.98384, 5.98384, 5.98384, 5.98384, 5.98384, 5.98384, 5.98384, 5.98384, 5.98384, 5.98384, 5.98384, 6.11763, 5.98384
10.5071, 6.95762, 6.08582, 5.96158, 2.99293, 0.871797, 0, 5.96159, 5.96158, 5.96158, 5.96158, 5.96158, 5.96158, 5.96158, 5.96158, 5.96158, 5.96158, 5.96158, 5.96158, 5.96158, 5.96158, 5.96158, 5.96158, 5.96158, 5.96158, 5.96158, 5.96158, 5.96158, 5.96158, 6.08581, 5.96158
10.5149, 8.09294, 6.04976, 5.93479, 3.17694, 2.04318, 0, 5.93481, 5.93479, 5.93479, 5.93479, 5.93479, 5.93479, 5.93479, 5.93479, 5.93479, 5.93479, 5.93479, 5.93479, 5.93479, 5.93479, 5.93479, 5.93479, 5.93479, 5.93479, 5.93479, 5.9348, 5.93479, 5.93479, 6.04974, 5.93479
10.5228, 5.95787, 6.01197, 5.90579, 2.82097, -0.054101, 0, 5.9058, 5.90579, 5.90579, 5.90579, 5.90579, 5.90579, 5.90579, 5.90579, 5.90579, 5.90579, 5.90579, 5.90579, 5.90579, 5.90579, 5.90579, 5.90579, 5.90579, 5.90579, 5.90579, 5.90579, 5.90579, 5.90579, 6.01195, 5.90579
10.5307, 7.99257, 5.97494, 5.87686, 3.1611, 2.01762, 0, 5.87687, 5.87686, 5.87686, 5.87686, 5.87686, 5.87686, 5.87686, 5.87686, 5.87686, 5.87686, 5.87686, 5.87686, 5.87686, 5.87686, 5.87686, 5.87686, 5.87686, 5.87686, 5.87686, 5.87686, 5.87686, 5.87686, 5.97493, 5.87686
10.5385, 5.90954, 5.95165, 5.8608, 2.81239, -0.0421138, 0, 5.86082, 5.8608, 5.8608, 5.8608, 5.8608, 5.8608, 5.8608, 5.8608, 5.8608, 5.8608, 5.8608, 5.8608, 5.8608, 5.8608, 5.8608, 5.8608, 5.8608, 5.8608, 5.8608, 5.8608, 5.8608, 5.8608, 5.95164, 5.8608
10.5464, 9.94325, 5.92382, 5.83919, 3.4559, 4.01942, 0, 5.8392, 5.83919, 5.83919, 5.83919, 5.83919, 5.83919, 5.83919, 5.83919, 5.83919, 5.83919, 5.83919, 5.83919, 5.83919, 5.83919, 5.83919, 5.83919, 5.83919, 5.83919, 5.83919, 5.83919, 5.83919, 5.83919, 5.92381, 5.83919
10.5543, 9.07834, 5.89196, 5.81239, 3.32841, 3.18638, 0, 5.81241, 5.81239, 5.81239, 5.81239, 5.81239, 5.81239, 5.81239, 5.81239, 5.81239, 5.81239, 5.81239, 5.81239, 5.81239, 5.81239, 5.81239, 5.81239, 5.81239, 5.81239, 5.81239, 5.8124, 5.81239, 5.81239, 5.89194, 5.81239
10.5621, 9.99105, 5.8588, 5.78306, 3.46281, 4.13226, 0, 5.78307, 5.78306, 5.78306, 5.78306, 5.78306, 5.78306, 5.78306, 5.78306, 5.78306, 5.78306, 5.78306, 5.78306, 5.78306, 5.78306, 5.78306, 5.78306, 5.78306, 5.78306, 5.78306, 5.78306, 5.78306, 5.78306, 5.85878, 5.78306
10.57, 4.09343, 5.82704, 5.7538, 2.46849, -1.73361, 0, 5.75381, 5.7538, 5.7538, 5.7538, 5.7538, 5.7538, 5.7538, 5.7538, 5.7538, 5.7538, 5.7538, 5.7538, 5.7538, 5.7538, 5.7538, 5.7538, 5.7538, 5.7538, 5.7538, 5.7538, 5.7538, 5.7538, 5.82703, 5.7538
10.5779, 3.99504, 5.81102, 5.73889, 2.44848, -1.81597, 0, 5.73891, 5.73889, 5.73889, 5.73889, 5.73889, 5.73889, 5.73889, 5.73889, 5.73889, 5.73889, 5.73889, 5.73889, 5.73889, 5.73889, 5.73889, 5.73889, 5.73889, 5.73889, 5.73889, 5.7389, 5.73889, 5.73889, 5.811, 5.73889
10.5857, 7.82639, 5.79022, 5.71781, 3.13471, 2.03618, 0, 5.71783, 5.71781, 5.71781, 5.71781, 5.71781, 5.71781, 5.71781, 5.71781, 5.71781, 5.71781, 5.71781, 5.71781, 5.71781, 5.71781, 5.71781, 5.71781, 5.71781, 5.71781, 5.71781, 5.71781, 5.71781, 5.71781, 5.7902, 5.71781
10.5936, 4.16419, 5.76505, 5.69097, 2.48278, -1.60087, 0, 5.69098, 5.69097, 5.69097, 5.69097, 5.69097, 5.69097, 5.69097, 5.69097, 5.69097, 5.69097, 5.69097, 5.69097, 5.69097, 5.69097, 5.69097, 5.69097, 5.69097, 5.69097, 5.69097, 5.69097, 5.69097, 5.69097, 5.76504, 5.69097
10.6014, 6.93336, 5.73843, 5.6613, 2.98887, 1.19493, 0, 5.66132, 5.6613, 5.6613, 5.6613, 5.6613, 5.6613, 5.6613, 5.6613, 5.6613, 5.6613, 5.6613, 5.6613, 5.6613, 5.6613, 5.6613, 5.6613, 5.6613, 5.6613, 5.6613, 5.6613, 5.6613, 5.6613, 5.73841, 5.6613
10.6093, 7.92959, 5.71319, 5.63171, 3.15113, 2.2164, 0, 5.63172, 5.63171, 5.63171, 5.63171, 5.63171, 5.63171, 5.63171, 5.63171, 5.63171, 5.63171, 5.63171, 5.63171, 5.63171, 5.63171, 5.63171, 5.63171, 5.63171, 5.63171, 5.63171, 5.63171, 5.63171, 5.63171, 5.71318, 5.63171
10.6172, 5.05626, 5.70508, 5.61801, 2.65636, -0.64882, 0, 5.61802, 5.61801, 5.61801, 5.61801, 5.61801, 5.61801, 5.61801, 5.61801, 5.61801, 5.61801, 5.61801, 5.61801, 5.61801, 5.61801, 5.61801, 5.61801, 5.61801, 5.61801, 5.61801, 5.61801, 5.61801, 5.61801, 5.70506, 5.61801
10.625, 5.92392, 5.69129, 5.59752, 2.81494, 0.232625, 0, 5.59754, 5.59752, 5.59752, 5.59752, 5.59752, 5.59752, 5.59752, 5.59752, 5.59752, 5.59752, 5.59752, 5.59752, 5.59752, 5.59752, 5.59752, 5.59752, 5.59752, 5.59752, 5.59752, 5.59752, 5.59752, 5.59752, 5.69127, 5.59752
10.6329, 6.06196, 5.67215, 5.5707, 2.83936, 0.389807, 0, 5.57072, 5.5707, 5.5707, 5.5707, 5.5707, 5.5707, 5.5707, 5.5707, 5.5707, 5.5707, 5.5707, 5.5707, 5.5707, 5.5707, 5.5707, 5.5707, 5.5707, 5.5707, 5.5707, 5.57071, 5.5707, 5.5707, 5.67213, 5.5707
10.6408, 6.91921, 5.65072, 5.54077, 2.9865, 1.26849, 0, 5.54079, 5.54077, 5.54077, 5.54077, 5.54077, 5.54077, 5.54077, 5.54077, 5.54077, 5.54077, 5.54077, 5.54077, 5.54077, 5.54077, 5.54077, 5.54077, 5.54077, 5.54077, 5.54077, 5.54078, 5.54077, 5.54077, 5.6507, 5.54077
10.6486, 11.8392, 5.63, 5.51093, 3.7201, 6.20915, 0, 5.51094, 5.51093, 5.51093, 5.51093, 5.51093, 5.51093, 5.51093, 5.51093, 5.51093, 5.51093, 5.51093, 5.51093, 5.51093, 5.51093, 5.51093, 5.51093, 5.51093, 5.51093, 5.51093, 5.51093, 5.51093, 5.51093, 5.62999, 5.51093
10.6565, 9.29814, 5.62735, 5.4987, 3.36127, 3.67079, 0, 5.49872, 5.4987, 5.4987, 5.4987, 5.4987, 5.4987, 5.4987, 5.4987, 5.4987, 5.4987, 5.4987, 5.4987, 5.4987, 5.4987, 5.4987, 5.4987, 5.4987, 5.4987, 5.4987, 5.4987, 5.4987, 5.4987, 5.62733, 5.4987
10.6644, 8.91416, 5.61737, 5.47892, 3.30366, 3.29679, 0, 5.47894, 5.47892, 5.47892, 5.47892, 5.47892, 5.47892, 5.47892, 5.47892, 5.47892, 5.47892, 5.47892, 5.47892, 5.47892, 5.47892, 5.47892, 5.47892, 5.47892, 5.47892, 5.47892, 5.47893, 5.47892, 5.47892, 5.61735, 5.47892
10.6722, 6.82686, 5.60029, 5.45206, 2.971, 1.22656, 0, 5.45208, 5.45206, 5.45206, 5.45206, 5.45206, 5.45206, 5.45206, 5.45206, 5.45206, 5.45206, 5.45206, 5.45206, 5.45206, 5.45206, 5.45206, 5.45206, 5.45206, 5.45206, 5.45206, 5.45206, 5.45206, 5.45206, 5.60028, 5.45206
10.6801, 10.0736, 5.5795, 5.42172, 3.47471, 4.4941, 0, 5.42173, 5.42172, 5.42172, 5.42172, 5.42172, 5.42172, 5.42172, 5.42172, 5.42172, 5.42172, 5.42172, 5.42172, 5.42172, 5.42172, 5.42172, 5.42172, 5.42172, 5.42172, 5.42172, 5.42172, 5.42172, 5.42172, 5.57949, 5.42172
10.688, 4.1658, 5.55834, 5.39145, 2.4831, -1.39254, 0, 5.39147, 5.39145, 5.39145, 5.39145, 5.39145, 5.39145, 5.39145, 5.39145, 5.39145, 5.39145, 5.39145, 5.39145, 5.39145, 5.39145, 5.39145, 5.39145, 5.39145, 5.39145, 5.39145, 5.39146, 5.39145, 5.39145, 5.55832, 5.39145
10.6958, 2.17571, 5.55769, 5.3824, 2.04346, -3.38198, 0, 5.38242, 5.3824, 5.3824, 5.3824, 5.3824, 5.3824, 5.3824, 5.3824, 5.3824, 5.3824, 5.3824, 5.3824, 5.3824, 5.3824, 5.3824, 5.3824, 5.3824, 5.3824, 5.3824, 5.38241, 5.3824, 5.3824, 5.55768, 5.3824
10.7037, 4.62974, 5.5468, 5.36401, 2.57483, -0.917059, 0, 5.36402, 5.36401, 5.36401, 5.36401, 5.36401, 5.36401, 5.36401, 5.36401, 5.36401, 5.36401, 5.36401, 5.36401, 5.36401, 5.36401, 5.36401, 5.36401, 5.36401, 5.36401, 5.36401, 5.36401, 5.36401, 5.36401, 5.54678, 5.36401
10.7116, 7.08479, 5.52588, 5.33667, 3.0141, 1.55891, 0, 5.33669, 5.33667, 5.33667, 5.33667, 5.33667, 5.33667, 5.33667, 5.33667, 5.33667, 5.33667, 5.33667, 5.33667, 5.33667, 5.33667, 5.33667, 5.33667, 5.33667, 5.33667, 5.33667, 5.33667, 5.33667, 5.33667, 5.52586, 5.33667
10.7194, 8.9929, 5.4993, 5.30493, 3.31555, 3.4936, 0, 5.30495, 5.30493, 5.30493, 5.30493, 5.30493, 5.30493, 5.30493, 5.30493, 5.30493, 5.30493, 5.30493, 5.30493, 5.30493, 5.30493, 5.30493, 5.30493, 5.30493, 5.30493, 5.30493, 5.30494, 5.30493, 5.30493, 5.49929, 5.30493
10.7273, 5.99294, 5.47143, 5.27329, 2.82718, 0.521506, 0, 5.27331, 5.27329, 5.27329, 5.27329, 5.27329, 5.27329, 5.27329, 5.27329, 5.27329, 5.27329, 5.27329, 5.27329, 5.27329, 5.27329, 5.27329, 5.27329, 5.27329, 5.27329, 5.27329, 5.27329, 5.27329, 5.27329, 5.47141, 5.27329
10.7352, 3.09492, 5.48394, 5.28353, 2.25719, -2.38902, 0, 5.28354, 5.28353, 5.28353, 5.28353, 5.28353, 5.28353, 5.28353, 5.28353, 5.28353, 5.28353, 5.28353, 5.28353, 5.28353, 5.28353, 5.28353, 5.28353, 5.28353, 5.28353, 5.28353, 5.28353, 5.28353, 5.28353, 5.48392, 5.28353
10.743, 3.99529, 5.48399, 5.28285, 2.44853, -1.4887, 0, 5.28287, 5.28285, 5.28285, 5.28285, 5.28285, 5.28285, 5.28285, 5.28285, 5.28285, 5.28285, 5.28285, 5.28285, 5.28285, 5.28285, 5.28285, 5.28285, 5.28285, 5.28285, 5.28285, 5.28285, 5.28285, 5.28285, 5.48397, 5.28285
10.7509, 3.99529, 5.47205, 5.27177, 2.44853, -1.47676, 0, 5.27178, 5.27177, 5.27177, 5.27177, 5.27177, 5.27177, 5.27177, 5.27177, 5.27177, 5.27177, 5.27177, 5.27177, 5.27177, 5.27177, 5.27177, 5.27177, 5.27177, 5.27177, 5.27177, 5.27177, 5.27177, 5.27177, 5.47203, 5.27177
10.7587, 5.10458, 5.45337, 5.2555, 2.66544, -0.348781, 0, 5.25552, 5.2555, 5.2555, 5.2555, 5.2555, 5.2555, 5.2555, 5.2555, 5.2555, 5.2555, 5.2555, 5.2555, 5.2555, 5.2555, 5.2555, 5.2555, 5.2555, 5.2555, 5.2555, 5.25551, 5.2555, 5.2555, 5.45335, 5.2555
10.7666, 8.77423, 5.4332, 5.23926, 3.28241, 3.34102, 0, 5.23928, 5.23926, 5.23926, 5.23926, 5.23926, 5.23926, 5.23926, 5.23926, 5.23926, 5.23926, 5.23926, 5.23926, 5.23926, 5.23926, 5.23926, 5.23926, 5.23926, 5.23926, 5.23926, 5.23927, 5.23926, 5.23926, 5.43318, 5.23926
10.7745, 12.5348, 5.43484, 5.24624, 3.81245, 7.09995, 0, 5.24626, 5.24624, 5.24624, 5.24624, 5.24624, 5.24624, 5.24624, 5.24624, 5.24624, 5.24624, 5.24624, 5.24624, 5.24624, 5.24624, 5.24624, 5.24624, 5.24624, 5.24624, 5.24624, 5.24625, 5.24624, 5.24624, 5.43483, 5.24624
10.7823, 5.44996, 5.42627, 5.24429, 2.72946, 0.0236945, 0, 5.24431, 5.24429, 5.24429, 5.24429, 5.24429, 5.24429, 5.24429, 5.24429, 5.24429, 5.24429, 5.24429, 5.24429, 5.24429, 5.24429, 5.24429, 5.24429, 5.24429, 5.24429, 5.24429, 5.2443, 5.24429, 5.24429, 5.42625, 5.24429
10.7902, 5.99331, 5.40827, 5.23406, 2.82724, 0.585039, 0, 5.23407, 5.23406, 5.23406, 5.23406, 5.23406, 5.23406, 5.23406, 5.23406, 5.23406, 5.23406, 5.23406, 5.23406, 5.23406, 5.23406, 5.23406, 5.23406, 5.23406, 5.23406, 5.23406, 5.23406, 5.23406, 5.23406, 5.40825, 5.23406
10.7981, 8.871, 5.38518, 5.21969, 3.29712, 3.48582, 0, 5.21971, 5.21969, 5.21969, 5.21969, 5.21969, 5.21969, 5.21969, 5.21969, 5.21969, 5.21969, 5.21969, 5.21969, 5.21969, 5.21969, 5.21969, 5.21969, 5.21969, 5.21969, 5.21969, 5.21969, 5.21969, 5.21969, 5.38516, 5.21969
10.8059, 6.11413, 5.36134, 5.20535, 2.84853, 0.752786, 0, 5.20536, 5.20535, 5.20535, 5.20535, 5.20535, 5.20535, 5.20535, 5.20535, 5.20535, 5.20535, 5.20535, 5.20535, 5.20535, 5.20535, 5.20535, 5.20535, 5.20535, 5.20535, 5.20535, 5.20535, 5.20535, 5.20535, 5.36132, 5.20535
10.8138, 6.11958, 5.35741, 5.21149, 2.84949, 0.762166, 0, 5.21151, 5.21149, 5.21149, 5.21149, 5.21149, 5.21149, 5.21149, 5.21149, 5.21149, 5.21149, 5.21149, 5.21149, 5.21149, 5.21149, 5.21149, 5.21149, 5.21149, 5.21149, 5.21149, 5.21149, 5.21149, 5.21149, 5.35739, 5.21149
10.8217, 5.73711, 5.34456, 5.20908, 2.78157, 0.392555, 0, 5.2091, 5.20908, 5.20908, 5.20908, 5.20908, 5.20908, 5.20908, 5.20908, 5.20908, 5.20908, 5.20908, 5.20908, 5.20908, 5.20908, 5.20908, 5.20908, 5.20908, 5.20908, 5.20908, 5.20908, 5.20908, 5.20908, 5.34454, 5.20908
10.8295, 5.99002, 5.32362, 5.19876, 2.82666, 0.6664, 0, 5.19878, 5.19876, 5.19876, 5.19876, 5.19876, 5.19876, 5.19876, 5.19876, 5.19876, 5.19876, 5.19876, 5.19876, 5.19876, 5.19876, 5.19876, 5.19876, 5.19876, 5.19876, 5.19876, 5.19877, 5.19876, 5.19876, 5.3236, 5.19876
10.8374, 14.5903, 5.29876, 5.18451, 4.07312, 9.29158, 0, 5.18452, 5.18451, 5.18451, 5.18451, 5.18451, 5.18451, 5.18451, 5.18451, 5.18451, 5.18451, 5.18451, 5.18451, 5.18451, 5.18451, 5.18451, 5.18451, 5.18451, 5.18451, 5.18451, 5.18451, 5.18451, 5.18451, 5.29874, 5.18451
10.8453, 5.25477, 5.2741, 5.17027, 2.69347, -0.0193276, 0, 5.17028, 5.17027, 5.17027, 5.17027, 5.17027, 5.17027, 5.17027, 5.17027, 5.17027, 5.17027, 5.17027, 5.17027, 5.17027, 5.17027, 5.17027, 5.17027, 5.17027, 5.17027, 5.17027, 5.17027, 5.17027, 5.17027, 5.27408, 5.17027
10.8531, 6.54176, 5.26969, 5.17594, 2.92263, 1.27207, 0, 5.17596, 5.17594, 5.17594, 5.17594, 5.17594, 5.17594, 5.17594, 5.17594, 5.17594, 5.17594, 5.17594, 5.17594, 5.17594, 5.17594, 5.17594, 5.17594, 5.17594, 5.17594, 5.17594, 5.17595, 5.17594, 5.17594, 5.26968, 5.17594
10.861, 6.4347, 5.25752, 5.17338, 2.90425, 1.17717, 0, 5.17339, 5.17338, 5.17338, 5.17338, 5.17338, 5.17338, 5.17338, 5.17338, 5.17338, 5.17338, 5.17338, 5.17338, 5.17338, 5.17338, 5.17338, 5.17338, 5.17338, 5.17338, 5.17338, 5.17338, 5.17338, 5.17338, 5.2575, 5.17338
10.8689, 12.5579, 5.23834, 5.1632, 3.81548, 7.31953, 0, 5.16322, 5.1632, 5.1632, 5.1632, 5.1632, 5.1632, 5.1632, 5.1632, 5.1632, 5.1632, 5.1632, 5.1632, 5.1632, 5.1632, 5.1632, 5.1632, 5.1632, 5.1632, 5.1632, 5.16321, 5.1632, 5.1632, 5.23832, 5.1632
10.8767, 8.00025, 5.21604, 5.14925, 3.16232, 2.78421, 0, 5.14926, 5.14925, 5.14925, 5.14925, 5.14925, 5.14925, 5.14925, 5.14925, 5.14925, 5.14925, 5.14925, 5.14925, 5.14925, 5.14925, 5.14925, 5.14925, 5.14925, 5.14925, 5.14925, 5.14925, 5.14925, 5.14925, 5.21602, 5.14925
10.8846, 5.8496, 5.19451, 5.13531, 2.80171, 0.655092, 0, 5.13532, 5.13531, 5.13531, 5.13531, 5.13531, 5.13531, 5.13531, 5.13531, 5.13531, 5.13531, 5.13531, 5.13531, 5.13531, 5.13531, 5.13531, 5.13531, 5.13531, 5.13531, 5.13531, 5.13531, 5.13531, 5.13531, 5.19449, 5.13531
10.8924, 6.99501, 5.19249, 5.14009, 2.99917, 1.80252, 0, 5.14011, 5.14009, 5.14009, 5.14009, 5.14009, 5.14009, 5.14009, 5.14009, 5.14009, 5.14009, 5.14009, 5.14009, 5.14009, 5.14009, 5.14009, 5.14009, 5.14009, 5.14009, 5.14009, 5.14009, 5.14009, 5.14009, 5.19247, 5.14009
10.9003, 8.53655, 5.18339, 5.13699, 3.24601, 3.35316, 0, 5.137, 5.13699, 5.13699, 5.13699, 5.13699, 5.13699, 5.13699, 5.13699, 5.13699, 5.13699, 5.13699, 5.13699, 5.13699, 5.13699, 5.13699, 5.13699, 5.13699, 5.13699, 5.13699, 5.13699, 5.13699, 5.13699, 5.18337, 5.13699
10.9082, 6.60929, 5.16785, 5.12663, 2.93416, 1.44144, 0, 5.12665, 5.12663, 5.12663, 5.12663, 5.12663, 5.12663, 5.12663, 5.12663, 5.12663, 5.12663, 5.12663, 5.12663, 5.12663, 5.12663, 5.12663, 5.12663, 5.12663, 5.12663, 5.12663, 5.12663, 5.12663, 5.12663, 5.16783, 5.12663
10.916, 8.52429, 5.1495, 5.11266, 3.24412, 3.37479, 0, 5.11268, 5.11266, 5.11266, 5.11266, 5.11266, 5.11266, 5.11266, 5.11266, 5.11266, 5.11266, 5.11266, 5.11266, 5.11266, 5.11266, 5.11266, 5.11266, 5.11266, 5.11266, 5.11266, 5.11266, 5.11266, 5.11266, 5.14948, 5.11266
10.9239, 6.31057, 5.13194, 5.09871, 2.88281, 1.17864, 0, 5.09873, 5.09871, 5.09871, 5.09871, 5.09871, 5.09871, 5.09871, 5.09871, 5.09871, 5.09871, 5.09871, 5.09871, 5.09871, 5.09871, 5.09871, 5.09871, 5.09871, 5.09871, 5.09871, 5.09871, 5.09871, 5.09871, 5.13192, 5.09871
10.9318, 7.50752, 5.13334, 5.103, 3.08343, 2.37418, 0, 5.10302, 5.103, 5.103, 5.103, 5.103, 5.103, 5.103, 5.103, 5.103, 5.103, 5.103, 5.103, 5.103, 5.103, 5.103, 5.103, 5.103, 5.103, 5.103, 5.10301, 5.103, 5.103, 5.13333, 5.103
10.9396, 4.31772, 5.12787, 5.09974, 2.51351, -0.810146, 0, 5.09975, 5.09974, 5.09974, 5.09974, 5.09974, 5.09974, 5.09974, 5.09974, 5.09974, 5.09974, 5.09974, 5.09974, 5.09974, 5.09974, 5.09974, 5.09974, 5.09974, 5.09974, 5.09974, 5.09974, 5.09974, 5.09974, 5.12785, 5.09974
10.9475, 7.82553, 5.11607, 5.08954, 3.13457, 2.70946, 0, 5.08955, 5.08954, 5.08954, 5.08954, 5.08954, 5.08954, 5.08954, 5.08954, 5.08954, 5.08954, 5.08954, 5.08954, 5.08954, 5.08954, 5.08954, 5.08954, 5.08954, 5.08954, 5.08954, 5.08954, 5.08954, 5.08954, 5.11605, 5.08954
10.9554, 10.1603, 5.10138, 5.07588, 3.48717, 5.05897, 0, 5.0759, 5.07588, 5.07588, 5.07588, 5.07588, 5.07588, 5.07588, 5.07588, 5.07588, 5.07588, 5.07588, 5.07588, 5.07588, 5.07588, 5.07588, 5.07588, 5.07588, 5.07588, 5.07588, 5.07588, 5.07588, 5.07588, 5.10136, 5.07588
10.9632, 6.99257, 5.08718, 5.06225, 2.99876, 1.90538, 0, 5.06226, 5.06225, 5.06225, 5.06225, 5.06225, 5.06225, 5.06225, 5.06225, 5.06225, 5.06225, 5.06225, 5.06225, 5.06225, 5.06225, 5.06225, 5.06225, 5.06225, 5.06225, 5.06225, 5.06225, 5.06225, 5.06225, 5.08716, 5.06225
10.9711, 13.12, 5.09029, 5.06551, 3.88844, 8.02966, 0, 5.06552, 5.06551, 5.06551, 5.06551, 5.06551, 5.06551, 5.06551, 5.06551, 5.06551, 5.06551, 5.06551, 5.06551, 5.06551, 5.06551, 5.06551, 5.06551, 5.06551, 5.06551, 5.06551, 5.06551, 5.06551, 5.06551, 5.09027, 5.06551
10.979, 10.3351, 5.0866, 5.06162, 3.51213, 5.24847, 0, 5.06163, 5.06162, 5.06162, 5.06162, 5.06162, 5.06162, 5.06162, 5.06162, 5.06162, 5.06162, 5.06162, 5.06162, 5.06162, 5.06162, 5.06162, 5.06162, 5.06162, 5.06162, 5.06162, 5.06162, 5.06162, 5.06162, 5.08658, 5.06162
10.9868, 5.88218, 5.07662, 5.05118, 2.80752, 0.805558, 0, 5.0512, 5.05118, 5.05118, 5.05118, 5.05118, 5.05118, 5.05118, 5.05118, 5.05118, 5.05118, 5.05118, 5.05118, 5.05118, 5.05118, 5.05118, 5.05118, 5.05118, 5.05118, 5.05118, 5.05118, 5.05118, 5.05118, 5.0766, 5.05118
10.9947, 9.4519, 5.06359, 5.03749, 3.38407, 4.38831, 0, 5.03751, 5.03749, 5.03749, 5.03749, 5.03749, 5.03749, 5.03749, 5.03749, 5.03749, 5.03749, 5.03749, 5.03749, 5.03749, 5.03749, 5.03749, 5.03749, 5.03749, 5.03749, 5.03749, 5.03749, 5.03749, 5.03749, 5.06357, 5.03749
11.0026, 8.35911, 5.0507, 5.02382, 3.21856, 3.3084, 0, 5.02384, 5.02382, 5.02382, 5.02382, 5.02382, 5.02382, 5.02382, 5.02382, 5.02382, 5.02382, 5.02382, 5.02382, 5.02382, 5.02382, 5.02382, 5.02382, 5.02382, 5.02382, 5.02382, 5.02382, 5.02382, 5.02382, 5.05069, 5.02382
11.0104, 5.99504, 5.05425, 5.0265, 2.82755, 0.940794, 0, 5.02652, 5.0265, 5.0265, 5.0265, 5.0265, 5.0265, 5.0265, 5.0265, 5.0265, 5.0265, 5.0265, 5.0265, 5.0265, 5.0265, 5.0265, 5.0265, 5.0265, 5.0265, 5.0265, 5.02651, 5.0265, 5.0265, 5.05423, 5.0265
11.0183, 7.80657, 5.05104, 5.02243, 3.13154, 2.75552, 0, 5.02245, 5.02243, 5.02243, 5.02243, 5.02243, 5.02243, 5.02243, 5.02243, 5.02243, 5.02243, 5.02243, 5.02243, 5.02243, 5.02243, 5.02243, 5.02243, 5.02243, 5.02243, 5.02243, 5.02243, 5.02243, 5.02243, 5.05102, 5.02243
11.0261, 10.4182, 5.04161, 5.01218, 3.52395, 5.3766, 0, 5.0122, 5.01218, 5.01218, 5.01218, 5.01218, 5.01218, 5.01218, 5.01218, 5.01218, 5.01218, 5.01218, 5.01218, 5.01218, 5.01218, 5.01218, 5.01218, 5.01218, 5.01218, 5.01218, 5.01218, 5.01218, 5.01218, 5.04159, 5.01218
11.034, 6.95467, 5.02902, 4.99885, 2.99244, 1.92566, 0, 4.99887, 4.99885, 4.99885, 4.99885, 4.99885, 4.99885, 4.99885, 4.99885, 4.99885, 4.99885, 4.99885, 4.99885, 4.99885, 4.99885, 4.99885, 4.99885, 4.99885, 4.99885, 4.99885, 4.99885, 4.99885, 4.99885, 5.029, 4.99885
11.0419, 2.99775, 5.0163, 4.98553, 2.23556, -2.01856, 0, 4.98555, 4.98553, 4.98553, 4.98553, 4.98553, 4.98553, 4.98553, 4.98553, 4.98553, 4.98553, 4.98553, 4.98553, 4.98553, 4.98553, 4.98553, 4.98553, 4.98553, 4.98553, 4.98553, 4.98554, 4.98553, 4.98553, 5.01628, 4.98553
11.0497, 7.79876, 5.01833, 4.98713, 3.1303, 2.78043, 0, 4.98714, 4.98713, 4.98713, 4.98713, 4.98713, 4.98713, 4.98713, 4.98713, 4.98713, 4.98713, 4.98713, 4.98713, 4.98713, 4.98713, 4.98713, 4.98713, 4.98713, 4.98713, 4.98713, 4.98713, 4.98713, 4.98713, 5.01831, 4.98713
11.0576, 5.59257, 5.01383, 4.98238, 2.75546, 0.578733, 0, 4.9824, 4.98238, 4.98238, 4.98238, 4.98238, 4.98238, 4.98238, 4.98238, 4.98238, 4.98238, 4.98238, 4.98238, 4.98238, 4.98238, 4.98238, 4.98238, 4.98238, 4.98238, 4.98238, 4.98239, 4.98238, 4.98238, 5.01381, 4.98238
11.0655, 6.19455, 5.00335, 4.97187, 2.86261, 1.1912, 0, 4.97188, 4.97187, 4.97187, 4.97187, 4.97187, 4.97187, 4.97187, 4.97187, 4.97187, 4.97187, 4.97187, 4.97187, 4.97187, 4.97187, 4.97187, 4.97187, 4.97187, 4.97187, 4.97187, 4.97187, 4.97187, 4.97187, 5.00333, 4.97187
11.0733, 1.61041, 4.98978, 4.95847, 1.90011, -3.37937, 0, 4.95849, 4.95847, 4.95847, 4.95847, 4.95847, 4.95847, 4.95847, 4.95847, 4.95847, 4.95847, 4.95847, 4.95847, 4.95847, 4.95847, 4.95847, 4.95847, 4.95847, 4.95847, 4.95847, 4.95848, 4.95847, 4.95847, 4.98976, 4.95847
11.0812, 10.1242, 4.976, 4.9451, 3.48198, 5.14816, 0, 4.94512, 4.9451, 4.9451, 4.9451, 4.9451, 4.9451, 4.9451, 4.9451, 4.9451, 4.9451, 4.9451, 4.9451, 4.9451, 4.9451, 4.9451, 4.9451, 4.9451, 4.9451, 4.9451, 4.9451, 4.9451, 4.9451, 4.97598, 4.9451
11.0891, 6.24387, 4.97643, 4.94615, 2.87121, 1.26744, 0, 4.94617, 4.94615, 4.94615, 4.94615, 4.94615, 4.94615, 4.94615, 4.94615, 4.94615, 4.94615, 4.94615, 4.94615, 4.94615, 4.94615, 4.94615, 4.94615, 4.94615, 4.94615, 4.94615, 4.94616, 4.94615, 4.94615, 4.97641, 4.94615
11.0969, 5.99227, 4.97068, 4.94125, 2.82706, 1.02159, 0, 4.94126, 4.94125, 4.94125, 4.94125, 4.94125, 4.94125, 4.94125, 4.94125, 4.94125, 4.94125, 4.94125, 4.94125, 4.94125, 4.94125, 4.94125, 4.94125, 4.94125, 4.94125, 4.94125, 4.94125, 4.94125, 4.94125, 4.97066, 4.94125
11.1048, 6.99249, 4.95931, 4.9309, 2.99875, 2.03317, 0, 4.93092, 4.9309, 4.9309, 4.9309, 4.9309, 4.9309, 4.9309, 4.9309, 4.9309, 4.9309, 4.9309, 4.9309, 4.9309, 4.9309, 4.9309, 4.9309, 4.9309, 4.9309, 4.9309, 4.93091, 4.9309, 4.9309, 4.95929, 4.9309
11.1127, 2.21128, 4.94507, 4.91786, 2.05214, -2.7338, 0, 4.91788, 4.91786, 4.91786, 4.91786, 4.91786, 4.91786, 4.91786, 4.91786, 4.91786, 4.91786, 4.91786, 4.91786, 4.91786, 4.91786, 4.91786, 4.91786, 4.91786, 4.91786, 4.91786, 4.91786, 4.91786, 4.91786, 4.94505, 4.91786
11.1205, 7.55415, 4.9307, 4.90484, 3.09098, 2.62345, 0, 4.90486, 4.90484, 4.90484, 4.90484, 4.90484, 4.90484, 4.90484, 4.90484, 4.90484, 4.90484, 4.90484, 4.90484, 4.90484, 4.90484, 4.90484, 4.90484, 4.90484, 4.90484, 4.90484, 4.90484, 4.90484, 4.90484, 4.93068, 4.90484
11.1284, 7.99058, 4.9292, 4.90481, 3.16079, 3.06138, 0, 4.90483, 4.90481, 4.90481, 4.90481, 4.90481, 4.90481, 4.90481, 4.90481, 4.90481, 4.90481, 4.90481, 4.90481, 4.90481, 4.90481, 4.90481, 4.90481, 4.90481, 4.90481, 4.90481, 4.90481, 4.90481, 4.90481, 4.92918, 4.90481
11.1363, 5.54027, 4.92206, 4.89923, 2.74596, 0.618214, 0, 4.89925, 4.89923, 4.89923, 4.89923, 4.89923, 4.89923, 4.89923, 4.89923, 4.89923, 4.89923, 4.89923, 4.89923, 4.89923, 4.89923, 4.89923, 4.89923, 4.89923, 4.89923, 4.89923, 4.89923, 4.89923, 4.89923, 4.92204, 4.89923
11.1441, 3.66774, 4.90981, 4.88862, 2.3807, -1.24207, 0, 4.88863, 4.88862, 4.88862, 4.88862, 4.88862, 4.88862, 4.88862, 4.88862, 4.88862, 4.88862, 4.88862, 4.88862, 4.88862, 4.88862, 4.88862, 4.88862, 4.88862, 4.88862, 4.88862, 4.88862, 4.88862, 4.88862, 4.90979, 4.88862
11.152, 7.99285, 4.89503, 4.87549, 3.16115, 3.09782, 0, 4.87551, 4.87549, 4.87549, 4.87549, 4.87549, 4.87549, 4.87549, 4.87549, 4.87549, 4.87549, 4.87549, 4.87549, 4.87549, 4.87549, 4.87549, 4.87549, 4.87549, 4.87549, 4.87549, 4.8755, 4.87549, 4.87549, 4.89501, 4.87549
11.1598, 10.2955, 4.88025, 4.86239, 3.5065, 5.41528, 0, 4.86241, 4.86239, 4.86239, 4.86239, 4.86239, 4.86239, 4.86239, 4.86239, 4.86239, 4.86239, 4.86239, 4.86239, 4.86239, 4.86239, 4.86239, 4.86239, 4.86239, 4.86239, 4.86239, 4.86239, 4.86239, 4.86239, 4.88023, 4.86239
11.1677, 8.22007, 4.87806, 4.86185, 3.19689, 3.34201, 0, 4.86187, 4.86185, 4.86185, 4.86185, 4.86185, 4.86185, 4.86185, 4.86185, 4.86185, 4.86185, 4.86185, 4.86185, 4.86185, 4.86185, 4.86185, 4.86185, 4.86185, 4.86185, 4.86185, 4.86186, 4.86185, 4.86185, 4.87804, 4.86185
11.1756, 5.70012, 4.87072, 4.85612, 2.77491, 0.829405, 0, 4.85614, 4.85612, 4.85612, 4.85612, 4.85612, 4.85612, 4.85612, 4.85612, 4.85612, 4.85612, 4.85612, 4.85612, 4.85612, 4.85612, 4.85612, 4.85612, 4.85612, 4.85612, 4.85612, 4.85612, 4.85612, 4.85612, 4.8707, 4.85612
11.1834, 6.51599, 4.85872, 4.84568, 2.91822, 1.65726, 0, 4.8457, 4.84568, 4.84568, 4.84568, 4.84568, 4.84568, 4.84568, 4.84568, 4.84568, 4.84568, 4.84568, 4.84568, 4.84568, 4.84568, 4.84568, 4.84568, 4.84568, 4.84568, 4.84568, 4.84568, 4.84568, 4.84568, 4.8587, 4.84568
11.1913, 7.23222, 4.84446, 4.8329, 3.03846, 2.38776, 0, 4.83292, 4.8329, 4.8329, 4.8329, 4.8329, 4.8329, 4.8329, 4.8329, 4.8329, 4.8329, 4.8329, 4.8329, 4.8329, 4.8329, 4.8329, 4.8329, 4.8329, 4.8329, 4.8329, 4.8329, 4.8329, 4.8329, 4.84444, 4.8329
11.1992, 5.99294, 4.8303, 4.82013, 2.82718, 1.16263, 0, 4.82015, 4.82013, 4.82013, 4.82013, 4.82013, 4.82013, 4.82013, 4.82013, 4.82013, 4.82013, 4.82013, 4.82013, 4.82013, 4.82013, 4.82013, 4.82013, 4.82013, 4.82013, 4.82013, 4.82013, 4.82013, 4.82013, 4.83028, 4.82013
11.207, 6.99266, 4.82744, 4.81856, 2.99878, 2.16521, 0, 4.81858, 4.81856, 4.81856, 4.81856, 4.81856, 4.81856, 4.81856, 4.81856, 4.81856, 4.81856, 4.81856, 4.81856, 4.81856, 4.81856, 4.81856, 4.81856, 4.81856, 4.81856, 4.81856, 4.81856, 4.81856, 4.81856, 4.82742, 4.81856
11.2149, 3.74303, 4.81989, 4.81219, 2.39646, -1.07686, 0, 4.81221, 4.81219, 4.81219, 4.81219, 4.81219, 4.81219, 4.81219, 4.81219, 4.81219, 4.81219, 4.81219, 4.81219, 4.81219, 4.81219, 4.81219, 4.81219, 4.81219, 4.81219, 4.81219, 4.81219, 4.81219, 4.81219, 4.81986, 4.81219
11.2228, 5.24238, 4.80811, 4.80148, 2.69117, 0.434273, 0, 4.8015, 4.80148, 4.80148, 4.80148, 4.80148, 4.80148, 4.80148, 4.80148, 4.80148, 4.80148, 4.80148, 4.80148, 4.80148, 4.80148, 4.80148, 4.80148, 4.80148, 4.80148, 4.80148, 4.80149, 4.80148, 4.80148, 4.80808, 4.80148
11.2306, 7.99294, 4.79428, 4.78863, 3.16116, 3.19865, 0, 4.78865, 4.78863, 4.78863, 4.78863, 4.78863, 4.78863, 4.78863, 4.78863, 4.78863, 4.78863, 4.78863, 4.78863, 4.78863, 4.78863, 4.78863, 4.78863, 4.78863, 4.78863, 4.78863, 4.78863, 4.78863, 4.78863, 4.79426, 4.78863
11.2385, 8.96605, 4.78058, 4.77579, 3.3115, 4.18547, 0, 4.77581, 4.77579, 4.77579, 4.77579, 4.77579, 4.77579, 4.77579, 4.77579, 4.77579, 4.77579, 4.77579, 4.77579, 4.77579, 4.77579, 4.77579, 4.77579, 4.77579, 4.77579, 4.77579, 4.7758, 4.77579, 4.77579, 4.78056, 4.77579
11.2464, 7.01983, 4.77777, 4.77374, 3.0033, 2.24206, 0, 4.77376, 4.77374, 4.77374, 4.77374, 4.77374, 4.77374, 4.77374, 4.77374, 4.77374, 4.77374, 4.77374, 4.77374, 4.77374, 4.77374, 4.77374, 4.77374, 4.77374, 4.77374, 4.77374, 4.77375, 4.77374, 4.77374, 4.77775, 4.77374
11.2542, 2.51515, 4.77059, 4.76723, 2.12489, -2.25544, 0, 4.76725, 4.76723, 4.76723, 4.76723, 4.76723, 4.76723, 4.76723, 4.76723, 4.76723, 4.76723, 4.76723, 4.76723, 4.76723, 4.76723, 4.76723, 4.76723, 4.76723, 4.76723, 4.76723, 4.76723, 4.76723, 4.76723, 4.77057, 4.76723
11.2621, 7.41385, 4.75948, 4.7567, 3.0682, 2.65436, 0, 4.75672, 4.7567, 4.7567, 4.7567, 4.7567, 4.7567, 4.7567, 4.7567, 4.7567, 4.7567, 4.7567, 4.7567, 4.7567, 4.7567, 4.7567, 4.7567, 4.7567, 4.7567, 4.7567, 4.7567, 4.7567, 4.7567, 4.75946, 4.7567
11.27, 5.04907, 4.74646, 4.74417, 2.65501, 0.302606, 0, 4.7442, 4.74417, 4.74417, 4.74417, 4.74417, 4.74417, 4.74417, 4.74417, 4.74417, 4.74417, 4.74417, 4.74417, 4.74417, 4.74417, 4.74417, 4.74417, 4.74417, 4.74417, 4.74417, 4.74418, 4.74417, 4.74417, 4.74644, 4.74417
11.2778, 7.45527, 4.73353, 4.73167, 3.07494, 2.72173, 0, 4.73169, 4.73167, 4.73167, 4.73167, 4.73167, 4.73167, 4.73167, 4.73167, 4.73167, 4.73167, 4.73167, 4.73167, 4.73167, 4.73167, 4.73167, 4.73167, 4.73167, 4.73167, 4.73167, 4.73167, 4.73167, 4.73167, 4.73351, 4.73167
11.2857, 5.80099, 4.73017, 4.72865, 2.79303, 1.07083, 0, 4.72867, 4.72865, 4.72865, 4.72865, 4.72865, 4.72865, 4.72865, 4.72865, 4.72865, 4.72865, 4.72865, 4.72865, 4.72865, 4.72865, 4.72865, 4.72865, 4.72865, 4.72865, 4.72865, 4.72865, 4.72865, 4.72865, 4.73014, 4.72865
11.2936, 5.72218, 4.72277, 4.72155, 2.77888, 0.999406, 0, 4.72157, 4.72155, 4.72155, 4.72155, 4.72155, 4.72155, 4.72155, 4.72155, 4.72155, 4.72155, 4.72155, 4.72155, 4.72155, 4.72155, 4.72155, 4.72155, 4.72155, 4.72155, 4.72155, 4.72155, 4.72155, 4.72155, 4.72275, 4.72155
11.3014, 6.71673, 4.71178, 4.7108, 2.95241, 2.00495, 0, 4.71083, 4.7108, 4.7108, 4.7108, 4.7108, 4.7108, 4.7108, 4.7108, 4.7108, 4.7108, 4.7108, 4.7108, 4.7108, 4.7108, 4.7108, 4.7108, 4.7108, 4.7108, 4.7108, 4.71081, 4.7108, 4.7108, 4.71176, 4.7108
11.3093, 8.59851, 4.69902, 4.69824, 3.25554, 3.89949, 0, 4.69827, 4.69824, 4.69824, 4.69824, 4.69824, 4.69824, 4.69824, 4.69824, 4.69824, 4.69824, 4.69824, 4.69824, 4.69824, 4.69824, 4.69824, 4.69824, 4.69824, 4.69824, 4.69824, 4.69824, 4.69824, 4.69824, 4.699, 4.69824
11.3171, 5.2242, 4.68631, 4.6857, 2.68779, 0.537884, 0, 4.68572, 4.6857, 4.6857, 4.6857, 4.6857, 4.6857, 4.6857, 4.6857, 4.6857, 4.6857, 4.6857, 4.6857, 4.6857, 4.6857, 4.6857, 4.6857, 4.6857, 4.6857, 4.6857, 4.6857, 4.6857, 4.6857, 4.68629, 4.6857
11.325, 0.997487, 4.68271, 4.68222, 1.73133, -3.68522, 0, 4.68225, 4.68222, 4.68222, 4.68222, 4.68222, 4.68222, 4.68222, 4.68222, 4.68222, 4.68222, 4.68222, 4.68222, 4.68222, 4.68222, 4.68222, 4.68222, 4.68222, 4.68222, 4.68222, 4.68222, 4.68222, 4.68222, 4.68268, 4.68222
11.3329, 4.7119, 4.67538, 4.67499, 2.59073, 0.0365205, 0, 4.67502, 4.67499, 4.67499, 4.67499, 4.67499, 4.67499, 4.67499, 4.67499, 4.67499, 4.67499, 4.67499, 4.67499, 4.67499, 4.67499, 4.67499, 4.67499, 4.67499, 4.67499, 4.67499, 4.67499, 4.67499, 4.67499, 4.67535, 4.67499
11.3407, 10.132, 4.66472, 4.66442, 3.4831, 5.46725, 0, 4.66444, 4.66442, 4.66442, 4.66442, 4.66442, 4.66442, 4.66442, 4.66442, 4.66442, 4.66442, 4.66442, 4.66442, 4.66442, 4.66442, 4.66442, 4.66442, 4.66442, 4.66442, 4.66442, 4.66442, 4.66442, 4.66442, 4.66469, 4.66442
11.3486, 6.85861, 4.65241, 4.65218, 2.97634, 2.2062, 0, 4.6522, 4.65218, 4.65218, 4.65218, 4.65218, 4.65218, 4.65218, 4.65218, 4.65218, 4.65218, 4.65218, 4.65218, 4.65218, 4.65218, 4.65218, 4.65218, 4.65218, 4.65218, 4.65218, 4.65218, 4.65218, 4.65218, 4.65238, 4.65218
11.3565, 5.70223, 4.64014, 4.63995, 2.77529, 1.06209, 0, 4.63998, 4.63995, 4.63995, 4.63995, 4.63995, 4.63995, 4.63995, 4.63995, 4.63995, 4.63995, 4.63995, 4.63995, 4.63995, 4.63995, 4.63995, 4.63995, 4.63995, 4.63995, 4.63995, 4.63996, 4.63995, 4.63995, 4.64011, 4.63995
11.3643, 5.99305, 4.63575, 4.6356, 2.8272, 1.3573, 0, 4.63563, 4.6356, 4.6356, 4.6356, 4.6356, 4.6356, 4.6356, 4.6356, 4.6356, 4.6356, 4.6356, 4.6356, 4.6356, 4.6356, 4.6356, 4.6356, 4.6356, 4.6356, 4.6356, 4.6356, 4.6356, 4.6356, 4.63572, 4.6356
11.3722, 6.09952, 4.62798, 4.62786, 2.84597, 1.47153, 0, 4.62789, 4.62786, 4.62786, 4.62786, 4.62786, 4.62786, 4.62786, 4.62786, 4.62786, 4.62786, 4.62786, 4.62786, 4.62786, 4.62786, 4.62786, 4.62786, 4.62786, 4.62786, 4.62786, 4.62786, 4.62786, 4.62786, 4.62795, 4.62786
11.3801, 8.88587, 4.61723, 4.61713, 3.29937, 4.26865, 0, 4.61716, 4.61713, 4.61713, 4.61713, 4.61713, 4.61713, 4.61713, 4.61713, 4.61713, 4.61713, 4.61713, 4.61713, 4.61713, 4.61713, 4.61713, 4.61713, 4.61713, 4.61713, 4.61713, 4.61713, 4.61713, 4.61713, 4.61719, 4.61713
11.3879, 3.29529, 4.60499, 4.60491, 2.30115, -1.3097, 0, 4.60494, 4.60491, 4.60491, 4.60491, 4.60491, 4.60491, 4.60491, 4.60491, 4.60491, 4.60491, 4.60491, 4.60491, 4.60491, 4.60491, 4.60491, 4.60491, 4.60491, 4.60491, 4.60491, 4.60491, 4.60491, 4.60491, 4.60496, 4.60491
11.3958, 4.99504, 4.59278, 4.5927, 2.64481, 0.402265, 0, 4.59274, 4.5927, 4.5927, 4.5927, 4.5927, 4.5927, 4.5927, 4.5927, 4.5927, 4.5927, 4.5927, 4.5927, 4.5927, 4.5927, 4.5927, 4.5927, 4.5927, 4.5927, 4.5927, 4.59271, 4.5927, 4.5927, 4.59274, 4.5927
11.4037, 7.30248, 4.58797, 4.58791, 3.05, 2.7145, 0, 4.58795, 4.58791, 4.58791, 4.58791, 4.58791, 4.58791, 4.58791, 4.58791, 4.58791, 4.58791, 4.58791, 4.58791, 4.58791, 4.58791, 4.58791, 4.58791, 4.58791, 4.58791, 4.58791, 4.58791, 4.58791, 4.58791, 4.58793, 4.58791
11.4115, 4.6881, 4.58011, 4.58004, 2.58614, 0.107999, 0, 4.58009, 4.58004, 4.58004, 4.58004, 4.58004, 4.58004, 4.58004, 4.58004, 4.58004, 4.58004, 4.58004, 4.58004, 4.58004, 4.58004, 4.58004, 4.58004, 4.58004, 4.58004, 4.58004, 4.58004, 4.58004, 4.58004, 4.58006, 4.58004
11.4194, 3.68302, 4.56954, 4.56948, 2.38391, -0.886518, 0, 4.56953, 4.56948, 4.56948, 4.56948, 4.56948, 4.56948, 4.56948, 4.56948, 4.56948, 4.56948, 4.56948, 4.56948, 4.56948, 4.56948, 4.56948, 4.56948, 4.56948, 4.56948, 4.56948, 4.56948, 4.56948, 4.56948, 4.56949, 4.56948
11.4273, 5.99268, 4.55764, 4.55758, 2.82713, 1.43504, 0, 4.55763, 4.55758, 4.55758, 4.55758, 4.55758, 4.55758, 4.55758, 4.55758, 4.55758, 4.55758, 4.55758, 4.55758, 4.55758, 4.55758, 4.55758, 4.55758, 4.55758, 4.55758, 4.55758, 4.55758, 4.55758, 4.55758, 4.55759, 4.55758
11.4351, 5.30967, 4.54576, 4.5457, 2.70364, 0.763912, 0, 4.54575, 4.5457, 4.5457, 4.5457, 4.5457, 4.5457, 4.5457, 4.5457, 4.5457, 4.5457, 4.5457, 4.5457, 4.5457, 4.5457, 4.5457, 4.5457, 4.5457, 4.5457, 4.5457, 4.5457, 4.5457, 4.5457, 4.5457, 4.5457
11.443, 6.67571, 4.54014, 4.54007, 2.94546, 2.13558, 0, 4.54013, 4.54007, 4.54007, 4.54007, 4.54007, 4.54007, 4.54007, 4.54007, 4.54007, 4.54007, 4.54007, 4.54007, 4.54007, 4.54007, 4.54007, 4.54007, 4.54007, 4.54007, 4.54007, 4.54007, 4.54007, 4.54007, 4.54008, 4.54007
11.4508, 4.67125, 4.53185, 4.53178, 2.58288, 0.139399, 0, 4.53185, 4.53178, 4.53178, 4.53178, 4.53178, 4.53178, 4.53178, 4.53178, 4.53178, 4.53178, 4.53178, 4.53178, 4.53178, 4.53178, 4.53178, 4.53178, 4.53178, 4.53178, 4.53178, 4.53179, 4.53178, 4.53178, 4.53179, 4.53178
11.4587, 10.3146, 4.52123, 4.52116, 3.50922, 5.79339, 0, 4.52123, 4.52116, 4.52116, 4.52116, 4.52116, 4.52116, 4.52116, 4.52116, 4.52116, 4.52116, 4.52116, 4.52116, 4.52116, 4.52116, 4.52116, 4.52116, 4.52116, 4.52116, 4.52116, 4.52116, 4.52116, 4.52116, 4.52116, 4.52116
11.4666, 6.99257, 4.50945, 4.50937, 2.99876, 2.48312, 0, 4.50945, 4.50937, 4.50937, 4.50937, 4.50937, 4.50937, 4.50937, 4.50937, 4.50937, 4.50937, 4.50937, 4.50937, 4.50937, 4.50937, 4.50937, 4.50937, 4.50937, 4.50937, 4.50937, 4.50937, 4.50937, 4.50937, 4.50937, 4.50937
11.4744, 2.97955, 4.49769, 4.49759, 2.23149, -1.51813, 0, 4.49768, 4.49759, 4.49759, 4.49759, 4.49759, 4.49759, 4.49759, 4.49759, 4.49759, 4.49759, 4.49759, 4.49759, 4.49759, 4.49759, 4.49759, 4.49759, 4.49759, 4.49759, 4.49759, 4.4976, 4.49759, 4.49759, 4.4976, 4.49759
11.4823, 2.66865, 4.49148, 4.49137, 2.16071, -1.82283, 0, 4.49147, 4.49137, 4.49137, 4.49137, 4.49137, 4.49137, 4.49137, 4.49137, 4.49137, 4.49137, 4.49137, 4.49137, 4.49137, 4.49137, 4.49137, 4.49137, 4.49137, 4.49137, 4.49137, 4.49138, 4.49137, 4.49137, 4.49137, 4.49137
11.4902, 5.99603, 4.48305, 4.48294, 2.82773, 1.51298, 0, 4.48305, 4.48294, 4.48294, 4.48294, 4.48294, 4.48294, 4.48294, 4.48294, 4.48294, 4.48294, 4.48294, 4.48294, 4.48294, 4.48294, 4.48294, 4.48294, 4.48294, 4.48294, 4.48294, 4.48294, 4.48294, 4.48294, 4.48294, 4.48294
11.498, 10.9911, 4.47266, 4.47252, 3.60431, 6.51842, 0, 4.47266, 4.47252, 4.47252, 4.47252, 4.47252, 4.47252, 4.47252, 4.47252, 4.47252, 4.47252, 4.47252, 4.47252, 4.47252, 4.47252, 4.47252, 4.47252, 4.47252, 4.47252, 4.47252, 4.47252, 4.47252, 4.47252, 4.47252, 4.47252
11.5059, 4.0057, 4.46129, 4.46113, 2.45065, -0.455586, 0, 4.46128, 4.46113, 4.46113, 4.46113, 4.46113, 4.46113, 4.46113, 4.46113, 4.46113, 4.46113, 4.46113, 4.46113, 4.46113, 4.46113, 4.46113, 4.46113, 4.46113, 4.46113, 4.46113, 4.46113, 4.46113, 4.46113, 4.46113, 4.46113
11.5138, 5.63346, 4.44994, 4.44975, 2.76287, 1.18352, 0, 4.44994, 4.44975, 4.44975, 4.44975, 4.44975, 4.44975, 4.44975, 4.44975, 4.44975, 4.44975, 4.44975, 4.44975, 4.44975, 4.44975, 4.44975, 4.44975, 4.44975, 4.44975, 4.44975, 4.44975, 4.44975, 4.44975, 4.44975, 4.44975
11.5216, 4.36183, 4.44288, 4.44265, 2.52227, -0.0810509, 0, 4.44288, 4.44265, 4.44265, 4.44265, 4.44265, 4.44265, 4.44265, 4.44265, 4.44265, 4.44265, 4.44265, 4.44265, 4.44265, 4.44265, 4.44265, 4.44265, 4.44265, 4.44265, 4.44265, 4.44265, 4.44265, 4.44265, 4.44265, 4.44265
11.5295, 3.6518, 4.43413, 4.43384, 2.37735, -0.782336, 0, 4.43413, 4.43384, 4.43384, 4.43384, 4.43384, 4.43384, 4.43384, 4.43384, 4.43384, 4.43384, 4.43384, 4.43384, 4.43384, 4.43384, 4.43384, 4.43384, 4.43384, 4.43384, 4.43384, 4.43385, 4.43384, 4.43384, 4.43384, 4.43384
11.5374, 3.99488, 4.42385, 4.42349, 2.44844, -0.428967, 0, 4.42385, 4.42349, 4.42349, 4.42349, 4.42349, 4.42349, 4.42349, 4.42349, 4.42349, 4.42349, 4.42349, 4.42349, 4.42349, 4.42349, 4.42349, 4.42349, 4.42349, 4.42349, 4.42349, 4.42349, 4.42349, 4.42349, 4.42349, 4.42349
11.5452, 7.69657, 4.41283, 4.41236, 3.11393, 3.28374, 0, 4.41282, 4.41236, 4.41236, 4.41236, 4.41236, 4.41236, 4.41236, 4.41236, 4.41236, 4.41236, 4.41236, 4.41236, 4.41236, 4.41236, 4.41236, 4.41236, 4.41236, 4.41236, 4.41236, 4.41236, 4.41236, 4.41236, 4.41236, 4.41236
11.5531, 3.94089, 4.40185, 4.40125, 2.43739, -0.460957, 0, 4.40185, 4.40125, 4.40125, 4.40125, 4.40125, 4.40125, 4.40125, 4.40125, 4.40125, 4.40125, 4.40125, 4.40125, 4.40125, 4.40125, 4.40125, 4.40125, 4.40125, 4.40125, 4.40125, 4.40126, 4.40125, 4.40125, 4.40125, 4.40125
11.561, 3.63705, 4.39411, 4.39334, 2.37425, -0.757064, 0, 4.39411, 4.39334, 4.39334, 4.39334, 4.39334, 4.39334, 4.39334, 4.39334, 4.39334, 4.39334, 4.39334, 4.39334, 4.39334, 4.39334, 4.39334, 4.39334, 4.39334, 4.39334, 4.39334, 4.39334, 4.39334, 4.39334, 4.39334, 4.39334
11.5688, 8.42206, 4.38531, 4.38431, 3.22832, 4.03674, 0, 4.38531, 4.38431, 4.38431, 4.38431, 4.38431, 4.38431, 4.38431, 4.38431, 4.38431, 4.38431, 4.38431, 4.38431, 4.38431, 4.38431, 4.38431, 4.38431, 4.38431, 4.38431, 4.38431, 4.38431, 4.38431, 4.38431, 4.38431, 4.38431
11.5767, 3.91933, 4.37553, 4.37422, 2.43297, -0.456204, 0, 4.37553, 4.37422, 4.37422, 4.37422, 4.37422, 4.37422, 4.37422, 4.37422, 4.37422, 4.37422, 4.37422, 4.37422, 4.37422, 4.37422, 4.37422, 4.37422, 4.37422, 4.37422, 4.37422, 4.37422, 4.37422, 4.37422, 4.37422, 4.37422
11.5845, 2.08067, 4.36533, 4.36362, 2.02007, -2.28466, 0, 4.36533, 4.36362, 4.36362, 4.36362, 4.36362, 4.36362, 4.36362, 4.36362, 4.36362, 4.36362, 4.36362, 4.36362, 4.36362, 4.36362, 4.36362, 4.36362, 4.36362, 4.36362, 4.36362, 4.36362, 4.36362, 4.36362, 4.36362, 4.36362
11.5924, 4.90483, 4.35527, 4.35303, 2.6277, 0.549564, 0, 4.35527, 4.35303, 4.35303, 4.35303, 4.35303, 4.35303, 4.35303, 4.35303, 4.35303, 4.35303, 4.35303, 4.35303, 4.35303, 4.35303, 4.35303, 4.35303, 4.35303, 4.35303, 4.35303, 4.35303, 4.35303, 4.35303, 4.35303, 4.35303
11.6003, 6.99257, 4.34668, 4.34376, 2.99876, 2.64588, 0, 4.34668, 4.34376, 4.34376, 4.34376, 4.34376, 4.34376, 4.34376, 4.34376, 4.34376, 4.34376, 4.34376, 4.34376, 4.34376, 4.34376, 4.34376, 4.34376, 4.34376, 4.34376, 4.34376, 4.34376, 4.34376, 4.34376, 4.34376, 4.34376
11.6081, 5.62255, 4.33769, 4.3339, 2.7609, 1.28486, 0, 4.33769, 4.3339, 4.3339, 4.3339, 4.3339, 4.3339, 4.3339, 4.3339, 4.3339, 4.3339, 4.3339, 4.3339, 4.3339, 4.3339, 4.3339, 4.3339, 4.3339, 4.3339, 4.3339, 4.3339, 4.3339, 4.3339, 4.3339, 4.3339
11.616, 8.36332, 4.32834, 4.32343, 3.21921, 4.03499, 0, 4.32833, 4.32343, 4.32343, 4.32343, 4.32343, 4.32343, 4.32343, 4.32343, 4.32343, 4.32343, 4.32343, 4.32343, 4.32343, 4.32343, 4.32343, 4.32343, 4.32343, 4.32343, 4.32343, 4.32343, 4.32343, 4.32343, 4.32343, 4.32343
11.6239, 3.11673, 4.31878, 4.31246, 2.26202, -1.20205, 0, 4.31878, 4.31246, 4.31246, 4.31246, 4.31246, 4.31246, 4.31246, 4.31246, 4.31246, 4.31246, 4.31246, 4.31246, 4.31246, 4.31246, 4.31246, 4.31246, 4.31246, 4.31246, 4.31246, 4.31246, 4.31246, 4.31246, 4.31246, 4.31246
11.6317, 4.4917, 4.30925, 4.30115, 2.54788, 0.182452, 0, 4.30924, 4.30115, 4.30115, 4.30115, 4.30115, 4.30115, 4.30115, 4.30115, 4.30115, 4.30115, 4.30115, 4.30115, 4.30115, 4.30115, 4.30115, 4.30115, 4.30115, 4.30115, 4.30115, 4.30115, 4.30115, 4.30115, 4.30115, 4.30115
11.6396, 5.74944, 4.29998, 4.28968, 2.78378, 1.44946, 0, 4.29998, 4.28968, 4.28968, 4.28968, 4.28968, 4.28968, 4.28968, 4.28968, 4.28968, 4.28968, 4.28968, 4.28968, 4.28968, 4.28968, 4.28968, 4.28968, 4.28968, 4.28968, 4.28968, 4.28968, 4.28968, 4.28968, 4.28968, 4.28968
11.6475, 1.75886, 4.29122, 4.27817, 1.93878, -2.53236, 0, 4.29122, 4.27817, 4.27817, 4.27817, 4.27817, 4.27817, 4.27817, 4.27817, 4.27817, 4.27817, 4.27817, 4.27817, 4.27817, 4.27817, 4.27817, 4.27817, 4.27817, 4.27817, 4.27817, 4.27817, 4.27817, 4.27817, 4.27817, 4.27817
11.6553, 2.84684, 4.28287, 4.26645, 2.20155, -1.43603, 0, 4.28286, 4.26645, 4.26645, 4.26645, 4.26645, 4.26645, 4.26645, 4.26645, 4.26645, 4.26645, 4.26645, 4.26645, 4.26645, 4.26645, 4.26645, 4.26645, 4.26645, 4.26645, 4.26645, 4.26646, 4.26645, 4.26645, 4.26645, 4.26645
11.6632, 5.99294, 4.27468, 4.25417, 2.82718, 1.71826, 0, 4.27467, 4.25417, 4.25417, 4.25417, 4.25417, 4.25417, 4.25417, 4.25417, 4.25417, 4.25417, 4.25417, 4.25417, 4.25417, 4.25417, 4.25417, 4.25417, 4.25417, 4.25417, 4.25417, 4.25417, 4.25417, 4.25417, 4.25417, 4.25417
11.6711, 3.38178, 4.26683, 4.24136, 2.31987, -0.885042, 0, 4.26682, 4.24136, 4.24136, 4.24136, 4.24136, 4.24136, 4.24136, 4.24136, 4.24136, 4.24136, 4.24136, 4.24136, 4.24136, 4.24136, 4.24136, 4.24136, 4.24136, 4.24136, 4.24136, 4.24136, 4.24136, 4.24136, 4.24136, 4.24136
11.6789, 7.60372, 4.25971, 4.22831, 3.09899, 3.344, 0, 4.25971, 4.22831, 4.22831, 4.22831, 4.22831, 4.22831, 4.22831, 4.22831, 4.22831, 4.22831, 4.22831, 4.22831, 4.22831, 4.22831, 4.22831, 4.22831, 4.22831, 4.22831, 4.22831, 4.22832, 4.22831, 4.22831, 4.22831, 4.22831
11.6868, 6.41722, 4.25374, 4.21528, 2.90125, 2.16349, 0, 4.25374, 4.21528, 4.21528, 4.21528, 4.21528, 4.21528, 4.21528, 4.21528, 4.21528, 4.21528, 4.21528, 4.21528, 4.21528, 4.21528, 4.21528, 4.21528, 4.21528, 4.21528, 4.21528, 4.21529, 4.21528, 4.21528, 4.21528, 4.21528
11.6947, 10.5681, 4.25046, 4.20369, 3.54515, 6.31759, 0, 4.25046, 4.20369, 4.20369, 4.20369, 4.20369, 4.20369, 4.20369, 4.20369, 4.20369, 4.20369, 4.20369, 4.20369, 4.20369, 4.20369, 4.20369, 4.20369, 4.20369, 4.20369, 4.20369, 4.20369, 4.20369, 4.20369, 4.20369, 4.20369
11.7025, 3.99279, 4.24801, 4.19152, 2.44802, -0.25522, 0, 4.24801, 4.19152, 4.19152, 4.19152, 4.19152, 4.19152, 4.19152, 4.19152, 4.19152, 4.19152, 4.19152, 4.19152, 4.19152, 4.19152, 4.19152, 4.19152, 4.19152, 4.19152, 4.19152, 4.19152, 4.19152, 4.19152, 4.19152, 4.19152
11.7104, 3.79542, 4.24654, 4.17879, 2.40737, -0.451125, 0, 4.24654, 4.17879, 4.17879, 4.17879, 4.17879, 4.17879, 4.17879, 4.17879, 4.17879, 4.17879, 4.17879, 4.17879, 4.17879, 4.17879, 4.17879, 4.17879, 4.17879, 4.17879, 4.17879, 4.17879, 4.17879, 4.17879, 4.17879, 4.17879
11.7182, 2.99752, 4.24639, 4.16571, 2.23551, -1.24887, 0, 4.24639, 4.16571, 4.16571, 4.16571, 4.16571, 4.16571, 4.16571, 4.16571, 4.16571, 4.16571, 4.16571, 4.16571, 4.16571, 4.16571, 4.16571, 4.16571, 4.16571, 4.16571, 4.16571, 4.16571, 4.16571, 4.16571, 4.16571, 4.16571
11.7261, 2.40372, 4.24783, 4.15241, 2.0985, -1.84411, 0, 4.24783, 4.15241, 4.15241, 4.15241, 4.15241, 4.15241, 4.15241, 4.15241, 4.15241, 4.15241, 4.15241, 4.15241, 4.15241, 4.15241, 4.15241, 4.15241, 4.15241, 4.15241, 4.15241, 4.15241, 4.15241, 4.15241, 4.15241, 4.15241
11.734, 3.59157, 4.25104, 4.139, 2.36465, -0.659467, 0, 4.25104, 4.139, 4.139, 4.139, 4.139, 4.139, 4.139, 4.139, 4.139, 4.139, 4.139, 4.139, 4.139, 4.139, 4.139, 4.139, 4.139, 4.139, 4.139, 4.139, 4.139, 4.139, 4.139, 4.139
11.7418, 3.58662, 4.25586, 4.12524, 2.3636, -0.669244, 0, 4.25586, 4.12524, 4.12524, 4.12524, 4.12524, 4.12524, 4.12524, 4.12524, 4.12524, 4.12524, 4.12524, 4.12524, 4.12524, 4.12524, 4.12524, 4.12524, 4.12524, 4.12524, 4.12524, 4.12524, 4.12524, 4.12524, 4.12524, 4.12524
11.7497, 6.75613, 4.26237, 4.11115, 2.95908, 2.49377, 0, 4.26236, 4.11115, 4.11115, 4.11115, 4.11115, 4.11115, 4.11115, 4.11115, 4.11115, 4.11115, 4.11115, 4.11115, 4.11115, 4.11115, 4.11115, 4.11115, 4.11115, 4.11115, 4.11115, 4.11115, 4.11115, 4.11115, 4.11115, 4.11115
11.7576, 6.81862, 4.27029, 4.09648, 2.96962, 2.54833, 0, 4.27029, 4.09648, 4.09648, 4.09648, 4.09648, 4.09648, 4.09648, 4.09648, 4.09648, 4.09648, 4.09648, 4.09648, 4.09648, 4.09648, 4.09648, 4.09648, 4.09648, 4.09648, 4.09648, 4.09648, 4.09648, 4.09648, 4.09648, 4.09648
11.7654, 4.41063, 4.27968, 4.08132, 2.53192, 0.130943, 0, 4.27968, 4.08132, 4.08132, 4.08132, 4.08132, 4.08132, 4.08132, 4.08132, 4.08132, 4.08132, 4.08132, 4.08132, 4.08132, 4.08132, 4.08132, 4.08132, 4.08132, 4.08132, 4.08132, 4.08132, 4.08132, 4.08132, 4.08132, 4.08132
11.7733, 4.57509, 4.29071, 4.06593, 2.56419, 0.284379, 0, 4.29071, 4.06593, 4.06593, 4.06593, 4.06593, 4.06593, 4.06593, 4.06593, 4.06593, 4.06593, 4.06593, 4.06593, 4.06593, 4.06593, 4.06593, 4.06593, 4.06593, 4.06593, 4.06593, 4.06593, 4.06593, 4.06593, 4.06593, 4.06593
11.7812, 3.83841, 4.30348, 4.05057, 2.41628, -0.465069, 0, 4.30348, 4.05057, 4.05057, 4.05057, 4.05057, 4.05057, 4.05057, 4.05057, 4.05057, 4.05057, 4.05057, 4.05057, 4.05057, 4.05057, 4.05057, 4.05057, 4.05057, 4.05057, 4.05057, 4.05057, 4.05057, 4.05057, 4.05057, 4.05057
11.789, 2.99752, 4.31948, 4.03694, 2.23551, -1.32196, 0, 4.31948, 4.03694, 4.03694, 4.03694, 4.03694, 4.03694, 4.03694, 4.03694, 4.03694, 4.03694, 4.03694, 4.03694, 4.03694, 4.03694, 4.03694, 4.03694, 4.03694, 4.03694, 4.03694, 4.03694, 4.03694, 4.03694, 4.03694, 4.03694
11.7969, 3.71487, 4.33562, 4.02222, 2.39058, -0.620754, 0, 4.33562, 4.02222, 4.02222, 4.02222, 4.02222, 4.02222, 4.02222, 4.02222, 4.02222, 4.02222, 4.02222, 4.02222, 4.02222, 4.02222, 4.02222, 4.02222, 4.02222, 4.02222, 4.02222, 4.02222, 4.02222, 4.02222, 4.02222, 4.02222
11.8048, 6.85017, 4.35162, 4.00645, 2.97492, 2.49855, 0, 4.35162, 4.00645, 4.00645, 4.00645, 4.00645, 4.00645, 4.00645, 4.00645, 4.00645, 4.00645, 4.00645, 4.00645, 4.00645, 4.00645, 4.00645, 4.00645, 4.00645, 4.00645, 4.00645, 4.00645, 4.00645, 4.00645, 4.00645, 4.00645
11.8126, 7.56222, 4.36764, 3.99018, 3.09228, 3.19458, 0, 4.36764, 3.99018, 3.99018, 3.99018, 3.99018, 3.99018, 3.99018, 3.99018, 3.99018, 3.99018, 3.99018, 3.99018, 3.99018, 3.99018, 3.99018, 3.99018, 3.99018, 3.99018, 3.99018, 3.99018, 3.99018, 3.99018, 3.99018, 3.99018
11.8205, 2.42825, 4.3838, 3.97394, 2.10434, -1.95555, 0, 4.3838, 3.97394, 3.97394, 3.97394, 3.97394, 3.97394, 3.97394, 3.97394, 3.97394, 3.97394, 3.97394, 3.97394, 3.97394, 3.97394, 3.97394, 3.97394, 3.97394, 3.97394, 3.97394, 3.97394, 3.97394, 3.97394, 3.97394, 3.97394
11.8284, 6.55762, 4.4031, 3.96123, 2.92534, 2.15452, 0, 4.4031, 3.96123, 3.96123, 3.96123, 3.96123, 3.96123, 3.96123, 3.96123, 3.96123, 3.96123, 3.96123, 3.96123, 3.96123, 3.96123, 3.96123, 3.96123, 3.96123, 3.96123, 3.96123, 3.96123, 3.96123, 3.96123, 3.96123, 3.96123
11.8362, 6.99257, 4.41992, 3.94691, 2.99876, 2.57264, 0, 4.41992, 3.94691, 3.94691, 3.94691, 3.94691, 3.94691, 3.94691, 3.94691, 3.94691, 3.94691, 3.94691, 3.94691, 3.94691, 3.94691, 3.94691, 3.94691, 3.94691, 3.94691, 3.94691, 3.94691, 3.94691, 3.94691, 3.94691, 3.94691
11.8441, 8.55118, 4.43387, 3.93109, 3.24826, 4.11731, 0, 4.43386, 3.93109, 3.93109, 3.93109, 3.93109, 3.93109, 3.93109, 3.93109, 3.93109, 3.93109, 3.93109, 3.93109, 3.93109, 3.93109, 3.93109, 3.93109, 3.93109, 3.93109, 3.93109, 3.93109, 3.93109, 3.93109, 3.93109, 3.93109
11.852, 6.76853, 4.44517, 3.91455, 2.96117, 2.32335, 0, 4.44517, 3.91455, 3.91455, 3.91455, 3.91455, 3.91455, 3.91455, 3.91455, 3.91455, 3.91455, 3.91455, 3.91455, 3.91455, 3.91455, 3.91455, 3.91455, 3.91455, 3.91455, 3.91455, 3.91455, 3.91455, 3.91455, 3.91455, 3.91455
11.8598, 2.10569, 4.45409, 3.89805, 2.02625, -2.3484, 0, 4.45408, 3.89805, 3.89805, 3.89805, 3.89805, 3.89805, 3.89805, 3.89805, 3.89805, 3.89805, 3.89805, 3.89805, 3.89805, 3.89805, 3.89805, 3.89805, 3.89805, 3.89805, 3.89805, 3.89805, 3.89805, 3.89805, 3.89805, 3.89805
11.8677, 3.54599, 4.46447, 3.88591, 2.35499, -0.918482, 0, 4.46447, 3.88591, 3.88591, 3.88591, 3.88591, 3.88591, 3.88591, 3.88591, 3.88591, 3.88591, 3.88591, 3.88591, 3.88591, 3.88591, 3.88591, 3.88591, 3.88591, 3.88591, 3.88591, 3.88591, 3.88591, 3.88591, 3.88591, 3.88591
11.8755, 3.99257, 4.46951, 3.87177, 2.44797, -0.476945, 0, 4.46951, 3.87177, 3.87177, 3.87177, 3.87177, 3.87177, 3.87177, 3.87177, 3.87177, 3.87177, 3.87177, 3.87177, 3.87177, 3.87177, 3.87177, 3.87177, 3.87177, 3.87177, 3.87177, 3.87178, 3.87177, 3.87177, 3.87177, 3.87177
11.8834, 4.44721, 4.469, 3.85582, 2.53914, -0.0217867, 0, 4.469, 3.85582, 3.85582, 3.85582, 3.85582, 3.85582, 3.85582, 3.85582, 3.85582, 3.85582, 3.85582, 3.85582, 3.85582, 3.85582, 3.85582, 3.85582, 3.85582, 3.85582, 3.85582, 3.85582, 3.85582, 3.85582, 3.85582, 3.85582
11.8913, 3.45192, 4.46355, 3.83898, 2.33493, -1.01163, 0, 4.46355, 3.83898, 3.83898, 3.83898, 3.83898, 3.83898, 3.83898, 3.83898, 3.83898, 3.83898, 3.83898, 3.83898, 3.83898, 3.83898, 3.83898, 3.83898, 3.83898, 3.83898, 3.83898, 3.83898, 3.83898, 3.83898, 3.83898, 3.83898
11.8991, 3.53841, 4.45385, 3.82217, 2.35338, -0.915438, 0, 4.45385, 3.82217, 3.82217, 3.82217, 3.82217, 3.82217, 3.82217, 3.82217, 3.82217, 3.82217, 3.82217, 3.82217, 3.82217, 3.82217, 3.82217, 3.82217, 3.82217, 3.82217, 3.82217, 3.82217, 3.82217, 3.82217, 3.82217, 3.82217
11.907, 4.45669, 4.44509, 3.81073, 2.541, 0.0116005, 0, 4.44508, 3.81073, 3.81073, 3.81073, 3.81073, 3.81073, 3.81073, 3.81073, 3.81073, 3.81073, 3.81073, 3.81073, 3.81073, 3.81073, 3.81073, 3.81073, 3.81073, 3.81073, 3.81073, 3.81073, 3.81073, 3.81073, 3.81073, 3.81073
11.9149, 3.53365, 4.42946, 3.79692, 2.35237, -0.895813, 0, 4.42946, 3.79692, 3.79692, 3.79692, 3.79692, 3.79692, 3.79692, 3.79692, 3.79692, 3.79692, 3.79692, 3.79692, 3.79692, 3.79692, 3.79692, 3.79692, 3.79692, 3.79692, 3.79692, 3.79692, 3.79692, 3.79692, 3.79692, 3.79692
11.9227, 5.59579, 4.40725, 3.78098, 2.75605, 1.18854, 0, 4.40724, 3.78098, 3.78098, 3.78098, 3.78098, 3.78098, 3.78098, 3.78098, 3.78098, 3.78098, 3.78098, 3.78098, 3.78098, 3.78098, 3.78098, 3.78098, 3.78098, 3.78098, 3.78098, 3.78098, 3.78098, 3.78098, 3.78098, 3.78098
11.9306, 9.39455, 4.37967, 3.76399, 3.37558, 5.01488, 0, 4.37966, 3.76399, 3.76399, 3.76399, 3.76399, 3.76399, 3.76399, 3.76399, 3.76399, 3.76399, 3.76399, 3.76399, 3.76399, 3.76399, 3.76399, 3.76399, 3.76399, 3.76399, 3.76399, 3.76399, 3.76399, 3.76399, 3.76399, 3.76399
11.9385, 3.52416, 4.34803, 3.74704, 2.35035, -0.823865, 0, 4.34803, 3.74704, 3.74704, 3.74704, 3.74704, 3.74704, 3.74704, 3.74704, 3.74704, 3.74704, 3.74704, 3.74704, 3.74704, 3.74704, 3.74704, 3.74704, 3.74704, 3.74704, 3.74704, 3.74704, 3.74704, 3.74704, 3.74704, 3.74704
11.9463, 3.99257, 4.31868, 3.73617, 2.44797, -0.326111, 0, 4.31868, 3.73617, 3.73617, 3.73617, 3.73617, 3.73617, 3.73617, 3.73617, 3.73617, 3.73617, 3.73617, 3.73617, 3.73617, 3.73617, 3.73617, 3.73617, 3.73617, 3.73617, 3.73617, 3.73617, 3.73617, 3.73617, 3.73617, 3.73617
11.9542, 1.94486, 4.28318, 3.72258, 1.98617, -2.33833, 0, 4.28318, 3.72258, 3.72258, 3.72258, 3.72258, 3.72258, 3.72258, 3.72258, 3.72258, 3.72258, 3.72258, 3.72258, 3.72258, 3.72258, 3.72258, 3.72258, 3.72258, 3.72258, 3.72258, 3.72258, 3.72258, 3.72258, 3.72258, 3.72258
11.9621, 5.5627, 4.24227, 3.70656, 2.75004, 1.32043, 0, 4.24227, 3.70656, 3.70656, 3.70656, 3.70656, 3.70656, 3.70656, 3.70656, 3.70656, 3.70656, 3.70656, 3.70656, 3.70656, 3.70656, 3.70656, 3.70656, 3.70656, 3.70656, 3.70656, 3.70656, 3.70656, 3.70656, 3.70656, 3.70656
11.9699, 4.4324, 4.19765, 3.68935, 2.53622, 0.234755, 0, 4.19765, 3.68935, 3.68935, 3.68935, 3.68935, 3.68935, 3.68935, 3.68935, 3.68935, 3.68935, 3.68935, 3.68935, 3.68935, 3.68935, 3.68935, 3.68935, 3.68935, 3.68935, 3.68935, 3.68935, 3.68935, 3.68935, 3.68935, 3.68935
11.9778, 9.0645, 4.15106, 3.67218, 3.32633, 4.91344, 0, 4.15106, 3.67218, 3.67218, 3.67218, 3.67218, 3.67218, 3.67218, 3.67218, 3.67218, 3.67218, 3.67218, 3.67218, 3.67218, 3.67218, 3.67218, 3.67218, 3.67218, 3.67218, 3.67218, 3.67218, 3.67218, 3.67218, 3.67218, 3.67218
11.9857, 3.93073, 4.10997, 3.66199, 2.43531, -0.179235, 0, 4.10997, 3.66199, 3.66199, 3.66199, 3.66199, 3.66199, 3.66199, 3.66199, 3.66199, 3.66199, 3.66199, 3.66199, 3.66199, 3.66199, 3.66199, 3.66199, 3.66199, 3.66199, 3.66199, 3.66199, 3.66199, 3.66199, 3.66199, 3.66199
11.9935, 3.48563, 4.06482, 3.64872, 2.34214, -0.579196, 0, 4.06482, 3.64872, 3.64872, 3.64872, 3.64872, 3.64872, 3.64872, 3.64872, 3.64872, 3.64872, 3.64872, 3.64872, 3.64872, 3.64872, 3.64872, 3.64872, 3.64872, 3.64872, 3.64872, 3.64872, 3.64872, 3.64872, 3.64872, 3.64872
12.0014, 5.01933, 4.01649, 3.63271, 2.6494, 1.00285, 0, 4.01648, 3.63271, 3.63271, 3.63271, 3.63271, 3.63271, 3.63271, 3.63271, 3.63271, 3.63271, 3.63271, 3.63271, 3.63271, 3.63271, 3.63271, 3.63271, 3.63271, 3.63271, 3.63271, 3.63272, 3.63271, 3.63271, 3.63271, 3.63271
12.0092, 4.99504, 3.96682, 3.61537, 2.64481, 1.02823, 0, 3.96682, 3.61537, 3.61537, 3.61537, 3.61537, 3.61537, 3.61537, 3.61537, 3.61537, 3.61537, 3.61537, 3.61537, 3.61537, 3.61537, 3.61537, 3.61537, 3.61537, 3.61537, 3.61537, 3.61538, 3.61537, 3.61537, 3.61537, 3.61537
12.0171, 3.99492, 3.91764, 3.59808, 2.44845, 0.0772758, 0, 3.91764, 3.59808, 3.59808, 3.59808, 3.59808, 3.59808, 3.59808, 3.59808, 3.59808, 3.59808, 3.59808, 3.59808, 3.59808, 3.59808, 3.59808, 3.59808, 3.59808, 3.59808, 3.59808, 3.59808, 3.59808, 3.59808, 3.59808, 3.59808
12.025, 4.99542, 3.877, 3.58848, 2.64488, 1.11841, 0, 3.877, 3.58848, 3.58848, 3.58848, 3.58848, 3.58848, 3.58848, 3.58848, 3.58848, 3.58848, 3.58848, 3.58848, 3.58848, 3.58848, 3.58848, 3.58848, 3.58848, 3.58848, 3.58848, 3.58848, 3.58848, 3.58848, 3.58848, 3.58848
12.0328, 1.49517, 3.83412, 3.57547, 1.86954, -2.33896, 0, 3.83412, 3.57547, 3.57547, 3.57547, 3.57547, 3.57547, 3.57547, 3.57547, 3.57547, 3.57547, 3.57547, 3.57547, 3.57547, 3.57547, 3.57547, 3.57547, 3.57547, 3.57547, 3.57547, 3.57547, 3.57547, 3.57547, 3.57547, 3.57547
12.0407, 3.98711, 3.78969, 3.55945, 2.44686, 0.197424, 0, 3.78969, 3.55945, 3.55945, 3.55945, 3.55945, 3.55945, 3.55945, 3.55945, 3.55945, 3.55945, 3.55945, 3.55945, 3.55945, 3.55945, 3.55945, 3.55945, 3.55945, 3.55945, 3.55945, 3.55945, 3.55945, 3.55945, 3.55945, 3.55945
12.0486, 4.99851, 3.74545, 3.54195, 2.64547, 1.25307, 0, 3.74545, 3.54195, 3.54195, 3.54195, 3.54195, 3.54195, 3.54195, 3.54195, 3.54195, 3.54195, 3.54195, 3.54195, 3.54195, 3.54195, 3.54195, 3.54195, 3.54195, 3.54195, 3.54195, 3.54196, 3.54195, 3.54195, 3.54195, 3.54195
12.0564, 5.49988, 3.70308, 3.5245, 2.73859, 1.7968, 0, 3.70308, 3.5245, 3.5245, 3.5245, 3.5245, 3.5245, 3.5245, 3.5245, 3.5245, 3.5245, 3.5245, 3.5245, 3.5245, 3.5245, 3.5245, 3.5245, 3.5245, 3.5245, 3.5245, 3.5245, 3.5245, 3.5245, 3.5245, 3.5245
12.0643, 4.50483, 3.67116, 3.51555, 2.55046, 0.833672, 0, 3.67116, 3.51555, 3.51555, 3.51555, 3.51555, 3.51555, 3.51555, 3.51555, 3.51555, 3.51555, 3.51555, 3.51555, 3.51555, 3.51555, 3.51555, 3.51555, 3.51555, 3.51555, 3.51555, 3.51555, 3.51555, 3.51555, 3.51555, 3.51555
12.0722, 3.97373, 3.63748, 3.50284, 2.44412, 0.336245, 0, 3.63748, 3.50284, 3.50284, 3.50284, 3.50284, 3.50284, 3.50284, 3.50284, 3.50284, 3.50284, 3.50284, 3.50284, 3.50284, 3.50284, 3.50284, 3.50284, 3.50284, 3.50284, 3.50284, 3.50285, 3.50284, 3.50284, 3.50284, 3.50284
12.08, 8.0215, 3.60252, 3.48685, 3.16568, 4.41898, 0, 3.60252, 3.48685, 3.48685, 3.48685, 3.48685, 3.48685, 3.48685, 3.48685, 3.48685, 3.48685, 3.48685, 3.48685, 3.48685, 3.48685, 3.48685, 3.48685, 3.48685, 3.48685, 3.48685, 3.48685, 3.48685, 3.48685, 3.48685, 3.48685
12.0879, 4.44616, 3.56791, 3.46924, 2.53893, 0.878244, 0, 3.56791, 3.46924, 3.46924, 3.46924, 3.46924, 3.46924, 3.46924, 3.46924, 3.46924, 3.46924, 3.46924, 3.46924, 3.46924, 3.46924, 3.46924, 3.46924, 3.46924, 3.46924, 3.46924, 3.46925, 3.46924, 3.46924, 3.46924, 3.46924
12.0958, 5.54907, 3.53525, 3.45168, 2.74756, 2.01382, 0, 3.53525, 3.45168, 3.45168, 3.45168, 3.45168, 3.45168, 3.45168, 3.45168, 3.45168, 3.45168, 3.45168, 3.45168, 3.45168, 3.45168, 3.45168, 3.45168, 3.45168, 3.45168, 3.45168, 3.45168, 3.45168, 3.45168, 3.45168, 3.45168
12.1036, 1.9539, 3.51377, 3.44349, 1.98844, -1.55987, 0, 3.51377, 3.44349, 3.44349, 3.44349, 3.44349, 3.44349, 3.44349, 3.44349, 3.44349, 3.44349, 3.44349, 3.44349, 3.44349, 3.44349, 3.44349, 3.44349, 3.44349, 3.44349, 3.44349, 3.44349, 3.44349, 3.44349, 3.44349, 3.44349
12.1115, 4.94461, 3.48983, 3.43114, 2.63526, 1.45478, 0, 3.48983, 3.43114, 3.43114, 3.43114, 3.43114, 3.43114, 3.43114, 3.43114, 3.43114, 3.43114, 3.43114, 3.43114, 3.43114, 3.43114, 3.43114, 3.43114, 3.43114, 3.43114, 3.43114, 3.43114, 3.43114, 3.43114, 3.43114, 3.43114
12.1194, 5.56778, 3.46381, 3.41515, 2.75096, 2.10397, 0, 3.46381, 3.41515, 3.41515, 3.41515, 3.41515, 3.41515, 3.41515, 3.41515, 3.41515, 3.41515, 3.41515, 3.41515, 3.41515, 3.41515, 3.41515, 3.41515, 3.41515, 3.41515, 3.41515, 3.41515, 3.41515, 3.41515, 3.41515, 3.41515
12.1272, 7.99493, 3.43743, 3.39736, 3.16148, 4.5575, 0, 3.43743, 3.39736, 3.39736, 3.39736, 3.39736, 3.39736, 3.39736, 3.39736, 3.39736, 3.39736, 3.39736, 3.39736, 3.39736, 3.39736, 3.39736, 3.39736, 3.39736, 3.39736, 3.39736, 3.39736, 3.39736, 3.39736, 3.39736, 3.39736
12.1351, 3.99516, 3.41238, 3.37962, 2.4485, 0.582784, 0, 3.41237, 3.37962, 3.37962, 3.37962, 3.37962, 3.37962, 3.37962, 3.37962, 3.37962, 3.37962, 3.37962, 3.37962, 3.37962, 3.37962, 3.37962, 3.37962, 3.37962, 3.37962, 3.37962, 3.37962, 3.37962, 3.37962, 3.37962, 3.37962
12.1429, 2.52912, 3.39948, 3.37289, 2.12817, -0.870361, 0, 3.39948, 3.37289, 3.37289, 3.37289, 3.37289, 3.37289, 3.37289, 3.37289, 3.37289, 3.37289, 3.37289, 3.37289, 3.37289, 3.37289, 3.37289, 3.37289, 3.37289, 3.37289, 3.37289, 3.37289, 3.37289, 3.37289, 3.37289, 3.37289
12.1508, 3.53383, 3.38256, 3.36113, 2.35241, 0.151271, 0, 3.38256, 3.36113, 3.36113, 3.36113, 3.36113, 3.36113, 3.36113, 3.36113, 3.36113, 3.36113, 3.36113, 3.36113, 3.36113, 3.36113, 3.36113, 3.36113, 3.36113, 3.36113, 3.36113, 3.36113, 3.36113, 3.36113, 3.36113, 3.36113
12.1587, 1.92268, 3.36211, 3.34496, 1.98057, -1.43943, 0, 3.3621, 3.34496, 3.34496, 3.34496, 3.34496, 3.34496, 3.34496, 3.34496, 3.34496, 3.34496, 3.34496, 3.34496, 3.34496, 3.34496, 3.34496, 3.34496, 3.34496, 3.34496, 3.34496, 3.34496, 3.34496, 3.34496, 3.34496, 3.34496
12.1665, 2.99529, 3.34024, 3.32661, 2.23501, -0.344952, 0, 3.34024, 3.32661, 3.32661, 3.32661, 3.32661, 3.32661, 3.32661, 3.32661, 3.32661, 3.32661, 3.32661, 3.32661, 3.32661, 3.32661, 3.32661, 3.32661, 3.32661, 3.32661, 3.32661, 3.32662, 3.32661, 3.32661, 3.32661, 3.32661
12.1744, 2.99504, 3.31908, 3.30832, 2.23496, -0.324035, 0, 3.31908, 3.30832, 3.30832, 3.30832, 3.30832, 3.30832, 3.30832, 3.30832, 3.30832, 3.30832, 3.30832, 3.30832, 3.30832, 3.30832, 3.30832, 3.30832, 3.30832, 3.30832, 3.30832, 3.30833, 3.30832, 3.30832, 3.30832, 3.30832
12.1823, 3.99529, 3.31885, 3.31042, 2.44853, 0.676445, 0, 3.31884, 3.31042, 3.31042, 3.31042, 3.31042, 3.31042, 3.31042, 3.31042, 3.31042, 3.31042, 3.31042, 3.31042, 3.31042, 3.31042, 3.31042, 3.31042, 3.31042, 3.31042, 3.31042, 3.31042, 3.31042, 3.31042, 3.31042, 3.31042
12.1901, 3.44692, 3.31335, 3.30679, 2.33386, 0.13357, 0, 3.31335, 3.30679, 3.30679, 3.30679, 3.30679, 3.30679, 3.30679, 3.30679, 3.30679, 3.30679, 3.30679, 3.30679, 3.30679, 3.30679, 3.30679, 3.30679, 3.30679, 3.30679, 3.30679, 3.3068, 3.30679, 3.30679, 3.30679, 3.30679
12.198, 3.99236, 3.30306, 3.298, 2.44793, 0.689299, 0, 3.30306, 3.298, 3.298, 3.298, 3.298, 3.298, 3.298, 3.298, 3.298, 3.298, 3.298, 3.298, 3.298, 3.298, 3.298, 3.298, 3.298, 3.298, 3.298, 3.298, 3.298, 3.298, 3.298, 3.298
12.2059, 5.09926, 3.29052, 3.28663, 2.66444, 1.80874, 0, 3.29052, 3.28663, 3.28663, 3.28663, 3.28663, 3.28663, 3.28663, 3.28663, 3.28663, 3.28663, 3.28663, 3.28663, 3.28663, 3.28663, 3.28663, 3.28663, 3.28663, 3.28663, 3.28663, 3.28663, 3.28663, 3.28663, 3.28663, 3.28663
12.2137, 1.88662, 3.27825, 3.27528, 1.97145, -1.39163, 0, 3.27824, 3.27528, 3.27528, 3.27528, 3.27528, 3.27528, 3.27528, 3.27528, 3.27528, 3.27528, 3.27528, 3.27528, 3.27528, 3.27528, 3.27528, 3.27528, 3.27528, 3.27528, 3.27528, 3.27529, 3.27528, 3.27528, 3.27528, 3.27528
12.2216, 4.99257, 3.27801, 3.27577, 2.64435, 1.71456, 0, 3.27801, 3.27577, 3.27577, 3.27577, 3.27577, 3.27577, 3.27577, 3.27577, 3.27577, 3.27577, 3.27577, 3.27577, 3.27577, 3.27577, 3.27577, 3.27577, 3.27577, 3.27577, 3.27577, 3.27577, 3.27577, 3.27577, 3.27577, 3.27577
12.2295, 6.67398, 3.27323, 3.27155, 2.94516, 3.40075, 0, 3.27323, 3.27155, 3.27155, 3.27155, 3.27155, 3.27155, 3.27155, 3.27155, 3.27155, 3.27155, 3.27155, 3.27155, 3.27155, 3.27155, 3.27155, 3.27155, 3.27155, 3.27155, 3.27155, 3.27155, 3.27155, 3.27155, 3.27155, 3.27155
12.2373, 3.87449, 3.26445, 3.2632, 2.42373, 0.610037, 0, 3.26445, 3.2632, 3.2632, 3.2632, 3.2632, 3.2632, 3.2632, 3.2632, 3.2632, 3.2632, 3.2632, 3.2632, 3.2632, 3.2632, 3.2632, 3.2632, 3.2632, 3.2632, 3.2632, 3.2632, 3.2632, 3.2632, 3.2632, 3.2632
12.2452, 6.12551, 3.25373, 3.2528, 2.85053, 2.87179, 0, 3.25372, 3.2528, 3.2528, 3.2528, 3.2528, 3.2528, 3.2528, 3.2528, 3.2528, 3.2528, 3.2528, 3.2528, 3.2528, 3.2528, 3.2528, 3.2528, 3.2528, 3.2528, 3.2528, 3.2528, 3.2528, 3.2528, 3.2528, 3.2528
12.2531, 2.86493, 3.2431, 3.24241, 2.20566, -0.378165, 0, 3.24309, 3.24241, 3.24241, 3.24241, 3.24241, 3.24241, 3.24241, 3.24241, 3.24241, 3.24241, 3.24241, 3.24241, 3.24241, 3.24241, 3.24241, 3.24241, 3.24241, 3.24241, 3.24241, 3.24241, 3.24241, 3.24241, 3.24241, 3.24241
12.2609, 3.13507, 3.24276, 3.24225, 2.26607, -0.107687, 0, 3.24275, 3.24225, 3.24225, 3.24225, 3.24225, 3.24225, 3.24225, 3.24225, 3.24225, 3.24225, 3.24225, 3.24225, 3.24225, 3.24225, 3.24225, 3.24225, 3.24225, 3.24225, 3.24225, 3.24226, 3.24225, 3.24225, 3.24225, 3.24225
12.2688, 1.85502, 3.23807, 3.2377, 1.96342, -1.38305, 0, 3.23806, 3.2377, 3.2377, 3.2377, 3.2377, 3.2377, 3.2377, 3.2377, 3.2377, 3.2377, 3.2377, 3.2377, 3.2377, 3.2377, 3.2377, 3.2377, 3.2377, 3.2377, 3.2377, 3.2377, 3.2377, 3.2377, 3.2377, 3.2377
12.2766, 2.99554, 3.22956, 3.2293, 2.23507, -0.234026, 0, 3.22956, 3.2293, 3.2293, 3.2293, 3.2293, 3.2293, 3.2293, 3.2293, 3.2293, 3.2293, 3.2293, 3.2293, 3.2293, 3.2293, 3.2293, 3.2293, 3.2293, 3.2293, 3.2293, 3.2293, 3.2293, 3.2293, 3.2293, 3.2293
12.2845, 4.57224, 3.21918, 3.21899, 2.56364, 1.35306, 0, 3.21918, 3.21899, 3.21899, 3.21899, 3.21899, 3.21899, 3.21899, 3.21899, 3.21899, 3.21899, 3.21899, 3.21899, 3.21899, 3.21899, 3.21899, 3.21899, 3.21899, 3.21899, 3.21899, 3.21899, 3.21899, 3.21899, 3.21899, 3.21899
12.2924, 4.41784, 3.20883, 3.2087, 2.53335, 1.20901, 0, 3.20883, 3.2087, 3.2087, 3.2087, 3.2087, 3.2087, 3.2087, 3.2087, 3.2087, 3.2087, 3.2087, 3.2087, 3.2087, 3.2087, 3.2087, 3.2087, 3.2087, 3.2087, 3.2087, 3.2087, 3.2087, 3.2087, 3.2087, 3.2087
12.3002, 2.99544, 3.20823, 3.20813, 2.23505, -0.212797, 0, 3.20823, 3.20813, 3.20813, 3.20813, 3.20813, 3.20813, 3.20813, 3.20813, 3.20813, 3.20813, 3.20813, 3.20813, 3.20813, 3.20813, 3.20813, 3.20813, 3.20813, 3.20813, 3.20813, 3.20814, 3.20813, 3.20813, 3.20814, 3.20813
12.3081, 5.82588, 3.20354, 3.20347, 2.79748, 2.62234, 0, 3.20353, 3.20347, 3.20347, 3.20347, 3.20347, 3.20347, 3.20347, 3.20347, 3.20347, 3.20347, 3.20347, 3.20347, 3.20347, 3.20347, 3.20347, 3.20347, 3.20347, 3.20347, 3.20347, 3.20347, 3.20347, 3.20347, 3.20347, 3.20347
12.316, 3.75105, 3.19527, 3.19521, 2.39814, 0.555788, 0, 3.19526, 3.19521, 3.19521, 3.19521, 3.19521, 3.19521, 3.19521, 3.19521, 3.19521, 3.19521, 3.19521, 3.19521, 3.19521, 3.19521, 3.19521, 3.19521, 3.19521, 3.19521, 3.19521, 3.19521, 3.19521, 3.19521, 3.19522, 3.19521
12.3238, 2.40855, 3.18522, 3.18518, 2.09965, -0.776669, 0, 3.18521, 3.18518, 3.18518, 3.18518, 3.18518, 3.18518, 3.18518, 3.18518, 3.18518, 3.18518, 3.18518, 3.18518, 3.18518, 3.18518, 3.18518, 3.18518, 3.18518, 3.18518, 3.18518, 3.18518, 3.18518, 3.18518, 3.18518, 3.18518
12.3317, 3.58674, 3.17519, 3.17516, 2.36363, 0.411547, 0, 3.17518, 3.17516, 3.17516, 3.17516, 3.17516, 3.17516, 3.17516, 3.17516, 3.17516, 3.17516, 3.17516, 3.17516, 3.17516, 3.17516, 3.17516, 3.17516, 3.17516, 3.17516, 3.17516, 3.17516, 3.17516, 3.17516, 3.17517, 3.17516
12.3396, 3.80917, 3.17391, 3.17388, 2.41022, 0.635255, 0, 3.1739, 3.17388, 3.17388, 3.17388, 3.17388, 3.17388, 3.17388, 3.17388, 3.17388, 3.17388, 3.17388, 3.17388, 3.17388, 3.17388, 3.17388, 3.17388, 3.17388, 3.17388, 3.17388, 3.17389, 3.17388, 3.17388, 3.1739, 3.17388
12.3474, 5.99316, 3.16885, 3.16881, 2.82722, 2.82431, 0, 3.16883, 3.16881, 3.16881, 3.16881, 3.16881, 3.16881, 3.16881, 3.16881, 3.16881, 3.16881, 3.16881, 3.16881, 3.16881, 3.16881, 3.16881, 3.16881, 3.16881, 3.16881, 3.16881, 3.16882, 3.16881, 3.16881, 3.16883, 3.16881
12.3553, 7.59135, 3.16048, 3.16044, 3.09699, 4.43087, 0, 3.16045, 3.16044, 3.16044, 3.16044, 3.16044, 3.16044, 3.16044, 3.16044, 3.16044, 3.16044, 3.16044, 3.16044, 3.16044, 3.16044, 3.16044, 3.16044, 3.16044, 3.16044, 3.16044, 3.16044, 3.16044, 3.16044, 3.16047, 3.16044
12.3632, 2.59665, 3.15049, 3.15043, 2.14398, -0.553833, 0, 3.15044, 3.15043, 3.15043, 3.15043, 3.15043, 3.15043, 3.15043, 3.15043, 3.15043, 3.15043, 3.15043, 3.15043, 3.15043, 3.15043, 3.15043, 3.15043, 3.15043, 3.15043, 3.15043, 3.15043, 3.15043, 3.15043, 3.15048, 3.15043
12.371, 2.79021, 3.14051, 3.14044, 2.18865, -0.350303, 0, 3.14044, 3.14044, 3.14044, 3.14044, 3.14044, 3.14044, 3.14044, 3.14044, 3.14044, 3.14044, 3.14044, 3.14044, 3.14044, 3.14044, 3.14044, 3.14044, 3.14044, 3.14044, 3.14044, 3.14044, 3.14044, 3.14044, 3.14051, 3.14044
12.3789, 6.38637, 3.13876, 3.13865, 2.89592, 3.24761, 0, 3.13865, 3.13865, 3.13865, 3.13865, 3.13865, 3.13865, 3.13865, 3.13865, 3.13865, 3.13865, 3.13865, 3.13865, 3.13865, 3.13865, 3.13865, 3.13865, 3.13865, 3.13865, 3.13865, 3.13865, 3.13865, 3.13865, 3.13875, 3.13865
12.3868, 4.59913, 3.13358, 3.13342, 2.56888, 1.46555, 0, 3.13343, 3.13342, 3.13342, 3.13342, 3.13342, 3.13342, 3.13342, 3.13342, 3.13342, 3.13342, 3.13342, 3.13342, 3.13342, 3.13342, 3.13342, 3.13342, 3.13342, 3.13342, 3.13342, 3.13343, 3.13342, 3.13342, 3.13358, 3.13342
12.3946, 3.99294, 3.12546, 3.12523, 2.44805, 0.867479, 0, 3.12523, 3.12523, 3.12523, 3.12523, 3.12523, 3.12523, 3.12523, 3.12523, 3.12523, 3.12523, 3.12523, 3.12523, 3.12523, 3.12523, 3.12523, 3.12523, 3.12523, 3.12523, 3.12523, 3.12523, 3.12523, 3.12523, 3.12545, 3.12523
12.4025, 4.7658, 3.11589, 3.11556, 2.60111, 1.64991, 0, 3.11557, 3.11556, 3.11556, 3.11556, 3.11556, 3.11556, 3.11556, 3.11556, 3.11556, 3.11556, 3.11556, 3.11556, 3.11556, 3.11556, 3.11556, 3.11556, 3.11556, 3.11556, 3.11556, 3.11556, 3.11556, 3.11556, 3.11589, 3.11556
12.4103, 3.06691, 3.10638, 3.10591, 2.25098, -0.0394671, 0, 3.10591, 3.10591, 3.10591, 3.10591, 3.10591, 3.10591, 3.10591, 3.10591, 3.10591, 3.10591, 3.10591, 3.10591, 3.10591, 3.10591, 3.10591, 3.10591, 3.10591, 3.10591, 3.10591, 3.10591, 3.10591, 3.10591, 3.10638, 3.10591
12.4182, 3.14535, 3.10378, 3.1031, 2.26834, 0.0415766, 0, 3.1031, 3.1031, 3.1031, 3.1031, 3.1031, 3.1031, 3.1031, 3.1031, 3.1031, 3.1031, 3.1031, 3.1031, 3.1031, 3.1031, 3.1031, 3.1031, 3.1031, 3.1031, 3.1031, 3.1031, 3.1031, 3.1031, 3.10377, 3.1031
12.4261, 4.37187, 3.0983, 3.09734, 2.52426, 1.27357, 0, 3.09734, 3.09734, 3.09734, 3.09734, 3.09734, 3.09734, 3.09734, 3.09734, 3.09734, 3.09734, 3.09734, 3.09734, 3.09734, 3.09734, 3.09734, 3.09734, 3.09734, 3.09734, 3.09734, 3.09734, 3.09734, 3.09734, 3.09829, 3.09734
12.4339, 3.85973, 3.09041, 3.08905, 2.42069, 0.76932, 0, 3.08905, 3.08905, 3.08905, 3.08905, 3.08905, 3.08905, 3.08905, 3.08905, 3.08905, 3.08905, 3.08905, 3.08905, 3.08905, 3.08905, 3.08905, 3.08905, 3.08905, 3.08905, 3.08905, 3.08905, 3.08905, 3.08905, 3.0904, 3.08905
12.4418, 5.74684, 3.08141, 3.07951, 2.78331, 2.66543, 0, 3.07951, 3.07951, 3.07951, 3.07951, 3.07951, 3.07951, 3.07951, 3.07951, 3.07951, 3.07951, 3.07951, 3.07951, 3.07951, 3.07951, 3.07951, 3.07951, 3.07951, 3.07951, 3.07951, 3.07951, 3.07951, 3.07951, 3.08141, 3.07951
12.4497, 6.99257, 3.07264, 3.06998, 2.99876, 3.91993, 0, 3.06998, 3.06998, 3.06998, 3.06998, 3.06998, 3.06998, 3.06998, 3.06998, 3.06998, 3.06998, 3.06998, 3.06998, 3.06998, 3.06998, 3.06998, 3.06998, 3.06998, 3.06998, 3.06998, 3.06998, 3.06998, 3.06998, 3.07263, 3.06998
12.4575, 1.88364, 3.07004, 3.06636, 1.9707, -1.18639, 0, 3.06637, 3.06636, 3.06636, 3.06636, 3.06636, 3.06636, 3.06636, 3.06636, 3.06636, 3.06636, 3.06636, 3.06636, 3.06636, 3.06636, 3.06636, 3.06636, 3.06636, 3.06636, 3.06636, 3.06637, 3.06636, 3.06636, 3.07003, 3.06636
12.4654, 2.36729, 3.0654, 3.06036, 2.08981, -0.698111, 0, 3.06036, 3.06036, 3.06036, 3.06036, 3.06036, 3.06036, 3.06036, 3.06036, 3.06036, 3.06036, 3.06036, 3.06036, 3.06036, 3.06036, 3.06036, 3.06036, 3.06036, 3.06036, 3.06036, 3.06036, 3.06036, 3.06036, 3.06539, 3.06036
12.4733, 3.63271, 3.05919, 3.05232, 2.37333, 0.573529, 0, 3.05232, 3.05232, 3.05232, 3.05232, 3.05232, 3.05232, 3.05232, 3.05232, 3.05232, 3.05232, 3.05232, 3.05232, 3.05232, 3.05232, 3.05232, 3.05232, 3.05232, 3.05232, 3.05232, 3.05232, 3.05232, 3.05232, 3.05918, 3.05232
12.4811, 6.17546, 3.05256, 3.04328, 2.85928, 3.12291, 0, 3.04329, 3.04328, 3.04328, 3.04328, 3.04328, 3.04328, 3.04328, 3.04328, 3.04328, 3.04328, 3.04328, 3.04328, 3.04328, 3.04328, 3.04328, 3.04328, 3.04328, 3.04328, 3.04328, 3.04328, 3.04328, 3.04328, 3.05255, 3.04328
12.489, 7.18463, 3.0467, 3.03426, 3.03062, 4.13793, 0, 3.03426, 3.03426, 3.03426, 3.03426, 3.03426, 3.03426, 3.03426, 3.03426, 3.03426, 3.03426, 3.03426, 3.03426, 3.03426, 3.03426, 3.03426, 3.03426, 3.03426, 3.03426, 3.03426, 3.03426, 3.03426, 3.03426, 3.0467, 3.03426
12.4969, 2.6399, 3.04555, 3.02899, 2.15404, -0.405651, 0, 3.02899, 3.02899, 3.02899, 3.02899, 3.02899, 3.02899, 3.02899, 3.02899, 3.02899, 3.02899, 3.02899, 3.02899, 3.02899, 3.02899, 3.02899, 3.02899, 3.02899, 3.02899, 3.02899, 3.02899, 3.02899, 3.02899, 3.04555, 3.02899
12.5047, 1.35539, 3.04408, 3.02219, 1.83177, -1.68869, 0, 3.02219, 3.02219, 3.02219, 3.02219, 3.02219, 3.02219, 3.02219, 3.02219, 3.02219, 3.02219, 3.02219, 3.02219, 3.02219, 3.02219, 3.02219, 3.02219, 3.02219, 3.02219, 3.02219, 3.02219, 3.02219, 3.02219, 3.04408, 3.02219
12.5126, 2.70335, 3.04291, 3.0142, 2.16872, -0.339564, 0, 3.0142, 3.0142, 3.0142, 3.0142, 3.0142, 3.0142, 3.0142, 3.0142, 3.0142, 3.0142, 3.0142, 3.0142, 3.0142, 3.0142, 3.0142, 3.0142, 3.0142, 3.0142, 3.0142, 3.0142, 3.0142, 3.0142, 3.04291, 3.0142
12.5205, 4.394, 3.04299, 3.00562, 2.52864, 1.35101, 0, 3.00562, 3.00562, 3.00562, 3.00562, 3.00562, 3.00562, 3.00562, 3.00562, 3.00562, 3.00562, 3.00562, 3.00562, 3.00562, 3.00562, 3.00562, 3.00562, 3.00562, 3.00562, 3.00562, 3.00562, 3.00562, 3.00562, 3.04299, 3.00562
12.5283, 5.54727, 3.04533, 2.99705, 2.74723, 2.50194, 0, 2.99705, 2.99705, 2.99705, 2.99705, 2.99705, 2.99705, 2.99705, 2.99705, 2.99705, 2.99705, 2.99705, 2.99705, 2.99705, 2.99705, 2.99705, 2.99705, 2.99705, 2.99705, 2.99705, 2.99705, 2.99705, 2.99705, 3.04533, 2.99705
12.5362, 2.6912, 3.05216, 2.99025, 2.16592, -0.360959, 0, 2.99025, 2.99025, 2.99025, 2.99025, 2.99025, 2.99025, 2.99025, 2.99025, 2.99025, 2.99025, 2.99025, 2.99025, 2.99025, 2.99025, 2.99025, 2.99025, 2.99025, 2.99025, 2.99025, 2.99025, 2.99025, 2.99025, 3.05216, 2.99025
12.544, 2.68129, 3.06168, 2.98289, 2.16363, -0.380388, 0, 2.98289, 2.98289, 2.98289, 2.98289, 2.98289, 2.98289, 2.98289, 2.98289, 2.98289, 2.98289, 2.98289, 2.98289, 2.98289, 2.98289, 2.98289, 2.98289, 2.98289, 2.98289, 2.98289, 2.98289, 2.98289, 2.98289, 3.06167, 2.98289
12.5519, 5.9684, 3.07487, 2.97534, 2.82284, 2.89354, 0, 2.97534, 2.97534, 2.97534, 2.97534, 2.97534, 2.97534, 2.97534, 2.97534, 2.97534, 2.97534, 2.97534, 2.97534, 2.97534, 2.97534, 2.97534, 2.97534, 2.97534, 2.97534, 2.97534, 2.97534, 2.97534, 2.97534, 3.07486, 2.97534
12.5598, 2.33594, 3.09249, 2.9677, 2.08229, -0.756555, 0, 2.9677, 2.9677, 2.9677, 2.9677, 2.9677, 2.9677, 2.9677, 2.9677, 2.9677, 2.9677, 2.9677, 2.9677, 2.9677, 2.9677, 2.9677, 2.9677, 2.9677, 2.9677, 2.9677, 2.9677, 2.9677, 2.9677, 3.09249, 2.9677
12.5676, 1.99496, 3.11506, 2.95977, 1.99874, -1.1201, 0, 2.95977, 2.95977, 2.95977, 2.95977, 2.95977, 2.95977, 2.95977, 2.95977, 2.95977, 2.95977, 2.95977, 2.95977, 2.95977, 2.95977, 2.95977, 2.95977, 2.95977, 2.95977, 2.95977, 2.95977, 2.95977, 2.95977, 3.11505, 2.95977
12.5755, 4.99612, 3.14299, 2.95118, 2.64502, 1.85313, 0, 2.95118, 2.95118, 2.95118, 2.95118, 2.95118, 2.95118, 2.95118, 2.95118, 2.95118, 2.95118, 2.95118, 2.95118, 2.95118, 2.95118, 2.95118, 2.95118, 2.95118, 2.95118, 2.95118, 2.95118, 2.95118, 2.95118, 3.14299, 2.95118
12.5834, 5.9943, 3.17743, 2.94227, 2.82742, 2.81687, 0, 2.94227, 2.94227, 2.94227, 2.94227, 2.94227, 2.94227, 2.94227, 2.94227, 2.94227, 2.94227, 2.94227, 2.94227, 2.94227, 2.94227, 2.94227, 2.94227, 2.94227, 2.94227, 2.94227, 2.94227, 2.94227, 2.94227, 3.17743, 2.94227
12.5912, 2.66642, 3.21954, 2.93338, 2.16019, -0.553123, 0, 2.93338, 2.93338, 2.93338, 2.93338, 2.93338, 2.93338, 2.93338, 2.93338, 2.93338, 2.93338, 2.93338, 2.93338, 2.93338, 2.93338, 2.93338, 2.93338, 2.93338, 2.93338, 2.93338, 2.93338, 2.93338, 2.93338, 3.21954, 2.93338
12.5991, 2.65056, 3.27035, 2.92469, 2.15652, -0.619789, 0, 2.9247, 2.92469, 2.92469, 2.92469, 2.92469, 2.92469, 2.92469, 2.92469, 2.92469, 2.92469, 2.92469, 2.92469, 2.92469, 2.92469, 2.92469, 2.92469, 2.92469, 2.92469, 2.92469, 2.92469, 2.92469, 2.92469, 3.27034, 2.92469
12.607, 4.66865, 3.33016, 2.91574, 2.58237, 1.33849, 0, 2.91574, 2.91574, 2.91574, 2.91574, 2.91574, 2.91574, 2.91574, 2.91574, 2.91574, 2.91574, 2.91574, 2.91574, 2.91574, 2.91574, 2.91574, 2.91574, 2.91574, 2.91574, 2.91574, 2.91574, 2.91574, 2.91574, 3.33015, 2.91574
12.6148, 6.67373, 3.39998, 2.9068, 2.94512, 3.27375, 0, 2.9068, 2.9068, 2.9068, 2.9068, 2.9068, 2.9068, 2.9068, 2.9068, 2.9068, 2.9068, 2.9068, 2.9068, 2.9068, 2.9068, 2.9068, 2.9068, 2.9068, 2.9068, 2.9068, 2.9068, 2.9068, 2.9068, 3.39998, 2.9068
12.6227, 5.95527, 3.48129, 2.89874, 2.82051, 2.47397, 0, 2.89874, 2.89874, 2.89874, 2.89874, 2.89874, 2.89874, 2.89874, 2.89874, 2.89874, 2.89874, 2.89874, 2.89874, 2.89874, 2.89874, 2.89874, 2.89874, 2.89874, 2.89874, 2.89874, 2.89874, 2.89874, 2.89874, 3.48129, 2.89874
12.6306, 4.94, 3.57324, 2.89017, 2.63439, 1.36676, 0, 2.89017, 2.89017, 2.89017, 2.89017, 2.89017, 2.89017, 2.89017, 2.89017, 2.89017, 2.89017, 2.89017, 2.89017, 2.89017, 2.89017, 2.89017, 2.89017, 2.89017, 2.89017, 2.89017, 2.89017, 2.89017, 2.89017, 3.57323, 2.89017
12.6384, 6.41167, 3.67546, 2.88045, 2.90029, 2.73621, 0, 2.88045, 2.88045, 2.88045, 2.88045, 2.88045, 2.88045, 2.88045, 2.88045, 2.88045, 2.88045, 2.88045, 2.88045, 2.88045, 2.88045, 2.88045, 2.88045, 2.88045, 2.88045, 2.88045, 2.88045, 2.88045, 2.88045, 3.67546, 2.88045
12.6463, 4.6834, 3.78864, 2.87016, 2.58523, 0.894759, 0, 2.87017, 2.87016, 2.87016, 2.87016, 2.87016, 2.87016, 2.87016, 2.87016, 2.87016, 2.87016, 2.87016, 2.87016, 2.87016, 2.87016, 2.87016, 2.87016, 2.87016, 2.87016, 2.87016, 2.87016, 2.87016, 2.87016, 3.78863, 2.87016
12.6542, 4.23519, 3.91321, 2.85989, 2.49704, 0.321984, 0, 2.8599, 2.85989, 2.85989, 2.85989, 2.85989, 2.85989, 2.85989, 2.85989, 2.85989, 2.85989, 2.85989, 2.85989, 2.85989, 2.85989, 2.85989, 2.85989, 2.85989, 2.85989, 2.85989, 2.8599, 2.85989, 2.85989, 3.9132, 2.85989
12.662, 7.06704, 4.05216, 2.8531, 3.01115, 3.01488, 0, 2.8531, 2.8531, 2.8531, 2.8531, 2.8531, 2.8531, 2.8531, 2.8531, 2.8531, 2.8531, 2.8531, 2.8531, 2.8531, 2.8531, 2.8531, 2.8531, 2.8531, 2.8531, 2.8531, 2.8531, 2.8531, 2.8531, 4.05216, 2.8531
12.6699, 3.60471, 4.19946, 2.84452, 2.36743, -0.59475, 0, 2.84452, 2.84452, 2.84452, 2.84452, 2.84452, 2.84452, 2.84452, 2.84452, 2.84452, 2.84452, 2.84452, 2.84452, 2.84452, 2.84452, 2.84452, 2.84452, 2.84452, 2.84452, 2.84452, 2.84452, 2.84452, 2.84452, 4.19945, 2.84452
12.6777, 7.59432, 4.35405, 2.8342, 3.09747, 3.24027, 0, 2.83421, 2.8342, 2.8342, 2.8342, 2.8342, 2.8342, 2.8342, 2.8342, 2.8342, 2.8342, 2.8342, 2.8342, 2.8342, 2.8342, 2.8342, 2.8342, 2.8342, 2.8342, 2.8342, 2.83421, 2.8342, 2.8342, 4.35405, 2.8342
12.6856, 10.7863, 4.51539, 2.82303, 3.5758, 6.27096, 0, 2.82304, 2.82303, 2.82303, 2.82303, 2.82303, 2.82303, 2.82303, 2.82303, 2.82303, 2.82303, 2.82303, 2.82303, 2.82303, 2.82303, 2.82303, 2.82303, 2.82303, 2.82303, 2.82303, 2.82304, 2.82303, 2.82303, 4.51538, 2.82303
12.6935, 3.99529, 4.6825, 2.81189, 2.44853, -0.687213, 0, 2.81189, 2.81189, 2.81189, 2.81189, 2.81189, 2.81189, 2.81189, 2.81189, 2.81189, 2.81189, 2.81189, 2.81189, 2.81189, 2.81189, 2.81189, 2.81189, 2.81189, 2.81189, 2.81189, 2.81189, 2.81189, 2.81189, 4.6825, 2.81189
12.7013, 3.8798, 4.85826, 2.80569, 2.42483, -0.978462, 0, 2.8057, 2.80569, 2.80569, 2.80569, 2.80569, 2.80569, 2.80569, 2.80569, 2.80569, 2.80569, 2.80569, 2.80569, 2.80569, 2.80569, 2.80569, 2.80569, 2.80569, 2.80569, 2.80569, 2.8057, 2.80569, 2.80569, 4.85826, 2.80569
12.7092, 6.4031, 5.03312, 2.79736, 2.89881, 1.36998, 0, 2.79736, 2.79736, 2.79736, 2.79736, 2.79736, 2.79736, 2.79736, 2.79736, 2.79736, 2.79736, 2.79736, 2.79736, 2.79736, 2.79736, 2.79736, 2.79736, 2.79736, 2.79736, 2.79736, 2.79736, 2.79736, 2.79736, 5.03312, 2.79736
12.7171, 3.70273, 5.2045, 2.78699, 2.38804, -1.50178, 0, 2.78699, 2.78699, 2.78699, 2.78699, 2.78699, 2.78699, 2.78699, 2.78699, 2.78699, 2.78699, 2.78699, 2.78699, 2.78699, 2.78699, 2.78699, 2.78699, 2.78699, 2.78699, 2.78699, 2.78699, 2.78699, 2.78699, 5.2045, 2.78699
12.7249, 6.28278, 5.37062, 2.77562, 2.87798, 0.912158, 0, 2.77563, 2.77562, 2.77562, 2.77562, 2.77562, 2.77562, 2.77562, 2.77562, 2.77562, 2.77562, 2.77562, 2.77562, 2.77562, 2.77562, 2.77562, 2.77562, 2.77562, 2.77562, 2.77562, 2.77563, 2.77562, 2.77562, 5.37061, 2.77562
12.7328, 6.99331, 5.52953, 2.76428, 2.99888, 1.46378, 0, 2.76429, 2.76428, 2.76428, 2.76428, 2.76428, 2.76428, 2.76428, 2.76428, 2.76428, 2.76428, 2.76428, 2.76428, 2.76428, 2.76428, 2.76428, 2.76428, 2.76428, 2.76428, 2.76428, 2.76428, 2.76428, 2.76428, 5.52952, 2.76428
12.7407, 7.12441, 5.68362, 2.75839, 3.02066, 1.44079, 0, 2.75839, 2.75839, 2.75839, 2.75839, 2.75839, 2.75839, 2.75839, 2.75839, 2.75839, 2.75839, 2.75839, 2.75839, 2.75839, 2.75839, 2.75839, 2.75839, 2.75839, 2.75839, 2.75839, 2.75839, 2.75839, 2.75839, 5.68362, 2.75839
12.7485, 8.2995, 5.82199, 2.75001, 3.20928, 2.47751, 0, 2.75002, 2.75001, 2.75001, 2.75001, 2.75001, 2.75001, 2.75001, 2.75001, 2.75001, 2.75001, 2.75001, 2.75001, 2.75001, 2.75001, 2.75001, 2.75001, 2.75001, 2.75001, 2.75001, 2.75002, 2.75001, 2.75001, 5.82199, 2.75001
12.7564, 4.83234, 5.94205, 2.73936, 2.61387, -1.1097, 0, 2.73936, 2.73936, 2.73936, 2.73936, 2.73936, 2.73936, 2.73936, 2.73936, 2.73936, 2.73936, 2.73936, 2.73936, 2.73936, 2.73936, 2.73936, 2.73936, 2.73936, 2.73936, 2.73936, 2.73936, 2.73936, 2.73936, 5.94204, 2.73936
12.7643, 8.09294, 6.04233, 2.72758, 3.17694, 2.0506, 0, 2.72758, 2.72758, 2.72758, 2.72758, 2.72758, 2.72758, 2.72758, 2.72758, 2.72758, 2.72758, 2.72758, 2.72758, 2.72758, 2.72758, 2.72758, 2.72758, 2.72758, 2.72758, 2.72758, 2.72758, 2.72758, 2.72758, 6.04233, 2.72758
12.7721, 10.614, 6.12171, 2.71582, 3.55162, 4.4923, 0, 2.71582, 2.71582, 2.71582, 2.71582, 2.71582, 2.71582, 2.71582, 2.71582, 2.71582, 2.71582, 2.71582, 2.71582, 2.71582, 2.71582, 2.71582, 2.71582, 2.71582, 2.71582, 2.71582, 2.71582, 2.71582, 2.71582, 6.1217, 2.71582
12.78, 4.34806, 6.18461, 2.71038, 2.51954, -1.83655, 0, 2.71039, 2.71038, 2.71038, 2.71038, 2.71038, 2.71038, 2.71038, 2.71038, 2.71038, 2.71038, 2.71038, 2.71038, 2.71038, 2.71038, 2.71038, 2.71038, 2.71038, 2.71038, 2.71038, 2.71038, 2.71038, 2.71038, 6.18461, 2.71038
12.7879, 9.63744, 6.22052, 2.70219, 3.41137, 3.41692, 0, 2.70219, 2.70219, 2.70219, 2.70219, 2.70219, 2.70219, 2.70219, 2.70219, 2.70219, 2.70219, 2.70219, 2.70219, 2.70219, 2.70219, 2.70219, 2.70219, 2.70219, 2.70219, 2.70219, 2.70219, 2.70219, 2.70219, 6.22052, 2.70219
12.7957, 5.52441, 6.22881, 2.69152, 2.74307, -0.7044, 0, 2.69153, 2.69152, 2.69152, 2.69152, 2.69152, 2.69152, 2.69152, 2.69152, 2.69152, 2.69152, 2.69152, 2.69152, 2.69152, 2.69152, 2.69152, 2.69152, 2.69152, 2.69152, 2.69152, 2.69153, 2.69152, 2.69152, 6.22881, 2.69152
12.8036, 10.4615, 6.21034, 2.67964, 3.53008, 4.25112, 0, 2.67965, 2.67964, 2.67964, 2.67964, 2.67964, 2.67964, 2.67964, 2.67964, 2.67964, 2.67964, 2.67964, 2.67964, 2.67964, 2.67964, 2.67964, 2.67964, 2.67964, 2.67964, 2.67964, 2.67964, 2.67964, 2.67964, 6.21034, 2.67964
12.8115, 5.73135, 6.16654, 2.66779, 2.78053, -0.435185, 0, 2.66779, 2.66779, 2.66779, 2.66779, 2.66779, 2.66779, 2.66779, 2.66779, 2.66779, 2.66779, 2.66779, 2.66779, 2.66779, 2.66779, 2.66779, 2.66779, 2.66779, 2.66779, 2.66779, 2.66779, 2.66779, 2.66779, 6.16653, 2.66779
12.8193, 8.51252, 6.10446, 2.6623, 3.2423, 2.40805, 0, 2.66231, 2.6623, 2.6623, 2.6623, 2.6623, 2.6623, 2.6623, 2.6623, 2.6623, 2.6623, 2.6623, 2.6623, 2.6623, 2.6623, 2.6623, 2.6623, 2.6623, 2.6623, 2.6623, 2.66231, 2.6623, 2.6623, 6.10446, 2.6623
12.8272, 5.99108, 6.01616, 2.65402, 2.82685, -0.0250783, 0, 2.65402, 2.65402, 2.65402, 2.65402, 2.65402, 2.65402, 2.65402, 2.65402, 2.65402, 2.65402, 2.65402, 2.65402, 2.65402, 2.65402, 2.65402, 2.65402, 2.65402, 2.65402, 2.65402, 2.65402, 2.65402, 2.65402, 6.01615, 2.65402
12.835, 6.73606, 5.90363, 2.64323, 2.95568, 0.83243, 0, 2.64323, 2.64323, 2.64323, 2.64323, 2.64323, 2.64323, 2.64323, 2.64323, 2.64323, 2.64323, 2.64323, 2.64323, 2.64323, 2.64323, 2.64323, 2.64323, 2.64323, 2.64323, 2.64323, 2.64323, 2.64323, 2.64323, 5.90362, 2.64323
12.8429, 6.74095, 5.77029, 2.6312, 2.95651, 0.970665, 0, 2.63121, 2.6312, 2.6312, 2.6312, 2.6312, 2.6312, 2.6312, 2.6312, 2.6312, 2.6312, 2.6312, 2.6312, 2.6312, 2.6312, 2.6312, 2.6312, 2.6312, 2.6312, 2.6312, 2.63121, 2.6312, 2.6312, 5.77028, 2.6312
12.8508, 5.74616, 5.61983, 2.6192, 2.78319, 0.12633, 0, 2.61921, 2.6192, 2.6192, 2.6192, 2.6192, 2.6192, 2.6192, 2.6192, 2.6192, 2.6192, 2.6192, 2.6192, 2.6192, 2.6192, 2.6192, 2.6192, 2.6192, 2.6192, 2.6192, 2.61921, 2.6192, 2.6192, 5.61982, 2.6192
12.8586, 1.73767, 5.46148, 2.61373, 1.93331, -3.72381, 0, 2.61374, 2.61373, 2.61373, 2.61373, 2.61373, 2.61373, 2.61373, 2.61373, 2.61373, 2.61373, 2.61373, 2.61373, 2.61373, 2.61373, 2.61373, 2.61373, 2.61373, 2.61373, 2.61373, 2.61374, 2.61373, 2.61373, 5.46148, 2.61373
12.8665, 7.50186, 5.28888, 2.60551, 3.08251, 2.21298, 0, 2.60552, 2.60551, 2.60551, 2.60551, 2.60551, 2.60551, 2.60551, 2.60551, 2.60551, 2.60551, 2.60551, 2.60551, 2.60551, 2.60551, 2.60551, 2.60551, 2.60551, 2.60551, 2.60551, 2.60551, 2.60551, 2.60551, 5.28887, 2.60551
12.8744, 5.75328, 5.10525, 2.59483, 2.78447, 0.648031, 0, 2.59484, 2.59483, 2.59483, 2.59483, 2.59483, 2.59483, 2.59483, 2.59483, 2.59483, 2.59483, 2.59483, 2.59483, 2.59483, 2.59483, 2.59483, 2.59483, 2.59483, 2.59483, 2.59483, 2.59483, 2.59483, 2.59483, 5.10524, 2.59483
12.8822, 6.23705, 4.9148, 2.58293, 2.87003, 1.32225, 0, 2.58294, 2.58293, 2.58293, 2.58293, 2.58293, 2.58293, 2.58293, 2.58293, 2.58293, 2.58293, 2.58293, 2.58293, 2.58293, 2.58293, 2.58293, 2.58293, 2.58293, 2.58293, 2.58293, 2.58294, 2.58293, 2.58293, 4.91479, 2.58293
12.8901, 4.23238, 4.72164, 2.57107, 2.49647, -0.489262, 0, 2.57108, 2.57107, 2.57107, 2.57107, 2.57107, 2.57107, 2.57107, 2.57107, 2.57107, 2.57107, 2.57107, 2.57107, 2.57107, 2.57107, 2.57107, 2.57107, 2.57107, 2.57107, 2.57107, 2.57107, 2.57107, 2.57107, 4.72162, 2.57107
12.898, 4.52326, 4.53447, 2.56518, 2.55407, -0.0112071, 0, 2.5652, 2.56518, 2.56518, 2.56518, 2.56518, 2.56518, 2.56518, 2.56518, 2.56518, 2.56518, 2.56518, 2.56518, 2.56518, 2.56518, 2.56518, 2.56518, 2.56518, 2.56518, 2.56518, 2.56518, 2.56518, 2.56518, 4.53445, 2.56518
12.9058, 3.46196, 4.34721, 2.55677, 2.33708, -0.885257, 0, 2.55679, 2.55677, 2.55677, 2.55677, 2.55677, 2.55677, 2.55677, 2.55677, 2.55677, 2.55677, 2.55677, 2.55677, 2.55677, 2.55677, 2.55677, 2.55677, 2.55677, 2.55677, 2.55677, 2.55677, 2.55677, 2.55677, 4.34719, 2.55677
12.9137, 4.30335, 4.16245, 2.54614, 2.51065, 0.140893, 0, 2.54617, 2.54614, 2.54614, 2.54614, 2.54614, 2.54614, 2.54614, 2.54614, 2.54614, 2.54614, 2.54614, 2.54614, 2.54614, 2.54614, 2.54614, 2.54614, 2.54614, 2.54614, 2.54614, 2.54614, 2.54614, 2.54614, 4.16242, 2.54614
12.9216, 2, 3.98319, 2.53441, 2, -1.98319, 0, 2.53446, 2.53441, 2.53441, 2.53441, 2.53441, 2.53441, 2.53441, 2.53441, 2.53441, 2.53441, 2.53441, 2.53441, 2.53441, 2.53441, 2.53441, 2.53441, 2.53441, 2.53441, 2.53441, 2.53442, 2.53441, 2.53441, 3.98314, 2.53441
12.9294, 1.90012, 3.81212, 2.52272, 1.97487, -1.91199, 0, 2.52278, 2.52272, 2.52272, 2.52272, 2.52272, 2.52272, 2.52272, 2.52272, 2.52272, 2.52272, 2.52272, 2.52272, 2.52272, 2.52272, 2.52272, 2.52272, 2.52272, 2.52272, 2.52272, 2.52272, 2.52272, 2.52272, 3.81205, 2.52272
12.9373, 6.54523, 3.65583, 2.51639, 2.92322, 2.8894, 0, 2.51648, 2.51639, 2.51639, 2.51639, 2.51639, 2.51639, 2.51639, 2.51639, 2.51639, 2.51639, 2.51639, 2.51639, 2.51639, 2.51639, 2.51639, 2.51639, 2.51639, 2.51639, 2.51639, 2.51639, 2.51639, 2.51639, 3.65574, 2.51639
12.9452, 1.99529, 3.50774, 2.50791, 1.99882, -1.51245, 0, 2.50803, 2.50791, 2.50791, 2.50791, 2.50791, 2.50791, 2.50791, 2.50791, 2.50791, 2.50791, 2.50791, 2.50791, 2.50791, 2.50791, 2.50791, 2.50791, 2.50791, 2.50791, 2.50791, 2.50791, 2.50791, 2.50791, 3.50762, 2.50791
12.953, 2.21281, 3.36865, 2.4975, 2.05251, -1.15584, 0, 2.49767, 2.4975, 2.4975, 2.4975, 2.4975, 2.4975, 2.4975, 2.4975, 2.4975, 2.4975, 2.4975, 2.4975, 2.4975, 2.4975, 2.4975, 2.4975, 2.4975, 2.4975, 2.4975, 2.49751, 2.4975, 2.4975, 3.36848, 2.4975
12.9609, 3.56191, 3.23986, 2.48616, 2.35837, 0.322053, 0, 2.48638, 2.48616, 2.48616, 2.48616, 2.48616, 2.48616, 2.48616, 2.48616, 2.48616, 2.48616, 2.48616, 2.48616, 2.48616, 2.48616, 2.48616, 2.48616, 2.48616, 2.48616, 2.48616, 2.48616, 2.48616, 2.48616, 3.23964, 2.48616
12.9687, 4.63668, 3.12238, 2.47483, 2.57618, 1.5143, 0, 2.47513, 2.47483, 2.47483, 2.47483, 2.47483, 2.47483, 2.47483, 2.47483, 2.47483, 2.47483, 2.47483, 2.47483, 2.47483, 2.47483, 2.47483, 2.47483, 2.47483, 2.47483, 2.47483, 2.47483, 2.47483, 2.47483, 3.12208, 2.47483
12.9766, 5.99009, 3.02025, 2.46779, 2.82667, 2.96984, 0, 2.46818, 2.46779, 2.46779, 2.46779, 2.46779, 2.46779, 2.46779, 2.46779, 2.46779, 2.46779, 2.46779, 2.46779, 2.46779, 2.46779, 2.46779, 2.46779, 2.46779, 2.46779, 2.46779, 2.46779, 2.46779, 2.46779, 3.01985, 2.46779
12.9845, 5.40768, 2.92719, 2.4591, 2.72171, 2.48049, 0, 2.45962, 2.4591, 2.4591, 2.4591, 2.4591, 2.4591, 2.4591, 2.4591, 2.4591, 2.4591, 2.4591, 2.4591, 2.4591, 2.4591, 2.4591, 2.4591, 2.4591, 2.4591, 2.4591, 2.4591, 2.4591, 2.4591, 2.92667, 2.4591
12.9923, 6.16183, 2.84282, 2.44891, 2.85689, 3.31902, 0, 2.44959, 2.44891, 2.44891, 2.44891, 2.44891, 2.44891, 2.44891, 2.44891, 2.44891, 2.44891, 2.44891, 2.44891, 2.44891, 2.44891, 2.44891, 2.44891, 2.44891, 2.44891, 2.44891, 2.44891, 2.44891, 2.44891, 2.84213, 2.44891
13.0002, 2.99499, 2.76726, 2.43798, 2.23495, 0.227729, 0, 2.43887, 2.43798, 2.43798, 2.43798, 2.43798, 2.43798, 2.43798, 2.43798, 2.43798, 2.43798, 2.43798, 2.43798, 2.43798, 2.43798, 2.43798, 2.43798, 2.43798, 2.43798, 2.43798, 2.43798, 2.43798, 2.43798, 2.76637, 2.43798
13.0081, 4.99534, 2.70056, 2.42708, 2.64487, 2.29478, 0, 2.42824, 2.42708, 2.42708, 2.42708, 2.42708, 2.42708, 2.42708, 2.42708, 2.42708, 2.42708, 2.42708, 2.42708, 2.42708, 2.42708, 2.42708, 2.42708, 2.42708, 2.42708, 2.42708, 2.42708, 2.42708, 2.42708, 2.69941, 2.42708
13.0159, 1.99504, 2.64488, 2.41914, 1.99876, -0.649834, 0, 2.42063, 2.41914, 2.41914, 2.41914, 2.41914, 2.41914, 2.41914, 2.41914, 2.41914, 2.41914, 2.41914, 2.41914, 2.41914, 2.41914, 2.41914, 2.41914, 2.41914, 2.41914, 2.41914, 2.41914, 2.41914, 2.41914, 2.64339, 2.41914
13.0238, 3.60297, 2.5955, 2.41022, 2.36706, 1.00748, 0, 2.41212, 2.41022, 2.41022, 2.41022, 2.41022, 2.41022, 2.41022, 2.41022, 2.41022, 2.41022, 2.41022, 2.41022, 2.41022, 2.41022, 2.41022, 2.41022, 2.41022, 2.41022, 2.41022, 2.41022, 2.41022, 2.41022, 2.5936, 2.41022
13.0317, 2.77522, 2.55169, 2.40037, 2.18523, 0.223526, 0, 2.40278, 2.40037, 2.40037, 2.40037, 2.40037, 2.40037, 2.40037, 2.40037, 2.40037, 2.40037, 2.40037, 2.40037, 2.40037, 2.40037, 2.40037, 2.40037, 2.40037, 2.40037, 2.40037, 2.40038, 2.40037, 2.40037, 2.54928, 2.40037
13.0395, 5.60744, 2.51319, 2.39007, 2.75816, 3.09425, 0, 2.3931, 2.39007, 2.39007, 2.39007, 2.39007, 2.39007, 2.39007, 2.39007, 2.39007, 2.39007, 2.39007, 2.39007, 2.39007, 2.39007, 2.39007, 2.39007, 2.39007, 2.39007, 2.39007, 2.39007, 2.39007, 2.39007, 2.51016, 2.39007
13.0474, 2.8062, 2.47976, 2.37979, 2.1923, 0.326435, 0, 2.38358, 2.37979, 2.37979, 2.37979, 2.37979, 2.37979, 2.37979, 2.37979, 2.37979, 2.37979, 2.37979, 2.37979, 2.37979, 2.37979, 2.37979, 2.37979, 2.37979, 2.37979, 2.37979, 2.3798, 2.37979, 2.37979, 2.47597, 2.37979
13.0553, 3.81115, 2.45113, 2.36991, 2.41063, 1.36003, 0, 2.37462, 2.36991, 2.36991, 2.36991, 2.36991, 2.36991, 2.36991, 2.36991, 2.36991, 2.36991, 2.36991, 2.36991, 2.36991, 2.36991, 2.36991, 2.36991, 2.36991, 2.36991, 2.36991, 2.36992, 2.36991, 2.36991, 2.44642, 2.36991
13.0631, 1.18412, 2.42586, 2.3596, 1.78441, -1.24175, 0, 2.36539, 2.3596, 2.3596, 2.3596, 2.3596, 2.3596, 2.3596, 2.3596, 2.3596, 2.3596, 2.3596, 2.3596, 2.3596, 2.3596, 2.3596, 2.3596, 2.3596, 2.3596, 2.3596, 2.3596, 2.3596, 2.3596, 2.42007, 2.3596
13.071, 3.54203, 2.40343, 2.34885, 2.35415, 1.1386, 0, 2.35594, 2.34885, 2.34885, 2.34885, 2.34885, 2.34885, 2.34885, 2.34885, 2.34885, 2.34885, 2.34885, 2.34885, 2.34885, 2.34885, 2.34885, 2.34885, 2.34885, 2.34885, 2.34885, 2.34885, 2.34885, 2.34885, 2.39635, 2.34885
13.0789, 4.27385, 2.38324, 2.33753, 2.50477, 1.89062, 0, 2.34614, 2.33753, 2.33753, 2.33753, 2.33753, 2.33753, 2.33753, 2.33753, 2.33753, 2.33753, 2.33753, 2.33753, 2.33753, 2.33753, 2.33753, 2.33753, 2.33753, 2.33753, 2.33753, 2.33753, 2.33753, 2.33753, 2.37463, 2.33753
13.0867, 2.17683, 2.36498, 2.32576, 2.04373, -0.188154, 0, 2.33613, 2.32576, 2.32576, 2.32576, 2.32576, 2.32576, 2.32576, 2.32576, 2.32576, 2.32576, 2.32576, 2.32576, 2.32576, 2.32576, 2.32576, 2.32576, 2.32576, 2.32576, 2.32576, 2.32576, 2.32576, 2.32576, 2.35461, 2.32576
13.0946, 1.99765, 2.34857, 2.31377, 1.99941, -0.350926, 0, 2.32619, 2.31377, 2.31377, 2.31377, 2.31377, 2.31377, 2.31377, 2.31377, 2.31377, 2.31377, 2.31377, 2.31377, 2.31377, 2.31377, 2.31377, 2.31377, 2.31377, 2.31377, 2.31377, 2.31377, 2.31377, 2.31377, 2.33615, 2.31377
13.1024, 0.997646, 2.33396, 2.30181, 1.73137, -1.33631, 0, 2.31657, 2.30181, 2.30181, 2.30181, 2.30181, 2.30181, 2.30181, 2.30181, 2.30181, 2.30181, 2.30181, 2.30181, 2.30181, 2.30181, 2.30181, 2.30181, 2.30181, 2.30181, 2.30181, 2.30182, 2.30181, 2.30181, 2.3192, 2.30181
13.1103, 2.9975, 2.32658, 2.29556, 2.23551, 0.67092, 0, 2.31297, 2.29556, 2.29556, 2.29556, 2.29556, 2.29556, 2.29556, 2.29556, 2.29556, 2.29556, 2.29556, 2.29556, 2.29556, 2.29556, 2.29556, 2.29556, 2.29556, 2.29556, 2.29556, 2.29556, 2.29556, 2.29556, 2.30917, 2.29556
13.1182, 2.83038, 2.32055, 2.28931, 2.19781, 0.509832, 0, 2.30971, 2.28931, 2.28931, 2.28931, 2.28931, 2.28931, 2.28931, 2.28931, 2.28931, 2.28931, 2.28931, 2.28931, 2.28931, 2.28931, 2.28931, 2.28931, 2.28931, 2.28931, 2.28931, 2.28931, 2.28931, 2.28931, 2.30015, 2.28931
13.126, 0.164808, 2.31571, 2.28307, 1.47133, -2.1509, 0, 2.30679, 2.28307, 2.28307, 2.28307, 2.28307, 2.28307, 2.28307, 2.28307, 2.28307, 2.28307, 2.28307, 2.28307, 2.28307, 2.28307, 2.28307, 2.28307, 2.28307, 2.28307, 2.28307, 2.28308, 2.28307, 2.28307, 2.29199, 2.28307
13.1339, 3.15985, 2.31196, 2.27684, 2.27153, 0.847892, 0, 2.30423, 2.27684, 2.27684, 2.27684, 2.27684, 2.27684, 2.27684, 2.27684, 2.27684, 2.27684, 2.27684, 2.27684, 2.27684, 2.27684, 2.27684, 2.27684, 2.27684, 2.27684, 2.27684, 2.27685, 2.27684, 2.27684, 2.28457, 2.27684
13.1418, 1.99529, 2.3092, 2.27062, 1.99882, -0.313912, 0, 2.30202, 2.27062, 2.27062, 2.27062, 2.27062, 2.27062, 2.27062, 2.27062, 2.27062, 2.27062, 2.27062, 2.27062, 2.27062, 2.27062, 2.27062, 2.27062, 2.27062, 2.27062, 2.27062, 2.27063, 2.27062, 2.27062, 2.2778, 2.27062
13.1496, 2.99529, 2.30738, 2.26441, 2.23501, 0.687906, 0, 2.30015, 2.26441, 2.26441, 2.26441, 2.26441, 2.26441, 2.26441, 2.26441, 2.26441, 2.26441, 2.26441, 2.26441, 2.26441, 2.26441, 2.26441, 2.26441, 2.26441, 2.26441, 2.26441, 2.26441, 2.26441, 2.26441, 2.27164, 2.26441
13.1575, 2.8399, 2.30647, 2.25821, 2.19998, 0.53343, 0, 2.2986, 2.25821, 2.25821, 2.25821, 2.25821, 2.25821, 2.25821, 2.25821, 2.25821, 2.25821, 2.25821, 2.25821, 2.25821, 2.25821, 2.25821, 2.25821, 2.25821, 2.25821, 2.25821, 2.25821, 2.25821, 2.25821, 2.26608, 2.25821
13.1654, 2.99765, 2.30645, 2.25201, 2.23554, 0.6912, 0, 2.29733, 2.25201, 2.25201, 2.25201, 2.25201, 2.25201, 2.25201, 2.25201, 2.25201, 2.25201, 2.25201, 2.25201, 2.25201, 2.25201, 2.25201, 2.25201, 2.25201, 2.25201, 2.25201, 2.25201, 2.25201, 2.25201, 2.26112, 2.25201
13.1732, 2.99763, 2.3071, 2.2456, 2.23554, 0.69053, 0, 2.29609, 2.2456, 2.2456, 2.2456, 2.2456, 2.2456, 2.2456, 2.2456, 2.2456, 2.2456, 2.2456, 2.2456, 2.2456, 2.2456, 2.2456, 2.2456, 2.2456, 2.2456, 2.2456, 2.2456, 2.2456, 2.2456, 2.2566, 2.2456
13.1811, 2.99742, 2.30834, 2.23887, 2.23549, 0.689076, 0, 2.29473, 2.23887, 2.23887, 2.23887, 2.23887, 2.23887, 2.23887, 2.23887, 2.23887, 2.23887, 2.23887, 2.23887, 2.23887, 2.23887, 2.23887, 2.23887, 2.23887, 2.23887, 2.23887, 2.23888, 2.23887, 2.23887, 2.25248, 2.23887
13.189, 1.99765, 2.31027, 2.23189, 1.99941, -0.312628, 0, 2.29324, 2.23189, 2.23189, 2.23189, 2.23189, 2.23189, 2.23189, 2.23189, 2.23189, 2.23189, 2.23189, 2.23189, 2.23189, 2.23189, 2.23189, 2.23189, 2.23189, 2.23189, 2.23189, 2.23189, 2.23189, 2.23189, 2.24892, 2.23189
13.1968, 2.99765, 2.31309, 2.22477, 2.23554, 0.684556, 0, 2.29168, 2.22477, 2.22477, 2.22477, 2.22477, 2.22477, 2.22477, 2.22477, 2.22477, 2.22477, 2.22477, 2.22477, 2.22477, 2.22477, 2.22477, 2.22477, 2.22477, 2.22477, 2.22477, 2.22477, 2.22477, 2.22477, 2.24618, 2.22477
13.2047, 4.27881, 2.317, 2.21767, 2.50576, 1.96181, 0, 2.29013, 2.21767, 2.21767, 2.21767, 2.21767, 2.21767, 2.21767, 2.21767, 2.21767, 2.21767, 2.21767, 2.21767, 2.21767, 2.21767, 2.21767, 2.21767, 2.21767, 2.21767, 2.21767, 2.21767, 2.21767, 2.21767, 2.24454, 2.21767
13.2126, 4.71648, 2.32342, 2.21189, 2.59162, 2.39306, 0, 2.2898, 2.21189, 2.21189, 2.21189, 2.21189, 2.21189, 2.21189, 2.21189, 2.21189, 2.21189, 2.21189, 2.21189, 2.21189, 2.21189, 2.21189, 2.21189, 2.21189, 2.21189, 2.21189, 2.21189, 2.21189, 2.21189, 2.2455, 2.21189
13.2204, 3.13342, 2.33038, 2.20536, 2.26571, 0.803048, 0, 2.28855, 2.20536, 2.20536, 2.20536, 2.20536, 2.20536, 2.20536, 2.20536, 2.20536, 2.20536, 2.20536, 2.20536, 2.20536, 2.20536, 2.20536, 2.20536, 2.20536, 2.20536, 2.20536, 2.20537, 2.20536, 2.20536, 2.24718, 2.20536
13.2283, 4.72816, 2.33812, 2.19821, 2.59387, 2.39004, 0, 2.28641, 2.19821, 2.19821, 2.19821, 2.19821, 2.19821, 2.19821, 2.19821, 2.19821, 2.19821, 2.19821, 2.19821, 2.19821, 2.19821, 2.19821, 2.19821, 2.19821, 2.19821, 2.19821, 2.19821, 2.19821, 2.19821, 2.24992, 2.19821
13.2361, 0.131103, 2.34713, 2.19074, 1.45983, -2.21603, 0, 2.28361, 2.19074, 2.19074, 2.19074, 2.19074, 2.19074, 2.19074, 2.19074, 2.19074, 2.19074, 2.19074, 2.19074, 2.19074, 2.19074, 2.19074, 2.19074, 2.19074, 2.19074, 2.19074, 2.19074, 2.19074, 2.19074, 2.25426, 2.19074
13.244, 1.99752, 2.35788, 2.18329, 1.99938, -0.360354, 0, 2.28039, 2.18329, 2.18329, 2.18329, 2.18329, 2.18329, 2.18329, 2.18329, 2.18329, 2.18329, 2.18329, 2.18329, 2.18329, 2.18329, 2.18329, 2.18329, 2.18329, 2.18329, 2.18329, 2.18329, 2.18329, 2.18329, 2.26077, 2.18329
13.2519, 2.99752, 2.37289, 2.17822, 2.23551, 0.624632, 0, 2.27904, 2.17822, 2.17822, 2.17822, 2.17822, 2.17822, 2.17822, 2.17822, 2.17822, 2.17822, 2.17822, 2.17822, 2.17822, 2.17822, 2.17822, 2.17822, 2.17822, 2.17822, 2.17822, 2.17822, 2.17822, 2.17822, 2.27207, 2.17822
13.2597, 1.87385, 2.38879, 2.17195, 1.96821, -0.514941, 0, 2.27591, 2.17195, 2.17195, 2.17195, 2.17195, 2.17195, 2.17195, 2.17195, 2.17195, 2.17195, 2.17195, 2.17195, 2.17195, 2.17195, 2.17195, 2.17195, 2.17195, 2.17195, 2.17195, 2.17196, 2.17195, 2.17195, 2.28483, 2.17195
13.2676, 2.36431, 2.40595, 2.16469, 2.08909, -0.0416367, 0, 2.27115, 2.16469, 2.16469, 2.16469, 2.16469, 2.16469, 2.16469, 2.16469, 2.16469, 2.16469, 2.16469, 2.16469, 2.16469, 2.16469, 2.16469, 2.16469, 2.16469, 2.16469, 2.16469, 2.16469, 2.16469, 2.16469, 2.29948, 2.16469
13.2755, 3.63569, 2.42503, 2.15693, 2.37396, 1.21066, 0, 2.26521, 2.15693, 2.15693, 2.15693, 2.15693, 2.15693, 2.15693, 2.15693, 2.15693, 2.15693, 2.15693, 2.15693, 2.15693, 2.15693, 2.15693, 2.15693, 2.15693, 2.15693, 2.15693, 2.15693, 2.15693, 2.15693, 2.31675, 2.15693
13.2833, 1.11671, 2.4467, 2.14918, 1.76542, -1.32998, 0, 2.25857, 2.14918, 2.14918, 2.14918, 2.14918, 2.14918, 2.14918, 2.14918, 2.14918, 2.14918, 2.14918, 2.14918, 2.14918, 2.14918, 2.14918, 2.14918, 2.14918, 2.14918, 2.14918, 2.14918, 2.14918, 2.14918, 2.33731, 2.14918
13.2912, 1.99741, 2.47379, 2.14416, 1.99935, -0.476381, 0, 2.25392, 2.14416, 2.14416, 2.14416, 2.14416, 2.14416, 2.14416, 2.14416, 2.14416, 2.14416, 2.14416, 2.14416, 2.14416, 2.14416, 2.14416, 2.14416, 2.14416, 2.14416, 2.14416, 2.14416, 2.14416, 2.14416, 2.36404, 2.14416
13.2991, 0.997522, 2.50245, 2.13792, 1.73134, -1.50493, 0, 2.24731, 2.13792, 2.13792, 2.13792, 2.13792, 2.13792, 2.13792, 2.13792, 2.13792, 2.13792, 2.13792, 2.13792, 2.13792, 2.13792, 2.13792, 2.13792, 2.13792, 2.13792, 2.13792, 2.13792, 2.13792, 2.13792, 2.39306, 2.13792
13.3069, 3.2166, 2.53286, 2.13061, 2.28399, 0.683748, 0, 2.23892, 2.13061, 2.13061, 2.13061, 2.13061, 2.13061, 2.13061, 2.13061, 2.13061, 2.13061, 2.13061, 2.13061, 2.13061, 2.13061, 2.13061, 2.13061, 2.13061, 2.13061, 2.13061, 2.13061, 2.13061, 2.13061, 2.42455, 2.13061
13.3148, 5.88563, 2.56553, 2.12277, 2.80814, 3.32009, 0, 2.2293, 2.12277, 2.12277, 2.12277, 2.12277, 2.12277, 2.12277, 2.12277, 2.12277, 2.12277, 2.12277, 2.12277, 2.12277, 2.12277, 2.12277, 2.12277, 2.12277, 2.12277, 2.12277, 2.12277, 2.12277, 2.12277, 2.459, 2.12277
13.3227, 1.99504, 2.60091, 2.11494, 1.99876, -0.60587, 0, 2.21905, 2.11494, 2.11494, 2.11494, 2.11494, 2.11494, 2.11494, 2.11494, 2.11494, 2.11494, 2.11494, 2.11494, 2.11494, 2.11494, 2.11494, 2.11494, 2.11494, 2.11494, 2.11494, 2.11494, 2.11494, 2.11494, 2.4968, 2.11494
13.3305, 2.8933, 2.6414, 2.1097, 2.21208, 0.251895, 0, 2.2108, 2.1097, 2.1097, 2.1097, 2.1097, 2.1097, 2.1097, 2.1097, 2.1097, 2.1097, 2.1097, 2.1097, 2.1097, 2.1097, 2.1097, 2.1097, 2.1097, 2.1097, 2.1097, 2.10971, 2.1097, 2.1097, 2.5403, 2.1097
13.3384, 3.89778, 2.6831, 2.10344, 2.42853, 1.21468, 0, 2.20099, 2.10344, 2.10344, 2.10344, 2.10344, 2.10344, 2.10344, 2.10344, 2.10344, 2.10344, 2.10344, 2.10344, 2.10344, 2.10344, 2.10344, 2.10344, 2.10344, 2.10344, 2.10344, 2.10344, 2.10344, 2.10344, 2.58555, 2.10344
13.3463, 3.19455, 2.72574, 2.09625, 2.27916, 0.468804, 0, 2.18981, 2.09625, 2.09625, 2.09625, 2.09625, 2.09625, 2.09625, 2.09625, 2.09625, 2.09625, 2.09625, 2.09625, 2.09625, 2.09625, 2.09625, 2.09625, 2.09625, 2.09625, 2.09625, 2.09625, 2.09625, 2.09625, 2.63218, 2.09625
13.3541, 2.90037, 2.76934, 2.08861, 2.21368, 0.131033, 0, 2.1778, 2.08861, 2.08861, 2.08861, 2.08861, 2.08861, 2.08861, 2.08861, 2.08861, 2.08861, 2.08861, 2.08861, 2.08861, 2.08861, 2.08861, 2.08861, 2.08861, 2.08861, 2.08861, 2.08861, 2.08861, 2.08861, 2.68014, 2.08861
13.362, 0.905081, 2.8138, 2.08098, 1.70443, -1.90872, 0, 2.16551, 2.08098, 2.08098, 2.08098, 2.08098, 2.08098, 2.08098, 2.08098, 2.08098, 2.08098, 2.08098, 2.08098, 2.08098, 2.08098, 2.08098, 2.08098, 2.08098, 2.08098, 2.08098, 2.08098, 2.08098, 2.08098, 2.72927, 2.08098
13.3699, 1.27026, 2.85901, 2.07389, 1.80839, -1.58875, 0, 2.15356, 2.07389, 2.07389, 2.07389, 2.07389, 2.07389, 2.07389, 2.07389, 2.07389, 2.07389, 2.07389, 2.07389, 2.07389, 2.07389, 2.07389, 2.07389, 2.07389, 2.07389, 2.07389, 2.07389, 2.07389, 2.07389, 2.77934, 2.07389
13.3777, 4.9052, 2.9034, 2.06652, 2.62778, 2.0018, 0, 2.14119, 2.06652, 2.06652, 2.06652, 2.06652, 2.06652, 2.06652, 2.06652, 2.06652, 2.06652, 2.06652, 2.06652, 2.06652, 2.06652, 2.06652, 2.06652, 2.06652, 2.06652, 2.06652, 2.06652, 2.06652, 2.06652, 2.82873, 2.06652
13.3856, 3.0803, 2.94629, 2.05893, 2.25395, 0.134009, 0, 2.12855, 2.05893, 2.05893, 2.05893, 2.05893, 2.05893, 2.05893, 2.05893, 2.05893, 2.05893, 2.05893, 2.05893, 2.05893, 2.05893, 2.05893, 2.05893, 2.05893, 2.05893, 2.05893, 2.05893, 2.05893, 2.05893, 2.87667, 2.05893
13.3934, 5.82713, 2.98675, 2.05106, 2.7977, 2.84038, 0, 2.11566, 2.05106, 2.05106, 2.05106, 2.05106, 2.05106, 2.05106, 2.05106, 2.05106, 2.05106, 2.05106, 2.05106, 2.05106, 2.05106, 2.05106, 2.05106, 2.05106, 2.05106, 2.05106, 2.05106, 2.05106, 2.05106, 2.92215, 2.05106
13.4013, 3.07795, 3.02395, 2.04291, 2.25343, 0.054003, 0, 2.10256, 2.04291, 2.04291, 2.04291, 2.04291, 2.04291, 2.04291, 2.04291, 2.04291, 2.04291, 2.04291, 2.04291, 2.04291, 2.04291, 2.04291, 2.04291, 2.04291, 2.04291, 2.04291, 2.04291, 2.04291, 2.04291, 2.9643, 2.04291
13.4092, 3.99504, 3.0568, 2.03423, 2.44848, 0.938242, 0, 2.08907, 2.03423, 2.03423, 2.03423, 2.03423, 2.03423, 2.03423, 2.03423, 2.03423, 2.03423, 2.03423, 2.03423, 2.03423, 2.03423, 2.03423, 2.03423, 2.03423, 2.03423, 2.03423, 2.03423, 2.03423, 2.03423, 3.00196, 2.03423
13.417, 5.07088, 3.08456, 2.0251, 2.65911, 1.98632, 0, 2.07532, 2.0251, 2.0251, 2.0251, 2.0251, 2.0251, 2.0251, 2.0251, 2.0251, 2.0251, 2.0251, 2.0251, 2.0251, 2.0251, 2.0251, 2.0251, 2.0251, 2.0251, 2.0251, 2.0251, 2.0251, 2.0251, 3.03434, 2.0251
13.4249, 3.84647, 3.10657, 2.01562, 2.41795, 0.739896, 0, 2.06144, 2.01562, 2.01562, 2.01562, 2.01562, 2.01562, 2.01562, 2.01562, 2.01562, 2.01562, 2.01562, 2.01562, 2.01562, 2.01562, 2.01562, 2.01562, 2.01562, 2.01562, 2.01562, 2.01563, 2.01562, 2.01562, 3.06075, 2.01562
13.4328, 2.99752, 3.12229, 2.00593, 2.23551, -0.124769, 0, 2.04759, 2.00593, 2.00593, 2.00593, 2.00593, 2.00593, 2.00593, 2.00593, 2.00593, 2.00593, 2.00593, 2.00593, 2.00593, 2.00593, 2.00593, 2.00593, 2.00593, 2.00593, 2.00593, 2.00593, 2.00593, 2.00593, 3.08063, 2.00593
13.4406, 1.92924, 3.13123, 1.99611, 1.98223, -1.20198, 0, 2.03388, 1.99611, 1.99611, 1.99611, 1.99611, 1.99611, 1.99611, 1.99611, 1.99611, 1.99611, 1.99611, 1.99611, 1.99611, 1.99611, 1.99611, 1.99611, 1.99611, 1.99611, 1.99611, 1.99611, 1.99611, 1.99611, 3.09345, 1.99611
13.4485, 2.06592, 3.13299, 1.98621, 2.01641, -1.06707, 0, 2.02038, 1.98621, 1.98621, 1.98621, 1.98621, 1.98621, 1.98621, 1.98621, 1.98621, 1.98621, 1.98621, 1.98621, 1.98621, 1.98621, 1.98621, 1.98621, 1.98621, 1.98621, 1.98621, 1.98622, 1.98621, 1.98621, 3.09883, 1.98621
13.4564, 2.99752, 3.12734, 1.9763, 2.23551, -0.129815, 0, 2.00713, 1.9763, 1.9763, 1.9763, 1.9763, 1.9763, 1.9763, 1.9763, 1.9763, 1.9763, 1.9763, 1.9763, 1.9763, 1.9763, 1.9763, 1.9763, 1.9763, 1.9763, 1.9763, 1.9763, 1.9763, 1.9763, 3.0965, 1.9763
13.4642, 0.936555, 3.11366, 1.96594, 1.71364, -2.17711, 0, 1.99371, 1.96594, 1.96594, 1.96594, 1.96594, 1.96594, 1.96594, 1.96594, 1.96594, 1.96594, 1.96594, 1.96594, 1.96594, 1.96594, 1.96594, 1.96594, 1.96594, 1.96594, 1.96594, 1.96594, 1.96594, 1.96594, 3.08588, 1.96594
13.4721, 0.29368, 3.09173, 1.95487, 1.51449, -2.79805, 0, 1.97986, 1.95487, 1.95487, 1.95487, 1.95487, 1.95487, 1.95487, 1.95487, 1.95487, 1.95487, 1.95487, 1.95487, 1.95487, 1.95487, 1.95487, 1.95487, 1.95487, 1.95487, 1.95487, 1.95487, 1.95487, 1.95487, 3.06674, 1.95487
13.48, 5.70632, 3.06167, 1.94306, 2.77603, 2.64465, 0, 1.96552, 1.94306, 1.94306, 1.94306, 1.94306, 1.94306, 1.94306, 1.94306, 1.94306, 1.94306, 1.94306, 1.94306, 1.94306, 1.94306, 1.94306, 1.94306, 1.94306, 1.94306, 1.94306, 1.94307, 1.94306, 1.94306, 3.03922, 1.94306
13.4878, 0.108055, 3.02399, 1.93071, 1.45191, -2.91593, 0, 1.95087, 1.93071, 1.93071, 1.93071, 1.93071, 1.93071, 1.93071, 1.93071, 1.93071, 1.93071, 1.93071, 1.93071, 1.93071, 1.93071, 1.93071, 1.93071, 1.93071, 1.93071, 1.93071, 1.93071, 1.93071, 1.93071, 3.00382, 1.93071
13.4957, 3.89195, 2.97944, 1.91809, 2.42733, 0.912507, 0, 1.93619, 1.91809, 1.91809, 1.91809, 1.91809, 1.91809, 1.91809, 1.91809, 1.91809, 1.91809, 1.91809, 1.91809, 1.91809, 1.91809, 1.91809, 1.91809, 1.91809, 1.91809, 1.91809, 1.91809, 1.91809, 1.91809, 2.96134, 1.91809
13.5036, 0.196258, 2.92891, 1.90552, 1.48198, -2.73265, 0, 1.92175, 1.90552, 1.90552, 1.90552, 1.90552, 1.90552, 1.90552, 1.90552, 1.90552, 1.90552, 1.90552, 1.90552, 1.90552, 1.90552, 1.90552, 1.90552, 1.90552, 1.90552, 1.90552, 1.90552, 1.90552, 1.90552, 2.91268, 1.90552
13.5114, 4.99061, 2.87589, 1.89579, 2.64398, 2.11471, 0, 1.91034, 1.89579, 1.89579, 1.89579, 1.89579, 1.89579, 1.89579, 1.89579, 1.89579, 1.89579, 1.89579, 1.89579, 1.89579, 1.89579, 1.89579, 1.89579, 1.89579, 1.89579, 1.89579, 1.89579, 1.89579, 1.89579, 2.86134, 1.89579
13.5193, 4.81314, 2.81679, 1.88452, 2.6102, 1.99634, 0, 1.89755, 1.88452, 1.88452, 1.88452, 1.88452, 1.88452, 1.88452, 1.88452, 1.88452, 1.88452, 1.88452, 1.88452, 1.88452, 1.88452, 1.88452, 1.88452, 1.88452, 1.88452, 1.88452, 1.88452, 1.88452, 1.88452, 2.80376, 1.88452
13.5271, 1.08352, 2.7527, 1.87194, 1.756, -1.66918, 0, 1.88361, 1.87194, 1.87194, 1.87194, 1.87194, 1.87194, 1.87194, 1.87194, 1.87194, 1.87194, 1.87194, 1.87194, 1.87194, 1.87194, 1.87194, 1.87194, 1.87194, 1.87194, 1.87194, 1.87194, 1.87194, 1.87194, 2.74103, 1.87194
13.535, 2.91648, 2.68515, 1.85874, 2.21731, 0.231333, 0, 1.86918, 1.85874, 1.85874, 1.85874, 1.85874, 1.85874, 1.85874, 1.85874, 1.85874, 1.85874, 1.85874, 1.85874, 1.85874, 1.85874, 1.85874, 1.85874, 1.85874, 1.85874, 1.85874, 1.85874, 1.85874, 1.85874, 2.67471, 1.85874
13.5429, 1.03705, 2.61571, 1.84559, 1.74271, -1.57866, 0, 1.85492, 1.84559, 1.84559, 1.84559, 1.84559, 1.84559, 1.84559, 1.84559, 1.84559, 1.84559, 1.84559, 1.84559, 1.84559, 1.84559, 1.84559, 1.84559, 1.84559, 1.84559, 1.84559, 1.84559, 1.84559, 1.84559, 2.60638, 1.84559
13.5507, 4.99752, 2.54948, 1.8367, 2.64528, 2.44804, 0, 1.84503, 1.8367, 1.8367, 1.8367, 1.8367, 1.8367, 1.8367, 1.8367, 1.8367, 1.8367, 1.8367, 1.8367, 1.8367, 1.8367, 1.8367, 1.8367, 1.8367, 1.8367, 1.8367, 1.8367, 1.8367, 1.8367, 2.54116, 1.8367
13.5586, 4.02987, 2.48089, 1.8257, 2.45558, 1.54898, 0, 1.83311, 1.8257, 1.8257, 1.8257, 1.8257, 1.8257, 1.8257, 1.8257, 1.8257, 1.8257, 1.8257, 1.8257, 1.8257, 1.8257, 1.8257, 1.8257, 1.8257, 1.8257, 1.8257, 1.8257, 1.8257, 1.8257, 2.47347, 1.8257
13.5665, 2.93556, 2.41102, 1.81289, 2.22161, 0.52454, 0, 1.81948, 1.81289, 1.81289, 1.81289, 1.81289, 1.81289, 1.81289, 1.81289, 1.81289, 1.81289, 1.81289, 1.81289, 1.81289, 1.81289, 1.81289, 1.81289, 1.81289, 1.81289, 1.81289, 1.81289, 1.81289, 1.81289, 2.40443, 1.81289
13.5743, 1.02726, 2.34153, 1.79921, 1.7399, -1.31427, 0, 1.80505, 1.79921, 1.79921, 1.79921, 1.79921, 1.79921, 1.79921, 1.79921, 1.79921, 1.79921, 1.79921, 1.79921, 1.79921, 1.79921, 1.79921, 1.79921, 1.79921, 1.79921, 1.79921, 1.79921, 1.79921, 1.79921, 2.33568, 1.79921
13.5822, 2.07286, 2.27392, 1.78558, 2.01813, -0.20106, 0, 1.79074, 1.78558, 1.78558, 1.78558, 1.78558, 1.78558, 1.78558, 1.78558, 1.78558, 1.78558, 1.78558, 1.78558, 1.78558, 1.78558, 1.78558, 1.78558, 1.78558, 1.78558, 1.78558, 1.78558, 1.78558, 1.78558, 2.26876, 1.78558
13.5901, 4.89988, 2.21431, 1.77756, 2.62676, 2.68557, 0, 1.78212, 1.77756, 1.77756, 1.77756, 1.77756, 1.77756, 1.77756, 1.77756, 1.77756, 1.77756, 1.77756, 1.77756, 1.77756, 1.77756, 1.77756, 1.77756, 1.77756, 1.77756, 1.77756, 1.77757, 1.77756, 1.77756, 2.20975, 1.77756
13.5979, 3, 2.15491, 1.76699, 2.23607, 0.845092, 0, 1.77098, 1.76699, 1.76699, 1.76699, 1.76699, 1.76699, 1.76699, 1.76699, 1.76699, 1.76699, 1.76699, 1.76699, 1.76699, 1.76699, 1.76699, 1.76699, 1.76699, 1.76699, 1.76699, 1.76699, 1.76699, 1.76699, 2.15091, 1.76699
13.6058, 2.01784, 2.09641, 1.75421, 2.00446, -0.0785644, 0, 1.7577, 1.75421, 1.75421, 1.75421, 1.75421, 1.75421, 1.75421, 1.75421, 1.75421, 1.75421, 1.75421, 1.75421, 1.75421, 1.75421, 1.75421, 1.75421, 1.75421, 1.75421, 1.75421, 1.75421, 1.75421, 1.75421, 2.09291, 1.75421
13.6137, 2.99752, 2.04016, 1.74035, 2.23551, 0.957358, 0, 1.7434, 1.74035, 1.74035, 1.74035, 1.74035, 1.74035, 1.74035, 1.74035, 1.74035, 1.74035, 1.74035, 1.74035, 1.74035, 1.74035, 1.74035, 1.74035, 1.74035, 1.74035, 1.74035, 1.74035, 1.74035, 1.74035, 2.03712, 1.74035
13.6215, 1.99752, 1.98743, 1.72656, 1.99938, 0.0100951, 0, 1.72919, 1.72656, 1.72656, 1.72656, 1.72656, 1.72656, 1.72656, 1.72656, 1.72656, 1.72656, 1.72656, 1.72656, 1.72656, 1.72656, 1.72656, 1.72656, 1.72656, 1.72656, 1.72656, 1.72656, 1.72656, 1.72656, 1.98479, 1.72656
13.6294, 1.99765, 1.94453, 1.71908, 1.99941, 0.053113, 0, 1.72136, 1.71908, 1.71908, 1.71908, 1.71908, 1.71908, 1.71908, 1.71908, 1.71908, 1.71908, 1.71908, 1.71908, 1.71908, 1.71908, 1.71908, 1.71908, 1.71908, 1.71908, 1.71908, 1.71909, 1.71908, 1.71908, 1.94226, 1.71908
13.6373, 0.989467, 1.90222, 1.70871, 1.72901, -0.912749, 0, 1.71066, 1.70871, 1.70871, 1.70871, 1.70871, 1.70871, 1.70871, 1.70871, 1.70871, 1.70871, 1.70871, 1.70871, 1.70871, 1.70871, 1.70871, 1.70871, 1.70871, 1.70871, 1.70871, 1.70871, 1.70871, 1.70871, 1.90026, 1.70871
13.6451, 0.0228005, 1.86079, 1.69583, 1.42225, -1.83799, 0, 1.6975, 1.69583, 1.69583, 1.69583, 1.69583, 1.69583, 1.69583, 1.69583, 1.69583, 1.69583, 1.69583, 1.69583, 1.69583, 1.69583, 1.69583, 1.69583, 1.69583, 1.69583, 1.69583, 1.69583, 1.69583, 1.69583, 1.85912, 1.69583
13.653, 5.98724, 1.8214, 1.68174, 2.82617, 4.16583, 0, 1.68315, 1.68174, 1.68174, 1.68174, 1.68174, 1.68174, 1.68174, 1.68174, 1.68174, 1.68174, 1.68174, 1.68174, 1.68174, 1.68174, 1.68174, 1.68174, 1.68174, 1.68174, 1.68174, 1.68174, 1.68174, 1.68174, 1.81999, 1.68174
13.6608, 3.9917, 1.78515, 1.66771, 2.44779, 2.20655, 0, 1.6689, 1.66771, 1.66771, 1.66771, 1.66771, 1.66771, 1.66771, 1.66771, 1.66771, 1.66771, 1.66771, 1.66771, 1.66771, 1.66771, 1.66771, 1.66771, 1.66771, 1.66771, 1.66771, 1.66771, 1.66771, 1.66771, 1.78396, 1.66771
13.6687, 2.99504, 1.75903, 1.66094, 2.23496, 1.23602, 0, 1.66194, 1.66094, 1.66094, 1.66094, 1.66094, 1.66094, 1.66094, 1.66094, 1.66094, 1.66094, 1.66094, 1.66094, 1.66094, 1.66094, 1.66094, 1.66094, 1.66094, 1.66094, 1.66094, 1.66094, 1.66094, 1.66094, 1.75802, 1.66094
13.6766, 4.99133, 1.7323, 1.65093, 2.64411, 3.25903, 0, 1.65177, 1.65093, 1.65093, 1.65093, 1.65093, 1.65093, 1.65093, 1.65093, 1.65093, 1.65093, 1.65093, 1.65093, 1.65093, 1.65093, 1.65093, 1.65093, 1.65093, 1.65093, 1.65093, 1.65094, 1.65093, 1.65093, 1.73146, 1.65093
13.6844, 4.0119, 1.70517, 1.63813, 2.45192, 2.30672, 0, 1.63883, 1.63813, 1.63813, 1.63813, 1.63813, 1.63813, 1.63813, 1.63813, 1.63813, 1.63813, 1.63813, 1.63813, 1.63813, 1.63813, 1.63813, 1.63813, 1.63813, 1.63813, 1.63813, 1.63813, 1.63813, 1.63813, 1.70448, 1.63813
13.6923, 3.9912, 1.67883, 1.62398, 2.44769, 2.31237, 0, 1.62455, 1.62398, 1.62398, 1.62398, 1.62398, 1.62398, 1.62398, 1.62398, 1.62398, 1.62398, 1.62398, 1.62398, 1.62398, 1.62398, 1.62398, 1.62398, 1.62398, 1.62398, 1.62398, 1.62398, 1.62398, 1.62398, 1.67826, 1.62398
13.7002, 4.98649, 1.65447, 1.60988, 2.6432, 3.33202, 0, 1.61035, 1.60988, 1.60988, 1.60988, 1.60988, 1.60988, 1.60988, 1.60988, 1.60988, 1.60988, 1.60988, 1.60988, 1.60988, 1.60988, 1.60988, 1.60988, 1.60988, 1.60988, 1.60988, 1.60988, 1.60988, 1.60988, 1.654, 1.60988
13.708, 3.00867, 1.63959, 1.60359, 2.23801, 1.36908, 0, 1.60397, 1.60359, 1.60359, 1.60359, 1.60359, 1.60359, 1.60359, 1.60359, 1.60359, 1.60359, 1.60359, 1.60359, 1.60359, 1.60359, 1.60359, 1.60359, 1.60359, 1.60359, 1.60359, 1.60359, 1.60359, 1.60359, 1.63921, 1.60359
13.7159, 2.01363, 1.62267, 1.5938, 2.0034, 0.390962, 0, 1.59411, 1.5938, 1.5938, 1.5938, 1.5938, 1.5938, 1.5938, 1.5938, 1.5938, 1.5938, 1.5938, 1.5938, 1.5938, 1.5938, 1.5938, 1.5938, 1.5938, 1.5938, 1.5938, 1.5938, 1.5938, 1.5938, 1.62236, 1.5938
13.7238, 3, 1.60398, 1.58098, 2.23607, 1.39602, 0, 1.58123, 1.58098, 1.58098, 1.58098, 1.58098, 1.58098, 1.58098, 1.58098, 1.58098, 1.58098, 1.58098, 1.58098, 1.58098, 1.58098, 1.58098, 1.58098, 1.58098, 1.58098, 1.58098, 1.58098, 1.58098, 1.58098, 1.60373, 1.58098
13.7316, 1, 1.58489, 1.56669, 1.73205, -0.584891, 0, 1.56689, 1.56669, 1.56669, 1.56669, 1.56669, 1.56669, 1.56669, 1.56669, 1.56669, 1.56669, 1.56669, 1.56669, 1.56669, 1.56669, 1.56669, 1.56669, 1.56669, 1.56669, 1.56669, 1.56669, 1.56669, 1.56669, 1.58469, 1.56669
13.7395, 0.976828, 1.56678, 1.55247, 1.72535, -0.589951, 0, 1.55263, 1.55247, 1.55247, 1.55247, 1.55247, 1.55247, 1.55247, 1.55247, 1.55247, 1.55247, 1.55247, 1.55247, 1.55247, 1.55247, 1.55247, 1.55247, 1.55247, 1.55247, 1.55247, 1.55247, 1.55247, 1.55247, 1.56662, 1.55247
13.7474, 5.89492, 1.55795, 1.54676, 2.80979, 4.33697, 0, 1.54689, 1.54676, 1.54676, 1.54676, 1.54676, 1.54676, 1.54676, 1.54676, 1.54676, 1.54676, 1.54676, 1.54676, 1.54676, 1.54676, 1.54676, 1.54676, 1.54676, 1.54676, 1.54676, 1.54677, 1.54676, 1.54676, 1.55782, 1.54676
13.7552, 2.10012, 1.546, 1.53731, 2.02488, 0.554128, 0, 1.5374, 1.53731, 1.53731, 1.53731, 1.53731, 1.53731, 1.53731, 1.53731, 1.53731, 1.53731, 1.53731, 1.53731, 1.53731, 1.53731, 1.53731, 1.53731, 1.53731, 1.53731, 1.53731, 1.53731, 1.53731, 1.53731, 1.5459, 1.53731
13.7631, 0.0281289, 1.53132, 1.5246, 1.42412, -1.50319, 0, 1.52468, 1.5246, 1.5246, 1.5246, 1.5246, 1.5246, 1.5246, 1.5246, 1.5246, 1.5246, 1.5246, 1.5246, 1.5246, 1.5246, 1.5246, 1.5246, 1.5246, 1.5246, 1.5246, 1.5246, 1.5246, 1.5246, 1.53124, 1.5246
13.771, 1, 1.5155, 1.51032, 1.73205, -0.515495, 0, 1.51038, 1.51032, 1.51032, 1.51032, 1.51032, 1.51032, 1.51032, 1.51032, 1.51032, 1.51032, 1.51032, 1.51032, 1.51032, 1.51032, 1.51032, 1.51032, 1.51032, 1.51032, 1.51032, 1.51032, 1.51032, 1.51032, 1.51544, 1.51032
13.7788, 2.96456, 1.50009, 1.4961, 2.22813, 1.46447, 0, 1.49615, 1.4961, 1.4961, 1.4961, 1.4961, 1.4961, 1.4961, 1.4961, 1.4961, 1.4961, 1.4961, 1.4961, 1.4961, 1.4961, 1.4961, 1.4961, 1.4961, 1.4961, 1.4961, 1.4961, 1.4961, 1.4961, 1.50004, 1.4961
13.7867, 2.92243, 1.49392, 1.49084, 2.21865, 1.42851, 0, 1.49087, 1.49084, 1.49084, 1.49084, 1.49084, 1.49084, 1.49084, 1.49084, 1.49084, 1.49084, 1.49084, 1.49084, 1.49084, 1.49084, 1.49084, 1.49084, 1.49084, 1.49084, 1.49084, 1.49084, 1.49084, 1.49084, 1.49388, 1.49084
13.7945, 2.07286, 1.48402, 1.48161, 2.01813, 0.588847, 0, 1.48164, 1.48161, 1.48161, 1.48161, 1.48161, 1.48161, 1.48161, 1.48161, 1.48161, 1.48161, 1.48161, 1.48161, 1.48161, 1.48161, 1.48161, 1.48161, 1.48161, 1.48161, 1.48161, 1.48161, 1.48161, 1.48161, 1.48399, 1.48161
13.8024, 2.99752, 1.47087, 1.46895, 2.23551, 1.52665, 0, 1.46897, 1.46895, 1.46895, 1.46895, 1.46895, 1.46895, 1.46895, 1.46895, 1.46895, 1.46895, 1.46895, 1.46895, 1.46895, 1.46895, 1.46895, 1.46895, 1.46895, 1.46895, 1.46895, 1.46896, 1.46895, 1.46895, 1.47085, 1.46895
13.8103, 3.04263, 1.45622, 1.45463, 2.24558, 1.5864, 0, 1.45465, 1.45463, 1.45463, 1.45463, 1.45463, 1.45463, 1.45463, 1.45463, 1.45463, 1.45463, 1.45463, 1.45463, 1.45463, 1.45463, 1.45463, 1.45463, 1.45463, 1.45463, 1.45463, 1.45464, 1.45463, 1.45463, 1.45621, 1.45463
13.8181, 0.952664, 1.44177, 1.44038, 1.71833, -0.489111, 0, 1.44039, 1.44038, 1.44038, 1.44038, 1.44038, 1.44038, 1.44038, 1.44038, 1.44038, 1.44038, 1.44038, 1.44038, 1.44038, 1.44038, 1.44038, 1.44038, 1.44038, 1.44038, 1.44038, 1.44039, 1.44038, 1.44038, 1.44176, 1.44038
13.826, 1.94771, 1.43694, 1.43564, 1.98688, 0.510767, 0, 1.43564, 1.43564, 1.43564, 1.43564, 1.43564, 1.43564, 1.43564, 1.43564, 1.43564, 1.43564, 1.43564, 1.43564, 1.43564, 1.43564, 1.43564, 1.43564, 1.43564, 1.43564, 1.43564, 1.43564, 1.43564, 1.43564, 1.43693, 1.43564
13.8339, 3.04747, 1.42804, 1.42672, 2.24666, 1.61942, 0, 1.42673, 1.42672, 1.42672, 1.42672, 1.42672, 1.42672, 1.42672, 1.42672, 1.42672, 1.42672, 1.42672, 1.42672, 1.42672, 1.42672, 1.42672, 1.42672, 1.42672, 1.42672, 1.42672, 1.42672, 1.42672, 1.42672, 1.42803, 1.42672
13.8417, 0.997515, 1.41563, 1.4142, 1.73133, -0.418119, 0, 1.4142, 1.4142, 1.4142, 1.4142, 1.4142, 1.4142, 1.4142, 1.4142, 1.4142, 1.4142, 1.4142, 1.4142, 1.4142, 1.4142, 1.4142, 1.4142, 1.4142, 1.4142, 1.4142, 1.4142, 1.4142, 1.4142, 1.41563, 1.4142
13.8496, 1.99765, 1.40157, 1.39993, 1.99941, 0.596077, 0, 1.39993, 1.39993, 1.39993, 1.39993, 1.39993, 1.39993, 1.39993, 1.39993, 1.39993, 1.39993, 1.39993, 1.39993, 1.39993, 1.39993, 1.39993, 1.39993, 1.39993, 1.39993, 1.39993, 1.39993, 1.39993, 1.39993, 1.40156, 1.39993
13.8575, 4.93829, 1.38767, 1.38572, 2.63406, 3.55062, 0, 1.38573, 1.38572, 1.38572, 1.38572, 1.38572, 1.38572, 1.38572, 1.38572, 1.38572, 1.38572, 1.38572, 1.38572, 1.38572, 1.38572, 1.38572, 1.38572, 1.38572, 1.38572, 1.38572, 1.38573, 1.38572, 1.38572, 1.38767, 1.38572
13.8653, 4.11871, 1.38378, 1.38142, 2.4736, 2.73494, 0, 1.38142, 1.38142, 1.38142, 1.38142, 1.38142, 1.38142, 1.38142, 1.38142, 1.38142, 1.38142, 1.38142, 1.38142, 1.38142, 1.38142, 1.38142, 1.38142, 1.38142, 1.38142, 1.38142, 1.38142, 1.38142, 1.38142, 1.38377, 1.38142
13.8732, 2.87162, 1.37564, 1.37277, 2.20718, 1.49598, 0, 1.37277, 1.37277, 1.37277, 1.37277, 1.37277, 1.37277, 1.37277, 1.37277, 1.37277, 1.37277, 1.37277, 1.37277, 1.37277, 1.37277, 1.37277, 1.37277, 1.37277, 1.37277, 1.37277, 1.37277, 1.37277, 1.37277, 1.37564, 1.37277
13.8811, 2.12838, 1.36388, 1.36035, 2.03184, 0.764501, 0, 1.36035, 1.36035, 1.36035, 1.36035, 1.36035, 1.36035, 1.36035, 1.36035, 1.36035, 1.36035, 1.36035, 1.36035, 1.36035, 1.36035, 1.36035, 1.36035, 1.36035, 1.36035, 1.36035, 1.36035, 1.36035, 1.36035, 1.36387, 1.36035
13.8889, 4.79257, 1.35042, 1.3461, 2.60626, 3.44215, 0, 1.34611, 1.3461, 1.3461, 1.3461, 1.3461, 1.3461, 1.3461, 1.3461, 1.3461, 1.3461, 1.3461, 1.3461, 1.3461, 1.3461, 1.3461, 1.3461, 1.3461, 1.3461, 1.3461, 1.34611, 1.3461, 1.3461, 1.35042, 1.3461
13.8968, 3.13594, 1.33719, 1.33194, 2.26626, 1.79874, 0, 1.33194, 1.33194, 1.33194, 1.33194, 1.33194, 1.33194, 1.33194, 1.33194, 1.33194, 1.33194, 1.33194, 1.33194, 1.33194, 1.33194, 1.33194, 1.33194, 1.33194, 1.33194, 1.33194, 1.33194, 1.33194, 1.33194, 1.33719, 1.33194
13.9047, 6.70223, 1.33448, 1.3281, 2.94995, 5.36775, 0, 1.3281, 1.3281, 1.3281, 1.3281, 1.3281, 1.3281, 1.3281, 1.3281, 1.3281, 1.3281, 1.3281, 1.3281, 1.3281, 1.3281, 1.3281, 1.3281, 1.3281, 1.3281, 1.3281, 1.3281, 1.3281, 1.3281, 1.33447, 1.3281
13.9125, 0.369269, 1.32743, 1.31975, 1.53924, -0.958158, 0, 1.31975, 1.31975, 1.31975, 1.31975, 1.31975, 1.31975, 1.31975, 1.31975, 1.31975, 1.31975, 1.31975, 1.31975, 1.31975, 1.31975, 1.31975, 1.31975, 1.31975, 1.31975, 1.31975, 1.31975, 1.31975, 1.31975, 1.32743, 1.31975
13.9204, 4.68525, 1.31667, 1.30748, 2.58559, 3.36858, 0, 1.30748, 1.30748, 1.30748, 1.30748, 1.30748, 1.30748, 1.30748, 1.30748, 1.30748, 1.30748, 1.30748, 1.30748, 1.30748, 1.30748, 1.30748, 1.30748, 1.30748, 1.30748, 1.30748, 1.30748, 1.30748, 1.30748, 1.31667, 1.30748
13.9282, 3.15266, 1.30424, 1.2933, 2.26995, 1.84842, 0, 1.2933, 1.2933, 1.2933, 1.2933, 1.2933, 1.2933, 1.2933, 1.2933, 1.2933, 1.2933, 1.2933, 1.2933, 1.2933, 1.2933, 1.2933, 1.2933, 1.2933, 1.2933, 1.2933, 1.29331, 1.2933, 1.2933, 1.30424, 1.2933
13.9361, 1.16208, 1.29213, 1.27921, 1.77822, -0.130052, 0, 1.27921, 1.27921, 1.27921, 1.27921, 1.27921, 1.27921, 1.27921, 1.27921, 1.27921, 1.27921, 1.27921, 1.27921, 1.27921, 1.27921, 1.27921, 1.27921, 1.27921, 1.27921, 1.27921, 1.27921, 1.27921, 1.27921, 1.29213, 1.27921
13.944, 3.82803, 1.29112, 1.27595, 2.41413, 2.53691, 0, 1.27595, 1.27595, 1.27595, 1.27595, 1.27595, 1.27595, 1.27595, 1.27595, 1.27595, 1.27595, 1.27595, 1.27595, 1.27595, 1.27595, 1.27595, 1.27595, 1.27595, 1.27595, 1.27595, 1.27596, 1.27595, 1.27595, 1.29112, 1.27595
13.9518, 1.08362, 1.28561, 1.26794, 1.75602, -0.201986, 0, 1.26794, 1.26794, 1.26794, 1.26794, 1.26794, 1.26794, 1.26794, 1.26794, 1.26794, 1.26794, 1.26794, 1.26794, 1.26794, 1.26794, 1.26794, 1.26794, 1.26794, 1.26794, 1.26794, 1.26794, 1.26794, 1.26794, 1.28561, 1.26794
13.9597, 0.997522, 1.27623, 1.25579, 1.73134, -0.278713, 0, 1.25579, 1.25579, 1.25579, 1.25579, 1.25579, 1.25579, 1.25579, 1.25579, 1.25579, 1.25579, 1.25579, 1.25579, 1.25579, 1.25579, 1.25579, 1.25579, 1.25579, 1.25579, 1.25579, 1.25579, 1.25579, 1.25579, 1.27623, 1.25579
13.9676, 4.90471, 1.26513, 1.24163, 2.62768, 3.63958, 0, 1.24163, 1.24163, 1.24163, 1.24163, 1.24163, 1.24163, 1.24163, 1.24163, 1.24163, 1.24163, 1.24163, 1.24163, 1.24163, 1.24163, 1.24163, 1.24163, 1.24163, 1.24163, 1.24163, 1.24163, 1.24163, 1.24163, 1.26512, 1.24163
13.9754, 1.99504, 1.25436, 1.22755, 1.99876, 0.74068, 0, 1.22755, 1.22755, 1.22755, 1.22755, 1.22755, 1.22755, 1.22755, 1.22755, 1.22755, 1.22755, 1.22755, 1.22755, 1.22755, 1.22755, 1.22755, 1.22755, 1.22755, 1.22755, 1.22755, 1.22755, 1.22755, 1.22755, 1.25436, 1.22755
13.9833, 1.19108, 1.25636, 1.22597, 1.78636, -0.0652812, 0, 1.22597, 1.22597, 1.22597, 1.22597, 1.22597, 1.22597, 1.22597, 1.22597, 1.22597, 1.22597, 1.22597, 1.22597, 1.22597, 1.22597, 1.22597, 1.22597, 1.22597, 1.22597, 1.22597, 1.22597, 1.22597, 1.22597, 1.25636, 1.22597
13.9912, 1, 1.25286, 1.21866, 1.73205, -0.252856, 0, 1.21866, 1.21866, 1.21866, 1.21866, 1.21866, 1.21866, 1.21866, 1.21866, 1.21866, 1.21866, 1.21866, 1.21866, 1.21866, 1.21866, 1.21866, 1.21866, 1.21866, 1.21866, 1.21866, 1.21866, 1.21866, 1.21866, 1.25285, 1.21866
13.999, 1, 1.24457, 1.20634, 1.73205, -0.244571, 0, 1.20634, 1.20634, 1.20634, 1.20634, 1.20634, 1.20634, 1.20634, 1.20634, 1.20634, 1.20634, 1.20634, 1.20634, 1.20634, 1.20634, 1.20634, 1.20634, 1.20634, 1.20634, 1.20634, 1.20635, 1.20634, 1.20634, 1.24457, 1.20634
14.0069, 0, 1.23404, 1.1916, 1.41421, -1.23404, 0, 1.1916, 1.1916, 1.1916, 1.1916, 1.1916, 1.1916, 1.1916, 1.1916, 1.1916, 1.1916, 1.1916, 1.1916, 1.1916, 1.1916, 1.1916, 1.1916, 1.1916, 1.1916, 1.1916, 1.19161, 1.1916, 1.1916, 1.23403, 1.1916
14.0148, 1.78488, 1.22373, 1.17695, 1.94548, 0.561154, 0, 1.17695, 1.17695, 1.17695, 1.17695, 1.17695, 1.17695, 1.17695, 1.17695, 1.17695, 1.17695, 1.17695, 1.17695, 1.17695, 1.17695, 1.17695, 1.17695, 1.17695, 1.17695, 1.17695, 1.17696, 1.17695, 1.17695, 1.22373, 1.17695
14.0226, 0.215118, 1.23823, 1.18702, 1.48833, -1.02311, 0, 1.18702, 1.18702, 1.18702, 1.18702, 1.18702, 1.18702, 1.18702, 1.18702, 1.18702, 1.18702, 1.18702, 1.18702, 1.18702, 1.18702, 1.18702, 1.18702, 1.18702, 1.18702, 1.18702, 1.18702, 1.18702, 1.18702, 1.23822, 1.18702
14.0305, 2.88748, 1.24649, 1.19082, 2.21077, 1.64099, 0, 1.19082, 1.19082, 1.19082, 1.19082, 1.19082, 1.19082, 1.19082, 1.19082, 1.19082, 1.19082, 1.19082, 1.19082, 1.19082, 1.19082, 1.19082, 1.19082, 1.19082, 1.19082, 1.19082, 1.19082, 1.19082, 1.19082, 1.24649, 1.19082
14.0384, 0.99777, 1.24895, 1.18884, 1.73141, -0.251185, 0, 1.18884, 1.18884, 1.18884, 1.18884, 1.18884, 1.18884, 1.18884, 1.18884, 1.18884, 1.18884, 1.18884, 1.18884, 1.18884, 1.18884, 1.18884, 1.18884, 1.18884, 1.18884, 1.18884, 1.18885, 1.18884, 1.18884, 1.24895, 1.18884
14.0462, 0.114746, 1.24845, 1.18399, 1.45422, -1.1337, 0, 1.18399, 1.18399, 1.18399, 1.18399, 1.18399, 1.18399, 1.18399, 1.18399, 1.18399, 1.18399, 1.18399, 1.18399, 1.18399, 1.18399, 1.18399, 1.18399, 1.18399, 1.18399, 1.18399, 1.18399, 1.18399, 1.18399, 1.24845, 1.18399
14.0541, 1.76038, 1.24779, 1.17914, 1.93917, 0.512587, 0, 1.17914, 1.17914, 1.17914, 1.17914, 1.17914, 1.17914, 1.17914, 1.17914, 1.17914, 1.17914, 1.17914, 1.17914, 1.17914, 1.17914, 1.17914, 1.17914, 1.17914, 1.17914, 1.17914, 1.17914, 1.17914, 1.17914, 1.24779, 1.17914
14.0619, 2.99551, 1.25899, 1.18639, 2.23506, 1.73652, 0, 1.18639, 1.18639, 1.18639, 1.18639, 1.18639, 1.18639, 1.18639, 1.18639, 1.18639, 1.18639, 1.18639, 1.18639, 1.18639, 1.18639, 1.18639, 1.18639, 1.18639, 1.18639, 1.18639, 1.18639, 1.18639, 1.18639, 1.25899, 1.18639
14.0698, 2.99504, 1.26538, 1.18911, 2.23496, 1.72967, 0, 1.18911, 1.18911, 1.18911, 1.18911, 1.18911, 1.18911, 1.18911, 1.18911, 1.18911, 1.18911, 1.18911, 1.18911, 1.18911, 1.18911, 1.18911, 1.18911, 1.18911, 1.18911, 1.18911, 1.18911, 1.18911, 1.18911, 1.26538, 1.18911
14.0777, 4.86803, 1.26741, 1.18784, 2.62069, 3.60062, 0, 1.18784, 1.18784, 1.18784, 1.18784, 1.18784, 1.18784, 1.18784, 1.18784, 1.18784, 1.18784, 1.18784, 1.18784, 1.18784, 1.18784, 1.18784, 1.18784, 1.18784, 1.18784, 1.18784, 1.18785, 1.18784, 1.18784, 1.26741, 1.18784
14.0855, 1.2518, 1.26703, 1.18459, 1.80327, -0.0152314, 0, 1.18459, 1.18459, 1.18459, 1.18459, 1.18459, 1.18459, 1.18459, 1.18459, 1.18459, 1.18459, 1.18459, 1.18459, 1.18459, 1.18459, 1.18459, 1.18459, 1.18459, 1.18459, 1.18459, 1.18459, 1.18459, 1.18459, 1.26703, 1.18459
14.0934, 3.8658, 1.26617, 1.18133, 2.42194, 2.59963, 0, 1.18133, 1.18133, 1.18133, 1.18133, 1.18133, 1.18133, 1.18133, 1.18133, 1.18133, 1.18133, 1.18133, 1.18133, 1.18133, 1.18133, 1.18133, 1.18133, 1.18133, 1.18133, 1.18133, 1.18134, 1.18133, 1.18133, 1.26617, 1.18133
14.1013, 1.12926, 1.27424, 1.18753, 1.76897, -0.14498, 0, 1.18753, 1.18753, 1.18753, 1.18753, 1.18753, 1.18753, 1.18753, 1.18753, 1.18753, 1.18753, 1.18753, 1.18753, 1.18753, 1.18753, 1.18753, 1.18753, 1.18753, 1.18753, 1.18753, 1.18754, 1.18753, 1.18753, 1.27424, 1.18753
14.1091, 2.86107, 1.27782, 1.18981, 2.20478, 1.58326, 0, 1.18981, 1.18981, 1.18981, 1.18981, 1.18981, 1.18981, 1.18981, 1.18981, 1.18981, 1.18981, 1.18981, 1.18981, 1.18981, 1.18981, 1.18981, 1.18981, 1.18981, 1.18981, 1.18981, 1.18981, 1.18981, 1.18981, 1.27782, 1.18981
14.117, 3.71698, 1.27736, 1.18863, 2.39102, 2.43962, 0, 1.18863, 1.18863, 1.18863, 1.18863, 1.18863, 1.18863, 1.18863, 1.18863, 1.18863, 1.18863, 1.18863, 1.18863, 1.18863, 1.18863, 1.18863, 1.18863, 1.18863, 1.18863, 1.18863, 1.18863, 1.18863, 1.18863, 1.27736, 1.18863
14.1249, 3.27336, 1.27458, 1.18573, 2.29638, 1.99878, 0, 1.18573, 1.18573, 1.18573, 1.18573, 1.18573, 1.18573, 1.18573, 1.18573, 1.18573, 1.18573, 1.18573, 1.18573, 1.18573, 1.18573, 1.18573, 1.18573, 1.18573, 1.18573, 1.18573, 1.18573, 1.18573, 1.18573, 1.27457, 1.18573
14.1327, 4.99529, 1.27119, 1.18283, 2.64486, 3.7241, 0, 1.18283, 1.18283, 1.18283, 1.18283, 1.18283, 1.18283, 1.18283, 1.18283, 1.18283, 1.18283, 1.18283, 1.18283, 1.18283, 1.18283, 1.18283, 1.18283, 1.18283, 1.18283, 1.18283, 1.18283, 1.18283, 1.18283, 1.27119, 1.18283
14.1406, 2.84882, 1.27563, 1.18835, 2.202, 1.5732, 0, 1.18835, 1.18835, 1.18835, 1.18835, 1.18835, 1.18835, 1.18835, 1.18835, 1.18835, 1.18835, 1.18835, 1.18835, 1.18835, 1.18835, 1.18835, 1.18835, 1.18835, 1.18835, 1.18835, 1.18835, 1.18835, 1.18835, 1.27563, 1.18835
14.1485, 4.29009, 1.27602, 1.19039, 2.508, 3.01407, 0, 1.19039, 1.19039, 1.19039, 1.19039, 1.19039, 1.19039, 1.19039, 1.19039, 1.19039, 1.19039, 1.19039, 1.19039, 1.19039, 1.19039, 1.19039, 1.19039, 1.19039, 1.19039, 1.19039, 1.19039, 1.19039, 1.19039, 1.27602, 1.19039
14.1563, 1.14857, 1.27282, 1.18938, 1.77442, -0.12425, 0, 1.18938, 1.18938, 1.18938, 1.18938, 1.18938, 1.18938, 1.18938, 1.18938, 1.18938, 1.18938, 1.18938, 1.18938, 1.18938, 1.18938, 1.18938, 1.18938, 1.18938, 1.18938, 1.18938, 1.18938, 1.18938, 1.18938, 1.27282, 1.18938
14.1642, 1, 1.26761, 1.18685, 1.73205, -0.267612, 0, 1.18685, 1.18685, 1.18685, 1.18685, 1.18685, 1.18685, 1.18685, 1.18685, 1.18685, 1.18685, 1.18685, 1.18685, 1.18685, 1.18685, 1.18685, 1.18685, 1.18685, 1.18685, 1.18685, 1.18685, 1.18685, 1.18685, 1.26761, 1.18685
14.1721, 2, 1.26196, 1.18433, 2, 0.738039, 0, 1.18433, 1.18433, 1.18433, 1.18433, 1.18433, 1.18433, 1.18433, 1.18433, 1.18433, 1.18433, 1.18433, 1.18433, 1.18433, 1.18433, 1.18433, 1.18433, 1.18433, 1.18433, 1.18433, 1.18433, 1.18433, 1.18433, 1.26196, 1.18433
14.1799, 1.68352, 1.26312, 1.18899, 1.91925, 0.420398, 0, 1.18899, 1.18899, 1.18899, 1.18899, 1.18899, 1.18899, 1.18899, 1.18899, 1.18899, 1.18899, 1.18899, 1.18899, 1.18899, 1.18899, 1.18899, 1.18899, 1.18899, 1.18899, 1.18899, 1.189, 1.18899, 1.18899, 1.26312, 1.18899
14.1878, 1.31648, 1.26092, 1.19062, 1.82112, 0.0555595, 0, 1.19062, 1.19062, 1.19062, 1.19062, 1.19062, 1.19062, 1.19062, 1.19062, 1.19062, 1.19062, 1.19062, 1.19062, 1.19062, 1.19062, 1.19062, 1.19062, 1.19062, 1.19062, 1.19062, 1.19062, 1.19062, 1.19062, 1.26092, 1.19062
14.1957, 0.837051, 1.2558, 1.18957, 1.68435, -0.418747, 0, 1.18957, 1.18957, 1.18957, 1.18957, 1.18957, 1.18957, 1.18957, 1.18957, 1.18957, 1.18957, 1.18957, 1.18957, 1.18957, 1.18957, 1.18957, 1.18957, 1.18957, 1.18957, 1.18957, 1.18958, 1.18957, 1.18957, 1.2558, 1.18957
14.2035, 2.99752, 1.24916, 1.18719, 2.23551, 1.74836, 0, 1.18719, 1.18719, 1.18719, 1.18719, 1.18719, 1.18719, 1.18719, 1.18719, 1.18719, 1.18719, 1.18719, 1.18719, 1.18719, 1.18719, 1.18719, 1.18719, 1.18719, 1.18719, 1.18719, 1.1872, 1.18719, 1.18719, 1.24916, 1.18719
14.2114, 0.165428, 1.24241, 1.18482, 1.47154, -1.07698, 0, 1.18482, 1.18482, 1.18482, 1.18482, 1.18482, 1.18482, 1.18482, 1.18482, 1.18482, 1.18482, 1.18482, 1.18482, 1.18482, 1.18482, 1.18482, 1.18482, 1.18482, 1.18482, 1.18482, 1.18482, 1.18482, 1.18482, 1.2424, 1.18482
14.2192, 2.65948, 1.24204, 1.18888, 2.15858, 1.41744, 0, 1.18888, 1.18888, 1.18888, 1.18888, 1.18888, 1.18888, 1.18888, 1.18888, 1.18888, 1.18888, 1.18888, 1.18888, 1.18888, 1.18888, 1.18888, 1.18888, 1.18888, 1.18888, 1.18888, 1.18888, 1.18888, 1.18888, 1.24204, 1.18888
14.2271, 3.34052, 1.23906, 1.19031, 2.31096, 2.10146, 0, 1.19031, 1.19031, 1.19031, 1.19031, 1.19031, 1.19031, 1.19031, 1.19031, 1.19031, 1.19031, 1.19031, 1.19031, 1.19031, 1.19031, 1.19031, 1.19031, 1.19031, 1.19031, 1.19031, 1.19031, 1.19031, 1.19031, 1.23905, 1.19031
14.235, 2.64957, 1.23381, 1.18942, 2.15629, 1.41575, 0, 1.18942, 1.18942, 1.18942, 1.18942, 1.18942, 1.18942, 1.18942, 1.18942, 1.18942, 1.18942, 1.18942, 1.18942, 1.18942, 1.18942, 1.18942, 1.18942, 1.18942, 1.18942, 1.18942, 1.18942, 1.18942, 1.18942, 1.23381, 1.18942
14.2428, 3.17299, 1.22753, 1.18736, 2.27442, 1.94546, 0, 1.18736, 1.18736, 1.18736, 1.18736, 1.18736, 1.18736, 1.18736, 1.18736, 1.18736, 1.18736, 1.18736, 1.18736, 1.18736, 1.18736, 1.18736, 1.18736, 1.18736, 1.18736, 1.18736, 1.18736, 1.18736, 1.18736, 1.22753, 1.18736
14.2507, 2.99752, 1.22141, 1.18531, 2.23551, 1.77612, 0, 1.18531, 1.18531, 1.18531, 1.18531, 1.18531, 1.18531, 1.18531, 1.18531, 1.18531, 1.18531, 1.18531, 1.18531, 1.18531, 1.18531, 1.18531, 1.18531, 1.18531, 1.18531, 1.18531, 1.18531, 1.18531, 1.18531, 1.2214, 1.18531
14.2586, 1.99752, 1.2207, 1.18848, 1.99938, 0.776822, 0, 1.18848, 1.18848, 1.18848, 1.18848, 1.18848, 1.18848, 1.18848, 1.18848, 1.18848, 1.18848, 1.18848, 1.18848, 1.18848, 1.18848, 1.18848, 1.18848, 1.18848, 1.18848, 1.18848, 1.18848, 1.18848, 1.18848, 1.2207, 1.18848
14.2664, 2.81314, 1.21801, 1.18944, 2.19389, 1.59512, 0, 1.18944, 1.18944, 1.18944, 1.18944, 1.18944, 1.18944, 1.18944, 1.18944, 1.18944, 1.18944, 1.18944, 1.18944, 1.18944, 1.18944, 1.18944, 1.18944, 1.18944, 1.18944, 1.18944, 1.18945, 1.18944, 1.18944, 1.21801, 1.18944
14.2743, 3.99484, 1.21362, 1.18845, 2.44844, 2.78122, 0, 1.18845, 1.18845, 1.18845, 1.18845, 1.18845, 1.18845, 1.18845, 1.18845, 1.18845, 1.18845, 1.18845, 1.18845, 1.18845, 1.18845, 1.18845, 1.18845, 1.18845, 1.18845, 1.18845, 1.18846, 1.18845, 1.18845, 1.21362, 1.18845
14.2822, 5.995, 1.20851, 1.18649, 2.82754, 4.78649, 0, 1.18649, 1.18649, 1.18649, 1.18649, 1.18649, 1.18649, 1.18649, 1.18649, 1.18649, 1.18649, 1.18649, 1.18649, 1.18649, 1.18649, 1.18649, 1.18649, 1.18649, 1.18649, 1.18649, 1.18649, 1.18649, 1.18649, 1.2085, 1.18649
14.29, 1.99554, 1.20366, 1.18453, 1.99888, 0.791878, 0, 1.18453, 1.18453, 1.18453, 1.18453, 1.18453, 1.18453, 1.18453, 1.18453, 1.18453, 1.18453, 1.18453, 1.18453, 1.18453, 1.18453, 1.18453, 1.18453, 1.18453, 1.18453, 1.18453, 1.18453, 1.18453, 1.18453, 1.20366, 1.18453
14.2979, 4.80062, 1.20357, 1.18705, 2.6078, 3.59705, 0, 1.18705, 1.18705, 1.18705, 1.18705, 1.18705, 1.18705, 1.18705, 1.18705, 1.18705, 1.18705, 1.18705, 1.18705, 1.18705, 1.18705, 1.18705, 1.18705, 1.18705, 1.18705, 1.18705, 1.18705, 1.18705, 1.18705, 1.20356, 1.18705
14.3058, 0.583271, 1.20197, 1.1878, 1.60726, -0.618698, 0, 1.1878, 1.1878, 1.1878, 1.1878, 1.1878, 1.1878, 1.1878, 1.1878, 1.1878, 1.1878, 1.1878, 1.1878, 1.1878, 1.1878, 1.1878, 1.1878, 1.1878, 1.1878, 1.1878, 1.1878, 1.1878, 1.1878, 1.20197, 1.1878
14.3136, 2.4026, 1.19904, 1.18698, 2.09824, 1.20356, 0, 1.18698, 1.18698, 1.18698, 1.18698, 1.18698, 1.18698, 1.18698, 1.18698, 1.18698, 1.18698, 1.18698, 1.18698, 1.18698, 1.18698, 1.18698, 1.18698, 1.18698, 1.18698, 1.18698, 1.18698, 1.18698, 1.18698, 1.19904, 1.18698
14.3215, 3.19398, 1.19557, 1.18536, 2.27903, 1.9984, 0, 1.18536, 1.18536, 1.18536, 1.18536, 1.18536, 1.18536, 1.18536, 1.18536, 1.18536, 1.18536, 1.18536, 1.18536, 1.18536, 1.18536, 1.18536, 1.18536, 1.18536, 1.18536, 1.18536, 1.18536, 1.18536, 1.18536, 1.19557, 1.18536
14.3294, 2.40342, 1.19233, 1.18374, 2.09843, 1.21109, 0, 1.18374, 1.18374, 1.18374, 1.18374, 1.18374, 1.18374, 1.18374, 1.18374, 1.18374, 1.18374, 1.18374, 1.18374, 1.18374, 1.18374, 1.18374, 1.18374, 1.18374, 1.18374, 1.18374, 1.18375, 1.18374, 1.18374, 1.19233, 1.18374
14.3372, 1, 1.19203, 1.18486, 1.73205, -0.192026, 0, 1.18486, 1.18486, 1.18486, 1.18486, 1.18486, 1.18486, 1.18486, 1.18486, 1.18486, 1.18486, 1.18486, 1.18486, 1.18486, 1.18486, 1.18486, 1.18486, 1.18486, 1.18486, 1.18486, 1.18486, 1.18486, 1.18486, 1.19202, 1.18486
14.3451, 1, 1.19087, 1.18493, 1.73205, -0.190874, 0, 1.18493, 1.18493, 1.18493, 1.18493, 1.18493, 1.18493, 1.18493, 1.18493, 1.18493, 1.18493, 1.18493, 1.18493, 1.18493, 1.18493, 1.18493, 1.18493, 1.18493, 1.18493, 1.18493, 1.18493, 1.18493, 1.18493, 1.19087, 1.18493
14.3529, 1.78872, 1.18898, 1.18408, 1.94646, 0.599744, 0, 1.18408, 1.18408, 1.18408, 1.18408, 1.18408, 1.18408, 1.18408, 1.18408, 1.18408, 1.18408, 1.18408, 1.18408, 1.18408, 1.18408, 1.18408, 1.18408, 1.18408, 1.18408, 1.18408, 1.18408, 1.18408, 1.18408, 1.18898, 1.18408
14.3608, 1.78401, 1.18678, 1.18277, 1.94525, 0.59723, 0, 1.18277, 1.18277, 1.18277, 1.18277, 1.18277, 1.18277, 1.18277, 1.18277, 1.18277, 1.18277, 1.18277, 1.18277, 1.18277, 1.18277, 1.18277, 1.18277, 1.18277, 1.18277, 1.18277, 1.18277, 1.18277, 1.18277, 1.18678, 1.18277
14.3687, 2.99504, 1.18467, 1.1814, 2.23496, 1.81038, 0, 1.1814, 1.1814, 1.1814, 1.1814, 1.1814, 1.1814, 1.1814, 1.1814, 1.1814, 1.1814, 1.1814, 1.1814, 1.1814, 1.1814, 1.1814, 1.1814, 1.1814, 1.1814, 1.1814, 1.1814, 1.1814, 1.1814, 1.18466, 1.1814
14.3765, 1.21375, 1.18242, 1.17978, 1.79269, 0.0313381, 0, 1.17978, 1.17978, 1.17978, 1.17978, 1.17978, 1.17978, 1.17978, 1.17978, 1.17978, 1.17978, 1.17978, 1.17978, 1.17978, 1.17978, 1.17978, 1.17978, 1.17978, 1.17978, 1.17978, 1.17978, 1.17978, 1.17978, 1.18241, 1.17978
14.3844, 1.21846, 1.18004, 1.17792, 1.79401, 0.0384248, 0, 1.17792, 1.17792, 1.17792, 1.17792, 1.17792, 1.17792, 1.17792, 1.17792, 1.17792, 1.17792, 1.17792, 1.17792, 1.17792, 1.17792, 1.17792, 1.17792, 1.17792, 1.17792, 1.17792, 1.17792, 1.17792, 1.17792, 1.18004, 1.17792
14.3923, 0.77658, 1.17758, 1.17589, 1.66631, -0.401, 0, 1.17589, 1.17589, 1.17589, 1.17589, 1.17589, 1.17589, 1.17589, 1.17589, 1.17589, 1.17589, 1.17589, 1.17589, 1.17589, 1.17589, 1.17589, 1.17589, 1.17589, 1.17589, 1.17589, 1.17589, 1.17589, 1.17589, 1.17758, 1.17589
14.4001, 3.77187, 1.175, 1.17366, 2.40247, 2.59687, 0, 1.17366, 1.17366, 1.17366, 1.17366, 1.17366, 1.17366, 1.17366, 1.17366, 1.17366, 1.17366, 1.17366, 1.17366, 1.17366, 1.17366, 1.17366, 1.17366, 1.17366, 1.17366, 1.17366, 1.17366, 1.17366, 1.17366, 1.175, 1.17366
14.408, 1.22342, 1.172, 1.17095, 1.79539, 0.0514181, 0, 1.17095, 1.17095, 1.17095, 1.17095, 1.17095, 1.17095, 1.17095, 1.17095, 1.17095, 1.17095, 1.17095, 1.17095, 1.17095, 1.17095, 1.17095, 1.17095, 1.17095, 1.17095, 1.17095, 1.17095, 1.17095, 1.17095, 1.172, 1.17095
14.4159, 1.22813, 1.16832, 1.16749, 1.7967, 0.0598127, 0, 1.16749, 1.16749, 1.16749, 1.16749, 1.16749, 1.16749, 1.16749, 1.16749, 1.16749, 1.16749, 1.16749, 1.16749, 1.16749, 1.16749, 1.16749, 1.16749, 1.16749, 1.16749, 1.16749, 1.16749, 1.16749, 1.16749, 1.16831, 1.16749
14.4237, 0, 1.16406, 1.16342, 1.41421, -1.16406, 0, 1.16342, 1.16342, 1.16342, 1.16342, 1.16342, 1.16342, 1.16342, 1.16342, 1.16342, 1.16342, 1.16342, 1.16342, 1.16342, 1.16342, 1.16342, 1.16342, 1.16342, 1.16342, 1.16342, 1.16342, 1.16342, 1.16342, 1.16406, 1.16342
14.4316, 1, 1.15918, 1.15868, 1.73205, -0.159178, 0, 1.15868, 1.15868, 1.15868, 1.15868, 1.15868, 1.15868, 1.15868, 1.15868, 1.15868, 1.15868, 1.15868, 1.15868, 1.15868, 1.15868, 1.15868, 1.15868, 1.15868, 1.15868, 1.15868, 1.15869, 1.15868, 1.15868, 1.15918, 1.15868
14.4395, 3.76208, 1.15383, 1.15345, 2.40043, 2.60825, 0, 1.15345, 1.15345, 1.15345, 1.15345, 1.15345, 1.15345, 1.15345, 1.15345, 1.15345, 1.15345, 1.15345, 1.15345, 1.15345, 1.15345, 1.15345, 1.15345, 1.15345, 1.15345, 1.15345, 1.15345, 1.15345, 1.15345, 1.15383, 1.15345
14.4473, 1.99777, 1.14817, 1.14788, 1.99944, 0.849596, 0, 1.14788, 1.14788, 1.14788, 1.14788, 1.14788, 1.14788, 1.14788, 1.14788, 1.14788, 1.14788, 1.14788, 1.14788, 1.14788, 1.14788, 1.14788, 1.14788, 1.14788, 1.14788, 1.14788, 1.14789, 1.14788, 1.14788, 1.14817, 1.14788
14.4552, 4.24015, 1.14234, 1.14212, 2.49803, 3.09781, 0, 1.14212, 1.14212, 1.14212, 1.14212, 1.14212, 1.14212, 1.14212, 1.14212, 1.14212, 1.14212, 1.14212, 1.14212, 1.14212, 1.14212, 1.14212, 1.14212, 1.14212, 1.14212, 1.14212, 1.14212, 1.14212, 1.14212, 1.14233, 1.14212
14.4631, 1.75489, 1.13642, 1.13626, 1.93776, 0.618473, 0, 1.13626, 1.13626, 1.13626, 1.13626, 1.13626, 1.13626, 1.13626, 1.13626, 1.13626, 1.13626, 1.13626, 1.13626, 1.13626, 1.13626, 1.13626, 1.13626, 1.13626, 1.13626, 1.13626, 1.13626, 1.13626, 1.13626, 1.13642, 1.13626
14.4709, 2.75043, 1.13054, 1.13041, 2.17955, 1.6199, 0, 1.13041, 1.13041, 1.13041, 1.13041, 1.13041, 1.13041, 1.13041, 1.13041, 1.13041, 1.13041, 1.13041, 1.13041, 1.13041, 1.13041, 1.13041, 1.13041, 1.13041, 1.13041, 1.13041, 1.13041, 1.13041, 1.13041, 1.13053, 1.13041
14.4788, 1.49467, 1.12447, 1.12438, 1.8694, 0.370203, 0, 1.12438, 1.12438, 1.12438, 1.12438, 1.12438, 1.12438, 1.12438, 1.12438, 1.12438, 1.12438, 1.12438, 1.12438, 1.12438, 1.12438, 1.12438, 1.12438, 1.12438, 1.12438, 1.12438, 1.12438, 1.12438, 1.12438, 1.12447, 1.12438
14.4866, 2, 1.1172, 1.11713, 2, 0.882802, 0, 1.11713, 1.11713, 1.11713, 1.11713, 1.11713, 1.11713, 1.11713, 1.11713, 1.11713, 1.11713, 1.11713, 1.11713, 1.11713, 1.11713, 1.11713, 1.11713, 1.11713, 1.11713, 1.11713, 1.11713, 1.11713, 1.11713, 1.1172, 1.11713
14.4945, 1.74538, 1.10894, 1.10889, 1.9353, 0.636448, 0, 1.10889, 1.10889, 1.10889, 1.10889, 1.10889, 1.10889, 1.10889, 1.10889, 1.10889, 1.10889, 1.10889, 1.10889, 1.10889, 1.10889, 1.10889, 1.10889, 1.10889, 1.10889, 1.10889, 1.10889, 1.10889, 1.10889, 1.10894, 1.10889
14.5024, 2.48324, 1.1002, 1.10017, 2.11737, 1.38304, 0, 1.10017, 1.10017, 1.10017, 1.10017, 1.10017, 1.10017, 1.10017, 1.10017, 1.10017, 1.10017, 1.10017, 1.10017, 1.10017, 1.10017, 1.10017, 1.10017, 1.10017, 1.10017, 1.10017, 1.10017, 1.10017, 1.10017, 1.1002, 1.10017
14.5102, 2.51177, 1.09151, 1.09148, 2.12409, 1.42026, 0, 1.09148, 1.09148, 1.09148, 1.09148, 1.09148, 1.09148, 1.09148, 1.09148, 1.09148, 1.09148, 1.09148, 1.09148, 1.09148, 1.09148, 1.09148, 1.09148, 1.09148, 1.09148, 1.09148, 1.09148, 1.09148, 1.09148, 1.09151, 1.09148
14.5181, 0.259603, 1.08718, 1.08715, 1.5032, -0.827572, 0, 1.08715, 1.08715, 1.08715, 1.08715, 1.08715, 1.08715, 1.08715, 1.08715, 1.08715, 1.08715, 1.08715, 1.08715, 1.08715, 1.08715, 1.08715, 1.08715, 1.08715, 1.08715, 1.08715, 1.08716, 1.08715, 1.08715, 1.08717, 1.08715
14.526, 0.735688, 1.08061, 1.08059, 1.65399, -0.344919, 0, 1.08059, 1.08059, 1.08059, 1.08059, 1.08059, 1.08059, 1.08059, 1.08059, 1.08059, 1.08059, 1.08059, 1.08059, 1.08059, 1.08059, 1.08059, 1.08059, 1.08059, 1.08059, 1.08059, 1.08059, 1.08059, 1.08059, 1.08061, 1.08059
14.5338, 1.73073, 1.07205, 1.07204, 1.93151, 0.658682, 0, 1.07204, 1.07204, 1.07204, 1.07204, 1.07204, 1.07204, 1.07204, 1.07204, 1.07204, 1.07204, 1.07204, 1.07204, 1.07204, 1.07204, 1.07204, 1.07204, 1.07204, 1.07204, 1.07204, 1.07204, 1.07204, 1.07204, 1.07205, 1.07204
14.5417, 0.533581, 1.06253, 1.06252, 1.59172, -0.528946, 0, 1.06252, 1.06252, 1.06252, 1.06252, 1.06252, 1.06252, 1.06252, 1.06252, 1.06252, 1.06252, 1.06252, 1.06252, 1.06252, 1.06252, 1.06252, 1.06252, 1.06252, 1.06252, 1.06252, 1.06252, 1.06252, 1.06252, 1.06252, 1.06252
14.5496, 1, 1.05305, 1.05304, 1.73205, -0.0530468, 0, 1.05304, 1.05304, 1.05304, 1.05304, 1.05304, 1.05304, 1.05304, 1.05304, 1.05304, 1.05304, 1.05304, 1.05304, 1.05304, 1.05304, 1.05304, 1.05304, 1.05304, 1.05304, 1.05304, 1.05304, 1.05304, 1.05304, 1.05305, 1.05304
14.5574, 0, 1.04962, 1.04962, 1.41421, -1.04962, 0, 1.04962, 1.04962, 1.04962, 1.04962, 1.04962, 1.04962, 1.04962, 1.04962, 1.04962, 1.04962, 1.04962, 1.04962, 1.04962, 1.04962, 1.04962, 1.04962, 1.04962, 1.04962, 1.04962, 1.04962, 1.04962, 1.04962, 1.04962, 1.04962
14.5653, 3.72367, 1.04348, 1.04347, 2.39242, 2.68019, 0, 1.04347, 1.04347, 1.04347, 1.04347, 1.04347, 1.04347, 1.04347, 1.04347, 1.04347, 1.04347, 1.04347, 1.04347, 1.04347, 1.04347, 1.04347, 1.04347, 1.04347, 1.04347, 1.04347, 1.04347, 1.04347, 1.04347, 1.04347, 1.04347
14.5732, 1.27633, 1.03487, 1.03486, 1.81006, 0.241466, 0, 1.03486, 1.03486, 1.03486, 1.03486, 1.03486, 1.03486, 1.03486, 1.03486, 1.03486, 1.03486, 1.03486, 1.03486, 1.03486, 1.03486, 1.03486, 1.03486, 1.03486, 1.03486, 1.03486, 1.03486, 1.03486, 1.03486, 1.03486, 1.03486
14.581, 2.71884, 1.02506, 1.02505, 2.17229, 1.69378, 0, 1.02505, 1.02505, 1.02505, 1.02505, 1.02505, 1.02505, 1.02505, 1.02505, 1.02505, 1.02505, 1.02505, 1.02505, 1.02505, 1.02505, 1.02505, 1.02505, 1.02505, 1.02505, 1.02505, 1.02505, 1.02505, 1.02505, 1.02505, 1.02505
14.5889, 2.43061, 1.01529, 1.01529, 2.1049, 1.41531, 0, 1.01529, 1.01529, 1.01529, 1.01529, 1.01529, 1.01529, 1.01529, 1.01529, 1.01529, 1.01529, 1.01529, 1.01529, 1.01529, 1.01529, 1.01529, 1.01529, 1.01529, 1.01529, 1.01529, 1.01529, 1.01529, 1.01529, 1.01529, 1.01529
14.5968, 5.70657, 1.01261, 1.01261, 2.77607, 4.69396, 0, 1.01261, 1.01261, 1.01261, 1.01261, 1.01261, 1.01261, 1.01261, 1.01261, 1.01261, 1.01261, 1.01261, 1.01261, 1.01261, 1.01261, 1.01261, 1.01261, 1.01261, 1.01261, 1.01261, 1.01261, 1.01261, 1.01261, 1.01261, 1.01261
14.6046, 3.85555, 1.00682, 1.00682, 2.41982, 2.84873, 0, 1.00682, 1.00682, 1.00682, 1.00682, 1.00682, 1.00682, 1.00682, 1.00682, 1.00682, 1.00682, 1.00682, 1.00682, 1.00682, 1.00682, 1.00682, 1.00682, 1.00682, 1.00682, 1.00682, 1.00682, 1.00682, 1.00682, 1.00682, 1.00682
14.6125, 3.70678, 0.998196, 0.998194, 2.38889, 2.70858, 0, 0.998194, 0.998194, 0.998194, 0.998194, 0.998194, 0.998194, 0.998194, 0.998194, 0.998194, 0.998194, 0.998194, 0.998194, 0.998194, 0.998194, 0.998194, 0.998194, 0.998194, 0.998194, 0.998194, 0.998196, 0.998194, 0.998194, 0.998195, 0.998194
14.6203, 2.58166, 0.988188, 0.988187, 2.14048, 1.59347, 0, 0.988187, 0.988187, 0.988187, 0.988187, 0.988187, 0.988187, 0.988187, 0.988187, 0.988187, 0.988187, 0.988187, 0.988187, 0.988187, 0.988187, 0.988187, 0.988187, 0.988187, 0.988187, 0.988187, 0.988188, 0.988187, 0.988187, 0.988187, 0.988187
14.6282, 0.704337, 0.978231, 0.978229, 1.64449, -0.273894, 0, 0.978229, 0.978229, 0.978229, 0.978229, 0.978229, 0.978229, 0.978229, 0.978229, 0.978229, 0.978229, 0.978229, 0.978229, 0.978229, 0.978229, 0.978229, 0.978229, 0.978229, 0.978229, 0.978229, 0.978231, 0.978229, 0.978229, 0.978229, 0.978229
14.6361, 0.295663, 0.976907, 0.976905, 1.51514, -0.681244, 0, 0.976905, 0.976905, 0.976905, 0.976905, 0.976905, 0.976905, 0.976905, 0.976905, 0.976905, 0.976905, 0.976905, 0.976905, 0.976905, 0.976905, 0.976905, 0.976905, 0.976905, 0.976905, 0.976905, 0.976907, 0.976905, 0.976905, 0.976905, 0.976905
14.6439, 0.699504, 0.971672, 0.97167, 1.64302, -0.272167, 0, 0.97167, 0.97167, 0.97167, 0.97167, 0.97167, 0.97167, 0.97167, 0.97167, 0.97167, 0.97167, 0.97167, 0.97167, 0.97167, 0.97167, 0.97167, 0.97167, 0.97167, 0.97167, 0.97167, 0.971672, 0.97167, 0.97167, 0.97167, 0.97167
14.6518, 1.3005, 0.962873, 0.962872, 1.81673, 0.337622, 0, 0.962872, 0.962872, 0.962872, 0.962872, 0.962872, 0.962872, 0.962872, 0.962872, 0.962872, 0.962872, 0.962872, 0.962872, 0.962872, 0.962872, 0.962872, 0.962872, 0.962872, 0.962872, 0.962872, 0.962873, 0.962872, 0.962872, 0.962872, 0.962872
14.6597, 0, 0.952337, 0.952335, 1.41421, -0.952337, 0, 0.952335, 0.952335, 0.952335, 0.952335, 0.952335, 0.952335, 0.952335, 0.952335, 0.952335, 0.952335, 0.952335, 0.952335, 0.952335, 0.952335, 0.952335, 0.952335, 0.952335, 0.952335, 0.952335, 0.952337, 0.952335, 0.952335, 0.952335, 0.952335
14.6675, 0.692193, 0.941859, 0.941857, 1.64079, -0.249665, 0, 0.941857, 0.941857, 0.941857, 0.941857, 0.941857, 0.941857, 0.941857, 0.941857, 0.941857, 0.941857, 0.941857, 0.941857, 0.941857, 0.941857, 0.941857, 0.941857, 0.941857, 0.941857, 0.941857, 0.941859, 0.941857, 0.941857, 0.941857, 0.941857
14.6754, 0.307807, 0.946903, 0.946901, 1.51915, -0.639096, 0, 0.946901, 0.946901, 0.946901, 0.946901, 0.946901, 0.946901, 0.946901, 0.946901, 0.946901, 0.946901, 0.946901, 0.946901, 0.946901, 0.946901, 0.946901, 0.946901, 0.946901, 0.946901, 0.946901, 0.946903, 0.946901, 0.946901, 0.946901, 0.946901
14.6833, 2, 0.94774, 0.947738, 2, 1.05226, 0, 0.947738, 0.947738, 0.947738, 0.947738, 0.947738, 0.947738, 0.947738, 0.947738, 0.947738, 0.947738, 0.947738, 0.947738, 0.947738, 0.947738, 0.947738, 0.947738, 0.947738, 0.947738, 0.947738, 0.94774, 0.947738, 0.947738, 0.947738, 0.947738
14.6911, 2.37001, 0.944636, 0.944634, 2.09046, 1.42538, 0, 0.944634, 0.944634, 0.944634, 0.944634, 0.944634, 0.944634, 0.944634, 0.944634, 0.944634, 0.944634, 0.944634, 0.944634, 0.944634, 0.944634, 0.944634, 0.944634, 0.944634, 0.944634, 0.944634, 0.944636, 0.944634, 0.944634, 0.944634, 0.944634
14.699, 0.629988, 0.939572, 0.93957, 1.62172, -0.309585, 0, 0.93957, 0.93957, 0.93957, 0.93957, 0.93957, 0.93957, 0.93957, 0.93957, 0.93957, 0.93957, 0.93957, 0.93957, 0.93957, 0.93957, 0.93957, 0.93957, 0.93957, 0.93957, 0.93957, 0.939572, 0.93957, 0.93957, 0.93957, 0.93957
14.7069, 1.36043, 0.934523, 0.934521, 1.83315, 0.425904, 0, 0.934521, 0.934521, 0.934521, 0.934521, 0.934521, 0.934521, 0.934521, 0.934521, 0.934521, 0.934521, 0.934521, 0.934521, 0.934521, 0.934521, 0.934521, 0.934521, 0.934521, 0.934521, 0.934521, 0.934523, 0.934521, 0.934521, 0.934521, 0.934521
14.7147, 2.31727, 0.938012, 0.93801, 2.0778, 1.37926, 0, 0.93801, 0.93801, 0.93801, 0.93801, 0.93801, 0.93801, 0.93801, 0.93801, 0.93801, 0.93801, 0.93801, 0.93801, 0.93801, 0.93801, 0.93801, 0.93801, 0.93801, 0.93801, 0.93801, 0.938012, 0.93801, 0.93801, 0.93801, 0.93801
14.7226, 1.3223, 0.938253, 0.938251, 1.82272, 0.384052, 0, 0.938251, 0.938251, 0.938251, 0.938251, 0.938251, 0.938251, 0.938251, 0.938251, 0.938251, 0.938251, 0.938251, 0.938251, 0.938251, 0.938251, 0.938251, 0.938251, 0.938251, 0.938251, 0.938251, 0.938253, 0.938251, 0.938251, 0.938251, 0.938251
14.7305, 3.67299, 0.935548, 0.935546, 2.3818, 2.73744, 0, 0.935546, 0.935546, 0.935546, 0.935546, 0.935546, 0.935546, 0.935546, 0.935546, 0.935546, 0.935546, 0.935546, 0.935546, 0.935546, 0.935546, 0.935546, 0.935546, 0.935546, 0.935546, 0.935546, 0.935548, 0.935546, 0.935546, 0.935546, 0.935546
14.7383, 0.327014, 0.931377, 0.931375, 1.52546, -0.604363, 0, 0.931375, 0.931375, 0.931375, 0.931375, 0.931375, 0.931375, 0.931375, 0.931375, 0.931375, 0.931375, 0.931375, 0.931375, 0.931375, 0.931375, 0.931375, 0.931375, 0.931375, 0.931375, 0.931375, 0.931377, 0.931375, 0.931375, 0.931375, 0.931375
14.7462, 1.66828, 0.927215, 0.927214, 1.91527, 0.741062, 0, 0.927214, 0.927214, 0.927214, 0.927214, 0.927214, 0.927214, 0.927214, 0.927214, 0.927214, 0.927214, 0.927214, 0.927214, 0.927214, 0.927214, 0.927214, 0.927214, 0.927214, 0.927214, 0.927214, 0.927215, 0.927214, 0.927214, 0.927214, 0.927214
14.7541, 0.997439, 0.930264, 0.930262, 1.73131, 0.0671755, 0, 0.930262, 0.930262, 0.930262, 0.930262, 0.930262, 0.930262, 0.930262, 0.930262, 0.930262, 0.930262, 0.930262, 0.930262, 0.930262, 0.930262, 0.930262, 0.930262, 0.930262, 0.930262, 0.930262, 0.930264, 0.930262, 0.930262, 0.930262, 0.930262
14.7619, 1.33428, 0.930309, 0.930308, 1.826, 0.403974, 0, 0.930308, 0.930308, 0.930308, 0.930308, 0.930308, 0.930308, 0.930308, 0.930308, 0.930308, 0.930308, 0.930308, 0.930308, 0.930308, 0.930308, 0.930308, 0.930308, 0.930308, 0.930308, 0.930308, 0.930309, 0.930308, 0.930308, 0.930308, 0.930308
14.7698, 0.660967, 0.927647, 0.927645, 1.63125, -0.26668, 0, 0.927645, 0.927645, 0.927645, 0.927645, 0.927645, 0.927645, 0.927645, 0.927645, 0.927645, 0.927645, 0.927645, 0.927645, 0.927645, 0.927645, 0.927645, 0.927645, 0.927645, 0.927645, 0.927645, 0.927647, 0.927645, 0.927645, 0.927645, 0.927645
14.7776, 1.33903, 0.923637, 0.923635, 1.8273, 0.415396, 0, 0.923635, 0.923635, 0.923635, 0.923635, 0.923635, 0.923635, 0.923635, 0.923635, 0.923635, 0.923635, 0.923635, 0.923635, 0.923635, 0.923635, 0.923635, 0.923635, 0.923635, 0.923635, 0.923635, 0.923637, 0.923635, 0.923635, 0.923635, 0.923635
14.7855, 2.31202, 0.919636, 0.919635, 2.07654, 1.39238, 0, 0.919635, 0.919635, 0.919635, 0.919635, 0.919635, 0.919635, 0.919635, 0.919635, 0.919635, 0.919635, 0.919635, 0.919635, 0.919635, 0.919635, 0.919635, 0.919635, 0.919635, 0.919635, 0.919635, 0.919636, 0.919635, 0.919635, 0.919635, 0.919635
14.7934, 1.68798, 0.922403, 0.922401, 1.92041, 0.765577, 0, 0.922401, 0.922401, 0.922401, 0.922401, 0.922401, 0.922401, 0.922401, 0.922401, 0.922401, 0.922401, 0.922401, 0.922401, 0.922401, 0.922401, 0.922401, 0.922401, 0.922401, 0.922401, 0.922401, 0.922403, 0.922401, 0.922401, 0.922401, 0.922401
14.8012, 2, 0.922355, 0.922353, 2, 1.07765, 0, 0.922353, 0.922353, 0.922353, 0.922353, 0.922353, 0.922353, 0.922353, 0.922353, 0.922353, 0.922353, 0.922353, 0.922353, 0.922353, 0.922353, 0.922353, 0.922353, 0.922353, 0.922353, 0.922353, 0.922355, 0.922353, 0.922353, 0.922353, 0.922353
14.8091, 0, 0.919771, 0.919769, 1.41421, -0.919771, 0, 0.919769, 0.919769, 0.919769, 0.919769, 0.919769, 0.919769, 0.919769, 0.919769, 0.919769, 0.919769, 0.919769, 0.919769, 0.919769, 0.919769, 0.919769, 0.919769, 0.919769, 0.919769, 0.919769, 0.919771, 0.919769, 0.919769, 0.919769, 0.919769
14.817, 1.64651, 0.915926, 0.915924, 1.90958, 0.730587, 0, 0.915924, 0.915924, 0.915924, 0.915924, 0.915924, 0.915924, 0.915924, 0.915924, 0.915924, 0.915924, 0.915924, 0.915924, 0.915924, 0.915924, 0.915924, 0.915924, 0.915924, 0.915924, 0.915924, 0.915926, 0.915924, 0.915924, 0.915924, 0.915924
14.8248, 0.997478, 0.912089, 0.912087, 1.73132, 0.0853894, 0, 0.912087, 0.912087, 0.912087, 0.912087, 0.912087, 0.912087, 0.912087, 0.912087, 0.912087, 0.912087, 0.912087, 0.912087, 0.912087, 0.912087, 0.912087, 0.912087, 0.912087, 0.912087, 0.912087, 0.912089, 0.912087, 0.912087, 0.912087, 0.912087
14.8327, 2.99765, 0.914478, 0.914476, 2.23554, 2.08317, 0, 0.914476, 0.914476, 0.914476, 0.914476, 0.914476, 0.914476, 0.914476, 0.914476, 0.914476, 0.914476, 0.914476, 0.914476, 0.914476, 0.914476, 0.914476, 0.914476, 0.914476, 0.914476, 0.914476, 0.914478, 0.914476, 0.914476, 0.914476, 0.914476
14.8406, 2.99765, 0.914243, 0.914241, 2.23554, 2.0834, 0, 0.914241, 0.914241, 0.914241, 0.914241, 0.914241, 0.914241, 0.914241, 0.914241, 0.914241, 0.914241, 0.914241, 0.914241, 0.914241, 0.914241, 0.914241, 0.914241, 0.914241, 0.914241, 0.914241, 0.914243, 0.914241, 0.914241, 0.914241, 0.914241
14.8484, 0.997522, 0.911651, 0.911649, 1.73134, 0.0858706, 0, 0.911649, 0.911649, 0.911649, 0.911649, 0.911649, 0.911649, 0.911649, 0.911649, 0.911649, 0.911649, 0.911649, 0.911649, 0.911649, 0.911649, 0.911649, 0.911649, 0.911649, 0.911649, 0.911649, 0.911651, 0.911649, 0.911649, 0.911649, 0.911649
14.8563, 1.99765, 0.907887, 0.907885, 1.99941, 1.08976, 0, 0.907885, 0.907885, 0.907885, 0.907885, 0.907885, 0.907885, 0.907885, 0.907885, 0.907885, 0.907885, 0.907885, 0.907885, 0.907885, 0.907885, 0.907885, 0.907885, 0.907885, 0.907885, 0.907885, 0.907887, 0.907885, 0.907885, 0.907885, 0.907885
14.8642, 0.997567, 0.904131, 0.904129, 1.73135, 0.0934367, 0, 0.904129, 0.904129, 0.904129, 0.904129, 0.904129, 0.904129, 0.904129, 0.904129, 0.904129, 0.904129, 0.904129, 0.904129, 0.904129, 0.904129, 0.904129, 0.904129, 0.904129, 0.904129, 0.904129, 0.904131, 0.904129, 0.904129, 0.904129, 0.904129
14.872, 1.36798, 0.906248, 0.906246, 1.83521, 0.461736, 0, 0.906246, 0.906246, 0.906246, 0.906246, 0.906246, 0.906246, 0.906246, 0.906246, 0.906246, 0.906246, 0.906246, 0.906246, 0.906246, 0.906246, 0.906246, 0.906246, 0.906246, 0.906246, 0.906246, 0.906248, 0.906246, 0.906246, 0.906246, 0.906246
14.8799, 2.62714, 0.905923, 0.905921, 2.15108, 1.72121, 0, 0.905921, 0.905921, 0.905921, 0.905921, 0.905921, 0.905921, 0.905921, 0.905921, 0.905921, 0.905921, 0.905921, 0.905921, 0.905921, 0.905921, 0.905921, 0.905921, 0.905921, 0.905921, 0.905921, 0.905923, 0.905921, 0.905921, 0.905921, 0.905921
14.8877, 0.372862, 0.903408, 0.903406, 1.54041, -0.530546, 0, 0.903406, 0.903406, 0.903406, 0.903406, 0.903406, 0.903406, 0.903406, 0.903406, 0.903406, 0.903406, 0.903406, 0.903406, 0.903406, 0.903406, 0.903406, 0.903406, 0.903406, 0.903406, 0.903406, 0.903408, 0.903406, 0.903406, 0.903406, 0.903406
14.8956, 0, 0.899804, 0.899803, 1.41421, -0.899804, 0, 0.899803, 0.899803, 0.899803, 0.899803, 0.899803, 0.899803, 0.899803, 0.899803, 0.899803, 0.899803, 0.899803, 0.899803, 0.899803, 0.899803, 0.899803, 0.899803, 0.899803, 0.899803, 0.899803, 0.899804, 0.899803, 0.899803, 0.899803, 0.899803
14.9035, 2.2399, 0.896207, 0.896206, 2.0591, 1.34369, 0, 0.896206, 0.896206, 0.896206, 0.896206, 0.896206, 0.896206, 0.896206, 0.896206, 0.896206, 0.896206, 0.896206, 0.896206, 0.896206, 0.896206, 0.896206, 0.896206, 0.896206, 0.896206, 0.896206, 0.896207, 0.896206, 0.896206, 0.896206, 0.896206
14.9113, 0.760099, 0.897929, 0.897927, 1.66135, -0.13783, 0, 0.897927, 0.897927, 0.897927, 0.897927, 0.897927, 0.897927, 0.897927, 0.897927, 0.897927, 0.897927, 0.897927, 0.897927, 0.897927, 0.897927, 0.897927, 0.897927, 0.897927, 0.897927, 0.897927, 0.897929, 0.897927, 0.897927, 0.897927, 0.897927
14.9192, 3, 0.897394, 0.897392, 2.23607, 2.10261, 0, 0.897392, 0.897392, 0.897392, 0.897392, 0.897392, 0.897392, 0.897392, 0.897392, 0.897392, 0.897392, 0.897392, 0.897392, 0.897392, 0.897392, 0.897392, 0.897392, 0.897392, 0.897392, 0.897392, 0.897394, 0.897392, 0.897392, 0.897392, 0.897392
14.9271, 1, 0.894843, 0.894842, 1.73205, 0.105157, 0, 0.894842, 0.894842, 0.894842, 0.894842, 0.894842, 0.894842, 0.894842, 0.894842, 0.894842, 0.894842, 0.894842, 0.894842, 0.894842, 0.894842, 0.894842, 0.894842, 0.894842, 0.894842, 0.894842, 0.894843, 0.894842, 0.894842, 0.894842, 0.894842
14.9349, 1.22057, 0.891291, 0.891289, 1.79459, 0.329279, 0, 0.891289, 0.891289, 0.891289, 0.891289, 0.891289, 0.891289, 0.891289, 0.891289, 0.891289, 0.891289, 0.891289, 0.891289, 0.891289, 0.891289, 0.891289, 0.891289, 0.891289, 0.891289, 0.891289, 0.891291, 0.891289, 0.891289, 0.891289, 0.891289
14.9428, 2.38724, 0.887746, 0.887744, 2.09457, 1.49949, 0, 0.887744, 0.887744, 0.887744, 0.887744, 0.887744, 0.887744, 0.887744, 0.887744, 0.887744, 0.887744, 0.887744, 0.887744, 0.887744, 0.887744, 0.887744, 0.887744, 0.887744, 0.887744, 0.887744, 0.887746, 0.887744, 0.887744, 0.887744, 0.887744
14.9507, 0.392193, 0.889209, 0.889207, 1.54667, -0.497016, 0, 0.889207, 0.889207, 0.889207, 0.889207, 0.889207, 0.889207, 0.889207, 0.889207, 0.889207, 0.889207, 0.889207, 0.889207, 0.889207, 0.889207, 0.889207, 0.889207, 0.889207, 0.889207, 0.889207, 0.889209, 0.889207, 0.889207, 0.889207, 0.889207
14.9585, 2, 0.88859, 0.888588, 2, 1.11141, 0, 0.888588, 0.888588, 0.888588, 0.888588, 0.888588, 0.888588, 0.888588, 0.888588, 0.888588, 0.888588, 0.888588, 0.888588, 0.888588, 0.888588, 0.888588, 0.888588, 0.888588, 0.888588, 0.888588, 0.88859, 0.888588, 0.888588, 0.888588, 0.888588
14.9664, 0.60062, 0.886114, 0.886113, 1.61264, -0.285495, 0, 0.886113, 0.886113, 0.886113, 0.886113, 0.886113, 0.886113, 0.886113, 0.886113, 0.886113, 0.886113, 0.886113, 0.886113, 0.886113, 0.886113, 0.886113, 0.886113, 0.886113, 0.886113, 0.886113, 0.886114, 0.886113, 0.886113, 0.886113, 0.886113
14.9743, 2.9977, 0.882716, 0.882714, 2.23555, 2.11498, 0, 0.882714, 0.882714, 0.882714, 0.882714, 0.882714, 0.882714, 0.882714, 0.882714, 0.882714, 0.882714, 0.882714, 0.882714, 0.882714, 0.882714, 0.882714, 0.882714, 0.882714, 0.882714, 0.882714, 0.882716, 0.882714, 0.882714, 0.882714, 0.882714
14.9821, 1.40168, 0.879324, 0.879322, 1.84437, 0.522361, 0, 0.879322, 0.879322, 0.879322, 0.879322, 0.879322, 0.879322, 0.879322, 0.879322, 0.879322, 0.879322, 0.879322, 0.879322, 0.879322, 0.879322, 0.879322, 0.879322, 0.879322, 0.879322, 0.879322, 0.879324, 0.879322, 0.879322, 0.879322, 0.879322
14.99, 0.593309, 0.880379, 0.880377, 1.61038, -0.28707, 0, 0.880377, 0.880377, 0.880377, 0.880377, 0.880377, 0.880377, 0.880377, 0.880377, 0.880377, 0.880377, 0.880377, 0.880377, 0.880377, 0.880377, 0.880377, 0.880377, 0.880377, 0.880377, 0.880377, 0.880379, 0.880377, 0.880377, 0.880377, 0.880377
14.9979, 1.40669, 0.87953, 0.879528, 1.84572, 0.527161, 0, 0.879528, 0.879528, 0.879528, 0.879528, 0.879528, 0.879528, 0.879528, 0.879528, 0.879528, 0.879528, 0.879528, 0.879528, 0.879528, 0.879528, 0.879528, 0.879528, 0.879528, 0.879528, 0.879528, 0.87953, 0.879528, 0.879528, 0.879528, 0.879528
15.0057, 0.5886, 0.876993, 0.876991, 1.60891, -0.288393, 0, 0.876991, 0.876991, 0.876991, 0.876991, 0.876991, 0.876991, 0.876991, 0.876991, 0.876991, 0.876991, 0.876991, 0.876991, 0.876991, 0.876991, 0.876991, 0.876991, 0.876991, 0.876991, 0.876991, 0.876993, 0.876991, 0.876991, 0.876991, 0.876991
15.0136, 2.16976, 0.873617, 0.873615, 2.042, 1.29615, 0, 0.873615, 0.873615, 0.873615, 0.873615, 0.873615, 0.873615, 0.873615, 0.873615, 0.873615, 0.873615, 0.873615, 0.873615, 0.873615, 0.873615, 0.873615, 0.873615, 0.873615, 0.873615, 0.873615, 0.873617, 0.873615, 0.873615, 0.873615, 0.873615
15.0215, 2.24164, 0.870247, 0.870246, 2.05952, 1.37139, 0, 0.870246, 0.870246, 0.870246, 0.870246, 0.870246, 0.870246, 0.870246, 0.870246, 0.870246, 0.870246, 0.870246, 0.870246, 0.870246, 0.870246, 0.870246, 0.870246, 0.870246, 0.870246, 0.870246, 0.870247, 0.870246, 0.870246, 0.870246, 0.870246
15.0293, 0, 0.871062, 0.87106, 1.41421, -0.871062, 0, 0.87106, 0.87106, 0.87106, 0.87106, 0.87106, 0.87106, 0.87106, 0.87106, 0.87106, 0.87106, 0.87106, 0.87106, 0.87106, 0.87106, 0.87106, 0.87106, 0.87106, 0.87106, 0.87106, 0.871062, 0.87106, 0.87106, 0.87106, 0.87106
15.0372, 0, 0.870137, 0.870135, 1.41421, -0.870137, 0, 0.870135, 0.870135, 0.870135, 0.870135, 0.870135, 0.870135, 0.870135, 0.870135, 0.870135, 0.870135, 0.870135, 0.870135, 0.870135, 0.870135, 0.870135, 0.870135, 0.870135, 0.870135, 0.870135, 0.870137, 0.870135, 0.870135, 0.870135, 0.870135
15.045, 3.15316, 0.867672, 0.86767, 2.27006, 2.28549, 0, 0.86767, 0.86767, 0.86767, 0.86767, 0.86767, 0.86767, 0.86767, 0.86767, 0.86767, 0.86767, 0.86767, 0.86767, 0.86767, 0.86767, 0.86767, 0.86767, 0.86767, 0.86767, 0.86767, 0.867672, 0.86767, 0.86767, 0.86767, 0.86767
15.0529, 1.99504, 0.864442, 0.86444, 1.99876, 1.1306, 0, 0.86444, 0.86444, 0.86444, 0.86444, 0.86444, 0.86444, 0.86444, 0.86444, 0.86444, 0.86444, 0.86444, 0.86444, 0.86444, 0.86444, 0.86444, 0.86444, 0.86444, 0.86444, 0.86444, 0.864442, 0.86444, 0.86444, 0.86444, 0.86444
15.0608, 2.42342, 0.861218, 0.861216, 2.10319, 1.5622, 0, 0.861216, 0.861216, 0.861216, 0.861216, 0.861216, 0.861216, 0.861216, 0.861216, 0.861216, 0.861216, 0.861216, 0.861216, 0.861216, 0.861216, 0.861216, 0.861216, 0.861216, 0.861216, 0.861216, 0.861218, 0.861216, 0.861216, 0.861216, 0.861216
15.0686, 1.42838, 0.861617, 0.861616, 1.85159, 0.566759, 0, 0.861616, 0.861616, 0.861616, 0.861616, 0.861616, 0.861616, 0.861616, 0.861616, 0.861616, 0.861616, 0.861616, 0.861616, 0.861616, 0.861616, 0.861616, 0.861616, 0.861616, 0.861616, 0.861616, 0.861617, 0.861616, 0.861616, 0.861616, 0.861616
15.0765, 2.13383, 0.860448, 0.860446, 2.03318, 1.27338, 0, 0.860446, 0.860446, 0.860446, 0.860446, 0.860446, 0.860446, 0.860446, 0.860446, 0.860446, 0.860446, 0.860446, 0.860446, 0.860446, 0.860446, 0.860446, 0.860446, 0.860446, 0.860446, 0.860446, 0.860448, 0.860446, 0.860446, 0.860446, 0.860446
15.0844, 1.86617, 0.857897, 0.857895, 1.96626, 1.00827, 0, 0.857895, 0.857895, 0.857895, 0.857895, 0.857895, 0.857895, 0.857895, 0.857895, 0.857895, 0.857895, 0.857895, 0.857895, 0.857895, 0.857895, 0.857895, 0.857895, 0.857895, 0.857895, 0.857895, 0.857897, 0.857895, 0.857895, 0.857895, 0.857895
15.0922, 1, 0.85466, 0.854658, 1.73205, 0.14534, 0, 0.854658, 0.854658, 0.854658, 0.854658, 0.854658, 0.854658, 0.854658, 0.854658, 0.854658, 0.854658, 0.854658, 0.854658, 0.854658, 0.854658, 0.854658, 0.854658, 0.854658, 0.854658, 0.854658, 0.85466, 0.854658, 0.854658, 0.854658, 0.854658
15.1001, 1.5596, 0.851429, 0.851427, 1.88669, 0.708174, 0, 0.851427, 0.851427, 0.851427, 0.851427, 0.851427, 0.851427, 0.851427, 0.851427, 0.851427, 0.851427, 0.851427, 0.851427, 0.851427, 0.851427, 0.851427, 0.851427, 0.851427, 0.851427, 0.851427, 0.851429, 0.851427, 0.851427, 0.851427, 0.851427
15.108, 1.4404, 0.851589, 0.851587, 1.85483, 0.588807, 0, 0.851587, 0.851587, 0.851587, 0.851587, 0.851587, 0.851587, 0.851587, 0.851587, 0.851587, 0.851587, 0.851587, 0.851587, 0.851587, 0.851587, 0.851587, 0.851587, 0.851587, 0.851587, 0.851587, 0.851589, 0.851587, 0.851587, 0.851587, 0.851587
15.1158, 3.55489, 0.850344, 0.850342, 2.35688, 2.70455, 0, 0.850342, 0.850342, 0.850342, 0.850342, 0.850342, 0.850342, 0.850342, 0.850342, 0.850342, 0.850342, 0.850342, 0.850342, 0.850342, 0.850342, 0.850342, 0.850342, 0.850342, 0.850342, 0.850342, 0.850344, 0.850342, 0.850342, 0.850342, 0.850342
15.1237, 1.99752, 0.847867, 0.847865, 1.99938, 1.14965, 0, 0.847865, 0.847865, 0.847865, 0.847865, 0.847865, 0.847865, 0.847865, 0.847865, 0.847865, 0.847865, 0.847865, 0.847865, 0.847865, 0.847865, 0.847865, 0.847865, 0.847865, 0.847865, 0.847865, 0.847867, 0.847865, 0.847865, 0.847865, 0.847865
15.1316, 0.997646, 0.844779, 0.844777, 1.73137, 0.152867, 0, 0.844777, 0.844777, 0.844777, 0.844777, 0.844777, 0.844777, 0.844777, 0.844777, 0.844777, 0.844777, 0.844777, 0.844777, 0.844777, 0.844777, 0.844777, 0.844777, 0.844777, 0.844777, 0.844777, 0.844779, 0.844777, 0.844777, 0.844777, 0.844777
15.1394, 0.997646, 0.841697, 0.841695, 1.73137, 0.155949, 0, 0.841695, 0.841695, 0.841695, 0.841695, 0.841695, 0.841695, 0.841695, 0.841695, 0.841695, 0.841695, 0.841695, 0.841695, 0.841695, 0.841695, 0.841695, 0.841695, 0.841695, 0.841695, 0.841695, 0.841697, 0.841695, 0.841695, 0.841695, 0.841695
15.1473, 0.452292, 0.84134, 0.841338, 1.56598, -0.389048, 0, 0.841338, 0.841338, 0.841338, 0.841338, 0.841338, 0.841338, 0.841338, 0.841338, 0.841338, 0.841338, 0.841338, 0.841338, 0.841338, 0.841338, 0.841338, 0.841338, 0.841338, 0.841338, 0.841338, 0.84134, 0.841338, 0.841338, 0.841338, 0.841338
15.1552, 0.542751, 0.83983, 0.839829, 1.5946, -0.297079, 0, 0.839829, 0.839829, 0.839829, 0.839829, 0.839829, 0.839829, 0.839829, 0.839829, 0.839829, 0.839829, 0.839829, 0.839829, 0.839829, 0.839829, 0.839829, 0.839829, 0.839829, 0.839829, 0.839829, 0.83983, 0.839829, 0.839829, 0.839829, 0.839829
15.163, 1.99765, 0.837271, 0.83727, 1.99941, 1.16037, 0, 0.83727, 0.83727, 0.83727, 0.83727, 0.83727, 0.83727, 0.83727, 0.83727, 0.83727, 0.83727, 0.83727, 0.83727, 0.83727, 0.83727, 0.83727, 0.83727, 0.83727, 0.83727, 0.83727, 0.837271, 0.83727, 0.83727, 0.83727, 0.83727
15.1709, 0.997522, 0.834192, 0.83419, 1.73134, 0.16333, 0, 0.83419, 0.83419, 0.83419, 0.83419, 0.83419, 0.83419, 0.83419, 0.83419, 0.83419, 0.83419, 0.83419, 0.83419, 0.83419, 0.83419, 0.83419, 0.83419, 0.83419, 0.83419, 0.83419, 0.834192, 0.83419, 0.83419, 0.83419, 0.83419
15.1787, 0.99777, 0.831118, 0.831116, 1.73141, 0.166652, 0, 0.831116, 0.831116, 0.831116, 0.831116, 0.831116, 0.831116, 0.831116, 0.831116, 0.831116, 0.831116, 0.831116, 0.831116, 0.831116, 0.831116, 0.831116, 0.831116, 0.831116, 0.831116, 0.831116, 0.831118, 0.831116, 0.831116, 0.831116, 0.831116
15.1866, 2.46431, 0.830212, 0.83021, 2.11289, 1.6341, 0, 0.83021, 0.83021, 0.83021, 0.83021, 0.83021, 0.83021, 0.83021, 0.83021, 0.83021, 0.83021, 0.83021, 0.83021, 0.83021, 0.83021, 0.83021, 0.83021, 0.83021, 0.83021, 0.83021, 0.830212, 0.83021, 0.83021, 0.83021, 0.83021
15.1945, 0, 0.828537, 0.828535, 1.41421, -0.828537, 0, 0.828535, 0.828535, 0.828535, 0.828535, 0.828535, 0.828535, 0.828535, 0.828535, 0.828535, 0.828535, 0.828535, 0.828535, 0.828535, 0.828535, 0.828535, 0.828535, 0.828535, 0.828535, 0.828535, 0.828537, 0.828535, 0.828535, 0.828535, 0.828535
15.2023, 0, 0.826133, 0.826131, 1.41421, -0.826133, 0, 0.826131, 0.826131, 0.826131, 0.826131, 0.826131, 0.826131, 0.826131, 0.826131, 0.826131, 0.826131, 0.826131, 0.826131, 0.826131, 0.826131, 0.826131, 0.826131, 0.826131, 0.826131, 0.826131, 0.826133, 0.826131, 0.826131, 0.826131, 0.826131
15.2102, 0.525898, 0.823367, 0.823365, 1.58931, -0.297469, 0, 0.823365, 0.823365, 0.823365, 0.823365, 0.823365, 0.823365, 0.823365, 0.823365, 0.823365, 0.823365, 0.823365, 0.823365, 0.823365, 0.823365, 0.823365, 0.823365, 0.823365, 0.823365, 0.823365, 0.823367, 0.823365, 0.823365, 0.823365, 0.823365
15.2181, 1.4741, 0.820606, 0.820604, 1.86389, 0.653495, 0, 0.820604, 0.820604, 0.820604, 0.820604, 0.820604, 0.820604, 0.820604, 0.820604, 0.820604, 0.820604, 0.820604, 0.820604, 0.820604, 0.820604, 0.820604, 0.820604, 0.820604, 0.820604, 0.820604, 0.820606, 0.820604, 0.820604, 0.820604, 0.820604
15.2259, 0.52119, 0.818656, 0.818655, 1.58783, -0.297467, 0, 0.818655, 0.818655, 0.818655, 0.818655, 0.818655, 0.818655, 0.818655, 0.818655, 0.818655, 0.818655, 0.818655, 0.818655, 0.818655, 0.818655, 0.818655, 0.818655, 0.818655, 0.818655, 0.818655, 0.818656, 0.818655, 0.818655, 0.818655, 0.818655
15.2338, 2.47881, 0.816472, 0.816471, 2.11632, 1.66234, 0, 0.816471, 0.816471, 0.816471, 0.816471, 0.816471, 0.816471, 0.816471, 0.816471, 0.816471, 0.816471, 0.816471, 0.816471, 0.816471, 0.816471, 0.816471, 0.816471, 0.816471, 0.816471, 0.816471, 0.816472, 0.816471, 0.816471, 0.816471, 0.816471
15.2417, 1, 0.814101, 0.814099, 1.73205, 0.185899, 0, 0.814099, 0.814099, 0.814099, 0.814099, 0.814099, 0.814099, 0.814099, 0.814099, 0.814099, 0.814099, 0.814099, 0.814099, 0.814099, 0.814099, 0.814099, 0.814099, 0.814099, 0.814099, 0.814099, 0.814101, 0.814099, 0.814099, 0.814099, 0.814099
15.2495, 1, 0.811637, 0.811635, 1.73205, 0.188363, 0, 0.811635, 0.811635, 0.811635, 0.811635, 0.811635, 0.811635, 0.811635, 0.811635, 0.811635, 0.811635, 0.811635, 0.811635, 0.811635, 0.811635, 0.811635, 0.811635, 0.811635, 0.811635, 0.811635, 0.811637, 0.811635, 0.811635, 0.811635, 0.811635
15.2574, 0, 0.809177, 0.809176, 1.41421, -0.809177, 0, 0.809176, 0.809176, 0.809176, 0.809176, 0.809176, 0.809176, 0.809176, 0.809176, 0.809176, 0.809176, 0.809176, 0.809176, 0.809176, 0.809176, 0.809176, 0.809176, 0.809176, 0.809176, 0.809176, 0.809177, 0.809176, 0.809176, 0.809176, 0.809176
15.2653, 0, 0.807033, 0.807032, 1.41421, -0.807033, 0, 0.807032, 0.807032, 0.807032, 0.807032, 0.807032, 0.807032, 0.807032, 0.807032, 0.807032, 0.807032, 0.807032, 0.807032, 0.807032, 0.807032, 0.807032, 0.807032, 0.807032, 0.807032, 0.807032, 0.807033, 0.807032, 0.807032, 0.807032, 0.807032
15.2731, 2.01338, 0.804803, 0.804801, 2.00334, 1.20858, 0, 0.804801, 0.804801, 0.804801, 0.804801, 0.804801, 0.804801, 0.804801, 0.804801, 0.804801, 0.804801, 0.804801, 0.804801, 0.804801, 0.804801, 0.804801, 0.804801, 0.804801, 0.804801, 0.804801, 0.804803, 0.804801, 0.804801, 0.804801, 0.804801
15.281, 0.986617, 0.8025, 0.802498, 1.72818, 0.184117, 0, 0.802498, 0.802498, 0.802498, 0.802498, 0.802498, 0.802498, 0.802498, 0.802498, 0.802498, 0.802498, 0.802498, 0.802498, 0.802498, 0.802498, 0.802498, 0.802498, 0.802498, 0.802498, 0.802498, 0.8025, 0.802498, 0.802498, 0.802498, 0.802498
15.2889, 1, 0.800163, 0.800161, 1.73205, 0.199837, 0, 0.800161, 0.800161, 0.800161, 0.800161, 0.800161, 0.800161, 0.800161, 0.800161, 0.800161, 0.800161, 0.800161, 0.800161, 0.800161, 0.800161, 0.800161, 0.800161, 0.800161, 0.800161, 0.800161, 0.800163, 0.800161, 0.800161, 0.800161, 0.800161
15.2967, 0, 0.797829, 0.797827, 1.41421, -0.797829, 0, 0.797827, 0.797827, 0.797827, 0.797827, 0.797827, 0.797827, 0.797827, 0.797827, 0.797827, 0.797827, 0.797827, 0.797827, 0.797827, 0.797827, 0.797827, 0.797827, 0.797827, 0.797827, 0.797827, 0.797829, 0.797827, 0.797827, 0.797827, 0.797827
15.3046, 0.496964, 0.795456, 0.795455, 1.58018, -0.298492, 0, 0.795455, 0.795455, 0.795455, 0.795455, 0.795455, 0.795455, 0.795455, 0.795455, 0.795455, 0.795455, 0.795455, 0.795455, 0.795455, 0.795455, 0.795455, 0.795455, 0.795455, 0.795455, 0.795455, 0.795456, 0.795455, 0.795455, 0.795455, 0.795455
15.3124, 1.99758, 0.79302, 0.793019, 1.9994, 1.20456, 0, 0.793019, 0.793019, 0.793019, 0.793019, 0.793019, 0.793019, 0.793019, 0.793019, 0.793019, 0.793019, 0.793019, 0.793019, 0.793019, 0.793019, 0.793019, 0.793019, 0.793019, 0.793019, 0.793019, 0.79302, 0.793019, 0.793019, 0.793019, 0.793019
15.3203, 0.997646, 0.790532, 0.79053, 1.73137, 0.207114, 0, 0.79053, 0.79053, 0.79053, 0.79053, 0.79053, 0.79053, 0.79053, 0.79053, 0.79053, 0.79053, 0.79053, 0.79053, 0.79053, 0.79053, 0.79053, 0.79053, 0.79053, 0.79053, 0.79053, 0.790532, 0.79053, 0.79053, 0.79053, 0.79053
15.3282, 1.50781, 0.788019, 0.788017, 1.87291, 0.719788, 0, 0.788017, 0.788017, 0.788017, 0.788017, 0.788017, 0.788017, 0.788017, 0.788017, 0.788017, 0.788017, 0.788017, 0.788017, 0.788017, 0.788017, 0.788017, 0.788017, 0.788017, 0.788017, 0.788017, 0.788019, 0.788017, 0.788017, 0.788017, 0.788017
15.336, 0.487361, 0.785511, 0.785509, 1.57714, -0.29815, 0, 0.785509, 0.785509, 0.785509, 0.785509, 0.785509, 0.785509, 0.785509, 0.785509, 0.785509, 0.785509, 0.785509, 0.785509, 0.785509, 0.785509, 0.785509, 0.785509, 0.785509, 0.785509, 0.785509, 0.785511, 0.785509, 0.785509, 0.785509, 0.785509
15.3439, 2.99765, 0.783121, 0.783119, 2.23554, 2.21452, 0, 0.783119, 0.783119, 0.783119, 0.783119, 0.783119, 0.783119, 0.783119, 0.783119, 0.783119, 0.783119, 0.783119, 0.783119, 0.783119, 0.783119, 0.783119, 0.783119, 0.783119, 0.783119, 0.783119, 0.783121, 0.783119, 0.783119, 0.783119, 0.783119
15.3518, 1.51499, 0.78069, 0.780688, 1.87483, 0.734304, 0, 0.780688, 0.780688, 0.780688, 0.780688, 0.780688, 0.780688, 0.780688, 0.780688, 0.780688, 0.780688, 0.780688, 0.780688, 0.780688, 0.780688, 0.780688, 0.780688, 0.780688, 0.780688, 0.780688, 0.78069, 0.780688, 0.780688, 0.780688, 0.780688
15.3596, 1.48017, 0.77823, 0.778228, 1.86552, 0.701944, 0, 0.778228, 0.778228, 0.778228, 0.778228, 0.778228, 0.778228, 0.778228, 0.778228, 0.778228, 0.778228, 0.778228, 0.778228, 0.778228, 0.778228, 0.778228, 0.778228, 0.778228, 0.778228, 0.778228, 0.77823, 0.778228, 0.778228, 0.778228, 0.778228
15.3675, 2.99759, 0.775757, 0.775755, 2.23553, 2.22183, 0, 0.775755, 0.775755, 0.775755, 0.775755, 0.775755, 0.775755, 0.775755, 0.775755, 0.775755, 0.775755, 0.775755, 0.775755, 0.775755, 0.775755, 0.775755, 0.775755, 0.775755, 0.775755, 0.775755, 0.775757, 0.775755, 0.775755, 0.775755, 0.775755
15.3754, 0.52224, 0.773245, 0.773243, 1.58816, -0.251005, 0, 0.773243, 0.773243, 0.773243, 0.773243, 0.773243, 0.773243, 0.773243, 0.773243, 0.773243, 0.773243, 0.773243, 0.773243, 0.773243, 0.773243, 0.773243, 0.773243, 0.773243, 0.773243, 0.773243, 0.773245, 0.773243, 0.773243, 0.773243, 0.773243
15.3832, 0, 0.770681, 0.770679, 1.41421, -0.770681, 0, 0.770679, 0.770679, 0.770679, 0.770679, 0.770679, 0.770679, 0.770679, 0.770679, 0.770679, 0.770679, 0.770679, 0.770679, 0.770679, 0.770679, 0.770679, 0.770679, 0.770679, 0.770679, 0.770679, 0.770681, 0.770679, 0.770679, 0.770679, 0.770679
15.3911, 0, 0.768063, 0.768061, 1.41421, -0.768063, 0, 0.768061, 0.768061, 0.768061, 0.768061, 0.768061, 0.768061, 0.768061, 0.768061, 0.768061, 0.768061, 0.768061, 0.768061, 0.768061, 0.768061, 0.768061, 0.768061, 0.768061, 0.768061, 0.768061, 0.768063, 0.768061, 0.768061, 0.768061, 0.768061
15.399, 1.46803, 0.765406, 0.765405, 1.86226, 0.702623, 0, 0.765405, 0.765405, 0.765405, 0.765405, 0.765405, 0.765405, 0.765405, 0.765405, 0.765405, 0.765405, 0.765405, 0.765405, 0.765405, 0.765405, 0.765405, 0.765405, 0.765405, 0.765405, 0.765405, 0.765406, 0.765405, 0.765405, 0.765405, 0.765405
15.4068, 1.53197, 0.762733, 0.762731, 1.87935, 0.769237, 0, 0.762731, 0.762731, 0.762731, 0.762731, 0.762731, 0.762731, 0.762731, 0.762731, 0.762731, 0.762731, 0.762731, 0.762731, 0.762731, 0.762731, 0.762731, 0.762731, 0.762731, 0.762731, 0.762731, 0.762733, 0.762731, 0.762731, 0.762731, 0.762731
15.4147, 2.46326, 0.760064, 0.760062, 2.11264, 1.7032, 0, 0.760062, 0.760062, 0.760062, 0.760062, 0.760062, 0.760062, 0.760062, 0.760062, 0.760062, 0.760062, 0.760062, 0.760062, 0.760062, 0.760062, 0.760062, 0.760062, 0.760062, 0.760062, 0.760062, 0.760064, 0.760062, 0.760062, 0.760062, 0.760062
15.4226, 0.997455, 0.757526, 0.757524, 1.73132, 0.239929, 0, 0.757524, 0.757524, 0.757524, 0.757524, 0.757524, 0.757524, 0.757524, 0.757524, 0.757524, 0.757524, 0.757524, 0.757524, 0.757524, 0.757524, 0.757524, 0.757524, 0.757524, 0.757524, 0.757524, 0.757526, 0.757524, 0.757524, 0.757524, 0.757524
15.4304, 1.53928, 0.754928, 0.754926, 1.8813, 0.784353, 0, 0.754926, 0.754926, 0.754926, 0.754926, 0.754926, 0.754926, 0.754926, 0.754926, 0.754926, 0.754926, 0.754926, 0.754926, 0.754926, 0.754926, 0.754926, 0.754926, 0.754926, 0.754926, 0.754926, 0.754928, 0.754926, 0.754926, 0.754926, 0.754926
15.4383, 0.45601, 0.75226, 0.752258, 1.56717, -0.29625, 0, 0.752258, 0.752258, 0.752258, 0.752258, 0.752258, 0.752258, 0.752258, 0.752258, 0.752258, 0.752258, 0.752258, 0.752258, 0.752258, 0.752258, 0.752258, 0.752258, 0.752258, 0.752258, 0.752258, 0.75226, 0.752258, 0.752259, 0.752258, 0.752258
15.4461, 0.997522, 0.749539, 0.749538, 1.73134, 0.247982, 0, 0.749538, 0.749538, 0.749538, 0.749538, 0.749538, 0.749538, 0.749538, 0.749538, 0.749538, 0.749538, 0.749538, 0.749538, 0.749538, 0.749538, 0.749538, 0.749538, 0.749538, 0.749538, 0.749538, 0.749539, 0.749538, 0.749538, 0.749538, 0.749538
15.454, 2.99777, 0.746782, 0.74678, 2.23557, 2.25099, 0, 0.74678, 0.74678, 0.74678, 0.74678, 0.74678, 0.74678, 0.74678, 0.74678, 0.74678, 0.74678, 0.74678, 0.74678, 0.74678, 0.74678, 0.74678, 0.74678, 0.74678, 0.74678, 0.74678, 0.746782, 0.74678, 0.74678, 0.74678, 0.74678
15.4619, 0.548699, 0.74393, 0.743928, 1.59646, -0.195231, 0, 0.743928, 0.743928, 0.743928, 0.743928, 0.743928, 0.743928, 0.743928, 0.743928, 0.743928, 0.743928, 0.743928, 0.743928, 0.743928, 0.743928, 0.743928, 0.743928, 0.743928, 0.743928, 0.743928, 0.74393, 0.743928, 0.743928, 0.743928, 0.743928
15.4697, 1, 0.740995, 0.740993, 1.73205, 0.259005, 0, 0.740993, 0.740993, 0.740993, 0.740993, 0.740993, 0.740993, 0.740993, 0.740993, 0.740993, 0.740993, 0.740993, 0.740993, 0.740993, 0.740993, 0.740993, 0.740993, 0.740993, 0.740993, 0.740993, 0.740994, 0.740993, 0.740993, 0.740993, 0.740993
15.4776, 0, 0.73799, 0.737988, 1.41421, -0.73799, 0, 0.737988, 0.737988, 0.737988, 0.737988, 0.737988, 0.737988, 0.737988, 0.737988, 0.737988, 0.737988, 0.737988, 0.737988, 0.737988, 0.737988, 0.737988, 0.737988, 0.737988, 0.737988, 0.737988, 0.73799, 0.737988, 0.737988, 0.737988, 0.737988
15.4855, 0, 0.734934, 0.734932, 1.41421, -0.734934, 0, 0.734932, 0.734932, 0.734932, 0.734932, 0.734932, 0.734932, 0.734932, 0.734932, 0.734932, 0.734932, 0.734932, 0.734932, 0.734932, 0.734932, 0.734932, 0.734932, 0.734932, 0.734932, 0.734932, 0.734933, 0.734932, 0.734933, 0.734932, 0.734932
15.4933, 0, 0.731813, 0.73181, 1.41421, -0.731813, 0, 0.73181, 0.73181, 0.73181, 0.73181, 0.73181, 0.73181, 0.73181, 0.73181, 0.73181, 0.73181, 0.73181, 0.73181, 0.73181, 0.73181, 0.73181, 0.73181, 0.73181, 0.73181, 0.73181, 0.731812, 0.73181, 0.731811, 0.73181, 0.73181
15.5012, 0, 0.728578, 0.728575, 1.41421, -0.728578, 0, 0.728575, 0.728575, 0.728575, 0.728575, 0.728575, 0.728575, 0.728575, 0.728575, 0.728575, 0.728575, 0.728575, 0.728575, 0.728575, 0.728575, 0.728575, 0.728575, 0.728575, 0.728575, 0.728575, 0.728577, 0.728575, 0.728576, 0.728575, 0.728575
15.5091, 0.868649, 0.725248, 0.725244, 1.69371, 0.143402, 0, 0.725244, 0.725244, 0.725244, 0.725244, 0.725244, 0.725244, 0.725244, 0.725244, 0.725244, 0.725244, 0.725244, 0.725244, 0.725244, 0.725244, 0.725244, 0.725244, 0.725244, 0.725244, 0.725244, 0.725246, 0.725244, 0.725246, 0.725244, 0.725244
15.5169, 1.5632, 0.721837, 0.721833, 1.88764, 0.84136, 0, 0.721833, 0.721833, 0.721833, 0.721833, 0.721833, 0.721833, 0.721833, 0.721833, 0.721833, 0.721833, 0.721833, 0.721833, 0.721833, 0.721833, 0.721833, 0.721833, 0.721833, 0.721833, 0.721833, 0.721835, 0.721833, 0.721835, 0.721833, 0.721833
15.5248, 0.997716, 0.718371, 0.718366, 1.73139, 0.279345, 0, 0.718366, 0.718366, 0.718366, 0.718366, 0.718366, 0.718366, 0.718366, 0.718366, 0.718366, 0.718366, 0.718366, 0.718366, 0.718366, 0.718366, 0.718366, 0.718366, 0.718366, 0.718366, 0.718366, 0.718368, 0.718366, 0.718369, 0.718366, 0.718366
15.5327, 2.99745, 0.714873, 0.714868, 2.2355, 2.28258, 0, 0.714868, 0.714868, 0.714868, 0.714868, 0.714868, 0.714868, 0.714868, 0.714868, 0.714868, 0.714868, 0.714868, 0.714868, 0.714868, 0.714868, 0.714868, 0.714868, 0.714868, 0.714868, 0.714868, 0.714869, 0.714868, 0.714871, 0.714868, 0.714868
15.5405, 0.572986, 0.711359, 0.711352, 1.60405, -0.138372, 0, 0.711352, 0.711352, 0.711352, 0.711352, 0.711352, 0.711352, 0.711352, 0.711352, 0.711352, 0.711352, 0.711352, 0.711352, 0.711352, 0.711352, 0.711352, 0.711352, 0.711352, 0.711352, 0.711352, 0.711354, 0.711352, 0.711357, 0.711352, 0.711352
15.5484, 1, 0.707841, 0.707833, 1.73205, 0.292159, 0, 0.707833, 0.707833, 0.707833, 0.707833, 0.707833, 0.707833, 0.707833, 0.707833, 0.707833, 0.707833, 0.707833, 0.707833, 0.707833, 0.707833, 0.707833, 0.707833, 0.707833, 0.707833, 0.707833, 0.707835, 0.707833, 0.707839, 0.707833, 0.707833
15.5563, 0.419827, 0.704221, 0.704212, 1.55558, -0.284395, 0, 0.704212, 0.704212, 0.704212, 0.704212, 0.704212, 0.704212, 0.704212, 0.704212, 0.704212, 0.704212, 0.704212, 0.704212, 0.704212, 0.704212, 0.704212, 0.704212, 0.704212, 0.704212, 0.704212, 0.704214, 0.704212, 0.70422, 0.704212, 0.704212
15.5641, 2.41512, 0.700457, 0.700445, 2.10122, 1.71466, 0, 0.700445, 0.700445, 0.700445, 0.700445, 0.700445, 0.700445, 0.700445, 0.700445, 0.700445, 0.700445, 0.700445, 0.700445, 0.700445, 0.700445, 0.700445, 0.700445, 0.700445, 0.700445, 0.700445, 0.700447, 0.700445, 0.700455, 0.700445, 0.700445
15.572, 1.58017, 0.69654, 0.696526, 1.89213, 0.883634, 0, 0.696526, 0.696526, 0.696526, 0.696526, 0.696526, 0.696526, 0.696526, 0.696526, 0.696526, 0.696526, 0.696526, 0.696526, 0.696526, 0.696526, 0.696526, 0.696526, 0.696526, 0.696526, 0.696526, 0.696528, 0.696526, 0.696538, 0.696526, 0.696526
15.5799, 1.8228, 0.692511, 0.692495, 1.9552, 1.13029, 0, 0.692495, 0.692495, 0.692495, 0.692495, 0.692495, 0.692495, 0.692495, 0.692495, 0.692495, 0.692495, 0.692495, 0.692495, 0.692495, 0.692495, 0.692495, 0.692495, 0.692495, 0.692495, 0.692495, 0.692497, 0.692495, 0.692509, 0.692495, 0.692495
15.5877, 2.17232, 0.688433, 0.688414, 2.04262, 1.48388, 0, 0.688414, 0.688414, 0.688414, 0.688414, 0.688414, 0.688414, 0.688414, 0.688414, 0.688414, 0.688414, 0.688414, 0.688414, 0.688414, 0.688414, 0.688414, 0.688414, 0.688414, 0.688414, 0.688414, 0.688415, 0.688414, 0.688432, 0.688414, 0.688414
15.5956, 1.58977, 0.684368, 0.684345, 1.89467, 0.905397, 0, 0.684345, 0.684345, 0.684345, 0.684345, 0.684345, 0.684345, 0.684345, 0.684345, 0.684345, 0.684345, 0.684345, 0.684345, 0.684345, 0.684345, 0.684345, 0.684345, 0.684345, 0.684345, 0.684345, 0.684346, 0.684345, 0.684367, 0.684345, 0.684345
15.6034, 1, 0.680769, 0.680741, 1.73205, 0.319231, 0, 0.680741, 0.680741, 0.680741, 0.680741, 0.680741, 0.680741, 0.680741, 0.680741, 0.680741, 0.680741, 0.680741, 0.680741, 0.680741, 0.680741, 0.680741, 0.680741, 0.680741, 0.680741, 0.680741, 0.680743, 0.680741, 0.680768, 0.680741, 0.680741
15.6113, 0.402974, 0.676851, 0.676817, 1.55015, -0.273877, 0, 0.676817, 0.676817, 0.676817, 0.676817, 0.676817, 0.676817, 0.676817, 0.676817, 0.676817, 0.676817, 0.676817, 0.676817, 0.676817, 0.676817, 0.676817, 0.676817, 0.676817, 0.676817, 0.676817, 0.676818, 0.676817, 0.676849, 0.676817, 0.676817
15.6192, 0.597026, 0.672662, 0.672621, 1.61153, -0.0756359, 0, 0.672621, 0.672621, 0.672621, 0.672621, 0.672621, 0.672621, 0.672621, 0.672621, 0.672621, 0.672621, 0.672621, 0.672621, 0.672621, 0.672621, 0.672621, 0.672621, 0.672621, 0.672621, 0.672621, 0.672623, 0.672621, 0.67266, 0.672621, 0.672621
15.627, 2.79618, 0.668346, 0.668297, 2.19002, 2.12784, 0, 0.668297, 0.668297, 0.668297, 0.668297, 0.668297, 0.668297, 0.668297, 0.668297, 0.668297, 0.668297, 0.668297, 0.668297, 0.668297, 0.668297, 0.668297, 0.668297, 0.668297, 0.668297, 0.668297, 0.668299, 0.668297, 0.668344, 0.668297, 0.668297
15.6349, 1.20382, 0.664045, 0.663987, 1.78992, 0.539771, 0, 0.663987, 0.663987, 0.663987, 0.663987, 0.663987, 0.663987, 0.663987, 0.663987, 0.663987, 0.663987, 0.663987, 0.663987, 0.663987, 0.663987, 0.663987, 0.663987, 0.663987, 0.663987, 0.663987, 0.663989, 0.663987, 0.664043, 0.663987, 0.663987
15.6428, 0.393309, 0.660757, 0.660688, 1.54703, -0.267449, 0, 0.660688, 0.660688, 0.660688, 0.660688, 0.660688, 0.660688, 0.660688, 0.660688, 0.660688, 0.660688, 0.660688, 0.660688, 0.660688, 0.660688, 0.660688, 0.660688, 0.660688, 0.660688, 0.660688, 0.66069, 0.660688, 0.660755, 0.660688, 0.660688
15.6506, 1.38835, 0.656995, 0.656914, 1.84075, 0.731357, 0, 0.656914, 0.656914, 0.656914, 0.656914, 0.656914, 0.656914, 0.656914, 0.656914, 0.656914, 0.656914, 0.656914, 0.656914, 0.656914, 0.656914, 0.656914, 0.656914, 0.656914, 0.656914, 0.656914, 0.656915, 0.656914, 0.656993, 0.656914, 0.656914
15.6585, 1.60682, 0.652813, 0.652718, 1.89916, 0.954002, 0, 0.652718, 0.652718, 0.652718, 0.652718, 0.652718, 0.652718, 0.652718, 0.652718, 0.652718, 0.652718, 0.652718, 0.652718, 0.652718, 0.652718, 0.652718, 0.652718, 0.652718, 0.652718, 0.652718, 0.65272, 0.652718, 0.652811, 0.652718, 0.652718
15.6664, 1.61152, 0.648431, 0.64832, 1.9004, 0.963093, 0, 0.64832, 0.64832, 0.64832, 0.64832, 0.64832, 0.64832, 0.64832, 0.64832, 0.64832, 0.64832, 0.64832, 0.64832, 0.64832, 0.64832, 0.64832, 0.64832, 0.64832, 0.64832, 0.64832, 0.648322, 0.64832, 0.64843, 0.64832, 0.64832
15.6742, 3.76729, 0.644067, 0.643937, 2.40152, 3.12322, 0, 0.643937, 0.643937, 0.643937, 0.643937, 0.643937, 0.643937, 0.643937, 0.643937, 0.643937, 0.643937, 0.643937, 0.643937, 0.643937, 0.643937, 0.643937, 0.643937, 0.643937, 0.643937, 0.643937, 0.643939, 0.643937, 0.644065, 0.643937, 0.643937
15.6821, 1.61413, 0.640829, 0.640678, 1.90109, 0.973298, 0, 0.640678, 0.640678, 0.640678, 0.640678, 0.640678, 0.640678, 0.640678, 0.640678, 0.640678, 0.640678, 0.640678, 0.640678, 0.640678, 0.640678, 0.640678, 0.640678, 0.640678, 0.640678, 0.640678, 0.64068, 0.640678, 0.640827, 0.640678, 0.640678
15.69, 1.99747, 0.63705, 0.636876, 1.99937, 1.36043, 0, 0.636876, 0.636876, 0.636876, 0.636876, 0.636876, 0.636876, 0.636876, 0.636876, 0.636876, 0.636876, 0.636876, 0.636876, 0.636876, 0.636876, 0.636876, 0.636876, 0.636876, 0.636876, 0.636876, 0.636877, 0.636876, 0.637048, 0.636876, 0.636876
15.6978, 1.62111, 0.63279, 0.63259, 1.90292, 0.988323, 0, 0.63259, 0.63259, 0.63259, 0.63259, 0.63259, 0.63259, 0.63259, 0.63259, 0.63259, 0.63259, 0.63259, 0.63259, 0.63259, 0.63259, 0.63259, 0.63259, 0.63259, 0.63259, 0.63259, 0.632592, 0.63259, 0.632788, 0.63259, 0.63259
15.7057, 1, 0.628301, 0.628072, 1.73205, 0.371699, 0, 0.628072, 0.628072, 0.628072, 0.628072, 0.628072, 0.628072, 0.628072, 0.628072, 0.628072, 0.628072, 0.628072, 0.628072, 0.628072, 0.628072, 0.628072, 0.628072, 0.628072, 0.628072, 0.628072, 0.628074, 0.628072, 0.628299, 0.628072, 0.628072
15.7136, 1, 0.623832, 0.623571, 1.73205, 0.376168, 0, 0.623571, 0.623571, 0.623571, 0.623571, 0.623571, 0.623571, 0.623571, 0.623571, 0.623571, 0.623571, 0.623571, 0.623571, 0.623571, 0.623571, 0.623571, 0.623571, 0.623571, 0.623571, 0.623571, 0.623573, 0.623571, 0.62383, 0.623571, 0.623571
15.7214, 1.73829, 0.620779, 0.620482, 1.93347, 1.11751, 0, 0.620482, 0.620482, 0.620482, 0.620482, 0.620482, 0.620482, 0.620482, 0.620482, 0.620482, 0.620482, 0.620482, 0.620482, 0.620482, 0.620482, 0.620482, 0.620482, 0.620482, 0.620482, 0.620482, 0.620484, 0.620482, 0.620777, 0.620482, 0.620482
15.7293, 1.26171, 0.617118, 0.616783, 1.80602, 0.644592, 0, 0.616783, 0.616783, 0.616783, 0.616783, 0.616783, 0.616783, 0.616783, 0.616783, 0.616783, 0.616783, 0.616783, 0.616783, 0.616783, 0.616783, 0.616783, 0.616783, 0.616783, 0.616783, 0.616783, 0.616784, 0.616783, 0.617116, 0.616783, 0.616783
15.7371, 0.364391, 0.612913, 0.612536, 1.53766, -0.248522, 0, 0.612536, 0.612536, 0.612536, 0.612536, 0.612536, 0.612536, 0.612536, 0.612536, 0.612536, 0.612536, 0.612536, 0.612536, 0.612536, 0.612536, 0.612536, 0.612536, 0.612536, 0.612536, 0.612536, 0.612537, 0.612536, 0.612911, 0.612536, 0.612536
15.745, 2.63561, 0.608448, 0.608025, 2.15305, 2.02716, 0, 0.608025, 0.608025, 0.608025, 0.608025, 0.608025, 0.608025, 0.608025, 0.608025, 0.608025, 0.608025, 0.608025, 0.608025, 0.608025, 0.608025, 0.608025, 0.608025, 0.608025, 0.608025, 0.608025, 0.608027, 0.608025, 0.608446, 0.608025, 0.608025
15.7529, 1.3596, 0.604004, 0.603532, 1.83292, 0.755599, 0, 0.603532, 0.603532, 0.603532, 0.603532, 0.603532, 0.603532, 0.603532, 0.603532, 0.603532, 0.603532, 0.603532, 0.603532, 0.603532, 0.603532, 0.603532, 0.603532, 0.603532, 0.603532, 0.603532, 0.603534, 0.603532, 0.604002, 0.603532, 0.603532
15.7607, 0.997522, 0.600975, 0.60045, 1.73134, 0.396547, 0, 0.60045, 0.60045, 0.60045, 0.60045, 0.60045, 0.60045, 0.60045, 0.60045, 0.60045, 0.60045, 0.60045, 0.60045, 0.60045, 0.60045, 0.60045, 0.60045, 0.60045, 0.60045, 0.60045, 0.600452, 0.60045, 0.600973, 0.60045, 0.60045
15.7686, 0.997522, 0.597302, 0.596721, 1.73134, 0.400219, 0, 0.596721, 0.596721, 0.596721, 0.596721, 0.596721, 0.596721, 0.596721, 0.596721, 0.596721, 0.596721, 0.596721, 0.596721, 0.596721, 0.596721, 0.596721, 0.596721, 0.596721, 0.596721, 0.596721, 0.596723, 0.596721, 0.5973, 0.596721, 0.596721
15.7765, 1.99777, 0.593052, 0.592411, 1.99944, 1.40472, 0, 0.592411, 0.592411, 0.592411, 0.592411, 0.592411, 0.592411, 0.592411, 0.592411, 0.592411, 0.592411, 0.592411, 0.592411, 0.592411, 0.592411, 0.592411, 0.592411, 0.592411, 0.592411, 0.592411, 0.592413, 0.592411, 0.59305, 0.592411, 0.592411
15.7843, 0.647584, 0.588526, 0.587821, 1.62714, 0.0590577, 0, 0.587821, 0.587821, 0.587821, 0.587821, 0.587821, 0.587821, 0.587821, 0.587821, 0.587821, 0.587821, 0.587821, 0.587821, 0.587821, 0.587821, 0.587821, 0.587821, 0.587821, 0.587821, 0.587821, 0.587823, 0.587821, 0.588524, 0.587821, 0.587821
15.7922, 0, 0.584021, 0.583249, 1.41421, -0.584021, 0, 0.583249, 0.583249, 0.583249, 0.583249, 0.583249, 0.583249, 0.583249, 0.583249, 0.583249, 0.583249, 0.583249, 0.583249, 0.583249, 0.583249, 0.583249, 0.583249, 0.583249, 0.583249, 0.583249, 0.583251, 0.583249, 0.584019, 0.583249, 0.583249
15.8001, 0, 0.581143, 0.580302, 1.41421, -0.581143, 0, 0.580302, 0.580302, 0.580302, 0.580302, 0.580302, 0.580302, 0.580302, 0.580302, 0.580302, 0.580302, 0.580302, 0.580302, 0.580302, 0.580302, 0.580302, 0.580302, 0.580302, 0.580302, 0.580302, 0.580303, 0.580302, 0.581142, 0.580302, 0.580302
15.8079, 0.685254, 0.577582, 0.576667, 1.63867, 0.107672, 0, 0.576667, 0.576667, 0.576667, 0.576667, 0.576667, 0.576667, 0.576667, 0.576667, 0.576667, 0.576667, 0.576667, 0.576667, 0.576667, 0.576667, 0.576667, 0.576667, 0.576667, 0.576667, 0.576667, 0.576669, 0.576667, 0.57758, 0.576667, 0.576667
15.8158, 1.99529, 0.5734, 0.572409, 1.99882, 1.42189, 0, 0.572409, 0.572409, 0.572409, 0.572409, 0.572409, 0.572409, 0.572409, 0.572409, 0.572409, 0.572409, 0.572409, 0.572409, 0.572409, 0.572409, 0.572409, 0.572409, 0.572409, 0.572409, 0.572409, 0.572411, 0.572409, 0.573398, 0.572409, 0.572409
15.8237, 1.65737, 0.568921, 0.567852, 1.91243, 1.08845, 0, 0.567852, 0.567852, 0.567852, 0.567852, 0.567852, 0.567852, 0.567852, 0.567852, 0.567852, 0.567852, 0.567852, 0.567852, 0.567852, 0.567852, 0.567852, 0.567852, 0.567852, 0.567852, 0.567852, 0.567854, 0.567852, 0.568919, 0.567852, 0.567852
15.8315, 1.99752, 0.564463, 0.563313, 1.99938, 1.43306, 0, 0.563313, 0.563313, 0.563313, 0.563313, 0.563313, 0.563313, 0.563313, 0.563313, 0.563313, 0.563313, 0.563313, 0.563313, 0.563313, 0.563313, 0.563313, 0.563313, 0.563313, 0.563313, 0.563313, 0.563315, 0.563313, 0.564461, 0.563313, 0.563313
15.8394, 0.66456, 0.561572, 0.56034, 1.63235, 0.102988, 0, 0.56034, 0.56034, 0.56034, 0.56034, 0.56034, 0.56034, 0.56034, 0.56034, 0.56034, 0.56034, 0.56034, 0.56034, 0.56034, 0.56034, 0.56034, 0.56034, 0.56034, 0.56034, 0.56034, 0.560341, 0.56034, 0.56157, 0.56034, 0.56034
15.8473, 1.33069, 0.557992, 0.556675, 1.82502, 0.772698, 0, 0.556675, 0.556675, 0.556675, 0.556675, 0.556675, 0.556675, 0.556675, 0.556675, 0.556675, 0.556675, 0.556675, 0.556675, 0.556675, 0.556675, 0.556675, 0.556675, 0.556675, 0.556675, 0.556675, 0.556677, 0.556675, 0.55799, 0.556675, 0.556675
15.8551, 0.997439, 0.553784, 0.552383, 1.73131, 0.443654, 0, 0.552383, 0.552383, 0.552383, 0.552383, 0.552383, 0.552383, 0.552383, 0.552383, 0.552383, 0.552383, 0.552383, 0.552383, 0.552383, 0.552383, 0.552383, 0.552383, 0.552383, 0.552383, 0.552383, 0.552385, 0.552383, 0.553783, 0.552383, 0.552383
15.863, 0.671871, 0.549276, 0.547788, 1.63459, 0.122595, 0, 0.547788, 0.547788, 0.547788, 0.547788, 0.547788, 0.547788, 0.547788, 0.547788, 0.547788, 0.547788, 0.547788, 0.547788, 0.547788, 0.547788, 0.547788, 0.547788, 0.547788, 0.547788, 0.547788, 0.54779, 0.547788, 0.549274, 0.547788, 0.547788
15.8708, 0, 0.544787, 0.543212, 1.41421, -0.544787, 0, 0.543212, 0.543212, 0.543212, 0.543212, 0.543212, 0.543212, 0.543212, 0.543212, 0.543212, 0.543212, 0.543212, 0.543212, 0.543212, 0.543212, 0.543212, 0.543212, 0.543212, 0.543212, 0.543212, 0.543214, 0.543212, 0.544785, 0.543212, 0.543212
15.8787, 1, 0.541975, 0.540314, 1.73205, 0.458025, 0, 0.540314, 0.540314, 0.540314, 0.540314, 0.540314, 0.540314, 0.540314, 0.540314, 0.540314, 0.540314, 0.540314, 0.540314, 0.540314, 0.540314, 0.540314, 0.540314, 0.540314, 0.540314, 0.540314, 0.540315, 0.540314, 0.541973, 0.540314, 0.540314
15.8866, 1, 0.53847, 0.536722, 1.73205, 0.46153, 0, 0.536722, 0.536722, 0.536722, 0.536722, 0.536722, 0.536722, 0.536722, 0.536722, 0.536722, 0.536722, 0.536722, 0.536722, 0.536722, 0.536722, 0.536722, 0.536722, 0.536722, 0.536722, 0.536722, 0.536724, 0.536722, 0.538468, 0.536722, 0.536722
15.8944, 1.31623, 0.534336, 0.532502, 1.82105, 0.781897, 0, 0.532502, 0.532502, 0.532502, 0.532502, 0.532502, 0.532502, 0.532502, 0.532502, 0.532502, 0.532502, 0.532502, 0.532502, 0.532502, 0.532502, 0.532502, 0.532502, 0.532502, 0.532502, 0.532502, 0.532504, 0.532502, 0.534334, 0.532502, 0.532502
15.9023, 2.31128, 0.529899, 0.52798, 2.07636, 1.78138, 0, 0.52798, 0.52798, 0.52798, 0.52798, 0.52798, 0.52798, 0.52798, 0.52798, 0.52798, 0.52798, 0.52798, 0.52798, 0.52798, 0.52798, 0.52798, 0.52798, 0.52798, 0.52798, 0.52798, 0.527982, 0.52798, 0.529897, 0.52798, 0.52798
15.9102, 1.37249, 0.52548, 0.523477, 1.83643, 0.847011, 0, 0.523477, 0.523477, 0.523477, 0.523477, 0.523477, 0.523477, 0.523477, 0.523477, 0.523477, 0.523477, 0.523477, 0.523477, 0.523477, 0.523477, 0.523477, 0.523477, 0.523477, 0.523477, 0.523477, 0.523479, 0.523477, 0.525478, 0.523477, 0.523477
15.918, 0, 0.522615, 0.52053, 1.41421, -0.522615, 0, 0.52053, 0.52053, 0.52053, 0.52053, 0.52053, 0.52053, 0.52053, 0.52053, 0.52053, 0.52053, 0.52053, 0.52053, 0.52053, 0.52053, 0.52053, 0.52053, 0.52053, 0.52053, 0.52053, 0.520532, 0.52053, 0.522614, 0.52053, 0.52053
15.9259, 0.306444, 0.519077, 0.516912, 1.5187, -0.212634, 0, 0.516912, 0.516912, 0.516912, 0.516912, 0.516912, 0.516912, 0.516912, 0.516912, 0.516912, 0.516912, 0.516912, 0.516912, 0.516912, 0.516912, 0.516912, 0.516912, 0.516912, 0.516912, 0.516912, 0.516913, 0.516912, 0.519075, 0.516912, 0.516912
15.9338, 0.693556, 0.514928, 0.512684, 1.64121, 0.178628, 0, 0.512684, 0.512684, 0.512684, 0.512684, 0.512684, 0.512684, 0.512684, 0.512684, 0.512684, 0.512684, 0.512684, 0.512684, 0.512684, 0.512684, 0.512684, 0.512684, 0.512684, 0.512684, 0.512684, 0.512686, 0.512684, 0.514926, 0.512684, 0.512684
15.9416, 0.301735, 0.510485, 0.508164, 1.51715, -0.20875, 0, 0.508164, 0.508164, 0.508164, 0.508164, 0.508164, 0.508164, 0.508164, 0.508164, 0.508164, 0.508164, 0.508164, 0.508164, 0.508164, 0.508164, 0.508164, 0.508164, 0.508164, 0.508164, 0.508164, 0.508166, 0.508164, 0.510483, 0.508164, 0.508164
15.9495, 0.997522, 0.506059, 0.503664, 1.73134, 0.491463, 0, 0.503664, 0.503664, 0.503664, 0.503664, 0.503664, 0.503664, 0.503664, 0.503664, 0.503664, 0.503664, 0.503664, 0.503664, 0.503664, 0.503664, 0.503664, 0.503664, 0.503664, 0.503664, 0.503664, 0.503666, 0.503664, 0.506057, 0.503664, 0.503664
15.9574, 2.70074, 0.503242, 0.500775, 2.16812, 2.1975, 0, 0.500775, 0.500775, 0.500775, 0.500775, 0.500775, 0.500775, 0.500775, 0.500775, 0.500775, 0.500775, 0.500775, 0.500775, 0.500775, 0.500775, 0.500775, 0.500775, 0.500775, 0.500775, 0.500775, 0.500777, 0.500775, 0.50324, 0.500775, 0.500775
15.9652, 0, 0.499761, 0.497225, 1.41421, -0.499761, 0, 0.497225, 0.497225, 0.497225, 0.497225, 0.497225, 0.497225, 0.497225, 0.497225, 0.497225, 0.497225, 0.497225, 0.497225, 0.497225, 0.497225, 0.497225, 0.497225, 0.497225, 0.497225, 0.497225, 0.497227, 0.497225, 0.499759, 0.497225, 0.497225
15.9731, 0.291945, 0.495681, 0.493079, 1.51392, -0.203735, 0, 0.493079, 0.493079, 0.493079, 0.493079, 0.493079, 0.493079, 0.493079, 0.493079, 0.493079, 0.493079, 0.493079, 0.493079, 0.493079, 0.493079, 0.493079, 0.493079, 0.493079, 0.493079, 0.493079, 0.493081, 0.493079, 0.495679, 0.493079, 0.493079
15.981, 1.70805, 0.491313, 0.488646, 1.92563, 1.21674, 0, 0.488646, 0.488646, 0.488646, 0.488646, 0.488646, 0.488646, 0.488646, 0.488646, 0.488646, 0.488646, 0.488646, 0.488646, 0.488646, 0.488646, 0.488646, 0.488646, 0.488646, 0.488646, 0.488646, 0.488648, 0.488646, 0.491311, 0.488646, 0.488646
15.9888, 5, 0.486962, 0.484234, 2.64575, 4.51304, 0, 0.484234, 0.484234, 0.484234, 0.484234, 0.484234, 0.484234, 0.484234, 0.484234, 0.484234, 0.484234, 0.484234, 0.484234, 0.484234, 0.484234, 0.484234, 0.484234, 0.484234, 0.484234, 0.484234, 0.484236, 0.484234, 0.48696, 0.484234, 0.484234
15.9967, 0.284758, 0.484094, 0.481306, 1.51154, -0.199335, 0, 0.481306, 0.481306, 0.481306, 0.481306, 0.481306, 0.481306, 0.481306, 0.481306, 0.481306, 0.481306, 0.481306, 0.481306, 0.481306, 0.481306, 0.481306, 0.481306, 0.481306, 0.481306, 0.481306, 0.481308, 0.481306, 0.484092, 0.481306, 0.481306
16.0045, 0.715242, 0.480588, 0.477744, 1.6478, 0.234654, 0, 0.477744, 0.477744, 0.477744, 0.477744, 0.477744, 0.477744, 0.477744, 0.477744, 0.477744, 0.477744, 0.477744, 0.477744, 0.477744, 0.477744, 0.477744, 0.477744, 0.477744, 0.477744, 0.477744, 0.477746, 0.477744, 0.480586, 0.477744, 0.477744
16.0124, 0.28005, 0.476509, 0.47361, 1.50998, -0.196459, 0, 0.47361, 0.47361, 0.47361, 0.47361, 0.47361, 0.47361, 0.47361, 0.47361, 0.47361, 0.47361, 0.47361, 0.47361, 0.47361, 0.47361, 0.47361, 0.47361, 0.47361, 0.47361, 0.47361, 0.473612, 0.47361, 0.476507, 0.47361, 0.47361
16.0203, 2.99749, 0.472155, 0.469203, 2.23551, 2.52533, 0, 0.469203, 0.469203, 0.469203, 0.469203, 0.469203, 0.469203, 0.469203, 0.469203, 0.469203, 0.469203, 0.469203, 0.469203, 0.469203, 0.469203, 0.469203, 0.469203, 0.469203, 0.469203, 0.469203, 0.469205, 0.469203, 0.472153, 0.469203, 0.469203
16.0281, 0.99768, 0.467819, 0.464817, 1.73138, 0.529861, 0, 0.464817, 0.464817, 0.464817, 0.464817, 0.464817, 0.464817, 0.464817, 0.464817, 0.464817, 0.464817, 0.464817, 0.464817, 0.464817, 0.464817, 0.464817, 0.464817, 0.464817, 0.464817, 0.464817, 0.464819, 0.464817, 0.467817, 0.464817, 0.464817
16.036, 1.72478, 0.46499, 0.46194, 1.92997, 1.25979, 0, 0.46194, 0.46194, 0.46194, 0.46194, 0.46194, 0.46194, 0.46194, 0.46194, 0.46194, 0.46194, 0.46194, 0.46194, 0.46194, 0.46194, 0.46194, 0.46194, 0.46194, 0.46194, 0.46194, 0.461941, 0.46194, 0.464988, 0.46194, 0.46194
16.0439, 0, 0.461543, 0.458446, 1.41421, -0.461543, 0, 0.458446, 0.458446, 0.458446, 0.458446, 0.458446, 0.458446, 0.458446, 0.458446, 0.458446, 0.458446, 0.458446, 0.458446, 0.458446, 0.458446, 0.458446, 0.458446, 0.458446, 0.458446, 0.458446, 0.458448, 0.458446, 0.461542, 0.458446, 0.458446
16.0517, 0, 0.457542, 0.454399, 1.41421, -0.457542, 0, 0.454399, 0.454399, 0.454399, 0.454399, 0.454399, 0.454399, 0.454399, 0.454399, 0.454399, 0.454399, 0.454399, 0.454399, 0.454399, 0.454399, 0.454399, 0.454399, 0.454399, 0.454399, 0.454399, 0.454401, 0.454399, 0.45754, 0.454399, 0.454399
16.0596, 0, 0.453275, 0.450088, 1.41421, -0.453275, 0, 0.450088, 0.450088, 0.450088, 0.450088, 0.450088, 0.450088, 0.450088, 0.450088, 0.450088, 0.450088, 0.450088, 0.450088, 0.450088, 0.450088, 0.450088, 0.450088, 0.450088, 0.450088, 0.450088, 0.45009, 0.450088, 0.453274, 0.450088, 0.450088
16.0675, 0, 0.449028, 0.445798, 1.41421, -0.449028, 0, 0.445798, 0.445798, 0.445798, 0.445798, 0.445798, 0.445798, 0.445798, 0.445798, 0.445798, 0.445798, 0.445798, 0.445798, 0.445798, 0.445798, 0.445798, 0.445798, 0.445798, 0.445798, 0.445798, 0.445799, 0.445798, 0.449026, 0.445798, 0.445798
16.0753, 0, 0.446166, 0.442894, 1.41421, -0.446166, 0, 0.442894, 0.442894, 0.442894, 0.442894, 0.442894, 0.442894, 0.442894, 0.442894, 0.442894, 0.442894, 0.442894, 0.442894, 0.442894, 0.442894, 0.442894, 0.442894, 0.442894, 0.442894, 0.442894, 0.442896, 0.442894, 0.446165, 0.442894, 0.442894
16.0832, 1.51648, 0.442717, 0.439404, 1.87523, 1.07376, 0, 0.439404, 0.439404, 0.439404, 0.439404, 0.439404, 0.439404, 0.439404, 0.439404, 0.439404, 0.439404, 0.439404, 0.439404, 0.439404, 0.439404, 0.439404, 0.439404, 0.439404, 0.439404, 0.439404, 0.439405, 0.439404, 0.442716, 0.439404, 0.439404
16.0911, 1.48352, 0.438744, 0.435389, 1.86642, 1.04478, 0, 0.435389, 0.435389, 0.435389, 0.435389, 0.435389, 0.435389, 0.435389, 0.435389, 0.435389, 0.435389, 0.435389, 0.435389, 0.435389, 0.435389, 0.435389, 0.435389, 0.435389, 0.435389, 0.435389, 0.435391, 0.435389, 0.438742, 0.435389, 0.435389
16.0989, 0, 0.434521, 0.431126, 1.41421, -0.434521, 0, 0.431126, 0.431126, 0.431126, 0.431126, 0.431126, 0.431126, 0.431126, 0.431126, 0.431126, 0.431126, 0.431126, 0.431126, 0.431126, 0.431126, 0.431126, 0.431126, 0.431126, 0.431126, 0.431126, 0.431128, 0.431126, 0.434519, 0.431126, 0.431126
16.1068, 0.251053, 0.430318, 0.426884, 1.50035, -0.179265, 0, 0.426884, 0.426884, 0.426884, 0.426884, 0.426884, 0.426884, 0.426884, 0.426884, 0.426884, 0.426884, 0.426884, 0.426884, 0.426884, 0.426884, 0.426884, 0.426884, 0.426884, 0.426884, 0.426884, 0.426886, 0.426884, 0.430317, 0.426884, 0.426884
16.1147, 1.99765, 0.427498, 0.424025, 1.99941, 1.57015, 0, 0.424025, 0.424025, 0.424025, 0.424025, 0.424025, 0.424025, 0.424025, 0.424025, 0.424025, 0.424025, 0.424025, 0.424025, 0.424025, 0.424025, 0.424025, 0.424025, 0.424025, 0.424025, 0.424025, 0.424027, 0.424025, 0.427496, 0.424025, 0.424025
16.1225, 0.751301, 0.424116, 0.420603, 1.6587, 0.327185, 0, 0.420603, 0.420603, 0.420603, 0.420603, 0.420603, 0.420603, 0.420603, 0.420603, 0.420603, 0.420603, 0.420603, 0.420603, 0.420603, 0.420603, 0.420603, 0.420603, 0.420603, 0.420603, 0.420603, 0.420605, 0.420603, 0.424114, 0.420603, 0.420603
16.1304, 0.243836, 0.420232, 0.416681, 1.49794, -0.176396, 0, 0.416681, 0.416681, 0.416681, 0.416681, 0.416681, 0.416681, 0.416681, 0.416681, 0.416681, 0.416681, 0.416681, 0.416681, 0.416681, 0.416681, 0.416681, 0.416681, 0.416681, 0.416681, 0.416681, 0.416683, 0.416681, 0.420231, 0.416681, 0.416681
16.1382, 0.756164, 0.416111, 0.412521, 1.66017, 0.340053, 0, 0.412521, 0.412521, 0.412521, 0.412521, 0.412521, 0.412521, 0.412521, 0.412521, 0.412521, 0.412521, 0.412521, 0.412521, 0.412521, 0.412521, 0.412521, 0.412521, 0.412521, 0.412521, 0.412521, 0.412522, 0.412521, 0.416109, 0.412521, 0.412521
16.1461, 0.239033, 0.412011, 0.408381, 1.49634, -0.172978, 0, 0.408381, 0.408381, 0.408381, 0.408381, 0.408381, 0.408381, 0.408381, 0.408381, 0.408381, 0.408381, 0.408381, 0.408381, 0.408381, 0.408381, 0.408381, 0.408381, 0.408381, 0.408381, 0.408381, 0.408383, 0.408381, 0.412009, 0.408381, 0.408381
16.154, 0.760967, 0.409178, 0.405508, 1.66162, 0.351789, 0, 0.405508, 0.405508, 0.405508, 0.405508, 0.405508, 0.405508, 0.405508, 0.405508, 0.405508, 0.405508, 0.405508, 0.405508, 0.405508, 0.405508, 0.405508, 0.405508, 0.405508, 0.405508, 0.405508, 0.40551, 0.405508, 0.409176, 0.405508, 0.405508
16.1618, 1, 0.405816, 0.402106, 1.73205, 0.594184, 0, 0.402106, 0.402106, 0.402106, 0.402106, 0.402106, 0.402106, 0.402106, 0.402106, 0.402106, 0.402106, 0.402106, 0.402106, 0.402106, 0.402106, 0.402106, 0.402106, 0.402106, 0.402106, 0.402106, 0.402108, 0.402106, 0.405814, 0.402106, 0.402106
16.1697, 0, 0.401986, 0.398237, 1.41421, -0.401986, 0, 0.398237, 0.398237, 0.398237, 0.398237, 0.398237, 0.398237, 0.398237, 0.398237, 0.398237, 0.398237, 0.398237, 0.398237, 0.398237, 0.398237, 0.398237, 0.398237, 0.398237, 0.398237, 0.398237, 0.398238, 0.398237, 0.401984, 0.398237, 0.398237
16.1776, 0.22934, 0.397936, 0.394145, 1.4931, -0.168596, 0, 0.394145, 0.394145, 0.394145, 0.394145, 0.394145, 0.394145, 0.394145, 0.394145, 0.394145, 0.394145, 0.394145, 0.394145, 0.394145, 0.394145, 0.394145, 0.394145, 0.394145, 0.394145, 0.394145, 0.394147, 0.394145, 0.397934, 0.394145, 0.394145
16.1854, 1.77066, 0.393907, 0.390075, 1.94182, 1.37675, 0, 0.390075, 0.390075, 0.390075, 0.390075, 0.390075, 0.390075, 0.390075, 0.390075, 0.390075, 0.390075, 0.390075, 0.390075, 0.390075, 0.390075, 0.390075, 0.390075, 0.390075, 0.390075, 0.390075, 0.390077, 0.390075, 0.393905, 0.390075, 0.390075
16.1933, 0.224535, 0.391115, 0.387242, 1.49149, -0.16658, 0, 0.387242, 0.387242, 0.387242, 0.387242, 0.387242, 0.387242, 0.387242, 0.387242, 0.387242, 0.387242, 0.387242, 0.387242, 0.387242, 0.387242, 0.387242, 0.387242, 0.387242, 0.387242, 0.387242, 0.387244, 0.387242, 0.391114, 0.387242, 0.387242
16.2012, 1.77546, 0.387825, 0.383909, 1.94306, 1.38764, 0, 0.383909, 0.383909, 0.383909, 0.383909, 0.383909, 0.383909, 0.383909, 0.383909, 0.383909, 0.383909, 0.383909, 0.383909, 0.383909, 0.383909, 0.383909, 0.383909, 0.383909, 0.383909, 0.383909, 0.383911, 0.383909, 0.387823, 0.383909, 0.383909
16.209, 1.21983, 0.384093, 0.380134, 1.79439, 0.835733, 0, 0.380134, 0.380134, 0.380134, 0.380134, 0.380134, 0.380134, 0.380134, 0.380134, 0.380134, 0.380134, 0.380134, 0.380134, 0.380134, 0.380134, 0.380134, 0.380134, 0.380134, 0.380134, 0.380134, 0.380136, 0.380134, 0.384091, 0.380134, 0.380134
16.2169, 0.780173, 0.380154, 0.376151, 1.66739, 0.40002, 0, 0.376151, 0.376151, 0.376151, 0.376151, 0.376151, 0.376151, 0.376151, 0.376151, 0.376151, 0.376151, 0.376151, 0.376151, 0.376151, 0.376151, 0.376151, 0.376151, 0.376151, 0.376151, 0.376151, 0.376153, 0.376151, 0.380152, 0.376151, 0.376151
16.2248, 2, 0.376236, 0.372189, 2, 1.62376, 0, 0.372189, 0.372189, 0.372189, 0.372189, 0.372189, 0.372189, 0.372189, 0.372189, 0.372189, 0.372189, 0.372189, 0.372189, 0.372189, 0.372189, 0.372189, 0.372189, 0.372189, 0.372189, 0.372189, 0.372191, 0.372189, 0.376234, 0.372189, 0.372189
16.2326, 0, 0.373416, 0.369323, 1.41421, -0.373416, 0, 0.369323, 0.369323, 0.369323, 0.369323, 0.369323, 0.369323, 0.369323, 0.369323, 0.369323, 0.369323, 0.369323, 0.369323, 0.369323, 0.369323, 0.369323, 0.369323, 0.369323, 0.369323, 0.369323, 0.369325, 0.369323, 0.373414, 0.369323, 0.369323
16.2405, 0, 0.370158, 0.366019, 1.41421, -0.370158, 0, 0.366019, 0.366019, 0.366019, 0.366019, 0.366019, 0.366019, 0.366019, 0.366019, 0.366019, 0.366019, 0.366019, 0.366019, 0.366019, 0.366019, 0.366019, 0.366019, 0.366019, 0.366019, 0.366019, 0.366021, 0.366019, 0.370156, 0.366019, 0.366019
16.2484, 1.20756, 0.366509, 0.362323, 1.79097, 0.84105, 0, 0.362323, 0.362323, 0.362323, 0.362323, 0.362323, 0.362323, 0.362323, 0.362323, 0.362323, 0.362323, 0.362323, 0.362323, 0.362323, 0.362323, 0.362323, 0.362323, 0.362323, 0.362323, 0.362323, 0.362325, 0.362323, 0.366507, 0.362323, 0.362323
16.2562, 1.99777, 0.362678, 0.358444, 1.99944, 1.63509, 0, 0.358444, 0.358444, 0.358444, 0.358444, 0.358444, 0.358444, 0.358444, 0.358444, 0.358444, 0.358444, 0.358444, 0.358444, 0.358444, 0.358444, 0.358444, 0.358444, 0.358444, 0.358444, 0.358444, 0.358446, 0.358444, 0.362676, 0.358444, 0.358444
16.2641, 0.794672, 0.358868, 0.354586, 1.67173, 0.435803, 0, 0.354586, 0.354586, 0.354586, 0.354586, 0.354586, 0.354586, 0.354586, 0.354586, 0.354586, 0.354586, 0.354586, 0.354586, 0.354586, 0.354586, 0.354586, 0.354586, 0.354586, 0.354586, 0.354586, 0.354587, 0.354586, 0.358867, 0.354586, 0.354586
16.2719, 0, 0.356013, 0.351681, 1.41421, -0.356013, 0, 0.351681, 0.351681, 0.351681, 0.351681, 0.351681, 0.351681, 0.351681, 0.351681, 0.351681, 0.351681, 0.351681, 0.351681, 0.351681, 0.351681, 0.351681, 0.351681, 0.351681, 0.351681, 0.351681, 0.351682, 0.351681, 0.356011, 0.351681, 0.351681
16.2798, 0.792565, 0.352808, 0.348425, 1.6711, 0.439757, 0, 0.348425, 0.348425, 0.348425, 0.348425, 0.348425, 0.348425, 0.348425, 0.348425, 0.348425, 0.348425, 0.348425, 0.348425, 0.348425, 0.348425, 0.348425, 0.348425, 0.348425, 0.348425, 0.348425, 0.348427, 0.348425, 0.352807, 0.348425, 0.348425
16.2877, 4.20743, 0.349281, 0.344846, 2.49147, 3.85815, 0, 0.344846, 0.344846, 0.344846, 0.344846, 0.344846, 0.344846, 0.344846, 0.344846, 0.344846, 0.344846, 0.344846, 0.344846, 0.344846, 0.344846, 0.344846, 0.344846, 0.344846, 0.344846, 0.344846, 0.344848, 0.344846, 0.349279, 0.344846, 0.344846
16.2955, 1, 0.345604, 0.341118, 1.73205, 0.654396, 0, 0.341118, 0.341118, 0.341118, 0.341118, 0.341118, 0.341118, 0.341118, 0.341118, 0.341118, 0.341118, 0.341118, 0.341118, 0.341118, 0.341118, 0.341118, 0.341118, 0.341118, 0.341118, 0.341118, 0.341119, 0.341118, 0.345603, 0.341118, 0.341118
16.3034, 0, 0.341949, 0.337409, 1.41421, -0.341949, 0, 0.337409, 0.337409, 0.337409, 0.337409, 0.337409, 0.337409, 0.337409, 0.337409, 0.337409, 0.337409, 0.337409, 0.337409, 0.337409, 0.337409, 0.337409, 0.337409, 0.337409, 0.337409, 0.337409, 0.337411, 0.337409, 0.341947, 0.337409, 0.337409
16.3113, 1, 0.338985, 0.334391, 1.73205, 0.661015, 0, 0.334391, 0.334391, 0.334391, 0.334391, 0.334391, 0.334391, 0.334391, 0.334391, 0.334391, 0.334391, 0.334391, 0.334391, 0.334391, 0.334391, 0.334391, 0.334391, 0.334391, 0.334391, 0.334391, 0.334393, 0.334391, 0.338983, 0.334391, 0.334391
16.3191, 0.185998, 0.335792, 0.331143, 1.47851, -0.149794, 0, 0.331143, 0.331143, 0.331143, 0.331143, 0.331143, 0.331143, 0.331143, 0.331143, 0.331143, 0.331143, 0.331143, 0.331143, 0.331143, 0.331143, 0.331143, 0.331143, 0.331143, 0.331143, 0.331143, 0.331144, 0.331143, 0.33579, 0.331143, 0.331143
16.327, 2.814, 0.332388, 0.327683, 2.19408, 2.48161, 0, 0.327683, 0.327683, 0.327683, 0.327683, 0.327683, 0.327683, 0.327683, 0.327683, 0.327683, 0.327683, 0.327683, 0.327683, 0.327683, 0.327683, 0.327683, 0.327683, 0.327683, 0.327683, 0.327683, 0.327685, 0.327683, 0.332386, 0.327683, 0.327683
16.3349, 1, 0.328891, 0.324129, 1.73205, 0.671109, 0, 0.324129, 0.324129, 0.324129, 0.324129, 0.324129, 0.324129, 0.324129, 0.324129, 0.324129, 0.324129, 0.324129, 0.324129, 0.324129, 0.324129, 0.324129, 0.324129, 0.324129, 0.324129, 0.324129, 0.324131, 0.324129, 0.328889, 0.324129, 0.324129
16.3427, 0, 0.325414, 0.320594, 1.41421, -0.325414, 0, 0.320594, 0.320594, 0.320594, 0.320594, 0.320594, 0.320594, 0.320594, 0.320594, 0.320594, 0.320594, 0.320594, 0.320594, 0.320594, 0.320594, 0.320594, 0.320594, 0.320594, 0.320594, 0.320594, 0.320596, 0.320594, 0.325412, 0.320594, 0.320594
16.3506, 1.17633, 0.32222, 0.317341, 1.78223, 0.854112, 0, 0.317341, 0.317341, 0.317341, 0.317341, 0.317341, 0.317341, 0.317341, 0.317341, 0.317341, 0.317341, 0.317341, 0.317341, 0.317341, 0.317341, 0.317341, 0.317341, 0.317341, 0.317341, 0.317341, 0.317343, 0.317341, 0.322218, 0.317341, 0.317341
16.3585, 0.823668, 0.319007, 0.314069, 1.68038, 0.504661, 0, 0.314069, 0.314069, 0.314069, 0.314069, 0.314069, 0.314069, 0.314069, 0.314069, 0.314069, 0.314069, 0.314069, 0.314069, 0.314069, 0.314069, 0.314069, 0.314069, 0.314069, 0.314069, 0.314069, 0.314071, 0.314069, 0.319005, 0.314069, 0.314069
16.3663, 0, 0.315776, 0.310777, 1.41421, -0.315776, 0, 0.310777, 0.310777, 0.310777, 0.310777, 0.310777, 0.310777, 0.310777, 0.310777, 0.310777, 0.310777, 0.310777, 0.310777, 0.310777, 0.310777, 0.310777, 0.310777, 0.310777, 0.310777, 0.310777, 0.310779, 0.310777, 0.315774, 0.310777, 0.310777
16.3742, 0, 0.312463, 0.307402, 1.41421, -0.312463, 0, 0.307402, 0.307402, 0.307402, 0.307402, 0.307402, 0.307402, 0.307402, 0.307402, 0.307402, 0.307402, 0.307402, 0.307402, 0.307402, 0.307402, 0.307402, 0.307402, 0.307402, 0.307402, 0.307402, 0.307404, 0.307402, 0.312461, 0.307402, 0.307402
16.3821, 1.16658, 0.309079, 0.303956, 1.77949, 0.857506, 0, 0.303956, 0.303956, 0.303956, 0.303956, 0.303956, 0.303956, 0.303956, 0.303956, 0.303956, 0.303956, 0.303956, 0.303956, 0.303956, 0.303956, 0.303956, 0.303956, 0.303956, 0.303956, 0.303956, 0.303958, 0.303956, 0.309077, 0.303956, 0.303956
16.3899, 0.833416, 0.30565, 0.300464, 1.68328, 0.527766, 0, 0.300464, 0.300464, 0.300464, 0.300464, 0.300464, 0.300464, 0.300464, 0.300464, 0.300464, 0.300464, 0.300464, 0.300464, 0.300464, 0.300464, 0.300464, 0.300464, 0.300464, 0.300464, 0.300464, 0.300466, 0.300464, 0.305648, 0.300464, 0.300464
16.3978, 1.16187, 0.3022, 0.29695, 1.77817, 0.859674, 0, 0.29695, 0.29695, 0.29695, 0.29695, 0.29695, 0.29695, 0.29695, 0.29695, 0.29695, 0.29695, 0.29695, 0.29695, 0.29695, 0.29695, 0.29695, 0.29695, 0.29695, 0.29695, 0.29695, 0.296952, 0.29695, 0.302198, 0.29695, 0.29695
16.4057, 1.83813, 0.29875, 0.293436, 1.95911, 1.53938, 0, 0.293436, 0.293436, 0.293436, 0.293436, 0.293436, 0.293436, 0.293436, 0.293436, 0.293436, 0.293436, 0.293436, 0.293436, 0.293436, 0.293436, 0.293436, 0.293436, 0.293436, 0.293436, 0.293436, 0.293437, 0.293436, 0.298748, 0.293436, 0.293436
16.4135, 0, 0.295323, 0.289942, 1.41421, -0.295323, 0, 0.289942, 0.289942, 0.289942, 0.289942, 0.289942, 0.289942, 0.289942, 0.289942, 0.289942, 0.289942, 0.289942, 0.289942, 0.289942, 0.289942, 0.289942, 0.289942, 0.289942, 0.289942, 0.289942, 0.289944, 0.289942, 0.295321, 0.289942, 0.289942
16.4214, 1, 0.292194, 0.286747, 1.73205, 0.707806, 0, 0.286747, 0.286747, 0.286747, 0.286747, 0.286747, 0.286747, 0.286747, 0.286747, 0.286747, 0.286747, 0.286747, 0.286747, 0.286747, 0.286747, 0.286747, 0.286747, 0.286747, 0.286747, 0.286747, 0.286748, 0.286747, 0.292192, 0.286747, 0.286747
16.4292, 0, 0.288891, 0.283376, 1.41421, -0.288891, 0, 0.283376, 0.283376, 0.283376, 0.283376, 0.283376, 0.283376, 0.283376, 0.283376, 0.283376, 0.283376, 0.283376, 0.283376, 0.283376, 0.283376, 0.283376, 0.283376, 0.283376, 0.283376, 0.283376, 0.283378, 0.283376, 0.28889, 0.283376, 0.283376
16.4371, 0, 0.285443, 0.279859, 1.41421, -0.285443, 0, 0.279859, 0.279859, 0.279859, 0.279859, 0.279859, 0.279859, 0.279859, 0.279859, 0.279859, 0.279859, 0.279859, 0.279859, 0.279859, 0.279859, 0.279859, 0.279859, 0.279859, 0.279859, 0.279859, 0.279861, 0.279859, 0.285441, 0.279859, 0.279859
16.445, 0, 0.281935, 0.276282, 1.41421, -0.281935, 0, 0.276282, 0.276282, 0.276282, 0.276282, 0.276282, 0.276282, 0.276282, 0.276282, 0.276282, 0.276282, 0.276282, 0.276282, 0.276282, 0.276282, 0.276282, 0.276282, 0.276282, 0.276282, 0.276282, 0.276284, 0.276282, 0.281933, 0.276282, 0.276282
16.4528, 0, 0.278451, 0.272727, 1.41421, -0.278451, 0, 0.272727, 0.272727, 0.272727, 0.272727, 0.272727, 0.272727, 0.272727, 0.272727, 0.272727, 0.272727, 0.272727, 0.272727, 0.272727, 0.272727, 0.272727, 0.272727, 0.272727, 0.272727, 0.272727, 0.272729, 0.272727, 0.278449, 0.272727, 0.272727
16.4607, 0, 0.278122, 0.272327, 1.41421, -0.278122, 0, 0.272327, 0.272327, 0.272327, 0.272327, 0.272327, 0.272327, 0.272327, 0.272327, 0.272327, 0.272327, 0.272327, 0.272327, 0.272327, 0.272327, 0.272327, 0.272327, 0.272327, 0.272327, 0.272327, 0.272329, 0.272327, 0.27812, 0.272327, 0.272327
16.4686, 2, 0.277727, 0.271859, 2, 1.72227, 0, 0.271859, 0.271859, 0.271859, 0.271859, 0.271859, 0.271859, 0.271859, 0.271859, 0.271859, 0.271859, 0.271859, 0.271859, 0.271859, 0.271859, 0.271859, 0.271859, 0.271859, 0.271859, 0.271859, 0.271861, 0.271859, 0.277725, 0.271859, 0.271859
16.4764, 0, 0.277253, 0.271312, 1.41421, -0.277253, 0, 0.271312, 0.271312, 0.271312, 0.271312, 0.271312, 0.271312, 0.271312, 0.271312, 0.271312, 0.271312, 0.271312, 0.271312, 0.271312, 0.271312, 0.271312, 0.271312, 0.271312, 0.271312, 0.271312, 0.271314, 0.271312, 0.277251, 0.271312, 0.271312
16.4843, 0, 0.276663, 0.270647, 1.41421, -0.276663, 0, 0.270647, 0.270647, 0.270647, 0.270647, 0.270647, 0.270647, 0.270647, 0.270647, 0.270647, 0.270647, 0.270647, 0.270647, 0.270647, 0.270647, 0.270647, 0.270647, 0.270647, 0.270647, 0.270647, 0.270649, 0.270647, 0.276661, 0.270647, 0.270647
16.4922, 0, 0.275977, 0.269886, 1.41421, -0.275977, 0, 0.269886, 0.269886, 0.269886, 0.269886, 0.269886, 0.269886, 0.269886, 0.269886, 0.269886, 0.269886, 0.269886, 0.269886, 0.269886, 0.269886, 0.269886, 0.269886, 0.269886, 0.269886, 0.269886, 0.269888, 0.269886, 0.275975, 0.269886, 0.269886
16.5, 0, 0.275202, 0.269035, 1.41421, -0.275202, 0, 0.269035, 0.269035, 0.269035, 0.269035, 0.269035, 0.269035, 0.269035, 0.269035, 0.269035, 0.269035, 0.269035, 0.269035, 0.269035, 0.269035, 0.269035, 0.269035, 0.269035, 0.269035, 0.269035, 0.269037, 0.269035, 0.2752, 0.269035, 0.269035
16.5079, 1, 0.274364, 0.268119, 1.73205, 0.725636, 0, 0.268119, 0.268119, 0.268119, 0.268119, 0.268119, 0.268119, 0.268119, 0.268119, 0.268119, 0.268119, 0.268119, 0.268119, 0.268119, 0.268119, 0.268119, 0.268119, 0.268119, 0.268119, 0.268119, 0.268121, 0.268119, 0.274362, 0.268119, 0.268119
16.5158, 2, 0.273408, 0.267085, 2, 1.72659, 0, 0.267085, 0.267085, 0.267085, 0.267085, 0.267085, 0.267085, 0.267085, 0.267085, 0.267085, 0.267085, 0.267085, 0.267085, 0.267085, 0.267085, 0.267085, 0.267085, 0.267085, 0.267085, 0.267085, 0.267086, 0.267085, 0.273406, 0.267085, 0.267085
16.5236, 0.123389, 0.27235, 0.265947, 1.45719, -0.14896, 0, 0.265947, 0.265947, 0.265947, 0.265947, 0.265947, 0.265947, 0.265947, 0.265947, 0.265947, 0.265947, 0.265947, 0.265947, 0.265947, 0.265947, 0.265947, 0.265947, 0.265947, 0.265947, 0.265947, 0.265949, 0.265947, 0.272348, 0.265947, 0.265947
16.5315, 1.87661, 0.271137, 0.264654, 1.96891, 1.60547, 0, 0.264654, 0.264654, 0.264654, 0.264654, 0.264654, 0.264654, 0.264654, 0.264654, 0.264654, 0.264654, 0.264654, 0.264654, 0.264654, 0.264654, 0.264654, 0.264654, 0.264654, 0.264654, 0.264654, 0.264656, 0.264654, 0.271135, 0.264654, 0.264654
16.5394, 0, 0.269796, 0.263231, 1.41421, -0.269796, 0, 0.263231, 0.263231, 0.263231, 0.263231, 0.263231, 0.263231, 0.263231, 0.263231, 0.263231, 0.263231, 0.263231, 0.263231, 0.263231, 0.263231, 0.263231, 0.263231, 0.263231, 0.263231, 0.263231, 0.263233, 0.263231, 0.269794, 0.263231, 0.263231
16.5472, 0, 0.268368, 0.26172, 1.41421, -0.268368, 0, 0.26172, 0.26172, 0.26172, 0.26172, 0.26172, 0.26172, 0.26172, 0.26172, 0.26172, 0.26172, 0.26172, 0.26172, 0.26172, 0.26172, 0.26172, 0.26172, 0.26172, 0.26172, 0.26172, 0.261722, 0.26172, 0.268366, 0.26172, 0.26172
16.5551, 0, 0.266849, 0.260117, 1.41421, -0.266849, 0, 0.260117, 0.260117, 0.260117, 0.260117, 0.260117, 0.260117, 0.260117, 0.260117, 0.260117, 0.260117, 0.260117, 0.260117, 0.260117, 0.260117, 0.260117, 0.260117, 0.260117, 0.260117, 0.260117, 0.260119, 0.260117, 0.266847, 0.260117, 0.260117
16.5629, 0.111249, 0.265262, 0.258446, 1.45301, -0.154014, 0, 0.258446, 0.258446, 0.258446, 0.258446, 0.258446, 0.258446, 0.258446, 0.258446, 0.258446, 0.258446, 0.258446, 0.258446, 0.258446, 0.258446, 0.258446, 0.258446, 0.258446, 0.258446, 0.258446, 0.258448, 0.258446, 0.265261, 0.258446, 0.258446
16.5708, 1.99733, 0.263536, 0.256633, 1.99933, 1.73379, 0, 0.256633, 0.256633, 0.256633, 0.256633, 0.256633, 0.256633, 0.256633, 0.256633, 0.256633, 0.256633, 0.256633, 0.256633, 0.256633, 0.256633, 0.256633, 0.256633, 0.256633, 0.256633, 0.256633, 0.256635, 0.256633, 0.263534, 0.256633, 0.256633
16.5787, 1.89142, 0.261688, 0.254698, 1.97267, 1.62974, 0, 0.254698, 0.254698, 0.254698, 0.254698, 0.254698, 0.254698, 0.254698, 0.254698, 0.254698, 0.254698, 0.254698, 0.254698, 0.254698, 0.254698, 0.254698, 0.254698, 0.254698, 0.254698, 0.254698, 0.2547, 0.254698, 0.261686, 0.254698, 0.254698
16.5865, 0, 0.259757, 0.252679, 1.41421, -0.259757, 0, 0.252679, 0.252679, 0.252679, 0.252679, 0.252679, 0.252679, 0.252679, 0.252679, 0.252679, 0.252679, 0.252679, 0.252679, 0.252679, 0.252679, 0.252679, 0.252679, 0.252679, 0.252679, 0.252679, 0.252681, 0.252679, 0.259755, 0.252679, 0.252679
16.5944, 0.101586, 0.257688, 0.25052, 1.44968, -0.156103, 0, 0.25052, 0.25052, 0.25052, 0.25052, 0.25052, 0.25052, 0.25052, 0.25052, 0.25052, 0.25052, 0.25052, 0.25052, 0.25052, 0.25052, 0.25052, 0.25052, 0.25052, 0.25052, 0.25052, 0.250522, 0.25052, 0.257686, 0.25052, 0.25052
16.6023, 2.09673, 0.255506, 0.248247, 2.02404, 1.84122, 0, 0.248247, 0.248247, 0.248247, 0.248247, 0.248247, 0.248247, 0.248247, 0.248247, 0.248247, 0.248247, 0.248247, 0.248247, 0.248247, 0.248247, 0.248247, 0.248247, 0.248247, 0.248247, 0.248247, 0.248249, 0.248247, 0.255504, 0.248247, 0.248247
16.6101, 1.80169, 0.253215, 0.245863, 1.94979, 1.54847, 0, 0.245863, 0.245863, 0.245863, 0.245863, 0.245863, 0.245863, 0.245863, 0.245863, 0.245863, 0.245863, 0.245863, 0.245863, 0.245863, 0.245863, 0.245863, 0.245863, 0.245863, 0.245863, 0.245863, 0.245865, 0.245863, 0.253213, 0.245863, 0.245863
16.618, 0, 0.250847, 0.243402, 1.41421, -0.250847, 0, 0.243402, 0.243402, 0.243402, 0.243402, 0.243402, 0.243402, 0.243402, 0.243402, 0.243402, 0.243402, 0.243402, 0.243402, 0.243402, 0.243402, 0.243402, 0.243402, 0.243402, 0.243402, 0.243402, 0.243404, 0.243402, 0.250845, 0.243402, 0.243402
16.6259, 1.09217, 0.248434, 0.240894, 1.75846, 0.843736, 0, 0.240894, 0.240894, 0.240894, 0.240894, 0.240894, 0.240894, 0.240894, 0.240894, 0.240894, 0.240894, 0.240894, 0.240894, 0.240894, 0.240894, 0.240894, 0.240894, 0.240894, 0.240894, 0.240894, 0.240896, 0.240894, 0.248432, 0.240894, 0.240894
16.6337, 0.90783, 0.245892, 0.238256, 1.70524, 0.661938, 0, 0.238256, 0.238256, 0.238256, 0.238256, 0.238256, 0.238256, 0.238256, 0.238256, 0.238256, 0.238256, 0.238256, 0.238256, 0.238256, 0.238256, 0.238256, 0.238256, 0.238256, 0.238256, 0.238256, 0.238258, 0.238256, 0.24589, 0.238256, 0.238256
16.6416, 0.0872151, 0.243237, 0.235504, 1.44472, -0.156022, 0, 0.235504, 0.235504, 0.235504, 0.235504, 0.235504, 0.235504, 0.235504, 0.235504, 0.235504, 0.235504, 0.235504, 0.235504, 0.235504, 0.235504, 0.235504, 0.235504, 0.235504, 0.235504, 0.235504, 0.235506, 0.235504, 0.243235, 0.235504, 0.235504
16.6495, 0.912785, 0.240506, 0.232673, 1.70669, 0.672279, 0, 0.232673, 0.232673, 0.232673, 0.232673, 0.232673, 0.232673, 0.232673, 0.232673, 0.232673, 0.232673, 0.232673, 0.232673, 0.232673, 0.232673, 0.232673, 0.232673, 0.232673, 0.232673, 0.232673, 0.232675, 0.232673, 0.240504, 0.232673, 0.232673
16.6573, 1.0823, 0.23773, 0.229797, 1.75565, 0.84457, 0, 0.229797, 0.229797, 0.229797, 0.229797, 0.229797, 0.229797, 0.229797, 0.229797, 0.229797, 0.229797, 0.229797, 0.229797, 0.229797, 0.229797, 0.229797, 0.229797, 0.229797, 0.229797, 0.229797, 0.229799, 0.229797, 0.237728, 0.229797, 0.229797
16.6652, 0.9177, 0.234943, 0.226909, 1.70813, 0.682757, 0, 0.226909, 0.226909, 0.226909, 0.226909, 0.226909, 0.226909, 0.226909, 0.226909, 0.226909, 0.226909, 0.226909, 0.226909, 0.226909, 0.226909, 0.226909, 0.226909, 0.226909, 0.226909, 0.226909, 0.226911, 0.226909, 0.234941, 0.226909, 0.226909
16.6731, 1.07734, 0.232175, 0.224038, 1.75424, 0.845167, 0, 0.224038, 0.224038, 0.224038, 0.224038, 0.224038, 0.224038, 0.224038, 0.224038, 0.224038, 0.224038, 0.224038, 0.224038, 0.224038, 0.224038, 0.224038, 0.224038, 0.224038, 0.224038, 0.224038, 0.22404, 0.224038, 0.232174, 0.224038, 0.224038
16.6809, 2.99798, 0.229485, 0.221243, 2.23562, 2.76849, 0, 0.221243, 0.221243, 0.221243, 0.221243, 0.221243, 0.221243, 0.221243, 0.221243, 0.221243, 0.221243, 0.221243, 0.221243, 0.221243, 0.221243, 0.221243, 0.221243, 0.221243, 0.221243, 0.221243, 0.221245, 0.221243, 0.229483, 0.221243, 0.221243
16.6888, 2.99706, 0.226708, 0.21836, 2.23541, 2.77035, 0, 0.21836, 0.21836, 0.21836, 0.21836, 0.21836, 0.21836, 0.21836, 0.21836, 0.21836, 0.21836, 0.21836, 0.21836, 0.21836, 0.21836, 0.21836, 0.21836, 0.21836, 0.21836, 0.21836, 0.218362, 0.21836, 0.226706, 0.21836, 0.21836
16.6966, 1.92762, 0.223863, 0.215408, 1.98182, 1.70375, 0, 0.215408, 0.215408, 0.215408, 0.215408, 0.215408, 0.215408, 0.215408, 0.215408, 0.215408, 0.215408, 0.215408, 0.215408, 0.215408, 0.215408, 0.215408, 0.215408, 0.215408, 0.215408, 0.215408, 0.21541, 0.215408, 0.223861, 0.215408, 0.215408
16.7045, 0.135845, 0.220996, 0.212431, 1.46145, -0.0851504, 0, 0.212431, 0.212431, 0.212431, 0.212431, 0.212431, 0.212431, 0.212431, 0.212431, 0.212431, 0.212431, 0.212431, 0.212431, 0.212431, 0.212431, 0.212431, 0.212431, 0.212431, 0.212431, 0.212431, 0.212433, 0.212431, 0.220994, 0.212431, 0.212431
16.7124, 2.86415, 0.21815, 0.209475, 2.20548, 2.646, 0, 0.209475, 0.209475, 0.209475, 0.209475, 0.209475, 0.209475, 0.209475, 0.209475, 0.209475, 0.209475, 0.209475, 0.209475, 0.209475, 0.209475, 0.209475, 0.209475, 0.209475, 0.209475, 0.209475, 0.209477, 0.209475, 0.218149, 0.209475, 0.209475
16.7202, 2, 0.215651, 0.206864, 2, 1.78435, 0, 0.206864, 0.206864, 0.206864, 0.206864, 0.206864, 0.206864, 0.206864, 0.206864, 0.206864, 0.206864, 0.206864, 0.206864, 0.206864, 0.206864, 0.206864, 0.206864, 0.206864, 0.206864, 0.206864, 0.206866, 0.206864, 0.215649, 0.206864, 0.206864
16.7281, 2.06095, 0.213007, 0.204106, 2.01518, 1.84794, 0, 0.204106, 0.204106, 0.204106, 0.204106, 0.204106, 0.204106, 0.204106, 0.204106, 0.204106, 0.204106, 0.204106, 0.204106, 0.204106, 0.204106, 0.204106, 0.204106, 0.204106, 0.204106, 0.204106, 0.204108, 0.204106, 0.213005, 0.204106, 0.204106
16.736, 2.05506, 0.210246, 0.20123, 2.01372, 1.84482, 0, 0.20123, 0.20123, 0.20123, 0.20123, 0.20123, 0.20123, 0.20123, 0.20123, 0.20123, 0.20123, 0.20123, 0.20123, 0.20123, 0.20123, 0.20123, 0.20123, 0.20123, 0.20123, 0.20123, 0.201232, 0.20123, 0.210244, 0.20123, 0.20123
16.7438, 1.88399, 0.207438, 0.198305, 1.97078, 1.67655, 0, 0.198305, 0.198305, 0.198305, 0.198305, 0.198305, 0.198305, 0.198305, 0.198305, 0.198305, 0.198305, 0.198305, 0.198305, 0.198305, 0.198305, 0.198305, 0.198305, 0.198305, 0.198305, 0.198305, 0.198307, 0.198305, 0.207436, 0.198305, 0.198305
16.7517, 0, 0.204654, 0.195402, 1.41421, -0.204654, 0, 0.195402, 0.195402, 0.195402, 0.195402, 0.195402, 0.195402, 0.195402, 0.195402, 0.195402, 0.195402, 0.195402, 0.195402, 0.195402, 0.195402, 0.195402, 0.195402, 0.195402, 0.195402, 0.195402, 0.195404, 0.195402, 0.204652, 0.195402, 0.195402
16.7596, 0.0508055, 0.202309, 0.192937, 1.43206, -0.151503, 0, 0.192937, 0.192937, 0.192937, 0.192937, 0.192937, 0.192937, 0.192937, 0.192937, 0.192937, 0.192937, 0.192937, 0.192937, 0.192937, 0.192937, 0.192937, 0.192937, 0.192937, 0.192937, 0.192937, 0.192939, 0.192937, 0.202307, 0.192937, 0.192937
16.7674, 0.997757, 0.199791, 0.190298, 1.7314, 0.797966, 0, 0.190298, 0.190298, 0.190298, 0.190298, 0.190298, 0.190298, 0.190298, 0.190298, 0.190298, 0.190298, 0.190298, 0.190298, 0.190298, 0.190298, 0.190298, 0.190298, 0.190298, 0.190298, 0.190298, 0.1903, 0.190298, 0.199789, 0.190298, 0.190298
16.7753, 0.951437, 0.197123, 0.187506, 1.71797, 0.754314, 0, 0.187506, 0.187506, 0.187506, 0.187506, 0.187506, 0.187506, 0.187506, 0.187506, 0.187506, 0.187506, 0.187506, 0.187506, 0.187506, 0.187506, 0.187506, 0.187506, 0.187506, 0.187506, 0.187506, 0.187508, 0.187506, 0.197122, 0.187506, 0.187506
16.7832, 0, 0.194394, 0.184651, 1.41421, -0.194394, 0, 0.184651, 0.184651, 0.184651, 0.184651, 0.184651, 0.184651, 0.184651, 0.184651, 0.184651, 0.184651, 0.184651, 0.184651, 0.184651, 0.184651, 0.184651, 0.184651, 0.184651, 0.184651, 0.184651, 0.184653, 0.184651, 0.194392, 0.184651, 0.184651
16.791, 0, 0.191688, 0.181818, 1.41421, -0.191688, 0, 0.181818, 0.181818, 0.181818, 0.181818, 0.181818, 0.181818, 0.181818, 0.181818, 0.181818, 0.181818, 0.181818, 0.181818, 0.181818, 0.181818, 0.181818, 0.181818, 0.181818, 0.181818, 0.181818, 0.18182, 0.181818, 0.191686, 0.181818, 0.181818
16.7989, 0, 0.190632, 0.180633, 1.41421, -0.190632, 0, 0.180633, 0.180633, 0.180633, 0.180633, 0.180633, 0.180633, 0.180633, 0.180633, 0.180633, 0.180633, 0.180633, 0.180633, 0.180633, 0.180633, 0.180633, 0.180633, 0.180633, 0.180633, 0.180633, 0.180635, 0.180633, 0.19063, 0.180633, 0.180633
16.8068, 0, 0.189581, 0.179452, 1.41421, -0.189581, 0, 0.179452, 0.179452, 0.179452, 0.179452, 0.179452, 0.179452, 0.179452, 0.179452, 0.179452, 0.179452, 0.179452, 0.179452, 0.179452, 0.179452, 0.179452, 0.179452, 0.179452, 0.179452, 0.179452, 0.179454, 0.179452, 0.189579, 0.179452, 0.179452
16.8146, 0, 0.190478, 0.180216, 1.41421, -0.190478, 0, 0.180216, 0.180216, 0.180216, 0.180216, 0.180216, 0.180216, 0.180216, 0.180216, 0.180216, 0.180216, 0.180216, 0.180216, 0.180216, 0.180216, 0.180216, 0.180216, 0.180216, 0.180216, 0.180216, 0.180218, 0.180216, 0.190476, 0.180216, 0.180216
16.8225, 0, 0.191188, 0.180792, 1.41421, -0.191188, 0, 0.180792, 0.180792, 0.180792, 0.180792, 0.180792, 0.180792, 0.180792, 0.180792, 0.180792, 0.180792, 0.180792, 0.180792, 0.180792, 0.180792, 0.180792, 0.180792, 0.180792, 0.180792, 0.180792, 0.180794, 0.180792, 0.191186, 0.180792, 0.180792
16.8303, 0, 0.191711, 0.181179, 1.41421, -0.191711, 0, 0.181179, 0.181179, 0.181179, 0.181179, 0.181179, 0.181179, 0.181179, 0.181179, 0.181179, 0.181179, 0.181179, 0.181179, 0.181179, 0.181179, 0.181179, 0.181179, 0.181179, 0.181179, 0.181179, 0.181181, 0.181179, 0.191709, 0.181179, 0.181179
16.8382, 0, 0.192141, 0.181471, 1.41421, -0.192141, 0, 0.181471, 0.181471, 0.181471, 0.181471, 0.181471, 0.181471, 0.181471, 0.181471, 0.181471, 0.181471, 0.181471, 0.181471, 0.181471, 0.181471, 0.181471, 0.181471, 0.181471, 0.181471, 0.181471, 0.181473, 0.181471, 0.192139, 0.181471, 0.181471
16.8461, 0.024777, 0.192574, 0.181764, 1.42295, -0.167797, 0, 0.181764, 0.181764, 0.181764, 0.181764, 0.181764, 0.181764, 0.181764, 0.181764, 0.181764, 0.181764, 0.181764, 0.181764, 0.181764, 0.181764, 0.181764, 0.181764, 0.181764, 0.181764, 0.181764, 0.181766, 0.181764, 0.192572, 0.181764, 0.181764
16.8539, 1.97522, 0.193403, 0.182451, 1.9938, 1.78182, 0, 0.182451, 0.182451, 0.182451, 0.182451, 0.182451, 0.182451, 0.182451, 0.182451, 0.182451, 0.182451, 0.182451, 0.182451, 0.182451, 0.182451, 0.182451, 0.182451, 0.182451, 0.182451, 0.182451, 0.182453, 0.182451, 0.193401, 0.182451, 0.182451
16.8618, 1, 0.194096, 0.183, 1.73205, 0.805904, 0, 0.183, 0.183, 0.183, 0.183, 0.183, 0.183, 0.183, 0.183, 0.183, 0.183, 0.183, 0.183, 0.183, 0.183, 0.183, 0.183, 0.183, 0.183, 0.183, 0.183002, 0.183, 0.194094, 0.183, 0.183
16.8697, 0.0173439, 0.194652, 0.18341, 1.42033, -0.177308, 0, 0.18341, 0.18341, 0.18341, 0.18341, 0.18341, 0.18341, 0.18341, 0.18341, 0.18341, 0.18341, 0.18341, 0.18341, 0.18341, 0.18341, 0.18341, 0.18341, 0.18341, 0.18341, 0.18341, 0.183412, 0.18341, 0.19465, 0.18341, 0.18341
16.8775, 1.98266, 0.19514, 0.18375, 1.99566, 1.78752, 0, 0.18375, 0.18375, 0.18375, 0.18375, 0.18375, 0.18375, 0.18375, 0.18375, 0.18375, 0.18375, 0.18375, 0.18375, 0.18375, 0.18375, 0.18375, 0.18375, 0.18375, 0.18375, 0.18375, 0.183752, 0.18375, 0.195138, 0.18375, 0.18375
16.8854, 0, 0.19563, 0.18409, 1.41421, -0.19563, 0, 0.18409, 0.18409, 0.18409, 0.18409, 0.18409, 0.18409, 0.18409, 0.18409, 0.18409, 0.18409, 0.18409, 0.18409, 0.18409, 0.18409, 0.18409, 0.18409, 0.18409, 0.18409, 0.18409, 0.184092, 0.18409, 0.195628, 0.18409, 0.18409
16.8933, 0.00991572, 0.196392, 0.1847, 1.41771, -0.186476, 0, 0.1847, 0.1847, 0.1847, 0.1847, 0.1847, 0.1847, 0.1847, 0.1847, 0.1847, 0.1847, 0.1847, 0.1847, 0.1847, 0.1847, 0.1847, 0.1847, 0.1847, 0.1847, 0.1847, 0.184702, 0.1847, 0.19639, 0.1847, 0.1847
16.9011, 0.990084, 0.197034, 0.185188, 1.72919, 0.79305, 0, 0.185188, 0.185188, 0.185188, 0.185188, 0.185188, 0.185188, 0.185188, 0.185188, 0.185188, 0.185188, 0.185188, 0.185188, 0.185188, 0.185188, 0.185188, 0.185188, 0.185188, 0.185188, 0.185188, 0.18519, 0.185188, 0.197032, 0.185188, 0.185188
16.909, 1, 0.197557, 0.185554, 1.73205, 0.802443, 0, 0.185554, 0.185554, 0.185554, 0.185554, 0.185554, 0.185554, 0.185554, 0.185554, 0.185554, 0.185554, 0.185554, 0.185554, 0.185554, 0.185554, 0.185554, 0.185554, 0.185554, 0.185554, 0.185554, 0.185556, 0.185554, 0.197555, 0.185554, 0.185554
16.9169, 1, 0.198021, 0.185859, 1.73205, 0.801979, 0, 0.185859, 0.185859, 0.185859, 0.185859, 0.185859, 0.185859, 0.185859, 0.185859, 0.185859, 0.185859, 0.185859, 0.185859, 0.185859, 0.185859, 0.185859, 0.185859, 0.185859, 0.185859, 0.185859, 0.185861, 0.185859, 0.198019, 0.185859, 0.185859
16.9247, 0, 0.198487, 0.186164, 1.41421, -0.198487, 0, 0.186164, 0.186164, 0.186164, 0.186164, 0.186164, 0.186164, 0.186164, 0.186164, 0.186164, 0.186164, 0.186164, 0.186164, 0.186164, 0.186164, 0.186164, 0.186164, 0.186164, 0.186164, 0.186164, 0.186166, 0.186164, 0.198485, 0.186164, 0.186164
16.9326, 2, 0.199173, 0.186687, 2, 1.80083, 0, 0.186687, 0.186687, 0.186687, 0.186687, 0.186687, 0.186687, 0.186687, 0.186687, 0.186687, 0.186687, 0.186687, 0.186687, 0.186687, 0.186687, 0.186687, 0.186687, 0.186687, 0.186687, 0.186687, 0.186689, 0.186687, 0.199171, 0.186687, 0.186687
16.9405, 0, 0.199796, 0.187144, 1.41421, -0.199796, 0, 0.187144, 0.187144, 0.187144, 0.187144, 0.187144, 0.187144, 0.187144, 0.187144, 0.187144, 0.187144, 0.187144, 0.187144, 0.187144, 0.187144, 0.187144, 0.187144, 0.187144, 0.187144, 0.187144, 0.187146, 0.187144, 0.199794, 0.187144, 0.187144
16.9483, 0, 0.200354, 0.187535, 1.41421, -0.200354, 0, 0.187535, 0.187535, 0.187535, 0.187535, 0.187535, 0.187535, 0.187535, 0.187535, 0.187535, 0.187535, 0.187535, 0.187535, 0.187535, 0.187535, 0.187535, 0.187535, 0.187535, 0.187535, 0.187535, 0.187537, 0.187535, 0.200352, 0.187535, 0.187535
16.9562, 1, 0.200881, 0.187892, 1.73205, 0.799119, 0, 0.187892, 0.187892, 0.187892, 0.187892, 0.187892, 0.187892, 0.187892, 0.187892, 0.187892, 0.187892, 0.187892, 0.187892, 0.187892, 0.187892, 0.187892, 0.187892, 0.187892, 0.187892, 0.187892, 0.187894, 0.187892, 0.200879, 0.187892, 0.187892
16.9641, 1.97719, 0.201411, 0.188249, 1.99429, 1.77578, 0, 0.188249, 0.188249, 0.188249, 0.188249, 0.188249, 0.188249, 0.188249, 0.188249, 0.188249, 0.188249, 0.188249, 0.188249, 0.188249, 0.188249, 0.188249, 0.188249, 0.188249, 0.188249, 0.188249, 0.188251, 0.188249, 0.201409, 0.188249, 0.188249
16.9719, 0.0228061, 0.202013, 0.188676, 1.42225, -0.179207, 0, 0.188676, 0.188676, 0.188676, 0.188676, 0.188676, 0.188676, 0.188676, 0.188676, 0.188676, 0.188676, 0.188676, 0.188676, 0.188676, 0.188676, 0.188676, 0.188676, 0.188676, 0.188676, 0.188676, 0.188678, 0.188676, 0.202011, 0.188676, 0.188676
16.9798, 0, 0.202556, 0.189042, 1.41421, -0.202556, 0, 0.189042, 0.189042, 0.189042, 0.189042, 0.189042, 0.189042, 0.189042, 0.189042, 0.189042, 0.189042, 0.189042, 0.189042, 0.189042, 0.189042, 0.189042, 0.189042, 0.189042, 0.189042, 0.189042, 0.189044, 0.189042, 0.202554, 0.189042, 0.189042
16.9876, 0.981165, 0.20304, 0.189347, 1.72661, 0.778124, 0, 0.189347, 0.189347, 0.189347, 0.189347, 0.189347, 0.189347, 0.189347, 0.189347, 0.189347, 0.189347, 0.189347, 0.189347, 0.189347, 0.189347, 0.189347, 0.189347, 0.189347, 0.189347, 0.189347, 0.189349, 0.189347, 0.203038, 0.189347, 0.189347
16.9955, 0.997279, 0.203472, 0.189596, 1.73127, 0.793808, 0, 0.189596, 0.189596, 0.189596, 0.189596, 0.189596, 0.189596, 0.189596, 0.189596, 0.189596, 0.189596, 0.189596, 0.189596, 0.189596, 0.189596, 0.189596, 0.189596, 0.189596, 0.189596, 0.189596, 0.189598, 0.189596, 0.20347, 0.189596, 0.189596
17.0034, 0.997758, 0.203865, 0.189804, 1.7314, 0.793893, 0, 0.189804, 0.189804, 0.189804, 0.189804, 0.189804, 0.189804, 0.189804, 0.189804, 0.189804, 0.189804, 0.189804, 0.189804, 0.189804, 0.189804, 0.189804, 0.189804, 0.189804, 0.189804, 0.189804, 0.189806, 0.189804, 0.203863, 0.189804, 0.189804
17.0112, 3.91874, 0.204173, 0.189925, 2.43285, 3.71457, 0, 0.189925, 0.189925, 0.189925, 0.189925, 0.189925, 0.189925, 0.189925, 0.189925, 0.189925, 0.189925, 0.189925, 0.189925, 0.189925, 0.189925, 0.189925, 0.189925, 0.189925, 0.189925, 0.189925, 0.189927, 0.189925, 0.204171, 0.189925, 0.189925
17.0191, 0.105055, 0.204406, 0.189968, 1.45088, -0.0993514, 0, 0.189968, 0.189968, 0.189968, 0.189968, 0.189968, 0.189968, 0.189968, 0.189968, 0.189968, 0.189968, 0.189968, 0.189968, 0.189968, 0.189968, 0.189968, 0.189968, 0.189968, 0.189968, 0.189968, 0.18997, 0.189968, 0.204404, 0.189968, 0.189968
17.027, 0.968781, 0.204586, 0.189955, 1.72302, 0.764195, 0, 0.189955, 0.189955, 0.189955, 0.189955, 0.189955, 0.189955, 0.189955, 0.189955, 0.189955, 0.189955, 0.189955, 0.189955, 0.189955, 0.189955, 0.189955, 0.189955, 0.189955, 0.189955, 0.189955, 0.189957, 0.189955, 0.204584, 0.189955, 0.189955
17.0348, 0.998001, 0.204709, 0.189882, 1.73147, 0.793293, 0, 0.189882, 0.189882, 0.189882, 0.189882, 0.189882, 0.189882, 0.189882, 0.189882, 0.189882, 0.189882, 0.189882, 0.189882, 0.189882, 0.189882, 0.189882, 0.189882, 0.189882, 0.189882, 0.189882, 0.189884, 0.189882, 0.204707, 0.189882, 0.189882
17.0427, 2.03322, 0.204789, 0.189765, 2.00829, 1.82843, 0, 0.189765, 0.189765, 0.189765, 0.189765, 0.189765, 0.189765, 0.189765, 0.189765, 0.189765, 0.189765, 0.189765, 0.189765, 0.189765, 0.189765, 0.189765, 0.189765, 0.189765, 0.189765, 0.189765, 0.189767, 0.189765, 0.204787, 0.189765, 0.189765
17.0506, 0, 0.20478, 0.189555, 1.41421, -0.20478, 0, 0.189555, 0.189555, 0.189555, 0.189555, 0.189555, 0.189555, 0.189555, 0.189555, 0.189555, 0.189555, 0.189555, 0.189555, 0.189555, 0.189555, 0.189555, 0.189555, 0.189555, 0.189555, 0.189555, 0.189557, 0.189555, 0.204778, 0.189555, 0.189555
17.0584, 0, 0.204694, 0.189265, 1.41421, -0.204694, 0, 0.189265, 0.189265, 0.189265, 0.189265, 0.189265, 0.189265, 0.189265, 0.189265, 0.189265, 0.189265, 0.189265, 0.189265, 0.189265, 0.189265, 0.189265, 0.189265, 0.189265, 0.189265, 0.189265, 0.189267, 0.189265, 0.204692, 0.189265, 0.189265
17.0663, 0, 0.204553, 0.188917, 1.41421, -0.204553, 0, 0.188917, 0.188917, 0.188917, 0.188917, 0.188917, 0.188917, 0.188917, 0.188917, 0.188917, 0.188917, 0.188917, 0.188917, 0.188917, 0.188917, 0.188917, 0.188917, 0.188917, 0.188917, 0.188917, 0.188919, 0.188917, 0.204551, 0.188917, 0.188917
17.0742, 0, 0.204364, 0.188518, 1.41421, -0.204364, 0, 0.188518, 0.188518, 0.188518, 0.188518, 0.188518, 0.188518, 0.188518, 0.188518, 0.188518, 0.188518, 0.188518, 0.188518, 0.188518, 0.188518, 0.188518, 0.188518, 0.188518, 0.188518, 0.188518, 0.18852, 0.188518, 0.204361, 0.188518, 0.188518
17.082, 0.952169, 0.204056, 0.187999, 1.71819, 0.748112, 0, 0.187999, 0.187999, 0.187999, 0.187999, 0.187999, 0.187999, 0.187999, 0.187999, 0.187999, 0.187999, 0.187999, 0.187999, 0.187999, 0.187999, 0.187999, 0.187999, 0.187999, 0.187999, 0.187999, 0.188001, 0.187999, 0.204054, 0.187999, 0.187999
17.0899, 0.997522, 0.20361, 0.187337, 1.73134, 0.793912, 0, 0.187337, 0.187337, 0.187337, 0.187337, 0.187337, 0.187337, 0.187337, 0.187337, 0.187337, 0.187337, 0.187337, 0.187337, 0.187337, 0.187337, 0.187337, 0.187337, 0.187337, 0.187337, 0.187337, 0.187339, 0.187337, 0.203608, 0.187337, 0.187337
17.0978, 0.997287, 0.203056, 0.186565, 1.73127, 0.794231, 0, 0.186565, 0.186565, 0.186565, 0.186565, 0.186565, 0.186565, 0.186565, 0.186565, 0.186565, 0.186565, 0.186565, 0.186565, 0.186565, 0.186565, 0.186565, 0.186565, 0.186565, 0.186565, 0.186565, 0.186567, 0.186565, 0.203054, 0.186565, 0.186565
17.1056, 1.99799, 0.202389, 0.185676, 1.9995, 1.7956, 0, 0.185676, 0.185676, 0.185676, 0.185676, 0.185676, 0.185676, 0.185676, 0.185676, 0.185676, 0.185676, 0.185676, 0.185676, 0.185676, 0.185676, 0.185676, 0.185676, 0.185676, 0.185676, 0.185676, 0.185678, 0.185676, 0.202387, 0.185676, 0.185676
17.1135, 2.94007, 0.201619, 0.184682, 2.22263, 2.73845, 0, 0.184682, 0.184682, 0.184682, 0.184682, 0.184682, 0.184682, 0.184682, 0.184682, 0.184682, 0.184682, 0.184682, 0.184682, 0.184682, 0.184682, 0.184682, 0.184682, 0.184682, 0.184682, 0.184682, 0.184684, 0.184682, 0.201617, 0.184682, 0.184682
17.1213, 1.11497, 0.200749, 0.183584, 1.76493, 0.914217, 0, 0.183584, 0.183584, 0.183584, 0.183584, 0.183584, 0.183584, 0.183584, 0.183584, 0.183584, 0.183584, 0.183584, 0.183584, 0.183584, 0.183584, 0.183584, 0.183584, 0.183584, 0.183584, 0.183584, 0.183586, 0.183584, 0.200747, 0.183584, 0.183584
17.1292, 0, 0.199783, 0.182388, 1.41421, -0.199783, 0, 0.182388, 0.182388, 0.182388, 0.182388, 0.182388, 0.182388, 0.182388, 0.182388, 0.182388, 0.182388, 0.182388, 0.182388, 0.182388, 0.182388, 0.182388, 0.182388, 0.182388, 0.182388, 0.182388, 0.18239, 0.182388, 0.199781, 0.182388, 0.182388
17.1371, 0, 0.198751, 0.181121, 1.41421, -0.198751, 0, 0.181121, 0.181121, 0.181121, 0.181121, 0.181121, 0.181121, 0.181121, 0.181121, 0.181121, 0.181121, 0.181121, 0.181121, 0.181121, 0.181121, 0.181121, 0.181121, 0.181121, 0.181121, 0.181121, 0.181123, 0.181121, 0.198749, 0.181121, 0.181121
17.1449, 0, 0.197526, 0.179659, 1.41421, -0.197526, 0, 0.179659, 0.179659, 0.179659, 0.179659, 0.179659, 0.179659, 0.179659, 0.179659, 0.179659, 0.179659, 0.179659, 0.179659, 0.179659, 0.179659, 0.179659, 0.179659, 0.179659, 0.179659, 0.179659, 0.179661, 0.179659, 0.197524, 0.179659, 0.179659
17.1528, 2, 0.196131, 0.178023, 2, 1.80387, 0, 0.178023, 0.178023, 0.178023, 0.178023, 0.178023, 0.178023, 0.178023, 0.178023, 0.178023, 0.178023, 0.178023, 0.178023, 0.178023, 0.178023, 0.178023, 0.178023, 0.178023, 0.178023, 0.178023, 0.178025, 0.178023, 0.196129, 0.178023, 0.178023
17.1607, 0, 0.194618, 0.176265, 1.41421, -0.194618, 0, 0.176265, 0.176265, 0.176265, 0.176265, 0.176265, 0.176265, 0.176265, 0.176265, 0.176265, 0.176265, 0.176265, 0.176265, 0.176265, 0.176265, 0.176265, 0.176265, 0.176265, 0.176265, 0.176265, 0.176267, 0.176265, 0.194616, 0.176265, 0.176265
17.1685, 0, 0.193032, 0.174432, 1.41421, -0.193032, 0, 0.174432, 0.174432, 0.174432, 0.174432, 0.174432, 0.174432, 0.174432, 0.174432, 0.174432, 0.174432, 0.174432, 0.174432, 0.174432, 0.174432, 0.174432, 0.174432, 0.174432, 0.174432, 0.174432, 0.174434, 0.174432, 0.193029, 0.174432, 0.174432
17.1764, 0, 0.191416, 0.172566, 1.41421, -0.191416, 0, 0.172566, 0.172566, 0.172566, 0.172566, 0.172566, 0.172566, 0.172566, 0.172566, 0.172566, 0.172566, 0.172566, 0.172566, 0.172566, 0.172566, 0.172566, 0.172566, 0.172566, 0.172566, 0.172566, 0.172568, 0.172566, 0.191414, 0.172566, 0.172566
17.1843, 0, 0.189815, 0.170709, 1.41421, -0.189815, 0, 0.170709, 0.170709, 0.170709, 0.170709, 0.170709, 0.170709, 0.170709, 0.170709, 0.170709, 0.170709, 0.170709, 0.170709, 0.170709, 0.170709, 0.170709, 0.170709, 0.170709, 0.170709, 0.170709, 0.170711, 0.170709, 0.189813, 0.170709, 0.170709
17.1921, 0, 0.188456, 0.169093, 1.41421, -0.188456, 0, 0.169093, 0.169093, 0.169093, 0.169093, 0.169093, 0.169093, 0.169093, 0.169093, 0.169093, 0.169093, 0.169093, 0.169093, 0.169093, 0.169093, 0.169093, 0.169093, 0.169093, 0.169093, 0.169093, 0.169095, 0.169093, 0.188454, 0.169093, 0.169093
17.2, 1, 0.186825, 0.167199, 1.73205, 0.813175, 0, 0.167199, 0.167199, 0.167199, 0.167199, 0.167199, 0.167199, 0.167199, 0.167199, 0.167199, 0.167199, 0.167199, 0.167199, 0.167199, 0.167199, 0.167199, 0.167199, 0.167199, 0.167199, 0.167199, 0.167201, 0.167199, 0.186823, 0.167199, 0.167199
17.2079, 1, 0.184971, 0.165079, 1.73205, 0.815029, 0, 0.165079, 0.165079, 0.165079, 0.165079, 0.165079, 0.165079, 0.165079, 0.165079, 0.165079, 0.165079, 0.165079, 0.165079, 0.165079, 0.165079, 0.165079, 0.165079, 0.165079, 0.165079, 0.165079, 0.165081, 0.165079, 0.184969, 0.165079, 0.165079
17.2157, 1, 0.183016, 0.162855, 1.73205, 0.816984, 0, 0.162855, 0.162855, 0.162855, 0.162855, 0.162855, 0.162855, 0.162855, 0.162855, 0.162855, 0.162855, 0.162855, 0.162855, 0.162855, 0.162855, 0.162855, 0.162855, 0.162855, 0.162855, 0.162855, 0.162857, 0.162855, 0.183014, 0.162855, 0.162855
17.2236, 0, 0.18108, 0.160646, 1.41421, -0.18108, 0, 0.160646, 0.160646, 0.160646, 0.160646, 0.160646, 0.160646, 0.160646, 0.160646, 0.160646, 0.160646, 0.160646, 0.160646, 0.160646, 0.160646, 0.160646, 0.160646, 0.160646, 0.160646, 0.160646, 0.160648, 0.160646, 0.181078, 0.160646, 0.160646
17.2315, 1, 0.180136, 0.159425, 1.73205, 0.819864, 0, 0.159425, 0.159425, 0.159425, 0.159425, 0.159425, 0.159425, 0.159425, 0.159425, 0.159425, 0.159425, 0.159425, 0.159425, 0.159425, 0.159425, 0.159425, 0.159425, 0.159425, 0.159425, 0.159425, 0.159427, 0.159425, 0.180134, 0.159425, 0.159425
17.2393, 0, 0.178697, 0.157704, 1.41421, -0.178697, 0, 0.157704, 0.157704, 0.157704, 0.157704, 0.157704, 0.157704, 0.157704, 0.157704, 0.157704, 0.157704, 0.157704, 0.157704, 0.157704, 0.157704, 0.157704, 0.157704, 0.157704, 0.157704, 0.157704, 0.157706, 0.157704, 0.178695, 0.157704, 0.157704
17.2472, 0, 0.176832, 0.155554, 1.41421, -0.176832, 0, 0.155554, 0.155554, 0.155554, 0.155554, 0.155554, 0.155554, 0.155554, 0.155554, 0.155554, 0.155554, 0.155554, 0.155554, 0.155554, 0.155554, 0.155554, 0.155554, 0.155554, 0.155554, 0.155554, 0.155556, 0.155554, 0.17683, 0.155554, 0.155554
17.255, 0, 0.174768, 0.153201, 1.41421, -0.174768, 0, 0.153201, 0.153201, 0.153201, 0.153201, 0.153201, 0.153201, 0.153201, 0.153201, 0.153201, 0.153201, 0.153201, 0.153201, 0.153201, 0.153201, 0.153201, 0.153201, 0.153201, 0.153201, 0.153201, 0.153203, 0.153201, 0.174766, 0.153201, 0.153201
17.2629, 0, 0.172726, 0.150866, 1.41421, -0.172726, 0, 0.150866, 0.150866, 0.150866, 0.150866, 0.150866, 0.150866, 0.150866, 0.150866, 0.150866, 0.150866, 0.150866, 0.150866, 0.150866, 0.150866, 0.150866, 0.150866, 0.150866, 0.150866, 0.150866, 0.150868, 0.150866, 0.172724, 0.150866, 0.150866
17.2708, 0, 0.172061, 0.149904, 1.41421, -0.172061, 0, 0.149904, 0.149904, 0.149904, 0.149904, 0.149904, 0.149904, 0.149904, 0.149904, 0.149904, 0.149904, 0.149904, 0.149904, 0.149904, 0.149904, 0.149904, 0.149904, 0.149904, 0.149904, 0.149904, 0.149906, 0.149904, 0.172059, 0.149904, 0.149904
17.2786, 0.891972, 0.170778, 0.148319, 1.70058, 0.721195, 0, 0.148319, 0.148319, 0.148319, 0.148319, 0.148319, 0.148319, 0.148319, 0.148319, 0.148319, 0.148319, 0.148319, 0.148319, 0.148319, 0.148319, 0.148319, 0.148319, 0.148319, 0.148319, 0.148319, 0.148321, 0.148319, 0.170776, 0.148319, 0.148319
17.2865, 1.10803, 0.168944, 0.146179, 1.76296, 0.939084, 0, 0.146179, 0.146179, 0.146179, 0.146179, 0.146179, 0.146179, 0.146179, 0.146179, 0.146179, 0.146179, 0.146179, 0.146179, 0.146179, 0.146179, 0.146179, 0.146179, 0.146179, 0.146179, 0.146179, 0.146181, 0.146179, 0.168942, 0.146179, 0.146179
17.2944, 0, 0.166851, 0.143776, 1.41421, -0.166851, 0, 0.143776, 0.143776, 0.143776, 0.143776, 0.143776, 0.143776, 0.143776, 0.143776, 0.143776, 0.143776, 0.143776, 0.143776, 0.143776, 0.143776, 0.143776, 0.143776, 0.143776, 0.143776, 0.143776, 0.143779, 0.143776, 0.166849, 0.143776, 0.143776
17.3022, 1, 0.164783, 0.141394, 1.73205, 0.835217, 0, 0.141394, 0.141394, 0.141394, 0.141394, 0.141394, 0.141394, 0.141394, 0.141394, 0.141394, 0.141394, 0.141394, 0.141394, 0.141394, 0.141394, 0.141394, 0.141394, 0.141394, 0.141394, 0.141394, 0.141396, 0.141394, 0.164781, 0.141394, 0.141394
17.3101, 0, 0.164254, 0.140545, 1.41421, -0.164254, 0, 0.140545, 0.140545, 0.140545, 0.140545, 0.140545, 0.140545, 0.140545, 0.140545, 0.140545, 0.140545, 0.140545, 0.140545, 0.140545, 0.140545, 0.140545, 0.140545, 0.140545, 0.140545, 0.140545, 0.140547, 0.140545, 0.164251, 0.140545, 0.140545
17.318, 1, 0.163068, 0.139036, 1.73205, 0.836932, 0, 0.139036, 0.139036, 0.139036, 0.139036, 0.139036, 0.139036, 0.139036, 0.139036, 0.139036, 0.139036, 0.139036, 0.139036, 0.139036, 0.139036, 0.139036, 0.139036, 0.139036, 0.139036, 0.139036, 0.139038, 0.139036, 0.163066, 0.139036, 0.139036
17.3258, 2, 0.161301, 0.13694, 2, 1.8387, 0, 0.13694, 0.13694, 0.13694, 0.13694, 0.13694, 0.13694, 0.13694, 0.13694, 0.13694, 0.13694, 0.13694, 0.13694, 0.13694, 0.13694, 0.13694, 0.13694, 0.13694, 0.13694, 0.13694, 0.136943, 0.13694, 0.161299, 0.13694, 0.13694
17.3337, 0.874876, 0.15926, 0.134566, 1.69555, 0.715616, 0, 0.134566, 0.134566, 0.134566, 0.134566, 0.134566, 0.134566, 0.134566, 0.134566, 0.134566, 0.134566, 0.134566, 0.134566, 0.134566, 0.134566, 0.134566, 0.134566, 0.134566, 0.134566, 0.134566, 0.134569, 0.134566, 0.159258, 0.134566, 0.134566
17.3416, 1.12512, 0.157245, 0.132213, 1.7678, 0.967879, 0, 0.132213, 0.132213, 0.132213, 0.132213, 0.132213, 0.132213, 0.132213, 0.132213, 0.132213, 0.132213, 0.132213, 0.132213, 0.132213, 0.132213, 0.132213, 0.132213, 0.132213, 0.132213, 0.132213, 0.132215, 0.132213, 0.157242, 0.132213, 0.132213
17.3494, 0, 0.156823, 0.131449, 1.41421, -0.156823, 0, 0.131449, 0.131449, 0.131449, 0.131449, 0.131449, 0.131449, 0.131449, 0.131449, 0.131449, 0.131449, 0.131449, 0.131449, 0.131449, 0.131449, 0.131449, 0.131449, 0.131449, 0.131449, 0.131449, 0.131451, 0.131449, 0.156821, 0.131449, 0.131449
17.3573, 1, 0.155729, 0.130007, 1.73205, 0.844271, 0, 0.130007, 0.130007, 0.130007, 0.130007, 0.130007, 0.130007, 0.130007, 0.130007, 0.130007, 0.130007, 0.130007, 0.130007, 0.130007, 0.130007, 0.130007, 0.130007, 0.130007, 0.130007, 0.130007, 0.130009, 0.130007, 0.155726, 0.130007, 0.130007
17.3652, 0, 0.154041, 0.127967, 1.41421, -0.154041, 0, 0.127967, 0.127967, 0.127967, 0.127967, 0.127967, 0.127967, 0.127967, 0.127967, 0.127967, 0.127967, 0.127967, 0.127967, 0.127967, 0.127967, 0.127967, 0.127967, 0.127967, 0.127967, 0.127967, 0.127969, 0.127967, 0.154039, 0.127967, 0.127967
17.373, 1.72633, 0.152076, 0.125643, 1.93037, 1.57425, 0, 0.125643, 0.125643, 0.125643, 0.125643, 0.125643, 0.125643, 0.125643, 0.125643, 0.125643, 0.125643, 0.125643, 0.125643, 0.125643, 0.125643, 0.125643, 0.125643, 0.125643, 0.125643, 0.125643, 0.125646, 0.125643, 0.152073, 0.125643, 0.125643
17.3809, 0.273674, 0.150136, 0.123341, 1.50787, 0.123537, 0, 0.123341, 0.123341, 0.123341, 0.123341, 0.123341, 0.123341, 0.123341, 0.123341, 0.123341, 0.123341, 0.123341, 0.123341, 0.123341, 0.123341, 0.123341, 0.123341, 0.123341, 0.123341, 0.123341, 0.123343, 0.123341, 0.150134, 0.123341, 0.123341
17.3887, 1, 0.149815, 0.122652, 1.73205, 0.850185, 0, 0.122652, 0.122652, 0.122652, 0.122652, 0.122652, 0.122652, 0.122652, 0.122652, 0.122652, 0.122652, 0.122652, 0.122652, 0.122652, 0.122652, 0.122652, 0.122652, 0.122652, 0.122652, 0.122652, 0.122654, 0.122652, 0.149813, 0.122652, 0.122652
17.3966, 0, 0.148811, 0.121273, 1.41421, -0.148811, 0, 0.121273, 0.121273, 0.121273, 0.121273, 0.121273, 0.121273, 0.121273, 0.121273, 0.121273, 0.121273, 0.121273, 0.121273, 0.121273, 0.121273, 0.121273, 0.121273, 0.121273, 0.121273, 0.121273, 0.121275, 0.121273, 0.148809, 0.121273, 0.121273
17.4045, 0, 0.147207, 0.119289, 1.41421, -0.147207, 0, 0.119289, 0.119289, 0.119289, 0.119289, 0.119289, 0.119289, 0.119289, 0.119289, 0.119289, 0.119289, 0.119289, 0.119289, 0.119289, 0.119289, 0.119289, 0.119289, 0.119289, 0.119289, 0.119289, 0.119291, 0.119289, 0.147205, 0.119289, 0.119289
17.4123, 0, 0.145322, 0.117019, 1.41421, -0.145322, 0, 0.117019, 0.117019, 0.117019, 0.117019, 0.117019, 0.117019, 0.117019, 0.117019, 0.117019, 0.117019, 0.117019, 0.117019, 0.117019, 0.117019, 0.117019, 0.117019, 0.117019, 0.117019, 0.117019, 0.117021, 0.117019, 0.14532, 0.117019, 0.117019
17.4202, 0, 0.143465, 0.11477, 1.41421, -0.143465, 0, 0.11477, 0.11477, 0.11477, 0.11477, 0.11477, 0.11477, 0.11477, 0.11477, 0.11477, 0.11477, 0.11477, 0.11477, 0.11477, 0.11477, 0.11477, 0.11477, 0.11477, 0.11477, 0.11477, 0.114772, 0.11477, 0.143463, 0.11477, 0.11477
17.4281, 0, 0.143245, 0.114153, 1.41421, -0.143245, 0, 0.114153, 0.114153, 0.114153, 0.114153, 0.114153, 0.114153, 0.114153, 0.114153, 0.114153, 0.114153, 0.114153, 0.114153, 0.114153, 0.114153, 0.114153, 0.114153, 0.114153, 0.114153, 0.114153, 0.114156, 0.114153, 0.143243, 0.114153, 0.114153
17.4359, 0, 0.142334, 0.112838, 1.41421, -0.142334, 0, 0.112838, 0.112838, 0.112838, 0.112838, 0.112838, 0.112838, 0.112838, 0.112838, 0.112838, 0.112838, 0.112838, 0.112838, 0.112838, 0.112838, 0.112838, 0.112838, 0.112838, 0.112838, 0.112838, 0.11284, 0.112838, 0.142332, 0.112838, 0.112838
17.4438, 0, 0.140819, 0.110913, 1.41421, -0.140819, 0, 0.110913, 0.110913, 0.110913, 0.110913, 0.110913, 0.110913, 0.110913, 0.110913, 0.110913, 0.110913, 0.110913, 0.110913, 0.110913, 0.110913, 0.110913, 0.110913, 0.110913, 0.110913, 0.110913, 0.110915, 0.110913, 0.140816, 0.110913, 0.110913
17.4517, 3, 0.139021, 0.108699, 2.23607, 2.86098, 0, 0.108699, 0.108699, 0.108699, 0.108699, 0.108699, 0.108699, 0.108699, 0.108699, 0.108699, 0.108699, 0.108699, 0.108699, 0.108699, 0.108699, 0.108699, 0.108699, 0.108699, 0.108699, 0.108699, 0.108701, 0.108699, 0.139019, 0.108699, 0.108699
17.4595, 0, 0.137253, 0.106508, 1.41421, -0.137253, 0, 0.106508, 0.106508, 0.106508, 0.106508, 0.106508, 0.106508, 0.106508, 0.106508, 0.106508, 0.106508, 0.106508, 0.106508, 0.106508, 0.106508, 0.106508, 0.106508, 0.106508, 0.106508, 0.106508, 0.10651, 0.106508, 0.137251, 0.106508, 0.106508
17.4674, 0.833994, 0.137173, 0.105999, 1.68345, 0.696821, 0, 0.105999, 0.105999, 0.105999, 0.105999, 0.105999, 0.105999, 0.105999, 0.105999, 0.105999, 0.105999, 0.105999, 0.105999, 0.105999, 0.105999, 0.105999, 0.105999, 0.105999, 0.105999, 0.105999, 0.106001, 0.105999, 0.137171, 0.105999, 0.105999
17.4753, 0.166006, 0.136372, 0.104761, 1.47174, 0.0296341, 0, 0.104761, 0.104761, 0.104761, 0.104761, 0.104761, 0.104761, 0.104761, 0.104761, 0.104761, 0.104761, 0.104761, 0.104761, 0.104761, 0.104761, 0.104761, 0.104761, 0.104761, 0.104761, 0.104761, 0.104763, 0.104761, 0.13637, 0.104761, 0.104761
17.4831, 1.82904, 0.13494, 0.102885, 1.95679, 1.6941, 0, 0.102885, 0.102885, 0.102885, 0.102885, 0.102885, 0.102885, 0.102885, 0.102885, 0.102885, 0.102885, 0.102885, 0.102885, 0.102885, 0.102885, 0.102885, 0.102885, 0.102885, 0.102885, 0.102885, 0.102887, 0.102885, 0.134938, 0.102885, 0.102885
17.491, 0.170961, 0.133213, 0.100708, 1.47342, 0.037748, 0, 0.100708, 0.100708, 0.100708, 0.100708, 0.100708, 0.100708, 0.100708, 0.100708, 0.100708, 0.100708, 0.100708, 0.100708, 0.100708, 0.100708, 0.100708, 0.100708, 0.100708, 0.100708, 0.100708, 0.10071, 0.100708, 0.133211, 0.100708, 0.100708
17.4989, 0.824331, 0.131517, 0.0985542, 1.68057, 0.692814, 0, 0.0985542, 0.0985542, 0.0985542, 0.0985542, 0.0985542, 0.0985542, 0.0985542, 0.0985542, 0.0985542, 0.0985542, 0.0985542, 0.0985542, 0.0985542, 0.0985542, 0.0985542, 0.0985542, 0.0985542, 0.0985542, 0.0985542, 0.0985563, 0.0985542, 0.131515, 0.0985542, 0.0985542
17.5067, 0.175669, 0.131729, 0.0983009, 1.47501, 0.0439396, 0, 0.0983009, 0.0983009, 0.0983009, 0.0983009, 0.0983009, 0.0983009, 0.0983009, 0.0983009, 0.0983009, 0.0983009, 0.0983009, 0.0983009, 0.0983009, 0.0983009, 0.0983009, 0.0983009, 0.0983009, 0.0983009, 0.0983009, 0.098303, 0.0983009, 0.131727, 0.0983009, 0.0983009
17.5146, 0, 0.131088, 0.0971865, 1.41421, -0.131088, 0, 0.0971865, 0.0971865, 0.0971865, 0.0971865, 0.0971865, 0.0971865, 0.0971865, 0.0971865, 0.0971865, 0.0971865, 0.0971865, 0.0971865, 0.0971865, 0.0971865, 0.0971865, 0.0971865, 0.0971865, 0.0971865, 0.0971865, 0.0971887, 0.0971865, 0.131086, 0.0971865, 0.0971865
17.5224, 0, 0.129704, 0.0953222, 1.41421, -0.129704, 0, 0.0953222, 0.0953222, 0.0953222, 0.0953222, 0.0953222, 0.0953222, 0.0953222, 0.0953222, 0.0953222, 0.0953222, 0.0953222, 0.0953222, 0.0953222, 0.0953222, 0.0953222, 0.0953222, 0.0953222, 0.0953222, 0.0953222, 0.0953244, 0.0953222, 0.129702, 0.0953222, 0.0953222
17.5303, 0, 0.127973, 0.0931026, 1.41421, -0.127973, 0, 0.0931026, 0.0931026, 0.0931026, 0.0931026, 0.0931026, 0.0931026, 0.0931026, 0.0931026, 0.0931026, 0.0931026, 0.0931026, 0.0931026, 0.0931026, 0.0931026, 0.0931026, 0.0931026, 0.0931026, 0.0931026, 0.0931026, 0.0931047, 0.0931026, 0.127971, 0.0931026, 0.0931026
17.5382, 0, 0.126276, 0.0909091, 1.41421, -0.126276, 0, 0.0909091, 0.0909091, 0.0909091, 0.0909091, 0.0909091, 0.0909091, 0.0909091, 0.0909091, 0.0909091, 0.0909091, 0.0909091, 0.0909091, 0.0909091, 0.0909091, 0.0909091, 0.0909091, 0.0909091, 0.0909091, 0.0909091, 0.0909113, 0.0909091, 0.126274, 0.0909091, 0.0909091
17.546, 0, 0.128249, 0.0923772, 1.41421, -0.128249, 0, 0.0923772, 0.0923772, 0.0923772, 0.0923772, 0.0923772, 0.0923772, 0.0923772, 0.0923772, 0.0923772, 0.0923772, 0.0923772, 0.0923772, 0.0923772, 0.0923772, 0.0923772, 0.0923772, 0.0923772, 0.0923772, 0.0923772, 0.0923793, 0.0923772, 0.128247, 0.0923772, 0.0923772
17.5539, 0, 0.129313, 0.0929277, 1.41421, -0.129313, 0, 0.0929277, 0.0929277, 0.0929277, 0.0929277, 0.0929277, 0.0929277, 0.0929277, 0.0929277, 0.0929277, 0.0929277, 0.0929277, 0.0929277, 0.0929277, 0.0929277, 0.0929277, 0.0929277, 0.0929277, 0.0929277, 0.0929277, 0.0929299, 0.0929277, 0.129311, 0.0929277, 0.0929277
17.5618, 0, 0.129534, 0.0926268, 1.41421, -0.129534, 0, 0.0926268, 0.0926268, 0.0926268, 0.0926268, 0.0926268, 0.0926268, 0.0926268, 0.0926268, 0.0926268, 0.0926268, 0.0926268, 0.0926268, 0.0926268, 0.0926268, 0.0926268, 0.0926268, 0.0926268, 0.0926268, 0.0926268, 0.0926289, 0.0926268, 0.129531, 0.0926268, 0.0926268
17.5696, 0, 0.129339, 0.0919019, 1.41421, -0.129339, 0, 0.0919019, 0.0919019, 0.0919019, 0.0919019, 0.0919019, 0.0919019, 0.0919019, 0.0919019, 0.0919019, 0.0919019, 0.0919019, 0.0919019, 0.0919019, 0.0919019, 0.0919019, 0.0919019, 0.0919019, 0.0919019, 0.0919019, 0.0919041, 0.0919019, 0.129337, 0.0919019, 0.0919019
17.5775, 0, 0.129157, 0.0911799, 1.41421, -0.129157, 0, 0.0911799, 0.0911799, 0.0911799, 0.0911799, 0.0911799, 0.0911799, 0.0911799, 0.0911799, 0.0911799, 0.0911799, 0.0911799, 0.0911799, 0.0911799, 0.0911799, 0.0911799, 0.0911799, 0.0911799, 0.0911799, 0.0911799, 0.0911821, 0.0911799, 0.129155, 0.0911799, 0.0911799
17.5854, 1, 0.130732, 0.0922059, 1.73205, 0.869268, 0, 0.0922059, 0.0922059, 0.0922059, 0.0922059, 0.0922059, 0.0922059, 0.0922059, 0.0922059, 0.0922059, 0.0922059, 0.0922059, 0.0922059, 0.0922059, 0.0922059, 0.0922059, 0.0922059, 0.0922059, 0.0922059, 0.0922059, 0.0922081, 0.0922059, 0.13073, 0.0922059, 0.0922059
17.5932, 1, 0.131672, 0.0925877, 1.73205, 0.868328, 0, 0.0925877, 0.0925877, 0.0925877, 0.0925877, 0.0925877, 0.0925877, 0.0925877, 0.0925877, 0.0925877, 0.0925877, 0.0925877, 0.0925877, 0.0925877, 0.0925877, 0.0925877, 0.0925877, 0.0925877, 0.0925877, 0.0925877, 0.0925899, 0.0925877, 0.13167, 0.0925877, 0.0925877
17.6011, 0, 0.132051, 0.0923983, 1.41421, -0.132051, 0, 0.0923983, 0.0923983, 0.0923983, 0.0923983, 0.0923983, 0.0923983, 0.0923983, 0.0923983, 0.0923983, 0.0923983, 0.0923983, 0.0923983, 0.0923983, 0.0923983, 0.0923983, 0.0923983, 0.0923983, 0.0923983, 0.0923983, 0.0924005, 0.0923983, 0.132049, 0.0923983, 0.0923983
17.609, 0, 0.132155, 0.0919241, 1.41421, -0.132155, 0, 0.0919241, 0.0919241, 0.0919241, 0.0919241, 0.0919241, 0.0919241, 0.0919241, 0.0919241, 0.0919241, 0.0919241, 0.0919241, 0.0919241, 0.0919241, 0.0919241, 0.0919241, 0.0919241, 0.0919241, 0.0919241, 0.0919241, 0.0919263, 0.0919241, 0.132152, 0.0919241, 0.0919241
17.6168, 0.788404, 0.13227, 0.0914511, 1.66985, 0.656135, 0, 0.0914511, 0.0914511, 0.0914511, 0.0914511, 0.0914511, 0.0914511, 0.0914511, 0.0914511, 0.0914511, 0.0914511, 0.0914511, 0.0914511, 0.0914511, 0.0914511, 0.0914511, 0.0914511, 0.0914511, 0.0914511, 0.0914511, 0.0914533, 0.0914511, 0.132268, 0.0914511, 0.0914511
17.6247, 1.78324, 0.133593, 0.0921755, 1.94505, 1.64964, 0, 0.0921755, 0.0921755, 0.0921755, 0.0921755, 0.0921755, 0.0921755, 0.0921755, 0.0921755, 0.0921755, 0.0921755, 0.0921755, 0.0921755, 0.0921755, 0.0921755, 0.0921755, 0.0921755, 0.0921755, 0.0921755, 0.0921755, 0.0921777, 0.0921755, 0.133591, 0.0921755, 0.0921755
17.6326, 1.21181, 0.134468, 0.092441, 1.79215, 1.07734, 0, 0.092441, 0.092441, 0.092441, 0.092441, 0.092441, 0.092441, 0.092441, 0.092441, 0.092441, 0.092441, 0.092441, 0.092441, 0.092441, 0.092441, 0.092441, 0.092441, 0.092441, 0.092441, 0.092441, 0.0924432, 0.092441, 0.134466, 0.092441, 0.092441
17.6404, 0.216551, 0.134962, 0.0923145, 1.48881, 0.0815889, 0, 0.0923145, 0.0923145, 0.0923145, 0.0923145, 0.0923145, 0.0923145, 0.0923145, 0.0923145, 0.0923145, 0.0923145, 0.0923145, 0.0923145, 0.0923145, 0.0923145, 0.0923145, 0.0923145, 0.0923145, 0.0923145, 0.0923145, 0.0923168, 0.0923145, 0.13496, 0.0923145, 0.0923145
17.6483, 0.778384, 0.135272, 0.0919924, 1.66685, 0.643112, 0, 0.0919924, 0.0919924, 0.0919924, 0.0919924, 0.0919924, 0.0919924, 0.0919924, 0.0919924, 0.0919924, 0.0919924, 0.0919924, 0.0919924, 0.0919924, 0.0919924, 0.0919924, 0.0919924, 0.0919924, 0.0919924, 0.0919924, 0.0919946, 0.0919924, 0.13527, 0.0919924, 0.0919924
17.6561, 0.221616, 0.135594, 0.0916708, 1.49051, 0.0860223, 0, 0.0916708, 0.0916708, 0.0916708, 0.0916708, 0.0916708, 0.0916708, 0.0916708, 0.0916708, 0.0916708, 0.0916708, 0.0916708, 0.0916708, 0.0916708, 0.0916708, 0.0916708, 0.0916708, 0.0916708, 0.0916708, 0.0916708, 0.091673, 0.0916708, 0.135592, 0.0916708, 0.0916708
17.664, 0, 0.136312, 0.0917326, 1.41421, -0.136312, 0, 0.0917326, 0.0917326, 0.0917326, 0.0917326, 0.0917326, 0.0917326, 0.0917326, 0.0917326, 0.0917326, 0.0917326, 0.0917326, 0.0917326, 0.0917326, 0.0917326, 0.0917326, 0.0917326, 0.0917326, 0.0917326, 0.0917326, 0.0917348, 0.0917326, 0.13631, 0.0917326, 0.0917326
17.6719, 0, 0.136911, 0.0916637, 1.41421, -0.136911, 0, 0.0916637, 0.0916637, 0.0916637, 0.0916637, 0.0916637, 0.0916637, 0.0916637, 0.0916637, 0.0916637, 0.0916637, 0.0916637, 0.0916637, 0.0916637, 0.0916637, 0.0916637, 0.0916637, 0.0916637, 0.0916637, 0.0916637, 0.0916659, 0.0916637, 0.136909, 0.0916637, 0.0916637
17.6797, 1, 0.137524, 0.0915948, 1.73205, 0.862476, 0, 0.0915948, 0.0915948, 0.0915948, 0.0915948, 0.0915948, 0.0915948, 0.0915948, 0.0915948, 0.0915948, 0.0915948, 0.0915948, 0.0915948, 0.0915948, 0.0915948, 0.0915948, 0.0915948, 0.0915948, 0.0915948, 0.0915948, 0.091597, 0.0915948, 0.137522, 0.0915948, 0.0915948
17.6876, 0, 0.138161, 0.0915372, 1.41421, -0.138161, 0, 0.0915372, 0.0915372, 0.0915372, 0.0915372, 0.0915372, 0.0915372, 0.0915372, 0.0915372, 0.0915372, 0.0915372, 0.0915372, 0.0915372, 0.0915372, 0.0915372, 0.0915372, 0.0915372, 0.0915372, 0.0915372, 0.0915372, 0.0915394, 0.0915372, 0.138159, 0.0915372, 0.0915372
17.6955, 0, 0.138618, 0.0912862, 1.41421, -0.138618, 0, 0.0912862, 0.0912862, 0.0912862, 0.0912862, 0.0912862, 0.0912862, 0.0912862, 0.0912862, 0.0912862, 0.0912862, 0.0912862, 0.0912862, 0.0912862, 0.0912862, 0.0912862, 0.0912862, 0.0912862, 0.0912862, 0.0912862, 0.0912885, 0.0912862, 0.138616, 0.0912862, 0.0912862
17.7033, 0, 0.138907, 0.0908529, 1.41421, -0.138907, 0, 0.0908529, 0.0908529, 0.0908529, 0.0908529, 0.0908529, 0.0908529, 0.0908529, 0.0908529, 0.0908529, 0.0908529, 0.0908529, 0.0908529, 0.0908529, 0.0908529, 0.0908529, 0.0908529, 0.0908529, 0.0908529, 0.0908529, 0.0908551, 0.0908529, 0.138905, 0.0908529, 0.0908529
17.7112, 0, 0.139121, 0.0903295, 1.41421, -0.139121, 0, 0.0903295, 0.0903295, 0.0903295, 0.0903295, 0.0903295, 0.0903295, 0.0903295, 0.0903295, 0.0903295, 0.0903295, 0.0903295, 0.0903295, 0.0903295, 0.0903295, 0.0903295, 0.0903295, 0.0903295, 0.0903295, 0.0903295, 0.0903317, 0.0903295, 0.139119, 0.0903295, 0.0903295
17.7191, 0.75669, 0.139351, 0.0898076, 1.66033, 0.617338, 0, 0.0898076, 0.0898076, 0.0898076, 0.0898076, 0.0898076, 0.0898076, 0.0898076, 0.0898076, 0.0898076, 0.0898076, 0.0898076, 0.0898076, 0.0898076, 0.0898076, 0.0898076, 0.0898076, 0.0898076, 0.0898076, 0.0898076, 0.0898098, 0.0898076, 0.139349, 0.0898076, 0.0898076
17.7269, 0.24331, 0.139507, 0.0891951, 1.49777, 0.103804, 0, 0.0891951, 0.0891951, 0.0891951, 0.0891951, 0.0891951, 0.0891951, 0.0891951, 0.0891951, 0.0891951, 0.0891951, 0.0891951, 0.0891951, 0.0891951, 0.0891951, 0.0891951, 0.0891951, 0.0891951, 0.0891951, 0.0891951, 0.0891973, 0.0891951, 0.139504, 0.0891951, 0.0891951
17.7348, 2.75223, 0.139566, 0.0884702, 2.17996, 2.61266, 0, 0.0884702, 0.0884702, 0.0884702, 0.0884702, 0.0884702, 0.0884702, 0.0884702, 0.0884702, 0.0884702, 0.0884702, 0.0884702, 0.0884702, 0.0884702, 0.0884702, 0.0884702, 0.0884702, 0.0884702, 0.0884702, 0.0884702, 0.0884724, 0.0884702, 0.139564, 0.0884702, 0.0884702
17.7427, 1.24777, 0.139644, 0.0877483, 1.80216, 1.10813, 0, 0.0877483, 0.0877483, 0.0877483, 0.0877483, 0.0877483, 0.0877483, 0.0877483, 0.0877483, 0.0877483, 0.0877483, 0.0877483, 0.0877483, 0.0877483, 0.0877483, 0.0877483, 0.0877483, 0.0877483, 0.0877483, 0.0877483, 0.0877505, 0.0877483, 0.139642, 0.0877483, 0.0877483
17.7505, 0, 0.14042, 0.0877066, 1.41421, -0.14042, 0, 0.0877066, 0.0877066, 0.0877066, 0.0877066, 0.0877066, 0.0877066, 0.0877066, 0.0877066, 0.0877066, 0.0877066, 0.0877066, 0.0877066, 0.0877066, 0.0877066, 0.0877066, 0.0877066, 0.0877066, 0.0877066, 0.0877066, 0.0877088, 0.0877066, 0.140418, 0.0877066, 0.0877066
17.7584, 2, 0.140771, 0.0872211, 2, 1.85923, 0, 0.0872211, 0.0872211, 0.0872211, 0.0872211, 0.0872211, 0.0872211, 0.0872211, 0.0872211, 0.0872211, 0.0872211, 0.0872211, 0.0872211, 0.0872211, 0.0872211, 0.0872211, 0.0872211, 0.0872211, 0.0872211, 0.0872211, 0.0872234, 0.0872211, 0.140769, 0.0872211, 0.0872211
17.7663, 0, 0.140707, 0.086304, 1.41421, -0.140707, 0, 0.086304, 0.086304, 0.086304, 0.086304, 0.086304, 0.086304, 0.086304, 0.086304, 0.086304, 0.086304, 0.086304, 0.086304, 0.086304, 0.086304, 0.086304, 0.086304, 0.086304, 0.086304, 0.086304, 0.0863063, 0.086304, 0.140705, 0.086304, 0.086304
17.7741, 0, 0.140453, 0.0851768, 1.41421, -0.140453, 0, 0.0851768, 0.0851768, 0.0851768, 0.0851768, 0.0851768, 0.0851768, 0.0851768, 0.0851768, 0.0851768, 0.0851768, 0.0851768, 0.0851768, 0.0851768, 0.0851768, 0.0851768, 0.0851768, 0.0851768, 0.0851768, 0.0851768, 0.0851791, 0.0851768, 0.140451, 0.0851768, 0.0851768
17.782, 0, 0.140226, 0.084057, 1.41421, -0.140226, 0, 0.084057, 0.084057, 0.084057, 0.084057, 0.084057, 0.084057, 0.084057, 0.084057, 0.084057, 0.084057, 0.084057, 0.084057, 0.084057, 0.084057, 0.084057, 0.084057, 0.084057, 0.084057, 0.084057, 0.0840593, 0.084057, 0.140224, 0.084057, 0.084057
17.7899, 0, 0.141284, 0.0842024, 1.41421, -0.141284, 0, 0.0842024, 0.0842024, 0.0842024, 0.0842024, 0.0842024, 0.0842024, 0.0842024, 0.0842024, 0.0842024, 0.0842024, 0.0842024, 0.0842024, 0.0842024, 0.0842024, 0.0842024, 0.0842024, 0.0842024, 0.0842024, 0.0842024, 0.0842046, 0.0842024, 0.141282, 0.0842024, 0.0842024
17.7977, 0, 0.141781, 0.0837664, 1.41421, -0.141781, 0, 0.0837664, 0.0837664, 0.0837664, 0.0837664, 0.0837664, 0.0837664, 0.0837664, 0.0837664, 0.0837664, 0.0837664, 0.0837664, 0.0837664, 0.0837664, 0.0837664, 0.0837664, 0.0837664, 0.0837664, 0.0837664, 0.0837664, 0.0837686, 0.0837664, 0.141779, 0.0837664, 0.0837664
17.8056, 0.730426, 0.141769, 0.0827986, 1.6524, 0.588658, 0, 0.0827986, 0.0827986, 0.0827986, 0.0827986, 0.0827986, 0.0827986, 0.0827986, 0.0827986, 0.0827986, 0.0827986, 0.0827986, 0.0827986, 0.0827986, 0.0827986, 0.0827986, 0.0827986, 0.0827986, 0.0827986, 0.0827986, 0.0828009, 0.0827986, 0.141766, 0.0827986, 0.0827986
17.8134, 0.269574, 0.141519, 0.0815722, 1.50651, 0.128054, 0, 0.0815722, 0.0815722, 0.0815722, 0.0815722, 0.0815722, 0.0815722, 0.0815722, 0.0815722, 0.0815722, 0.0815722, 0.0815722, 0.0815722, 0.0815722, 0.0815722, 0.0815722, 0.0815722, 0.0815722, 0.0815722, 0.0815722, 0.0815745, 0.0815722, 0.141517, 0.0815722, 0.0815722
17.8213, 0.725471, 0.141302, 0.0803549, 1.6509, 0.584169, 0, 0.0803549, 0.0803549, 0.0803549, 0.0803549, 0.0803549, 0.0803549, 0.0803549, 0.0803549, 0.0803549, 0.0803549, 0.0803549, 0.0803549, 0.0803549, 0.0803549, 0.0803549, 0.0803549, 0.0803549, 0.0803549, 0.0803549, 0.0803572, 0.0803549, 0.1413, 0.0803549, 0.0803549
17.8292, 0.274529, 0.142602, 0.080631, 1.50815, 0.131927, 0, 0.080631, 0.080631, 0.080631, 0.080631, 0.080631, 0.080631, 0.080631, 0.080631, 0.080631, 0.080631, 0.080631, 0.080631, 0.080631, 0.080631, 0.080631, 0.080631, 0.080631, 0.080631, 0.080631, 0.0806333, 0.080631, 0.1426, 0.080631, 0.080631
17.837, 0, 0.143273, 0.0802539, 1.41421, -0.143273, 0, 0.0802539, 0.0802539, 0.0802539, 0.0802539, 0.0802539, 0.0802539, 0.0802539, 0.0802539, 0.0802539, 0.0802539, 0.0802539, 0.0802539, 0.0802539, 0.0802539, 0.0802539, 0.0802539, 0.0802539, 0.0802539, 0.0802539, 0.0802562, 0.0802539, 0.143271, 0.0802539, 0.0802539
17.8449, 0, 0.143366, 0.0792735, 1.41421, -0.143366, 0, 0.0792735, 0.0792735, 0.0792735, 0.0792735, 0.0792735, 0.0792735, 0.0792735, 0.0792735, 0.0792735, 0.0792735, 0.0792735, 0.0792735, 0.0792735, 0.0792735, 0.0792735, 0.0792735, 0.0792735, 0.0792735, 0.0792735, 0.0792757, 0.0792735, 0.143364, 0.0792735, 0.0792735
17.8528, 1, 0.143192, 0.0779997, 1.73205, 0.856808, 0, 0.0779997, 0.0779997, 0.0779997, 0.0779997, 0.0779997, 0.0779997, 0.0779997, 0.0779997, 0.0779997, 0.0779997, 0.0779997, 0.0779997, 0.0779997, 0.0779997, 0.0779997, 0.0779997, 0.0779997, 0.0779997, 0.0779997, 0.0780019, 0.0779997, 0.143189, 0.0779997, 0.0779997
17.8606, 0, 0.143054, 0.0767361, 1.41421, -0.143054, 0, 0.0767361, 0.0767361, 0.0767361, 0.0767361, 0.0767361, 0.0767361, 0.0767361, 0.0767361, 0.0767361, 0.0767361, 0.0767361, 0.0767361, 0.0767361, 0.0767361, 0.0767361, 0.0767361, 0.0767361, 0.0767361, 0.0767361, 0.0767384, 0.0767361, 0.143052, 0.0767361, 0.0767361
17.8685, 0.710957, 0.144523, 0.0770517, 1.6465, 0.566434, 0, 0.0770517, 0.0770517, 0.0770517, 0.0770517, 0.0770517, 0.0770517, 0.0770517, 0.0770517, 0.0770517, 0.0770517, 0.0770517, 0.0770517, 0.0770517, 0.0770517, 0.0770517, 0.0770517, 0.0770517, 0.0770517, 0.0770517, 0.077054, 0.0770517, 0.144521, 0.0770517, 0.0770517
17.8764, 0.289043, 0.145341, 0.0766879, 1.51296, 0.143702, 0, 0.0766879, 0.0766879, 0.0766879, 0.0766879, 0.0766879, 0.0766879, 0.0766879, 0.0766879, 0.0766879, 0.0766879, 0.0766879, 0.0766879, 0.0766879, 0.0766879, 0.0766879, 0.0766879, 0.0766879, 0.0766879, 0.0766879, 0.0766902, 0.0766879, 0.145339, 0.0766879, 0.0766879
17.8842, 0, 0.145561, 0.0756964, 1.41421, -0.145561, 0, 0.0756964, 0.0756964, 0.0756964, 0.0756964, 0.0756964, 0.0756964, 0.0756964, 0.0756964, 0.0756964, 0.0756964, 0.0756964, 0.0756964, 0.0756964, 0.0756964, 0.0756964, 0.0756964, 0.0756964, 0.0756964, 0.0756964, 0.0756986, 0.0756964, 0.145559, 0.0756964, 0.0756964
17.8921, 0, 0.145506, 0.0743999, 1.41421, -0.145506, 0, 0.0743999, 0.0743999, 0.0743999, 0.0743999, 0.0743999, 0.0743999, 0.0743999, 0.0743999, 0.0743999, 0.0743999, 0.0743999, 0.0743999, 0.0743999, 0.0743999, 0.0743999, 0.0743999, 0.0743999, 0.0743999, 0.0743999, 0.0744022, 0.0743999, 0.145504, 0.0743999, 0.0743999
17.9, 1, 0.145493, 0.0731147, 1.73205, 0.854507, 0, 0.0731147, 0.0731147, 0.0731147, 0.0731147, 0.0731147, 0.0731147, 0.0731147, 0.0731147, 0.0731147, 0.0731147, 0.0731147, 0.0731147, 0.0731147, 0.0731147, 0.0731147, 0.0731147, 0.0731147, 0.0731147, 0.0731147, 0.073117, 0.0731147, 0.145491, 0.0731147, 0.0731147
17.9078, 1.39792, 0.147169, 0.0734855, 1.84334, 1.25075, 0, 0.0734855, 0.0734855, 0.0734855, 0.0734855, 0.0734855, 0.0734855, 0.0734855, 0.0734855, 0.0734855, 0.0734855, 0.0734855, 0.0734855, 0.0734855, 0.0734855, 0.0734855, 0.0734855, 0.0734855, 0.0734855, 0.0734855, 0.0734878, 0.0734855, 0.147166, 0.0734855, 0.0734855
17.9157, 1.29866, 0.148173, 0.0731521, 1.81622, 1.15049, 0, 0.0731521, 0.0731521, 0.0731521, 0.0731521, 0.0731521, 0.0731521, 0.0731521, 0.0731521, 0.0731521, 0.0731521, 0.0731521, 0.0731521, 0.0731521, 0.0731521, 0.0731521, 0.0731521, 0.0731521, 0.0731521, 0.0731521, 0.0731544, 0.0731521, 0.148171, 0.0731521, 0.0731521
17.9236, 0.303421, 0.148561, 0.0721682, 1.5177, 0.15486, 0, 0.0721682, 0.0721682, 0.0721682, 0.0721682, 0.0721682, 0.0721682, 0.0721682, 0.0721682, 0.0721682, 0.0721682, 0.0721682, 0.0721682, 0.0721682, 0.0721682, 0.0721682, 0.0721682, 0.0721682, 0.0721682, 0.0721682, 0.0721705, 0.0721682, 0.148559, 0.0721682, 0.0721682
17.9314, 0, 0.148668, 0.0708685, 1.41421, -0.148668, 0, 0.0708685, 0.0708685, 0.0708685, 0.0708685, 0.0708685, 0.0708685, 0.0708685, 0.0708685, 0.0708685, 0.0708685, 0.0708685, 0.0708685, 0.0708685, 0.0708685, 0.0708685, 0.0708685, 0.0708685, 0.0708685, 0.0708685, 0.0708709, 0.0708685, 0.148666, 0.0708685, 0.0708685
17.9393, 1, 0.148824, 0.0695807, 1.73205, 0.851176, 0, 0.0695807, 0.0695807, 0.0695807, 0.0695807, 0.0695807, 0.0695807, 0.0695807, 0.0695807, 0.0695807, 0.0695807, 0.0695807, 0.0695807, 0.0695807, 0.0695807, 0.0695807, 0.0695807, 0.0695807, 0.0695807, 0.0695807, 0.0695831, 0.0695807, 0.148822, 0.0695807, 0.0695807
17.9471, 0, 0.150711, 0.0699868, 1.41421, -0.150711, 0, 0.0699868, 0.0699868, 0.0699868, 0.0699868, 0.0699868, 0.0699868, 0.0699868, 0.0699868, 0.0699868, 0.0699868, 0.0699868, 0.0699868, 0.0699868, 0.0699868, 0.0699868, 0.0699868, 0.0699868, 0.0699868, 0.0699868, 0.0699892, 0.0699868, 0.150708, 0.0699868, 0.0699868
17.955, 1, 0.15191, 0.0696673, 1.73205, 0.84809, 0, 0.0696673, 0.0696673, 0.0696673, 0.0696673, 0.0696673, 0.0696673, 0.0696673, 0.0696673, 0.0696673, 0.0696673, 0.0696673, 0.0696673, 0.0696673, 0.0696673, 0.0696673, 0.0696673, 0.0696673, 0.0696673, 0.0696673, 0.0696697, 0.0696673, 0.151908, 0.0696673, 0.0696673
17.9629, 0, 0.15248, 0.0686774, 1.41421, -0.15248, 0, 0.0686774, 0.0686774, 0.0686774, 0.0686774, 0.0686774, 0.0686774, 0.0686774, 0.0686774, 0.0686774, 0.0686774, 0.0686774, 0.0686774, 0.0686774, 0.0686774, 0.0686774, 0.0686774, 0.0686774, 0.0686774, 0.0686774, 0.0686798, 0.0686774, 0.152477, 0.0686774, 0.0686774
17.9707, 0.679802, 0.152764, 0.0673625, 1.63701, 0.527037, 0, 0.0673625, 0.0673625, 0.0673625, 0.0673625, 0.0673625, 0.0673625, 0.0673625, 0.0673625, 0.0673625, 0.0673625, 0.0673625, 0.0673625, 0.0673625, 0.0673625, 0.0673625, 0.0673625, 0.0673625, 0.0673625, 0.0673625, 0.0673649, 0.0673625, 0.152762, 0.0673625, 0.0673625
17.9786, 1.3202, 0.153104, 0.0660603, 1.82214, 1.16709, 0, 0.0660603, 0.0660603, 0.0660603, 0.0660603, 0.0660603, 0.0660603, 0.0660603, 0.0660603, 0.0660603, 0.0660603, 0.0660603, 0.0660603, 0.0660603, 0.0660603, 0.0660603, 0.0660603, 0.0660603, 0.0660603, 0.0660603, 0.0660627, 0.0660603, 0.153102, 0.0660603, 0.0660603
17.9865, 0, 0.155247, 0.0665168, 1.41421, -0.155247, 0, 0.0665168, 0.0665168, 0.0665168, 0.0665168, 0.0665168, 0.0665168, 0.0665168, 0.0665168, 0.0665168, 0.0665168, 0.0665168, 0.0665168, 0.0665168, 0.0665168, 0.0665168, 0.0665168, 0.0665168, 0.0665168, 0.0665168, 0.0665193, 0.0665168, 0.155244, 0.0665168, 0.0665168
17.9943, 0, 0.156686, 0.0662265, 1.41421, -0.156686, 0, 0.0662265, 0.0662265, 0.0662265, 0.0662265, 0.0662265, 0.0662265, 0.0662265, 0.0662265, 0.0662265, 0.0662265, 0.0662265, 0.0662265, 0.0662265, 0.0662265, 0.0662265, 0.0662265, 0.0662265, 0.0662265, 0.0662265, 0.066229, 0.0662265, 0.156684, 0.0662265, 0.0662265
18.0022, 1, 0.157483, 0.0652463, 1.73205, 0.842517, 0, 0.0652463, 0.0652463, 0.0652463, 0.0652463, 0.0652463, 0.0652463, 0.0652463, 0.0652463, 0.0652463, 0.0652463, 0.0652463, 0.0652463, 0.0652463, 0.0652463, 0.0652463, 0.0652463, 0.0652463, 0.0652463, 0.0652463, 0.0652489, 0.0652463, 0.157481, 0.0652463, 0.0652463
18.0101, 0.667493, 0.157994, 0.0639321, 1.63325, 0.509499, 0, 0.0639321, 0.0639321, 0.0639321, 0.0639321, 0.0639321, 0.0639321, 0.0639321, 0.0639321, 0.0639321, 0.0639321, 0.0639321, 0.0639321, 0.0639321, 0.0639321, 0.0639321, 0.0639321, 0.0639321, 0.0639321, 0.0639321, 0.0639347, 0.0639321, 0.157991, 0.0639321, 0.0639321
18.0179, 1.33251, 0.158567, 0.0626312, 1.82552, 1.17394, 0, 0.0626312, 0.0626312, 0.0626312, 0.0626312, 0.0626312, 0.0626312, 0.0626312, 0.0626312, 0.0626312, 0.0626312, 0.0626312, 0.0626312, 0.0626312, 0.0626312, 0.0626312, 0.0626312, 0.0626312, 0.0626312, 0.0626312, 0.0626339, 0.0626312, 0.158564, 0.0626312, 0.0626312
18.0258, 0, 0.160978, 0.0631183, 1.41421, -0.160978, 0, 0.0631183, 0.0631183, 0.0631183, 0.0631183, 0.0631183, 0.0631183, 0.0631183, 0.0631183, 0.0631183, 0.0631183, 0.0631183, 0.0631183, 0.0631183, 0.0631183, 0.0631183, 0.0631183, 0.0631183, 0.0631183, 0.0631183, 0.0631211, 0.0631183, 0.160975, 0.0631183, 0.0631183
18.0337, 1, 0.162679, 0.0628428, 1.73205, 0.837321, 0, 0.0628428, 0.0628428, 0.0628428, 0.0628428, 0.0628428, 0.0628428, 0.0628428, 0.0628428, 0.0628428, 0.0628428, 0.0628428, 0.0628428, 0.0628428, 0.0628428, 0.0628428, 0.0628428, 0.0628428, 0.0628428, 0.0628428, 0.0628457, 0.0628428, 0.162676, 0.0628428, 0.0628428
18.0415, 1, 0.16373, 0.0618631, 1.73205, 0.83627, 0, 0.0618631, 0.0618631, 0.0618631, 0.0618631, 0.0618631, 0.0618631, 0.0618631, 0.0618631, 0.0618631, 0.0618631, 0.0618631, 0.0618631, 0.0618631, 0.0618631, 0.0618631, 0.0618631, 0.0618631, 0.0618631, 0.0618631, 0.0618661, 0.0618631, 0.163727, 0.0618631, 0.0618631
18.0494, 0, 0.164495, 0.0605429, 1.41421, -0.164495, 0, 0.0605429, 0.0605429, 0.0605429, 0.0605429, 0.0605429, 0.0605429, 0.0605429, 0.0605429, 0.0605429, 0.0605429, 0.0605429, 0.0605429, 0.0605429, 0.0605429, 0.0605429, 0.0605429, 0.0605429, 0.0605429, 0.0605429, 0.060546, 0.0605429, 0.164492, 0.0605429, 0.0605429
18.0573, 1.65312, 0.165333, 0.0592369, 1.91131, 1.48779, 0, 0.0592369, 0.0592369, 0.0592369, 0.0592369, 0.0592369, 0.0592369, 0.0592369, 0.0592369, 0.0592369, 0.0592369, 0.0592369, 0.0592369, 0.0592369, 0.0592369, 0.0592369, 0.0592369, 0.0592369, 0.0592369, 0.0592369, 0.0592401, 0.0592369, 0.16533, 0.0592369, 0.0592369
18.0651, 0.346878, 0.168049, 0.059751, 1.53195, 0.178829, 0, 0.059751, 0.059751, 0.059751, 0.059751, 0.059751, 0.059751, 0.059751, 0.059751, 0.059751, 0.059751, 0.059751, 0.059751, 0.059751, 0.059751, 0.059751, 0.059751, 0.059751, 0.059751, 0.059751, 0.0597544, 0.059751, 0.168045, 0.059751, 0.059751
18.073, 1, 0.170057, 0.0594961, 1.73205, 0.829943, 0, 0.0594961, 0.0594961, 0.0594961, 0.0594961, 0.0594961, 0.0594961, 0.0594961, 0.0594961, 0.0594961, 0.0594961, 0.0594961, 0.0594961, 0.0594961, 0.0594961, 0.0594961, 0.0594961, 0.0594961, 0.0594961, 0.0594961, 0.0594997, 0.0594961, 0.170054, 0.0594961, 0.0594961
18.0808, 0, 0.17142, 0.0585329, 1.41421, -0.17142, 0, 0.0585329, 0.0585329, 0.0585329, 0.0585329, 0.0585329, 0.0585329, 0.0585329, 0.0585329, 0.0585329, 0.0585329, 0.0585329, 0.0585329, 0.0585329, 0.0585329, 0.0585329, 0.0585329, 0.0585329, 0.0585329, 0.0585329, 0.0585368, 0.0585329, 0.171416, 0.0585329, 0.0585329
18.0887, 0, 0.172505, 0.0572277, 1.41421, -0.172505, 0, 0.0572277, 0.0572277, 0.0572277, 0.0572277, 0.0572277, 0.0572277, 0.0572277, 0.0572277, 0.0572277, 0.0572277, 0.0572277, 0.0572277, 0.0572277, 0.0572277, 0.0572277, 0.0572277, 0.0572277, 0.0572277, 0.0572277, 0.0572317, 0.0572277, 0.172501, 0.0572277, 0.0572277
18.0966, 0, 0.173672, 0.0559371, 1.41421, -0.173672, 0, 0.0559371, 0.0559371, 0.0559371, 0.0559371, 0.0559371, 0.0559371, 0.0559371, 0.0559371, 0.0559371, 0.0559371, 0.0559371, 0.0559371, 0.0559371, 0.0559371, 0.0559371, 0.0559371, 0.0559371, 0.0559371, 0.0559371, 0.0559414, 0.0559371, 0.173668, 0.0559371, 0.0559371
18.1044, 1, 0.176713, 0.0564532, 1.73205, 0.823287, 0, 0.0564532, 0.0564532, 0.0564532, 0.0564532, 0.0564532, 0.0564532, 0.0564532, 0.0564532, 0.0564532, 0.0564532, 0.0564532, 0.0564532, 0.0564532, 0.0564532, 0.0564532, 0.0564532, 0.0564532, 0.0564532, 0.0564532, 0.0564578, 0.0564532, 0.176709, 0.0564532, 0.0564532
18.1123, 0, 0.179062, 0.0562048, 1.41421, -0.179062, 0, 0.0562048, 0.0562048, 0.0562048, 0.0562048, 0.0562048, 0.0562048, 0.0562048, 0.0562048, 0.0562048, 0.0562048, 0.0562048, 0.0562048, 0.0562048, 0.0562048, 0.0562048, 0.0562048, 0.0562048, 0.0562048, 0.0562048, 0.0562099, 0.0562048, 0.179057, 0.0562048, 0.0562048
18.1202, 0, 0.180783, 0.0552552, 1.41421, -0.180783, 0, 0.0552552, 0.0552552, 0.0552552, 0.0552552, 0.0552552, 0.0552552, 0.0552552, 0.0552552, 0.0552552, 0.0552552, 0.0552552, 0.0552552, 0.0552552, 0.0552552, 0.0552552, 0.0552552, 0.0552552, 0.0552552, 0.0552552, 0.0552606, 0.0552552, 0.180777, 0.0552552, 0.0552552
18.128, 0.631318, 0.18224, 0.0539675, 1.62213, 0.449078, 0, 0.0539675, 0.0539675, 0.0539675, 0.0539675, 0.0539675, 0.0539675, 0.0539675, 0.0539675, 0.0539675, 0.0539675, 0.0539675, 0.0539675, 0.0539675, 0.0539675, 0.0539675, 0.0539675, 0.0539675, 0.0539675, 0.0539675, 0.0539733, 0.0539675, 0.182234, 0.0539675, 0.0539675
18.1359, 0.368682, 0.18379, 0.0526949, 1.53905, 0.184892, 0, 0.0526949, 0.0526949, 0.0526949, 0.0526949, 0.0526949, 0.0526949, 0.0526949, 0.0526949, 0.0526949, 0.0526949, 0.0526949, 0.0526949, 0.0526949, 0.0526949, 0.0526949, 0.0526949, 0.0526949, 0.0526949, 0.0526949, 0.0527012, 0.0526949, 0.183784, 0.0526949, 0.0526949
18.1438, 0, 0.187217, 0.0532183, 1.41421, -0.187217, 0, 0.0532183, 0.0532183, 0.0532183, 0.0532183, 0.0532183, 0.0532183, 0.0532183, 0.0532183, 0.0532183, 0.0532183, 0.0532183, 0.0532183, 0.0532183, 0.0532183, 0.0532183, 0.0532183, 0.0532183, 0.0532183, 0.0532183, 0.0532251, 0.0532183, 0.187211, 0.0532183, 0.0532183
18.1516, 0, 0.189969, 0.0529834, 1.41421, -0.189969, 0, 0.0529834, 0.0529834, 0.0529834, 0.0529834, 0.0529834, 0.0529834, 0.0529834, 0.0529834, 0.0529834, 0.0529834, 0.0529834, 0.0529834, 0.0529834, 0.0529834, 0.0529834, 0.0529834, 0.0529834, 0.0529834, 0.0529834, 0.0529908, 0.0529834, 0.189962, 0.0529834, 0.0529834
18.1595, 0, 0.192113, 0.052056, 1.41421, -0.192113, 0, 0.052056, 0.052056, 0.052056, 0.052056, 0.052056, 0.052056, 0.052056, 0.052056, 0.052056, 0.052056, 0.052056, 0.052056, 0.052056, 0.052056, 0.052056, 0.052056, 0.052056, 0.052056, 0.052056, 0.052064, 0.052056, 0.192105, 0.052056, 0.052056
18.1674, 0.619732, 0.194013, 0.050795, 1.61856, 0.42572, 0, 0.050795, 0.050795, 0.050795, 0.050795, 0.050795, 0.050795, 0.050795, 0.050795, 0.050795, 0.050795, 0.050795, 0.050795, 0.050795, 0.050795, 0.050795, 0.050795, 0.050795, 0.050795, 0.050795, 0.0508037, 0.050795, 0.194004, 0.050795, 0.050795
18.1752, 0.380268, 0.196017, 0.0495495, 1.54281, 0.18425, 0, 0.0495495, 0.0495495, 0.0495495, 0.0495495, 0.0495495, 0.0495495, 0.0495495, 0.0495495, 0.0495495, 0.0495495, 0.0495495, 0.0495495, 0.0495495, 0.0495495, 0.0495495, 0.0495495, 0.0495495, 0.0495495, 0.0495495, 0.0495589, 0.0495495, 0.196008, 0.0495495, 0.0495495
18.1831, 0, 0.199886, 0.050074, 1.41421, -0.199886, 0, 0.050074, 0.050074, 0.050074, 0.050074, 0.050074, 0.050074, 0.050074, 0.050074, 0.050074, 0.050074, 0.050074, 0.050074, 0.050074, 0.050074, 0.050074, 0.050074, 0.050074, 0.050074, 0.050074, 0.0500841, 0.050074, 0.199876, 0.050074, 0.050074
18.191, 1, 0.203103, 0.0498481, 1.73205, 0.796897, 0, 0.0498481, 0.0498481, 0.0498481, 0.0498481, 0.0498481, 0.0498481, 0.0498481, 0.0498481, 0.0498481, 0.0498481, 0.0498481, 0.0498481, 0.0498481, 0.0498481, 0.0498481, 0.0498481, 0.0498481, 0.0498481, 0.0498481, 0.0498591, 0.0498481, 0.203092, 0.0498481, 0.0498481
18.1988, 0.609514, 0.205736, 0.0489401, 1.6154, 0.403778, 0, 0.0489401, 0.0489401, 0.0489401, 0.0489401, 0.0489401, 0.0489401, 0.0489401, 0.0489401, 0.0489401, 0.0489401, 0.0489401, 0.0489401, 0.0489401, 0.0489401, 0.0489401, 0.0489401, 0.0489401, 0.0489401, 0.0489401, 0.0489519, 0.0489401, 0.205725, 0.0489401, 0.0489401
18.2067, 2.2125, 0.208146, 0.0477039, 2.05244, 2.00435, 0, 0.0477039, 0.0477039, 0.0477039, 0.0477039, 0.0477039, 0.0477039, 0.0477039, 0.0477039, 0.0477039, 0.0477039, 0.0477039, 0.0477039, 0.0477039, 0.0477039, 0.0477039, 0.0477039, 0.0477039, 0.0477039, 0.0477039, 0.0477167, 0.0477039, 0.208133, 0.0477039, 0.0477039
18.2145, 1.17799, 0.210678, 0.0464836, 1.78269, 0.967309, 0, 0.0464836, 0.0464836, 0.0464836, 0.0464836, 0.0464836, 0.0464836, 0.0464836, 0.0464836, 0.0464836, 0.0464836, 0.0464836, 0.0464836, 0.0464836, 0.0464836, 0.0464836, 0.0464836, 0.0464836, 0.0464836, 0.0464836, 0.0464973, 0.0464836, 0.210664, 0.0464836, 0.0464836
18.2224, 0, 0.215069, 0.0470121, 1.41421, -0.215069, 0, 0.0470121, 0.0470121, 0.0470121, 0.0470121, 0.0470121, 0.0470121, 0.0470121, 0.0470121, 0.0470121, 0.0470121, 0.0470121, 0.0470121, 0.0470121, 0.0470121, 0.0470121, 0.0470121, 0.0470121, 0.0470121, 0.0470121, 0.0470268, 0.0470121, 0.215054, 0.0470121, 0.0470121
18.2303, 1.2002, 0.218831, 0.0467989, 1.78891, 0.981367, 0, 0.0467989, 0.0467989, 0.0467989, 0.0467989, 0.0467989, 0.0467989, 0.0467989, 0.0467989, 0.0467989, 0.0467989, 0.0467989, 0.0467989, 0.0467989, 0.0467989, 0.0467989, 0.0467989, 0.0467989, 0.0467989, 0.0467989, 0.0468147, 0.0467989, 0.218815, 0.0467989, 0.0467989
18.2381, 0.799802, 0.222039, 0.0459141, 1.67326, 0.577762, 0, 0.0459141, 0.0459141, 0.0459141, 0.0459141, 0.0459141, 0.0459141, 0.0459141, 0.0459141, 0.0459141, 0.0459141, 0.0459141, 0.0459141, 0.0459141, 0.0459141, 0.0459141, 0.0459141, 0.0459141, 0.0459141, 0.0459141, 0.045931, 0.0459141, 0.222023, 0.0459141, 0.0459141
18.246, 0, 0.225047, 0.0447068, 1.41421, -0.225047, 0, 0.0447068, 0.0447068, 0.0447068, 0.0447068, 0.0447068, 0.0447068, 0.0447068, 0.0447068, 0.0447068, 0.0447068, 0.0447068, 0.0447068, 0.0447068, 0.0447068, 0.0447068, 0.0447068, 0.0447068, 0.0447068, 0.0447068, 0.0447247, 0.0447068, 0.225029, 0.0447068, 0.0447068
18.2539, 1, 0.228194, 0.0435155, 1.73205, 0.771806, 0, 0.0435155, 0.0435155, 0.0435155, 0.0435155, 0.0435155, 0.0435155, 0.0435155, 0.0435155, 0.0435155, 0.0435155, 0.0435155, 0.0435155, 0.0435155, 0.0435155, 0.0435155, 0.0435155, 0.0435155, 0.0435155, 0.0435155, 0.0435346, 0.0435155, 0.228175, 0.0435155, 0.0435155
18.2617, 0, 0.233226, 0.0440784, 1.41421, -0.233226, 0, 0.0440784, 0.0440784, 0.0440784, 0.0440784, 0.0440784, 0.0440784, 0.0440784, 0.0440784, 0.0440784, 0.0440784, 0.0440784, 0.0440784, 0.0440784, 0.0440784, 0.0440784, 0.0440784, 0.0440784, 0.0440784, 0.0440784, 0.0440987, 0.0440784, 0.233206, 0.0440784, 0.0440784
18.2696, 0, 0.237638, 0.0438902, 1.41421, -0.237638, 0, 0.0438902, 0.0438902, 0.0438902, 0.0438902, 0.0438902, 0.0438902, 0.0438902, 0.0438902, 0.0438902, 0.0438902, 0.0438902, 0.0438902, 0.0438902, 0.0438902, 0.0438902, 0.0438902, 0.0438902, 0.0438902, 0.0438902, 0.0439116, 0.0438902, 0.237617, 0.0438902, 0.0438902
18.2775, 0, 0.241506, 0.0430207, 1.41421, -0.241506, 0, 0.0430207, 0.0430207, 0.0430207, 0.0430207, 0.0430207, 0.0430207, 0.0430207, 0.0430207, 0.0430207, 0.0430207, 0.0430207, 0.0430207, 0.0430207, 0.0430207, 0.0430207, 0.0430207, 0.0430207, 0.0430207, 0.0430207, 0.0430434, 0.0430207, 0.241483, 0.0430207, 0.0430207
18.2853, 0.583395, 0.245191, 0.0418246, 1.60729, 0.338205, 0, 0.0418246, 0.0418246, 0.0418246, 0.0418246, 0.0418246, 0.0418246, 0.0418246, 0.0418246, 0.0418246, 0.0418246, 0.0418246, 0.0418246, 0.0418246, 0.0418246, 0.0418246, 0.0418246, 0.0418246, 0.0418246, 0.0418246, 0.0418485, 0.0418246, 0.245167, 0.0418246, 0.0418246
18.2932, 0.416605, 0.249036, 0.0406454, 1.55454, 0.167569, 0, 0.0406454, 0.0406454, 0.0406454, 0.0406454, 0.0406454, 0.0406454, 0.0406454, 0.0406454, 0.0406454, 0.0406454, 0.0406454, 0.0406454, 0.0406454, 0.0406454, 0.0406454, 0.0406454, 0.0406454, 0.0406454, 0.0406454, 0.0406705, 0.0406454, 0.24901, 0.0406454, 0.0406454
18.3011, 0, 0.254955, 0.04139, 1.41421, -0.254955, 0, 0.04139, 0.04139, 0.04139, 0.04139, 0.04139, 0.04139, 0.04139, 0.04139, 0.04139, 0.04139, 0.04139, 0.04139, 0.04139, 0.04139, 0.04139, 0.04139, 0.04139, 0.04139, 0.04139, 0.0414163, 0.04139, 0.254929, 0.04139, 0.04139
18.3089, 0, 0.26017, 0.0412754, 1.41421, -0.26017, 0, 0.0412754, 0.0412754, 0.0412754, 0.0412754, 0.0412754, 0.0412754, 0.0412754, 0.0412754, 0.0412754, 0.0412754, 0.0412754, 0.0412754, 0.0412754, 0.0412754, 0.0412754, 0.0412754, 0.0412754, 0.0412754, 0.0412754, 0.041303, 0.0412754, 0.260142, 0.0412754, 0.0412754
18.3168, 0, 0.264765, 0.0403828, 1.41421, -0.264765, 0, 0.0403828, 0.0403828, 0.0403828, 0.0403828, 0.0403828, 0.0403828, 0.0403828, 0.0403828, 0.0403828, 0.0403828, 0.0403828, 0.0403828, 0.0403828, 0.0403828, 0.0403828, 0.0403828, 0.0403828, 0.0403828, 0.0403828, 0.0404115, 0.0403828, 0.264736, 0.0403828, 0.0403828
18.3247, 0, 0.269151, 0.0391179, 1.41421, -0.269151, 0, 0.0391179, 0.0391179, 0.0391179, 0.0391179, 0.0391179, 0.0391179, 0.0391179, 0.0391179, 0.0391179, 0.0391179, 0.0391179, 0.0391179, 0.0391179, 0.0391179, 0.0391179, 0.0391179, 0.0391179, 0.0391179, 0.0391179, 0.0391478, 0.0391179, 0.269121, 0.0391179, 0.0391179
18.3325, 0, 0.273722, 0.0378731, 1.41421, -0.273722, 0, 0.0378731, 0.0378731, 0.0378731, 0.0378731, 0.0378731, 0.0378731, 0.0378731, 0.0378731, 0.0378731, 0.0378731, 0.0378731, 0.0378731, 0.0378731, 0.0378731, 0.0378731, 0.0378731, 0.0378731, 0.0378731, 0.0378731, 0.0379042, 0.0378731, 0.273691, 0.0378731, 0.0378731
18.3404, 0, 0.281712, 0.0398731, 1.41421, -0.281712, 0, 0.0398731, 0.0398731, 0.0398731, 0.0398731, 0.0398731, 0.0398731, 0.0398731, 0.0398731, 0.0398731, 0.0398731, 0.0398731, 0.0398731, 0.0398731, 0.0398731, 0.0398731, 0.0398731, 0.0398731, 0.0398731, 0.0398731, 0.0399053, 0.0398731, 0.281679, 0.0398731, 0.0398731
18.3482, 0, 0.289056, 0.0410533, 1.41421, -0.289056, 0, 0.0410533, 0.0410533, 0.0410533, 0.0410533, 0.0410533, 0.0410533, 0.0410533, 0.0410533, 0.0410533, 0.0410533, 0.0410533, 0.0410533, 0.0410533, 0.0410533, 0.0410533, 0.0410533, 0.0410533, 0.0410533, 0.0410533, 0.0410865, 0.0410533, 0.289023, 0.0410533, 0.0410533
18.3561, 0, 0.295786, 0.041439, 1.41421, -0.295786, 0, 0.041439, 0.041439, 0.041439, 0.041439, 0.041439, 0.041439, 0.041439, 0.041439, 0.041439, 0.041439, 0.041439, 0.041439, 0.041439, 0.041439, 0.041439, 0.041439, 0.041439, 0.041439, 0.041439, 0.0414732, 0.041439, 0.295752, 0.041439, 0.041439
18.364, 0, 0.302293, 0.0414218, 1.41421, -0.302293, 0, 0.0414218, 0.0414218, 0.0414218, 0.0414218, 0.0414218, 0.0414218, 0.0414218, 0.0414218, 0.0414218, 0.0414218, 0.0414218, 0.0414218, 0.0414218, 0.0414218, 0.0414218, 0.0414218, 0.0414218, 0.0414218, 0.0414218, 0.0414569, 0.0414218, 0.302258, 0.0414218, 0.0414218
18.3718, 0, 0.308991, 0.0414046, 1.41421, -0.308991, 0, 0.0414046, 0.0414046, 0.0414046, 0.0414046, 0.0414046, 0.0414046, 0.0414046, 0.0414046, 0.0414046, 0.0414046, 0.0414046, 0.0414046, 0.0414046, 0.0414046, 0.0414046, 0.0414046, 0.0414046, 0.0414046, 0.0414046, 0.0414406, 0.0414046, 0.308955, 0.0414046, 0.0414046
18.3797, 1, 0.317542, 0.0430557, 1.73205, 0.682458, 0, 0.0430557, 0.0430557, 0.0430557, 0.0430557, 0.0430557, 0.0430557, 0.0430557, 0.0430557, 0.0430557, 0.0430557, 0.0430557, 0.0430557, 0.0430557, 0.0430557, 0.0430557, 0.0430557, 0.0430557, 0.0430557, 0.0430557, 0.0430925, 0.0430557, 0.317505, 0.0430557, 0.0430557
18.3876, 0, 0.32569, 0.044112, 1.41421, -0.32569, 0, 0.044112, 0.044112, 0.044112, 0.044112, 0.044112, 0.044112, 0.044112, 0.044112, 0.044112, 0.044112, 0.044112, 0.044112, 0.044112, 0.044112, 0.044112, 0.044112, 0.044112, 0.044112, 0.044112, 0.0441495, 0.044112, 0.325653, 0.044112, 0.044112
18.3954, 0, 0.333491, 0.0446231, 1.41421, -0.333491, 0, 0.0446231, 0.0446231, 0.0446231, 0.0446231, 0.0446231, 0.0446231, 0.0446231, 0.0446231, 0.0446231, 0.0446231, 0.0446231, 0.0446231, 0.0446231, 0.0446231, 0.0446231, 0.0446231, 0.0446231, 0.0446231, 0.0446231, 0.0446613, 0.0446231, 0.333453, 0.0446231, 0.0446231
18.4033, 0, 0.341206, 0.044858, 1.41421, -0.341206, 0, 0.044858, 0.044858, 0.044858, 0.044858, 0.044858, 0.044858, 0.044858, 0.044858, 0.044858, 0.044858, 0.044858, 0.044858, 0.044858, 0.044858, 0.044858, 0.044858, 0.044858, 0.044858, 0.044858, 0.0448966, 0.044858, 0.341167, 0.044858, 0.044858
18.4112, 2.54462, 0.34912, 0.0450934, 2.13181, 2.1955, 0, 0.0450934, 0.0450934, 0.0450934, 0.0450934, 0.0450934, 0.0450934, 0.0450934, 0.0450934, 0.0450934, 0.0450934, 0.0450934, 0.0450934, 0.0450934, 0.0450934, 0.0450934, 0.0450934, 0.0450934, 0.0450934, 0.0450934, 0.0451325, 0.0450934, 0.34908, 0.0450934, 0.0450934
18.419, 0.455379, 0.358503, 0.046603, 1.56696, 0.0968767, 0, 0.046603, 0.046603, 0.046603, 0.046603, 0.046603, 0.046603, 0.046603, 0.046603, 0.046603, 0.046603, 0.046603, 0.046603, 0.046603, 0.046603, 0.046603, 0.046603, 0.046603, 0.046603, 0.046603, 0.0466424, 0.046603, 0.358463, 0.046603, 0.046603
18.4269, 0, 0.367567, 0.0476016, 1.41421, -0.367567, 0, 0.0476016, 0.0476016, 0.0476016, 0.0476016, 0.0476016, 0.0476016, 0.0476016, 0.0476016, 0.0476016, 0.0476016, 0.0476016, 0.0476016, 0.0476016, 0.0476016, 0.0476016, 0.0476016, 0.0476016, 0.0476016, 0.0476016, 0.0476412, 0.0476016, 0.367527, 0.0476016, 0.0476016
18.4348, 0, 0.376358, 0.0481328, 1.41421, -0.376358, 0, 0.0481328, 0.0481328, 0.0481328, 0.0481328, 0.0481328, 0.0481328, 0.0481328, 0.0481328, 0.0481328, 0.0481328, 0.0481328, 0.0481328, 0.0481328, 0.0481328, 0.0481328, 0.0481328, 0.0481328, 0.0481328, 0.0481328, 0.0481725, 0.0481328, 0.376318, 0.0481328, 0.0481328
18.4426, 2, 0.385102, 0.0484277, 2, 1.6149, 0, 0.0484277, 0.0484277, 0.0484277, 0.0484277, 0.0484277, 0.0484277, 0.0484277, 0.0484277, 0.0484277, 0.0484277, 0.0484277, 0.0484277, 0.0484277, 0.0484277, 0.0484277, 0.0484277, 0.0484277, 0.0484277, 0.0484277, 0.0484673, 0.0484277, 0.385062, 0.0484277, 0.0484277
18.4505, 0, 0.394031, 0.0487234, 1.41421, -0.394031, 0, 0.0487234, 0.0487234, 0.0487234, 0.0487234, 0.0487234, 0.0487234, 0.0487234, 0.0487234, 0.0487234, 0.0487234, 0.0487234, 0.0487234, 0.0487234, 0.0487234, 0.0487234, 0.0487234, 0.0487234, 0.0487234, 0.0487234, 0.0487629, 0.0487234, 0.393991, 0.0487234, 0.0487234
18.4584, 0, 0.404241, 0.0501241, 1.41421, -0.404241, 0, 0.0501241, 0.0501241, 0.0501241, 0.0501241, 0.0501241, 0.0501241, 0.0501241, 0.0501241, 0.0501241, 0.0501241, 0.0501241, 0.0501241, 0.0501241, 0.0501241, 0.0501241, 0.0501241, 0.0501241, 0.0501241, 0.0501241, 0.0501634, 0.0501241, 0.404202, 0.0501241, 0.0501241
18.4662, 0, 0.414208, 0.0511051, 1.41421, -0.414208, 0, 0.0511051, 0.0511051, 0.0511051, 0.0511051, 0.0511051, 0.0511051, 0.0511051, 0.0511051, 0.0511051, 0.0511051, 0.0511051, 0.0511051, 0.0511051, 0.0511051, 0.0511051, 0.0511051, 0.0511051, 0.0511051, 0.0511051, 0.051144, 0.0511051, 0.414169, 0.0511051, 0.0511051
18.4741, 1.52553, 0.423945, 0.0516981, 1.87764, 1.10159, 0, 0.0516981, 0.0516981, 0.0516981, 0.0516981, 0.0516981, 0.0516981, 0.0516981, 0.0516981, 0.0516981, 0.0516981, 0.0516981, 0.0516981, 0.0516981, 0.0516981, 0.0516981, 0.0516981, 0.0516981, 0.0516981, 0.0516981, 0.0517365, 0.0516981, 0.423907, 0.0516981, 0.0516981
18.4819, 1.47447, 0.433638, 0.0520952, 1.86399, 1.04083, 0, 0.0520952, 0.0520952, 0.0520952, 0.0520952, 0.0520952, 0.0520952, 0.0520952, 0.0520952, 0.0520952, 0.0520952, 0.0520952, 0.0520952, 0.0520952, 0.0520952, 0.0520952, 0.0520952, 0.0520952, 0.0520952, 0.0520952, 0.052133, 0.0520952, 0.4336, 0.0520952, 0.0520952
18.4898, 0, 0.443477, 0.0524939, 1.41421, -0.443477, 0, 0.0524939, 0.0524939, 0.0524939, 0.0524939, 0.0524939, 0.0524939, 0.0524939, 0.0524939, 0.0524939, 0.0524939, 0.0524939, 0.0524939, 0.0524939, 0.0524939, 0.0524939, 0.0524939, 0.0524939, 0.0524939, 0.0524939, 0.0525308, 0.0524939, 0.44344, 0.0524939, 0.0524939
18.4977, 0, 0.454241, 0.0536966, 1.41421, -0.454241, 0, 0.0536966, 0.0536966, 0.0536966, 0.0536966, 0.0536966, 0.0536966, 0.0536966, 0.0536966, 0.0536966, 0.0536966, 0.0536966, 0.0536966, 0.0536966, 0.0536966, 0.0536966, 0.0536966, 0.0536966, 0.0536966, 0.0536966, 0.0537327, 0.0536966, 0.454205, 0.0536966, 0.0536966
18.5055, 1, 0.464803, 0.0545842, 1.73205, 0.535197, 0, 0.0545842, 0.0545842, 0.0545842, 0.0545842, 0.0545842, 0.0545842, 0.0545842, 0.0545842, 0.0545842, 0.0545842, 0.0545842, 0.0545842, 0.0545842, 0.0545842, 0.0545842, 0.0545842, 0.0545842, 0.0545842, 0.0545842, 0.0546194, 0.0545842, 0.464768, 0.0545842, 0.0545842
18.5134, 0, 0.475164, 0.055178, 1.41421, -0.475164, 0, 0.055178, 0.055178, 0.055178, 0.055178, 0.055178, 0.055178, 0.055178, 0.055178, 0.055178, 0.055178, 0.055178, 0.055178, 0.055178, 0.055178, 0.055178, 0.055178, 0.055178, 0.055178, 0.055178, 0.0552121, 0.055178, 0.47513, 0.055178, 0.055178
18.5213, 1.5109, 0.485448, 0.0556239, 1.87374, 1.02545, 0, 0.0556239, 0.0556239, 0.0556239, 0.0556239, 0.0556239, 0.0556239, 0.0556239, 0.0556239, 0.0556239, 0.0556239, 0.0556239, 0.0556239, 0.0556239, 0.0556239, 0.0556239, 0.0556239, 0.0556239, 0.0556239, 0.0556239, 0.0556569, 0.0556239, 0.485415, 0.0556239, 0.0556239
18.5291, 0.997526, 0.495789, 0.0560717, 1.73134, 0.501738, 0, 0.0560717, 0.0560717, 0.0560717, 0.0560717, 0.0560717, 0.0560717, 0.0560717, 0.0560717, 0.0560717, 0.0560717, 0.0560717, 0.0560717, 0.0560717, 0.0560717, 0.0560717, 0.0560717, 0.0560717, 0.0560717, 0.0560717, 0.0561035, 0.0560717, 0.495757, 0.0560717, 0.0560717
18.537, 0.491572, 0.506772, 0.0571337, 1.57847, -0.0152, 0, 0.0571337, 0.0571337, 0.0571337, 0.0571337, 0.0571337, 0.0571337, 0.0571337, 0.0571337, 0.0571337, 0.0571337, 0.0571337, 0.0571337, 0.0571337, 0.0571337, 0.0571337, 0.0571337, 0.0571337, 0.0571337, 0.0571337, 0.0571642, 0.0571337, 0.506741, 0.0571337, 0.0571337
18.5449, 1.00744, 0.517553, 0.0579909, 1.7342, 0.489883, 0, 0.0579909, 0.0579909, 0.0579909, 0.0579909, 0.0579909, 0.0579909, 0.0579909, 0.0579909, 0.0579909, 0.0579909, 0.0579909, 0.0579909, 0.0579909, 0.0579909, 0.0579909, 0.0579909, 0.0579909, 0.0579909, 0.0579909, 0.0580201, 0.0579909, 0.517524, 0.0579909, 0.0579909
18.5527, 1.4938, 0.52811, 0.0586486, 1.86917, 0.965692, 0, 0.0586486, 0.0586486, 0.0586486, 0.0586486, 0.0586486, 0.0586486, 0.0586486, 0.0586486, 0.0586486, 0.0586486, 0.0586486, 0.0586486, 0.0586486, 0.0586486, 0.0586486, 0.0586486, 0.0586486, 0.0586486, 0.0586486, 0.0586764, 0.0586486, 0.528082, 0.0586486, 0.0586486
18.5606, 1.99752, 0.538521, 0.0592067, 1.99938, 1.459, 0, 0.0592067, 0.0592067, 0.0592067, 0.0592067, 0.0592067, 0.0592067, 0.0592067, 0.0592067, 0.0592067, 0.0592067, 0.0592067, 0.0592067, 0.0592067, 0.0592067, 0.0592067, 0.0592067, 0.0592067, 0.0592067, 0.0592067, 0.0592331, 0.0592067, 0.538494, 0.0592067, 0.0592067
18.5685, 1.50124, 0.548847, 0.0597674, 1.87116, 0.952393, 0, 0.0597674, 0.0597674, 0.0597674, 0.0597674, 0.0597674, 0.0597674, 0.0597674, 0.0597674, 0.0597674, 0.0597674, 0.0597674, 0.0597674, 0.0597674, 0.0597674, 0.0597674, 0.0597674, 0.0597674, 0.0597674, 0.0597674, 0.0597925, 0.0597674, 0.548822, 0.0597674, 0.0597674
18.5763, 0, 0.559145, 0.0604111, 1.41421, -0.559145, 0, 0.0604111, 0.0604111, 0.0604111, 0.0604111, 0.0604111, 0.0604111, 0.0604111, 0.0604111, 0.0604111, 0.0604111, 0.0604111, 0.0604111, 0.0604111, 0.0604111, 0.0604111, 0.0604111, 0.0604111, 0.0604111, 0.0604111, 0.0604347, 0.0604111, 0.559122, 0.0604111, 0.0604111
18.5842, 1, 0.569187, 0.0609446, 1.73205, 0.430813, 0, 0.0609446, 0.0609446, 0.0609446, 0.0609446, 0.0609446, 0.0609446, 0.0609446, 0.0609446, 0.0609446, 0.0609446, 0.0609446, 0.0609446, 0.0609446, 0.0609446, 0.0609446, 0.0609446, 0.0609446, 0.0609446, 0.0609446, 0.0609668, 0.0609446, 0.569165, 0.0609446, 0.0609446
18.5921, 0, 0.578936, 0.0613665, 1.41421, -0.578936, 0, 0.0613665, 0.0613665, 0.0613665, 0.0613665, 0.0613665, 0.0613665, 0.0613665, 0.0613665, 0.0613665, 0.0613665, 0.0613665, 0.0613665, 0.0613665, 0.0613665, 0.0613665, 0.0613665, 0.0613665, 0.0613665, 0.0613665, 0.0613873, 0.0613665, 0.578915, 0.0613665, 0.0613665
18.5999, 2, 0.588351, 0.0616655, 2, 1.41165, 0, 0.0616655, 0.0616655, 0.0616655, 0.0616655, 0.0616655, 0.0616655, 0.0616655, 0.0616655, 0.0616655, 0.0616655, 0.0616655, 0.0616655, 0.0616655, 0.0616655, 0.0616655, 0.0616655, 0.0616655, 0.0616655, 0.0616655, 0.0616849, 0.0616655, 0.588331, 0.0616655, 0.0616655
18.6078, 0, 0.597416, 0.0618692, 1.41421, -0.597416, 0, 0.0618692, 0.0618692, 0.0618692, 0.0618692, 0.0618692, 0.0618692, 0.0618692, 0.0618692, 0.0618692, 0.0618692, 0.0618692, 0.0618692, 0.0618692, 0.0618692, 0.0618692, 0.0618692, 0.0618692, 0.0618692, 0.0618692, 0.0618873, 0.0618692, 0.597398, 0.0618692, 0.0618692
18.6157, 1.48216, 0.606148, 0.0620253, 1.86605, 0.876013, 0, 0.0620253, 0.0620253, 0.0620253, 0.0620253, 0.0620253, 0.0620253, 0.0620253, 0.0620253, 0.0620253, 0.0620253, 0.0620253, 0.0620253, 0.0620253, 0.0620253, 0.0620253, 0.0620253, 0.0620253, 0.0620253, 0.0620253, 0.0620421, 0.0620253, 0.606131, 0.0620253, 0.0620253
18.6235, 1.51784, 0.614562, 0.0621815, 1.87559, 0.903278, 0, 0.0621815, 0.0621815, 0.0621815, 0.0621815, 0.0621815, 0.0621815, 0.0621815, 0.0621815, 0.0621815, 0.0621815, 0.0621815, 0.0621815, 0.0621815, 0.0621815, 0.0621815, 0.0621815, 0.0621815, 0.0621815, 0.0621815, 0.0621971, 0.0621815, 0.614546, 0.0621815, 0.0621815
18.6314, 0, 0.622571, 0.0622955, 1.41421, -0.622571, 0, 0.0622955, 0.0622955, 0.0622955, 0.0622955, 0.0622955, 0.0622955, 0.0622955, 0.0622955, 0.0622955, 0.0622955, 0.0622955, 0.0622955, 0.0622955, 0.0622955, 0.0622955, 0.0622955, 0.0622955, 0.0622955, 0.0622955, 0.0623099, 0.0622955, 0.622557, 0.0622955, 0.0622955
18.6392, 0, 0.63006, 0.0622812, 1.41421, -0.63006, 0, 0.0622812, 0.0622812, 0.0622812, 0.0622812, 0.0622812, 0.0622812, 0.0622812, 0.0622812, 0.0622812, 0.0622812, 0.0622812, 0.0622812, 0.0622812, 0.0622812, 0.0622812, 0.0622812, 0.0622812, 0.0622812, 0.0622812, 0.0622945, 0.0622812, 0.630047, 0.0622812, 0.0622812
18.6471, 1, 0.637007, 0.0621545, 1.73205, 0.362993, 0, 0.0621545, 0.0621545, 0.0621545, 0.0621545, 0.0621545, 0.0621545, 0.0621545, 0.0621545, 0.0621545, 0.0621545, 0.0621545, 0.0621545, 0.0621545, 0.0621545, 0.0621545, 0.0621545, 0.0621545, 0.0621545, 0.0621545, 0.0621667, 0.0621545, 0.636995, 0.0621545, 0.0621545
18.655, 0.469772, 0.643436, 0.0619717, 1.57155, -0.173664, 0, 0.0619717, 0.0619717, 0.0619717, 0.0619717, 0.0619717, 0.0619717, 0.0619717, 0.0619717, 0.0619717, 0.0619717, 0.0619717, 0.0619717, 0.0619717, 0.0619717, 0.0619717, 0.0619717, 0.0619717, 0.0619717, 0.0619717, 0.0619829, 0.0619717, 0.643425, 0.0619717, 0.0619717
18.6628, 0.530228, 0.649368, 0.0617892, 1.59067, -0.11914, 0, 0.0617892, 0.0617892, 0.0617892, 0.0617892, 0.0617892, 0.0617892, 0.0617892, 0.0617892, 0.0617892, 0.0617892, 0.0617892, 0.0617892, 0.0617892, 0.0617892, 0.0617892, 0.0617892, 0.0617892, 0.0617892, 0.0617892, 0.0617995, 0.0617892, 0.649357, 0.0617892, 0.0617892
18.6707, 0, 0.654975, 0.0618076, 1.41421, -0.654975, 0, 0.0618076, 0.0618076, 0.0618076, 0.0618076, 0.0618076, 0.0618076, 0.0618076, 0.0618076, 0.0618076, 0.0618076, 0.0618076, 0.0618076, 0.0618076, 0.0618076, 0.0618076, 0.0618076, 0.0618076, 0.0618076, 0.0618076, 0.0618171, 0.0618076, 0.654966, 0.0618076, 0.0618076
18.6786, 0, 0.659933, 0.061732, 1.41421, -0.659933, 0, 0.061732, 0.061732, 0.061732, 0.061732, 0.061732, 0.061732, 0.061732, 0.061732, 0.061732, 0.061732, 0.061732, 0.061732, 0.061732, 0.061732, 0.061732, 0.061732, 0.061732, 0.061732, 0.061732, 0.0617407, 0.061732, 0.659924, 0.061732, 0.061732
18.6864, 1, 0.664216, 0.0615657, 1.73205, 0.335784, 0, 0.0615657, 0.0615657, 0.0615657, 0.0615657, 0.0615657, 0.0615657, 0.0615657, 0.0615657, 0.0615657, 0.0615657, 0.0615657, 0.0615657, 0.0615657, 0.0615657, 0.0615657, 0.0615657, 0.0615657, 0.0615657, 0.0615657, 0.0615736, 0.0615657, 0.664208, 0.0615657, 0.0615657
18.6943, 0, 0.667784, 0.0612903, 1.41421, -0.667784, 0, 0.0612903, 0.0612903, 0.0612903, 0.0612903, 0.0612903, 0.0612903, 0.0612903, 0.0612903, 0.0612903, 0.0612903, 0.0612903, 0.0612903, 0.0612903, 0.0612903, 0.0612903, 0.0612903, 0.0612903, 0.0612903, 0.0612903, 0.0612976, 0.0612903, 0.667777, 0.0612903, 0.0612903
18.7022, 1.4554, 0.670636, 0.060929, 1.85887, 0.784765, 0, 0.060929, 0.060929, 0.060929, 0.060929, 0.060929, 0.060929, 0.060929, 0.060929, 0.060929, 0.060929, 0.060929, 0.060929, 0.060929, 0.060929, 0.060929, 0.060929, 0.060929, 0.060929, 0.060929, 0.0609357, 0.060929, 0.670629, 0.060929, 0.060929
18.71, 0.544599, 0.672783, 0.0605098, 1.59518, -0.128185, 0, 0.0605098, 0.0605098, 0.0605098, 0.0605098, 0.0605098, 0.0605098, 0.0605098, 0.0605098, 0.0605098, 0.0605098, 0.0605098, 0.0605098, 0.0605098, 0.0605098, 0.0605098, 0.0605098, 0.0605098, 0.0605098, 0.0605098, 0.060516, 0.0605098, 0.672777, 0.0605098, 0.0605098
18.7179, 0.450942, 0.674173, 0.0599969, 1.56555, -0.223232, 0, 0.0599969, 0.0599969, 0.0599969, 0.0599969, 0.0599969, 0.0599969, 0.0599969, 0.0599969, 0.0599969, 0.0599969, 0.0599969, 0.0599969, 0.0599969, 0.0599969, 0.0599969, 0.0599969, 0.0599969, 0.0599969, 0.0599969, 0.0600026, 0.0599969, 0.674168, 0.0599969, 0.0599969
18.7258, 0.549058, 0.674811, 0.059406, 1.59658, -0.125752, 0, 0.059406, 0.059406, 0.059406, 0.059406, 0.059406, 0.059406, 0.059406, 0.059406, 0.059406, 0.059406, 0.059406, 0.059406, 0.059406, 0.059406, 0.059406, 0.059406, 0.059406, 0.059406, 0.059406, 0.0594113, 0.059406, 0.674805, 0.059406, 0.059406
18.7336, 0, 0.674674, 0.0587245, 1.41421, -0.674674, 0, 0.0587245, 0.0587245, 0.0587245, 0.0587245, 0.0587245, 0.0587245, 0.0587245, 0.0587245, 0.0587245, 0.0587245, 0.0587245, 0.0587245, 0.0587245, 0.0587245, 0.0587245, 0.0587245, 0.0587245, 0.0587245, 0.0587245, 0.0587295, 0.0587245, 0.674669, 0.0587245, 0.0587245
18.7415, 1.44351, 0.67378, 0.0579737, 1.85567, 0.769728, 0, 0.0579737, 0.0579737, 0.0579737, 0.0579737, 0.0579737, 0.0579737, 0.0579737, 0.0579737, 0.0579737, 0.0579737, 0.0579737, 0.0579737, 0.0579737, 0.0579737, 0.0579737, 0.0579737, 0.0579737, 0.0579737, 0.0579737, 0.0579783, 0.0579737, 0.673776, 0.0579737, 0.0579737
18.7494, 0.556492, 0.672167, 0.0571914, 1.5989, -0.115675, 0, 0.0571914, 0.0571914, 0.0571914, 0.0571914, 0.0571914, 0.0571914, 0.0571914, 0.0571914, 0.0571914, 0.0571914, 0.0571914, 0.0571914, 0.0571914, 0.0571914, 0.0571914, 0.0571914, 0.0571914, 0.0571914, 0.0571914, 0.0571958, 0.0571914, 0.672163, 0.0571914, 0.0571914
18.7572, 1.43855, 0.669874, 0.0564144, 1.85433, 0.768679, 0, 0.0564144, 0.0564144, 0.0564144, 0.0564144, 0.0564144, 0.0564144, 0.0564144, 0.0564144, 0.0564144, 0.0564144, 0.0564144, 0.0564144, 0.0564144, 0.0564144, 0.0564144, 0.0564144, 0.0564144, 0.0564144, 0.0564144, 0.0564185, 0.0564144, 0.66987, 0.0564144, 0.0564144
18.7651, 0.561447, 0.666922, 0.0556564, 1.60045, -0.105475, 0, 0.0556564, 0.0556564, 0.0556564, 0.0556564, 0.0556564, 0.0556564, 0.0556564, 0.0556564, 0.0556564, 0.0556564, 0.0556564, 0.0556564, 0.0556564, 0.0556564, 0.0556564, 0.0556564, 0.0556564, 0.0556564, 0.0556564, 0.0556603, 0.0556564, 0.666918, 0.0556564, 0.0556564
18.7729, 0, 0.663211, 0.0548074, 1.41421, -0.663211, 0, 0.0548074, 0.0548074, 0.0548074, 0.0548074, 0.0548074, 0.0548074, 0.0548074, 0.0548074, 0.0548074, 0.0548074, 0.0548074, 0.0548074, 0.0548074, 0.0548074, 0.0548074, 0.0548074, 0.0548074, 0.0548074, 0.0548074, 0.0548111, 0.0548074, 0.663207, 0.0548074, 0.0548074
18.7808, 0, 0.658769, 0.0538789, 1.41421, -0.658769, 0, 0.0538789, 0.0538789, 0.0538789, 0.0538789, 0.0538789, 0.0538789, 0.0538789, 0.0538789, 0.0538789, 0.0538789, 0.0538789, 0.0538789, 0.0538789, 0.0538789, 0.0538789, 0.0538789, 0.0538789, 0.0538789, 0.0538789, 0.0538824, 0.0538789, 0.658766, 0.0538789, 0.0538789
18.7887, 0, 0.653658, 0.0529157, 1.41421, -0.653658, 0, 0.0529157, 0.0529157, 0.0529157, 0.0529157, 0.0529157, 0.0529157, 0.0529157, 0.0529157, 0.0529157, 0.0529157, 0.0529157, 0.0529157, 0.0529157, 0.0529157, 0.0529157, 0.0529157, 0.0529157, 0.0529157, 0.0529157, 0.0529191, 0.0529157, 0.653654, 0.0529157, 0.0529157
18.7965, 0, 0.647945, 0.0519612, 1.41421, -0.647945, 0, 0.0519612, 0.0519612, 0.0519612, 0.0519612, 0.0519612, 0.0519612, 0.0519612, 0.0519612, 0.0519612, 0.0519612, 0.0519612, 0.0519612, 0.0519612, 0.0519612, 0.0519612, 0.0519612, 0.0519612, 0.0519612, 0.0519612, 0.0519645, 0.0519612, 0.647942, 0.0519612, 0.0519612
18.8044, 0, 0.641919, 0.0512816, 1.41421, -0.641919, 0, 0.0512816, 0.0512816, 0.0512816, 0.0512816, 0.0512816, 0.0512816, 0.0512816, 0.0512816, 0.0512816, 0.0512816, 0.0512816, 0.0512816, 0.0512816, 0.0512816, 0.0512816, 0.0512816, 0.0512816, 0.0512816, 0.0512816, 0.0512848, 0.0512816, 0.641916, 0.0512816, 0.0512816
18.8123, 0.421914, 0.635214, 0.0504817, 1.55625, -0.2133, 0, 0.0504817, 0.0504817, 0.0504817, 0.0504817, 0.0504817, 0.0504817, 0.0504817, 0.0504817, 0.0504817, 0.0504817, 0.0504817, 0.0504817, 0.0504817, 0.0504817, 0.0504817, 0.0504817, 0.0504817, 0.0504817, 0.0504817, 0.0504849, 0.0504817, 0.635211, 0.0504817, 0.0504817
18.8201, 1.99756, 0.627879, 0.0495791, 1.99939, 1.36968, 0, 0.0495791, 0.0495791, 0.0495791, 0.0495791, 0.0495791, 0.0495791, 0.0495791, 0.0495791, 0.0495791, 0.0495791, 0.0495791, 0.0495791, 0.0495791, 0.0495791, 0.0495791, 0.0495791, 0.0495791, 0.0495791, 0.0495791, 0.0495821, 0.0495791, 0.627876, 0.0495791, 0.0495791
18.828, 0.580525, 0.620001, 0.0486305, 1.6064, -0.0394754, 0, 0.0486305, 0.0486305, 0.0486305, 0.0486305, 0.0486305, 0.0486305, 0.0486305, 0.0486305, 0.0486305, 0.0486305, 0.0486305, 0.0486305, 0.0486305, 0.0486305, 0.0486305, 0.0486305, 0.0486305, 0.0486305, 0.0486305, 0.0486335, 0.0486305, 0.619998, 0.0486305, 0.0486305
18.8359, 0, 0.611674, 0.0476911, 1.41421, -0.611674, 0, 0.0476911, 0.0476911, 0.0476911, 0.0476911, 0.0476911, 0.0476911, 0.0476911, 0.0476911, 0.0476911, 0.0476911, 0.0476911, 0.0476911, 0.0476911, 0.0476911, 0.0476911, 0.0476911, 0.0476911, 0.0476911, 0.0476911, 0.0476941, 0.0476911, 0.611671, 0.0476911, 0.0476911
18.8437, 1.41204, 0.603125, 0.0469533, 1.84717, 0.808917, 0, 0.0469533, 0.0469533, 0.0469533, 0.0469533, 0.0469533, 0.0469533, 0.0469533, 0.0469533, 0.0469533, 0.0469533, 0.0469533, 0.0469533, 0.0469533, 0.0469533, 0.0469533, 0.0469533, 0.0469533, 0.0469533, 0.0469533, 0.0469562, 0.0469533, 0.603122, 0.0469533, 0.0469533
18.8516, 1.58796, 0.594064, 0.0460902, 1.89419, 0.993895, 0, 0.0460902, 0.0460902, 0.0460902, 0.0460902, 0.0460902, 0.0460902, 0.0460902, 0.0460902, 0.0460902, 0.0460902, 0.0460902, 0.0460902, 0.0460902, 0.0460902, 0.0460902, 0.0460902, 0.0460902, 0.0460902, 0.0460902, 0.0460931, 0.0460902, 0.594061, 0.0460902, 0.0460902
18.8595, 0, 0.584553, 0.0451215, 1.41421, -0.584553, 0, 0.0451215, 0.0451215, 0.0451215, 0.0451215, 0.0451215, 0.0451215, 0.0451215, 0.0451215, 0.0451215, 0.0451215, 0.0451215, 0.0451215, 0.0451215, 0.0451215, 0.0451215, 0.0451215, 0.0451215, 0.0451215, 0.0451215, 0.0451244, 0.0451215, 0.58455, 0.0451215, 0.0451215
18.8673, 0, 0.574685, 0.044107, 1.41421, -0.574685, 0, 0.044107, 0.044107, 0.044107, 0.044107, 0.044107, 0.044107, 0.044107, 0.044107, 0.044107, 0.044107, 0.044107, 0.044107, 0.044107, 0.044107, 0.044107, 0.044107, 0.044107, 0.044107, 0.044107, 0.0441099, 0.044107, 0.574682, 0.044107, 0.044107
18.8752, 0.402379, 0.56456, 0.0431041, 1.54996, -0.162182, 0, 0.0431041, 0.0431041, 0.0431041, 0.0431041, 0.0431041, 0.0431041, 0.0431041, 0.0431041, 0.0431041, 0.0431041, 0.0431041, 0.0431041, 0.0431041, 0.0431041, 0.0431041, 0.0431041, 0.0431041, 0.0431041, 0.0431041, 0.043107, 0.0431041, 0.564557, 0.0431041, 0.0431041
18.8831, 0.597621, 0.554539, 0.0424336, 1.61171, 0.0430827, 0, 0.0424336, 0.0424336, 0.0424336, 0.0424336, 0.0424336, 0.0424336, 0.0424336, 0.0424336, 0.0424336, 0.0424336, 0.0424336, 0.0424336, 0.0424336, 0.0424336, 0.0424336, 0.0424336, 0.0424336, 0.0424336, 0.0424336, 0.0424365, 0.0424336, 0.554536, 0.0424336, 0.0424336
18.8909, 1, 0.544186, 0.0416221, 1.73205, 0.455814, 0, 0.0416221, 0.0416221, 0.0416221, 0.0416221, 0.0416221, 0.0416221, 0.0416221, 0.0416221, 0.0416221, 0.0416221, 0.0416221, 0.0416221, 0.0416221, 0.0416221, 0.0416221, 0.0416221, 0.0416221, 0.0416221, 0.0416221, 0.0416249, 0.0416221, 0.544183, 0.0416221, 0.0416221
18.8988, 0, 0.533559, 0.0406943, 1.41421, -0.533559, 0, 0.0406943, 0.0406943, 0.0406943, 0.0406943, 0.0406943, 0.0406943, 0.0406943, 0.0406943, 0.0406943, 0.0406943, 0.0406943, 0.0406943, 0.0406943, 0.0406943, 0.0406943, 0.0406943, 0.0406943, 0.0406943, 0.0406943, 0.0406971, 0.0406943, 0.533556, 0.0406943, 0.0406943
18.9066, 0, 0.522766, 0.0397156, 1.41421, -0.522766, 0, 0.0397156, 0.0397156, 0.0397156, 0.0397156, 0.0397156, 0.0397156, 0.0397156, 0.0397156, 0.0397156, 0.0397156, 0.0397156, 0.0397156, 0.0397156, 0.0397156, 0.0397156, 0.0397156, 0.0397156, 0.0397156, 0.0397156, 0.0397185, 0.0397156, 0.522763, 0.0397156, 0.0397156
18.9145, 0, 0.511902, 0.0387489, 1.41421, -0.511902, 0, 0.0387489, 0.0387489, 0.0387489, 0.0387489, 0.0387489, 0.0387489, 0.0387489, 0.0387489, 0.0387489, 0.0387489, 0.0387489, 0.0387489, 0.0387489, 0.0387489, 0.0387489, 0.0387489, 0.0387489, 0.0387489, 0.0387489, 0.0387518, 0.0387489, 0.511899, 0.0387489, 0.0387489
18.9224, 0.388008, 0.501231, 0.0380318, 1.54532, -0.113223, 0, 0.0380318, 0.0380318, 0.0380318, 0.0380318, 0.0380318, 0.0380318, 0.0380318, 0.0380318, 0.0380318, 0.0380318, 0.0380318, 0.0380318, 0.0380318, 0.0380318, 0.0380318, 0.0380318, 0.0380318, 0.0380318, 0.0380318, 0.0380346, 0.0380318, 0.501228, 0.0380318, 0.0380318
18.9302, 2.61199, 0.490409, 0.037178, 2.14755, 2.12158, 0, 0.037178, 0.037178, 0.037178, 0.037178, 0.037178, 0.037178, 0.037178, 0.037178, 0.037178, 0.037178, 0.037178, 0.037178, 0.037178, 0.037178, 0.037178, 0.037178, 0.037178, 0.037178, 0.037178, 0.0371808, 0.037178, 0.490406, 0.037178, 0.037178
18.9381, 2, 0.479481, 0.0362126, 2, 1.52052, 0, 0.0362126, 0.0362126, 0.0362126, 0.0362126, 0.0362126, 0.0362126, 0.0362126, 0.0362126, 0.0362126, 0.0362126, 0.0362126, 0.0362126, 0.0362126, 0.0362126, 0.0362126, 0.0362126, 0.0362126, 0.0362126, 0.0362126, 0.0362155, 0.0362126, 0.479478, 0.0362126, 0.0362126
18.946, 0, 0.468541, 0.0352003, 1.41421, -0.468541, 0, 0.0352003, 0.0352003, 0.0352003, 0.0352003, 0.0352003, 0.0352003, 0.0352003, 0.0352003, 0.0352003, 0.0352003, 0.0352003, 0.0352003, 0.0352003, 0.0352003, 0.0352003, 0.0352003, 0.0352003, 0.0352003, 0.0352003, 0.0352031, 0.0352003, 0.468538, 0.0352003, 0.0352003
18.9538, 1, 0.457678, 0.0342022, 1.73205, 0.542322, 0, 0.0342022, 0.0342022, 0.0342022, 0.0342022, 0.0342022, 0.0342022, 0.0342022, 0.0342022, 0.0342022, 0.0342022, 0.0342022, 0.0342022, 0.0342022, 0.0342022, 0.0342022, 0.0342022, 0.0342022, 0.0342022, 0.0342022, 0.0342051, 0.0342022, 0.457675, 0.0342022, 0.0342022
18.9617, 1, 0.447231, 0.033541, 1.73205, 0.552769, 0, 0.033541, 0.033541, 0.033541, 0.033541, 0.033541, 0.033541, 0.033541, 0.033541, 0.033541, 0.033541, 0.033541, 0.033541, 0.033541, 0.033541, 0.033541, 0.033541, 0.033541, 0.033541, 0.033541, 0.0335438, 0.033541, 0.447228, 0.033541, 0.033541
18.9696, 1, 0.436751, 0.0327435, 1.73205, 0.563249, 0, 0.0327435, 0.0327435, 0.0327435, 0.0327435, 0.0327435, 0.0327435, 0.0327435, 0.0327435, 0.0327435, 0.0327435, 0.0327435, 0.0327435, 0.0327435, 0.0327435, 0.0327435, 0.0327435, 0.0327435, 0.0327435, 0.0327435, 0.0327463, 0.0327435, 0.436748, 0.0327435, 0.0327435
18.9774, 0, 0.426279, 0.0318349, 1.41421, -0.426279, 0, 0.0318349, 0.0318349, 0.0318349, 0.0318349, 0.0318349, 0.0318349, 0.0318349, 0.0318349, 0.0318349, 0.0318349, 0.0318349, 0.0318349, 0.0318349, 0.0318349, 0.0318349, 0.0318349, 0.0318349, 0.0318349, 0.0318349, 0.0318378, 0.0318349, 0.426276, 0.0318349, 0.0318349
18.9853, 0, 0.415899, 0.0308798, 1.41421, -0.415899, 0, 0.0308798, 0.0308798, 0.0308798, 0.0308798, 0.0308798, 0.0308798, 0.0308798, 0.0308798, 0.0308798, 0.0308798, 0.0308798, 0.0308798, 0.0308798, 0.0308798, 0.0308798, 0.0308798, 0.0308798, 0.0308798, 0.0308798, 0.0308827, 0.0308798, 0.415896, 0.0308798, 0.0308798
18.9932, 0, 0.405678, 0.0299392, 1.41421, -0.405678, 0, 0.0299392, 0.0299392, 0.0299392, 0.0299392, 0.0299392, 0.0299392, 0.0299392, 0.0299392, 0.0299392, 0.0299392, 0.0299392, 0.0299392, 0.0299392, 0.0299392, 0.0299392, 0.0299392, 0.0299392, 0.0299392, 0.0299392, 0.0299421, 0.0299392, 0.405675, 0.0299392, 0.0299392
19.001, 0, 0.39587, 0.0292466, 1.41421, -0.39587, 0, 0.0292466, 0.0292466, 0.0292466, 0.0292466, 0.0292466, 0.0292466, 0.0292466, 0.0292466, 0.0292466, 0.0292466, 0.0292466, 0.0292466, 0.0292466, 0.0292466, 0.0292466, 0.0292466, 0.0292466, 0.0292466, 0.0292466, 0.0292494, 0.0292466, 0.395867, 0.0292466, 0.0292466
19.0089, 0.361497, 0.38611, 0.0284317, 1.53672, -0.024613, 0, 0.0284317, 0.0284317, 0.0284317, 0.0284317, 0.0284317, 0.0284317, 0.0284317, 0.0284317, 0.0284317, 0.0284317, 0.0284317, 0.0284317, 0.0284317, 0.0284317, 0.0284317, 0.0284317, 0.0284317, 0.0284317, 0.0284317, 0.0284346, 0.0284317, 0.386107, 0.0284317, 0.0284317
19.0168, 0.638503, 0.376424, 0.0275182, 1.62435, 0.262079, 0, 0.0275182, 0.0275182, 0.0275182, 0.0275182, 0.0275182, 0.0275182, 0.0275182, 0.0275182, 0.0275182, 0.0275182, 0.0275182, 0.0275182, 0.0275182, 0.0275182, 0.0275182, 0.0275182, 0.0275182, 0.0275182, 0.0275182, 0.0275211, 0.0275182, 0.376421, 0.0275182, 0.0275182
19.0246, 0.356789, 0.366888, 0.0265655, 1.53518, -0.0100996, 0, 0.0265655, 0.0265655, 0.0265655, 0.0265655, 0.0265655, 0.0265655, 0.0265655, 0.0265655, 0.0265655, 0.0265655, 0.0265655, 0.0265655, 0.0265655, 0.0265655, 0.0265655, 0.0265655, 0.0265655, 0.0265655, 0.0265655, 0.0265684, 0.0265655, 0.366886, 0.0265655, 0.0265655
19.0325, 0.643211, 0.357556, 0.0256295, 1.6258, 0.285655, 0, 0.0256295, 0.0256295, 0.0256295, 0.0256295, 0.0256295, 0.0256295, 0.0256295, 0.0256295, 0.0256295, 0.0256295, 0.0256295, 0.0256295, 0.0256295, 0.0256295, 0.0256295, 0.0256295, 0.0256295, 0.0256295, 0.0256295, 0.0256324, 0.0256295, 0.357553, 0.0256295, 0.0256295
19.0403, 1, 0.348716, 0.0249939, 1.73205, 0.651284, 0, 0.0249939, 0.0249939, 0.0249939, 0.0249939, 0.0249939, 0.0249939, 0.0249939, 0.0249939, 0.0249939, 0.0249939, 0.0249939, 0.0249939, 0.0249939, 0.0249939, 0.0249939, 0.0249939, 0.0249939, 0.0249939, 0.0249939, 0.0249968, 0.0249939, 0.348714, 0.0249939, 0.0249939
19.0482, 1, 0.339958, 0.0242427, 1.73205, 0.660042, 0, 0.0242427, 0.0242427, 0.0242427, 0.0242427, 0.0242427, 0.0242427, 0.0242427, 0.0242427, 0.0242427, 0.0242427, 0.0242427, 0.0242427, 0.0242427, 0.0242427, 0.0242427, 0.0242427, 0.0242427, 0.0242427, 0.0242427, 0.0242456, 0.0242427, 0.339955, 0.0242427, 0.0242427
19.0561, 0, 0.331299, 0.0233985, 1.41421, -0.331299, 0, 0.0233985, 0.0233985, 0.0233985, 0.0233985, 0.0233985, 0.0233985, 0.0233985, 0.0233985, 0.0233985, 0.0233985, 0.0233985, 0.0233985, 0.0233985, 0.0233985, 0.0233985, 0.0233985, 0.0233985, 0.0233985, 0.0233985, 0.0234014, 0.0233985, 0.331297, 0.0233985, 0.0233985
19.0639, 0.688801, 0.3228, 0.0225181, 1.63976, 0.366001, 0, 0.0225181, 0.0225181, 0.0225181, 0.0225181, 0.0225181, 0.0225181, 0.0225181, 0.0225181, 0.0225181, 0.0225181, 0.0225181, 0.0225181, 0.0225181, 0.0225181, 0.0225181, 0.0225181, 0.0225181, 0.0225181, 0.0225181, 0.022521, 0.0225181, 0.322797, 0.0225181, 0.0225181
19.0718, 1.3112, 0.314512, 0.0216546, 1.81967, 0.996687, 0, 0.0216546, 0.0216546, 0.0216546, 0.0216546, 0.0216546, 0.0216546, 0.0216546, 0.0216546, 0.0216546, 0.0216546, 0.0216546, 0.0216546, 0.0216546, 0.0216546, 0.0216546, 0.0216546, 0.0216546, 0.0216546, 0.0216546, 0.0216575, 0.0216546, 0.31451, 0.0216546, 0.0216546
19.0797, 0, 0.306642, 0.0210152, 1.41421, -0.306642, 0, 0.0210152, 0.0210152, 0.0210152, 0.0210152, 0.0210152, 0.0210152, 0.0210152, 0.0210152, 0.0210152, 0.0210152, 0.0210152, 0.0210152, 0.0210152, 0.0210152, 0.0210152, 0.0210152, 0.0210152, 0.0210152, 0.0210152, 0.0210181, 0.0210152, 0.306639, 0.0210152, 0.0210152
19.0875, 0, 0.298863, 0.0202757, 1.41421, -0.298863, 0, 0.0202757, 0.0202757, 0.0202757, 0.0202757, 0.0202757, 0.0202757, 0.0202757, 0.0202757, 0.0202757, 0.0202757, 0.0202757, 0.0202757, 0.0202757, 0.0202757, 0.0202757, 0.0202757, 0.0202757, 0.0202757, 0.0202757, 0.0202786, 0.0202757, 0.29886, 0.0202757, 0.0202757
19.0954, 0, 0.291194, 0.0194569, 1.41421, -0.291194, 0, 0.0194569, 0.0194569, 0.0194569, 0.0194569, 0.0194569, 0.0194569, 0.0194569, 0.0194569, 0.0194569, 0.0194569, 0.0194569, 0.0194569, 0.0194569, 0.0194569, 0.0194569, 0.0194569, 0.0194569, 0.0194569, 0.0194569, 0.0194598, 0.0194569, 0.291191, 0.0194569, 0.0194569
19.1033, 1, 0.28368, 0.0186099, 1.73205, 0.71632, 0, 0.0186099, 0.0186099, 0.0186099, 0.0186099, 0.0186099, 0.0186099, 0.0186099, 0.0186099, 0.0186099, 0.0186099, 0.0186099, 0.0186099, 0.0186099, 0.0186099, 0.0186099, 0.0186099, 0.0186099, 0.0186099, 0.0186099, 0.0186128, 0.0186099, 0.283677, 0.0186099, 0.0186099
19.1111, 0, 0.276367, 0.0177816, 1.41421, -0.276367, 0, 0.0177816, 0.0177816, 0.0177816, 0.0177816, 0.0177816, 0.0177816, 0.0177816, 0.0177816, 0.0177816, 0.0177816, 0.0177816, 0.0177816, 0.0177816, 0.0177816, 0.0177816, 0.0177816, 0.0177816, 0.0177816, 0.0177816, 0.0177846, 0.0177816, 0.276364, 0.0177816, 0.0177816
19.119, 0.327714, 0.269484, 0.0172044, 1.52568, 0.0582309, 0, 0.0172044, 0.0172044, 0.0172044, 0.0172044, 0.0172044, 0.0172044, 0.0172044, 0.0172044, 0.0172044, 0.0172044, 0.0172044, 0.0172044, 0.0172044, 0.0172044, 0.0172044, 0.0172044, 0.0172044, 0.0172044, 0.0172044, 0.0172073, 0.0172044, 0.269481, 0.0172044, 0.0172044
19.1269, 0.672286, 0.262681, 0.0165366, 1.63471, 0.409605, 0, 0.0165366, 0.0165366, 0.0165366, 0.0165366, 0.0165366, 0.0165366, 0.0165366, 0.0165366, 0.0165366, 0.0165366, 0.0165366, 0.0165366, 0.0165366, 0.0165366, 0.0165366, 0.0165366, 0.0165366, 0.0165366, 0.0165366, 0.0165395, 0.0165366, 0.262678, 0.0165366, 0.0165366
19.1347, 0, 0.25598, 0.0157976, 1.41421, -0.25598, 0, 0.0157976, 0.0157976, 0.0157976, 0.0157976, 0.0157976, 0.0157976, 0.0157976, 0.0157976, 0.0157976, 0.0157976, 0.0157976, 0.0157976, 0.0157976, 0.0157976, 0.0157976, 0.0157976, 0.0157976, 0.0157976, 0.0157976, 0.0158005, 0.0157976, 0.255977, 0.0157976, 0.0157976
19.1426, 0.320614, 0.249419, 0.0150343, 1.52336, 0.0711958, 0, 0.0150343, 0.0150343, 0.0150343, 0.0150343, 0.0150343, 0.0150343, 0.0150343, 0.0150343, 0.0150343, 0.0150343, 0.0150343, 0.0150343, 0.0150343, 0.0150343, 0.0150343, 0.0150343, 0.0150343, 0.0150343, 0.0150343, 0.0150372, 0.0150343, 0.249416, 0.0150343, 0.0150343
19.1505, 0.679386, 0.243037, 0.0142899, 1.63688, 0.436348, 0, 0.0142899, 0.0142899, 0.0142899, 0.0142899, 0.0142899, 0.0142899, 0.0142899, 0.0142899, 0.0142899, 0.0142899, 0.0142899, 0.0142899, 0.0142899, 0.0142899, 0.0142899, 0.0142899, 0.0142899, 0.0142899, 0.0142899, 0.0142929, 0.0142899, 0.243034, 0.0142899, 0.0142899
19.1583, 0, 0.237005, 0.0137362, 1.41421, -0.237005, 0, 0.0137362, 0.0137362, 0.0137362, 0.0137362, 0.0137362, 0.0137362, 0.0137362, 0.0137362, 0.0137362, 0.0137362, 0.0137362, 0.0137362, 0.0137362, 0.0137362, 0.0137362, 0.0137362, 0.0137362, 0.0137362, 0.0137362, 0.0137391, 0.0137362, 0.237002, 0.0137362, 0.0137362
19.1662, 0.313181, 0.231048, 0.0131074, 1.52091, 0.082133, 0, 0.0131074, 0.0131074, 0.0131074, 0.0131074, 0.0131074, 0.0131074, 0.0131074, 0.0131074, 0.0131074, 0.0131074, 0.0131074, 0.0131074, 0.0131074, 0.0131074, 0.0131074, 0.0131074, 0.0131074, 0.0131074, 0.0131074, 0.0131104, 0.0131074, 0.231045, 0.0131074, 0.0131074
19.1741, 0.686819, 0.225183, 0.0124214, 1.63915, 0.461636, 0, 0.0124214, 0.0124214, 0.0124214, 0.0124214, 0.0124214, 0.0124214, 0.0124214, 0.0124214, 0.0124214, 0.0124214, 0.0124214, 0.0124214, 0.0124214, 0.0124214, 0.0124214, 0.0124214, 0.0124214, 0.0124214, 0.0124214, 0.0124244, 0.0124214, 0.22518, 0.0124214, 0.0124214
19.1819, 0, 0.219445, 0.011719, 1.41421, -0.219445, 0, 0.011719, 0.011719, 0.011719, 0.011719, 0.011719, 0.011719, 0.011719, 0.011719, 0.011719, 0.011719, 0.011719, 0.011719, 0.011719, 0.011719, 0.011719, 0.011719, 0.011719, 0.011719, 0.011719, 0.0117219, 0.011719, 0.219442, 0.011719, 0.011719
19.1898, 0.3059, 0.213868, 0.011037, 1.51852, 0.0920323, 0, 0.011037, 0.011037, 0.011037, 0.011037, 0.011037, 0.011037, 0.011037, 0.011037, 0.011037, 0.011037, 0.011037, 0.011037, 0.011037, 0.011037, 0.011037, 0.011037, 0.011037, 0.011037, 0.011037, 0.0110399, 0.011037, 0.213865, 0.011037, 0.011037
19.1976, 2.6941, 0.20862, 0.0105504, 2.16659, 2.48548, 0, 0.0105504, 0.0105504, 0.0105504, 0.0105504, 0.0105504, 0.0105504, 0.0105504, 0.0105504, 0.0105504, 0.0105504, 0.0105504, 0.0105504, 0.0105504, 0.0105504, 0.0105504, 0.0105504, 0.0105504, 0.0105504, 0.0105504, 0.0105534, 0.0105504, 0.208617, 0.0105504, 0.0105504
19.2055, 0.300942, 0.20344, 0.0100004, 1.51689, 0.0975022, 0, 0.0100004, 0.0100004, 0.0100004, 0.0100004, 0.0100004, 0.0100004, 0.0100004, 0.0100004, 0.0100004, 0.0100004, 0.0100004, 0.0100004, 0.0100004, 0.0100004, 0.0100004, 0.0100004, 0.0100004, 0.0100004, 0.0100004, 0.0100033, 0.0100004, 0.203437, 0.0100004, 0.0100004
19.2134, 0.699058, 0.19834, 0.00940247, 1.64288, 0.500718, 0, 0.00940247, 0.00940247, 0.00940247, 0.00940247, 0.00940247, 0.00940247, 0.00940247, 0.00940247, 0.00940247, 0.00940247, 0.00940247, 0.00940247, 0.00940247, 0.00940247, 0.00940247, 0.00940247, 0.00940247, 0.00940247, 0.00940247, 0.00940543, 0.00940247, 0.198337, 0.00940247, 0.00940247
19.2212, 2, 0.193349, 0.00879278, 2, 1.80665, 0, 0.00879278, 0.00879278, 0.00879278, 0.00879278, 0.00879278, 0.00879278, 0.00879278, 0.00879278, 0.00879278, 0.00879278, 0.00879278, 0.00879278, 0.00879278, 0.00879278, 0.00879278, 0.00879278, 0.00879278, 0.00879278, 0.00879278, 0.00879573, 0.00879278, 0.193346, 0.00879278, 0.00879278
19.2291, 0, 0.188499, 0.00820352, 1.41421, -0.188499, 0, 0.00820352, 0.00820352, 0.00820352, 0.00820352, 0.00820352, 0.00820352, 0.00820352, 0.00820352, 0.00820352, 0.00820352, 0.00820352, 0.00820352, 0.00820352, 0.00820352, 0.00820352, 0.00820352, 0.00820352, 0.00820352, 0.00820352, 0.00820648, 0.00820352, 0.188496, 0.00820352, 0.00820352
19.237, 0, 0.183914, 0.00776421, 1.41421, -0.183914, 0, 0.00776421, 0.00776421, 0.00776421, 0.00776421, 0.00776421, 0.00776421, 0.00776421, 0.00776421, 0.00776421, 0.00776421, 0.00776421, 0.00776421, 0.00776421, 0.00776421, 0.00776421, 0.00776421, 0.00776421, 0.00776421, 0.00776421, 0.00776717, 0.00776421, 0.183911, 0.00776421, 0.00776421
19.2448, 1, 0.179391, 0.00727613, 1.73205, 0.820609, 0, 0.00727613, 0.00727613, 0.00727613, 0.00727613, 0.00727613, 0.00727613, 0.00727613, 0.00727613, 0.00727613, 0.00727613, 0.00727613, 0.00727613, 0.00727613, 0.00727613, 0.00727613, 0.00727613, 0.00727613, 0.00727613, 0.00727613, 0.00727909, 0.00727613, 0.179388, 0.00727613, 0.00727613
19.2527, 0, 0.174942, 0.00675342, 1.41421, -0.174942, 0, 0.00675342, 0.00675342, 0.00675342, 0.00675342, 0.00675342, 0.00675342, 0.00675342, 0.00675342, 0.00675342, 0.00675342, 0.00675342, 0.00675342, 0.00675342, 0.00675342, 0.00675342, 0.00675342, 0.00675342, 0.00675342, 0.00675342, 0.00675639, 0.00675342, 0.174939, 0.00675342, 0.00675342
19.2606, 0, 0.170592, 0.00622599, 1.41421, -0.170592, 0, 0.00622599, 0.00622599, 0.00622599, 0.00622599, 0.00622599, 0.00622599, 0.00622599, 0.00622599, 0.00622599, 0.00622599, 0.00622599, 0.00622599, 0.00622599, 0.00622599, 0.00622599, 0.00622599, 0.00622599, 0.00622599, 0.00622599, 0.00622896, 0.00622599, 0.170589, 0.00622599, 0.00622599
19.2684, 1, 0.166363, 0.00572, 1.73205, 0.833637, 0, 0.00572, 0.00572, 0.00572, 0.00572, 0.00572, 0.00572, 0.00572, 0.00572, 0.00572, 0.00572, 0.00572, 0.00572, 0.00572, 0.00572, 0.00572, 0.00572, 0.00572, 0.00572, 0.00572, 0.00572298, 0.00572, 0.16636, 0.00572, 0.00572
19.2763, 0, 0.16237, 0.00535254, 1.41421, -0.16237, 0, 0.00535254, 0.00535254, 0.00535254, 0.00535254, 0.00535254, 0.00535254, 0.00535254, 0.00535254, 0.00535254, 0.00535254, 0.00535254, 0.00535254, 0.00535254, 0.00535254, 0.00535254, 0.00535254, 0.00535254, 0.00535254, 0.00535254, 0.00535552, 0.00535254, 0.162367, 0.00535254, 0.00535254
19.2842, 0, 0.158435, 0.00494833, 1.41421, -0.158435, 0, 0.00494833, 0.00494833, 0.00494833, 0.00494833, 0.00494833, 0.00494833, 0.00494833, 0.00494833, 0.00494833, 0.00494833, 0.00494833, 0.00494833, 0.00494833, 0.00494833, 0.00494833, 0.00494833, 0.00494833, 0.00494833, 0.00494833, 0.00495131, 0.00494833, 0.158432, 0.00494833, 0.00494833
19.292, 0, 0.154565, 0.00451935, 1.41421, -0.154565, 0, 0.00451935, 0.00451935, 0.00451935, 0.00451935, 0.00451935, 0.00451935, 0.00451935, 0.00451935, 0.00451935, 0.00451935, 0.00451935, 0.00451935, 0.00451935, 0.00451935, 0.00451935, 0.00451935, 0.00451935, 0.00451935, 0.00451935, 0.00452234, 0.00451935, 0.154562, 0.00451935, 0.00451935
19.2999, 0, 0.150783, 0.00409051, 1.41421, -0.150783, 0, 0.00409051, 0.00409051, 0.00409051, 0.00409051, 0.00409051, 0.00409051, 0.00409051, 0.00409051, 0.00409051, 0.00409051, 0.00409051, 0.00409051, 0.00409051, 0.00409051, 0.00409051, 0.00409051, 0.00409051, 0.00409051, 0.00409051, 0.0040935, 0.00409051, 0.15078, 0.00409051, 0.00409051
19.3078, 0, 0.147106, 0.00368305, 1.41421, -0.147106, 0, 0.00368305, 0.00368305, 0.00368305, 0.00368305, 0.00368305, 0.00368305, 0.00368305, 0.00368305, 0.00368305, 0.00368305, 0.00368305, 0.00368305, 0.00368305, 0.00368305, 0.00368305, 0.00368305, 0.00368305, 0.00368305, 0.00368305, 0.00368604, 0.00368305, 0.147103, 0.00368305, 0.00368305
19.3156, 0, 0.143616, 0.00338053, 1.41421, -0.143616, 0, 0.00338053, 0.00338053, 0.00338053, 0.00338053, 0.00338053, 0.00338053, 0.00338053, 0.00338053, 0.00338053, 0.00338053, 0.00338053, 0.00338053, 0.00338053, 0.00338053, 0.00338053, 0.00338053, 0.00338053, 0.00338053, 0.00338053, 0.00338353, 0.00338053, 0.143613, 0.00338053, 0.00338053
19.3235, 1, 0.140181, 0.00305469, 1.73205, 0.859819, 0, 0.00305469, 0.00305469, 0.00305469, 0.00305469, 0.00305469, 0.00305469, 0.00305469, 0.00305469, 0.00305469, 0.00305469, 0.00305469, 0.00305469, 0.00305469, 0.00305469, 0.00305469, 0.00305469, 0.00305469, 0.00305469, 0.00305469, 0.00305769, 0.00305469, 0.140178, 0.00305469, 0.00305469
19.3313, 0, 0.136807, 0.00271573, 1.41421, -0.136807, 0, 0.00271573, 0.00271573, 0.00271573, 0.00271573, 0.00271573, 0.00271573, 0.00271573, 0.00271573, 0.00271573, 0.00271573, 0.00271573, 0.00271573, 0.00271573, 0.00271573, 0.00271573, 0.00271573, 0.00271573, 0.00271573, 0.00271573, 0.00271874, 0.00271573, 0.136804, 0.00271573, 0.00271573
19.3392, 0, 0.133513, 0.00238284, 1.41421, -0.133513, 0, 0.00238284, 0.00238284, 0.00238284, 0.00238284, 0.00238284, 0.00238284, 0.00238284, 0.00238284, 0.00238284, 0.00238284, 0.00238284, 0.00238284, 0.00238284, 0.00238284, 0.00238284, 0.00238284, 0.00238284, 0.00238284, 0.00238284, 0.00238586, 0.00238284, 0.13351, 0.00238284, 0.00238284
19.3471, 0, 0.130312, 0.00207171, 1.41421, -0.130312, 0, 0.00207171, 0.00207171, 0.00207171, 0.00207171, 0.00207171, 0.00207171, 0.00207171, 0.00207171, 0.00207171, 0.00207171, 0.00207171, 0.00207171, 0.00207171, 0.00207171, 0.00207171, 0.00207171, 0.00207171, 0.00207171, 0.00207171, 0.00207473, 0.00207171, 0.130309, 0.00207171, 0.00207171
19.3549, 0, 0.12726, 0.00184464, 1.41421, -0.12726, 0, 0.00184464, 0.00184464, 0.00184464, 0.00184464, 0.00184464, 0.00184464, 0.00184464, 0.00184464, 0.00184464, 0.00184464, 0.00184464, 0.00184464, 0.00184464, 0.00184464, 0.00184464, 0.00184464, 0.00184464, 0.00184464, 0.00184464, 0.00184767, 0.00184464, 0.127257, 0.00184464, 0.00184464
19.3628, 0, 0.124262, 0.00160561, 1.41421, -0.124262, 0, 0.00160561, 0.00160561, 0.00160561, 0.00160561, 0.00160561, 0.00160561, 0.00160561, 0.00160561, 0.00160561, 0.00160561, 0.00160561, 0.00160561, 0.00160561, 0.00160561, 0.00160561, 0.00160561, 0.00160561, 0.00160561, 0.00160561, 0.00160864, 0.00160561, 0.124259, 0.00160561, 0.00160561
19.3707, 1, 0.121323, 0.00136299, 1.73205, 0.878677, 0, 0.00136299, 0.00136299, 0.00136299, 0.00136299, 0.00136299, 0.00136299, 0.00136299, 0.00136299, 0.00136299, 0.00136299, 0.00136299, 0.00136299, 0.00136299, 0.00136299, 0.00136299, 0.00136299, 0.00136299, 0.00136299, 0.00136299, 0.00136604, 0.00136299, 0.12132, 0.00136299, 0.00136299
19.3785, 0, 0.118454, 0.00113107, 1.41421, -0.118454, 0, 0.00113107, 0.00113107, 0.00113107, 0.00113107, 0.00113107, 0.00113107, 0.00113107, 0.00113107, 0.00113107, 0.00113107, 0.00113107, 0.00113107, 0.00113107, 0.00113107, 0.00113107, 0.00113107, 0.00113107, 0.00113107, 0.00113107, 0.00113414, 0.00113107, 0.118451, 0.00113107, 0.00113107
19.3864, 0, 0.115665, 0.000920762, 1.41421, -0.115665, 0, 0.000920762, 0.000920762, 0.000920762, 0.000920762, 0.000920762, 0.000920762, 0.000920762, 0.000920762, 0.000920762, 0.000920762, 0.000920762, 0.000920762, 0.000920762, 0.000920762, 0.000920762, 0.000920762, 0.000920762, 0.000920762, 0.000920762, 0.000923852, 0.000920762, 0.115662, 0.000920762, 0.000920762
19.3943, 1, 0.112989, 0.000769, 1.73205, 0.887011, 0, 0.000769, 0.000769, 0.000769, 0.000769, 0.000769, 0.000769, 0.000769, 0.000769, 0.000769, 0.000769, 0.000769, 0.000769, 0.000769, 0.000769, 0.000769, 0.000769, 0.000769, 0.000769, 0.000769, 0.000772117, 0.000769, 0.112986, 0.000769, 0.000769
19.4021, 0, 0.110366, 0.000617054, 1.41421, -0.110366, 0, 0.000617054, 0.000617054, 0.000617054, 0.000617054, 0.000617054, 0.000617054, 0.000617054, 0.000617054, 0.000617054, 0.000617054, 0.000617054, 0.000617054, 0.000617054, 0.000617054, 0.000617054, 0.000617054, 0.000617054, 0.000617054, 0.000617054, 0.000620206, 0.000617054, 0.110363, 0.000617054, 0.000617054
19.41, 1.23847, 0.107801, 0.000470928, 1.79958, 1.13067, 0, 0.000470928, 0.000470928, 0.000470928, 0.000470928, 0.000470928, 0.000470928, 0.000470928, 0.000470928, 0.000470928, 0.000470928, 0.000470928, 0.000470928, 0.000470928, 0.000470928, 0.000470928, 0.000470928, 0.000470928, 0.000470928, 0.000470928, 0.000474124, 0.000470928, 0.107798, 0.000470928, 0.000470928
19.4179, 0.761527, 0.1053, 0.000339903, 1.66178, 0.656227, 0, 0.000339903, 0.000339903, 0.000339903, 0.000339903, 0.000339903, 0.000339903, 0.000339903, 0.000339903, 0.000339903, 0.000339903, 0.000339903, 0.000339903, 0.000339903, 0.000339903, 0.000339903, 0.000339903, 0.000339903, 0.000339903, 0.000339903, 0.000343155, 0.000339903, 0.105297, 0.000339903, 0.000339903
19.4257, 0, 0.102867, 0.000230191, 1.41421, -0.102867, 0, 0.000230191, 0.000230191, 0.000230191, 0.000230191, 0.000230191, 0.000230191, 0.000230191, 0.000230191, 0.000230191, 0.000230191, 0.000230191, 0.000230191, 0.000230191, 0.000230191, 0.000230191, 0.000230191, 0.000230191, 0.000230191, 0.000230191, 0.000233514, 0.000230191, 0.102863, 0.000230191, 0.000230191
19.4336, 0, 0.100516, 0.000156601, 1.41421, -0.100516, 0, 0.000156601, 0.000156601, 0.000156601, 0.000156601, 0.000156601, 0.000156601, 0.000156601, 0.000156601, 0.000156601, 0.000156601, 0.000156601, 0.000156601, 0.000156601, 0.000156601, 0.000156601, 0.000156601, 0.000156601, 0.000156601, 0.000156601, 0.000160014, 0.000156601, 0.100513, 0.000156601, 0.000156601
19.4415, 0, 0.0982183, 9.22718e-05, 1.41421, -0.0982183, 0, 9.22718e-05, 9.22718e-05, 9.22718e-05, 9.22718e-05, 9.22718e-05, 9.22718e-05, 9.22718e-05, 9.22718e-05, 9.22718e-05, 9.22718e-05, 9.22718e-05, 9.22718e-05, 9.22718e-05, 9.22718e-05, 9.22718e-05, 9.22718e-05, 9.22718e-05, 9.22718e-05, 9.22718e-05, 9.57989e-05, 9.22718e-05, 0.0982148, 9.22718e-05, 9.22718e-05
19.4493, 0, 0.0959759, 4.19557e-05, 1.41421, -0.0959759, 0, 4.19557e-05, 4.19557e-05, 4.19557e-05, 4.19557e-05, 4.19557e-05, 4.19557e-05, 4.19557e-05, 4.19557e-05, 4.19557e-05, 4.19557e-05, 4.19557e-05, 4.19557e-05, 4.19557e-05, 4.19557e-05, 4.19557e-05, 4.19557e-05, 4.19557e-05, 4.19557e-05, 4.19557e-05, 4.56259e-05, 4.19557e-05, 0.0959722, 4.19557e-05, 4.19557e-05
19.4572, 0, 0.0937941, 1.04889e-05, 1.41421, -0.0937941, 0, 1.04889e-05, 1.04889e-05, 1.04889e-05, 1.04889e-05, 1.04889e-05, 1.04889e-05, 1.04889e-05, 1.04889e-05, 1.04889e-05, 1.04889e-05, 1.04889e-05, 1.04889e-05, 1.04889e-05, 1.04889e-05, 1.04889e-05, 1.04889e-05, 1.04889e-05, 1.04889e-05, 1.04889e-05, 1.43384e-05, 1.04889e-05, 0.0937903, 1.04889e-05, 1.04889e-05
19.465, 0, 0.091672, 0, 1.41421, -0.091672, 0, 0, 0, 0, 0, 0, 0, 0, 0, 0, 0, 0, 0, 0, 0, 0, 0, 0, 0, 0, 4.07581e-06, 0, 0.091668, 0, 0
19.4729, 0, 0.0895984, 0, 1.41421, -0.0895984, 0, 0, 0, 0, 0, 0, 0, 0, 0, 0, 0, 0, 0, 0, 0, 0, 0, 0, 0, 0, 4.35594e-06, 0, 0.0895941, 0, 0
19.4808, 0, 0.0875622, 0, 1.41421, -0.0875622, 0, 0, 0, 0, 0, 0, 0, 0, 0, 0, 0, 0, 0, 0, 0, 0, 0, 0, 0, 0, 4.69996e-06, 0, 0.0875575, 0, 0
19.4886, 0, 0.0855611, 0, 1.41421, -0.0855611, 0, 0, 0, 0, 0, 0, 0, 0, 0, 0, 0, 0, 0, 0, 0, 0, 0, 0, 0, 0, 5.12242e-06, 0, 0.0855559, 0, 0
19.4965, 0, 0.0835947, 0, 1.41421, -0.0835947, 0, 0, 0, 0, 0, 0, 0, 0, 0, 0, 0, 0, 0, 0, 0, 0, 0, 0, 0, 0, 5.63881e-06, 0, 0.0835891, 0, 0
19.5044, 0, 0.0816621, 1.38108e-08, 1.41421, -0.0816621, 0, 1.38108e-08, 1.38108e-08, 1.38108e-08, 1.38108e-08, 1.38108e-08, 1.38108e-08, 1.38108e-08, 1.38108e-08, 1.38108e-08, 1.38108e-08, 1.38108e-08, 1.38108e-08, 1.38108e-08, 1.38108e-08, 1.38108e-08, 1.38108e-08, 1.38108e-08, 1.38108e-08, 1.38108e-08, 6.2809e-06, 1.38108e-08, 0.0816558, 1.38108e-08, 1.38108e-08
19.5122, 0, 0.079763, 4.85537e-08, 1.41421, -0.079763, 0, 4.85537e-08, 4.85537e-08, 4.85537e-08, 4.85537e-08, 4.85537e-08, 4.85537e-08, 4.85537e-08, 4.85537e-08, 4.85537e-08, 4.85537e-08, 4.85537e-08, 4.85537e-08, 4.85537e-08, 4.85537e-08, 4.85537e-08, 4.85537e-08, 4.85537e-08, 4.85537e-08, 4.85537e-08, 7.07643e-06, 4.85537e-08, 0.0797559, 4.85537e-08, 4.85537e-08
19.5201, 0, 0.0778951, 9.51652e-08, 1.41421, -0.0778951, 0, 9.51652e-08, 9.51652e-08, 9.51652e-08, 9.51652e-08, 9.51652e-08, 9.51652e-08, 9.51652e-08, 9.51652e-08, 9.51652e-08, 9.51652e-08, 9.51652e-08, 9.51652e-08, 9.51652e-08, 9.51652e-08, 9.51652e-08, 9.51652e-08, 9.51652e-08, 9.51652e-08, 9.51652e-08, 8.04101e-06, 9.51652e-08, 0.0778871, 9.51652e-08, 9.51652e-08
19.528, 0, 0.0760597, 1.51541e-07, 1.41421, -0.0760597, 0, 1.51541e-07, 1.51541e-07, 1.51541e-07, 1.51541e-07, 1.51541e-07, 1.51541e-07, 1.51541e-07, 1.51541e-07, 1.51541e-07, 1.51541e-07, 1.51541e-07, 1.51541e-07, 1.51541e-07, 1.51541e-07, 1.51541e-07, 1.51541e-07, 1.51541e-07, 1.51541e-07, 1.51541e-07, 9.19946e-06, 1.51541e-07, 0.0760507, 1.51541e-07, 1.51541e-07
19.5358, 0, 0.0742555, 2.20973e-07, 1.41421, -0.0742555, 0, 2.20973e-07, 2.20973e-07, 2.20973e-07, 2.20973e-07, 2.20973e-07, 2.20973e-07, 2.20973e-07, 2.20973e-07, 2.20973e-07, 2.20973e-07, 2.20973e-07, 2.20973e-07, 2.20973e-07, 2.20973e-07, 2.20973e-07, 2.20973e-07, 2.20973e-07, 2.20973e-07, 2.20973e-07, 1.05877e-05, 2.20973e-07, 0.0742451, 2.20973e-07, 2.20973e-07
19.5437, 0.197323, 0.0724809, 3.68012e-07, 1.48234, 0.124842, 0, 3.68012e-07, 3.68012e-07, 3.68012e-07, 3.68012e-07, 3.68012e-07, 3.68012e-07, 3.68012e-07, 3.68012e-07, 3.68012e-07, 3.68012e-07, 3.68012e-07, 3.68012e-07, 3.68012e-07, 3.68012e-07, 3.68012e-07, 3.68012e-07, 3.68012e-07, 3.68012e-07, 3.68012e-07, 1.23086e-05, 3.68012e-07, 0.072469, 3.68012e-07, 3.68012e-07
19.5516, 0.802677, 0.0707375, 5.13174e-07, 1.67412, 0.73194, 0, 5.13174e-07, 5.13174e-07, 5.13174e-07, 5.13174e-07, 5.13174e-07, 5.13174e-07, 5.13174e-07, 5.13174e-07, 5.13174e-07, 5.13174e-07, 5.13174e-07, 5.13174e-07, 5.13174e-07, 5.13174e-07, 5.13174e-07, 5.13174e-07, 5.13174e-07, 5.13174e-07, 5.13174e-07, 1.43248e-05, 5.13174e-07, 0.0707237, 5.13174e-07, 5.13174e-07
19.5594, 0, 0.0690231, 6.39585e-07, 1.41421, -0.0690231, 0, 6.39585e-07, 6.39585e-07, 6.39585e-07, 6.39585e-07, 6.39585e-07, 6.39585e-07, 6.39585e-07, 6.39585e-07, 6.39585e-07, 6.39585e-07, 6.39585e-07, 6.39585e-07, 6.39585e-07, 6.39585e-07, 6.39585e-07, 6.39585e-07, 6.39585e-07, 6.39585e-07, 6.39585e-07, 1.66729e-05, 6.39585e-07, 0.0690071, 6.39585e-07, 6.39585e-07
19.5673, 0, 0.0673393, 7.5681e-07, 1.41421, -0.0673393, 0, 7.5681e-07, 7.5681e-07, 7.5681e-07, 7.5681e-07, 7.5681e-07, 7.5681e-07, 7.5681e-07, 7.5681e-07, 7.5681e-07, 7.5681e-07, 7.5681e-07, 7.5681e-07, 7.5681e-07, 7.5681e-07, 7.5681e-07, 7.5681e-07, 7.5681e-07, 7.5681e-07, 7.5681e-07, 1.94214e-05, 7.5681e-07, 0.0673206, 7.5681e-07, 7.5681e-07
19.5752, 0, 0.0656846, 8.83893e-07, 1.41421, -0.0656846, 0, 8.83893e-07, 8.83893e-07, 8.83893e-07, 8.83893e-07, 8.83893e-07, 8.83893e-07, 8.83893e-07, 8.83893e-07, 8.83893e-07, 8.83893e-07, 8.83893e-07, 8.83893e-07, 8.83893e-07, 8.83893e-07, 8.83893e-07, 8.83893e-07, 8.83893e-07, 8.83893e-07, 8.83893e-07, 2.26642e-05, 8.83893e-07, 0.0656628, 8.83893e-07, 8.83893e-07
19.583, 0, 0.0640598, 1.15993e-06, 1.41421, -0.0640598, 0, 1.15993e-06, 1.15993e-06, 1.15993e-06, 1.15993e-06, 1.15993e-06, 1.15993e-06, 1.15993e-06, 1.15993e-06, 1.15993e-06, 1.15993e-06, 1.15993e-06, 1.15993e-06, 1.15993e-06, 1.15993e-06, 1.15993e-06, 1.15993e-06, 1.15993e-06, 1.15993e-06, 1.15993e-06, 2.66286e-05, 1.15993e-06, 0.0640343, 1.15993e-06, 1.15993e-06
19.5909, 0, 0.0624649, 1.38168e-06, 1.41421, -0.0624649, 0, 1.38168e-06, 1.38168e-06, 1.38168e-06, 1.38168e-06, 1.38168e-06, 1.38168e-06, 1.38168e-06, 1.38168e-06, 1.38168e-06, 1.38168e-06, 1.38168e-06, 1.38168e-06, 1.38168e-06, 1.38168e-06, 1.38168e-06, 1.38168e-06, 1.38168e-06, 1.38168e-06, 1.38168e-06, 3.12187e-05, 1.38168e-06, 0.0624351, 1.38168e-06, 1.38168e-06
19.5987, 0, 0.0608995, 1.52847e-06, 1.41421, -0.0608995, 0, 1.52847e-06, 1.52847e-06, 1.52847e-06, 1.52847e-06, 1.52847e-06, 1.52847e-06, 1.52847e-06, 1.52847e-06, 1.52847e-06, 1.52847e-06, 1.52847e-06, 1.52847e-06, 1.52847e-06, 1.52847e-06, 1.52847e-06, 1.52847e-06, 1.52847e-06, 1.52847e-06, 1.52847e-06, 3.65501e-05, 1.52847e-06, 0.0608645, 1.52847e-06, 1.52847e-06
19.6066, 0, 0.0593642, 1.63427e-06, 1.41421, -0.0593642, 0, 1.63427e-06, 1.63427e-06, 1.63427e-06, 1.63427e-06, 1.63427e-06, 1.63427e-06, 1.63427e-06, 1.63427e-06, 1.63427e-06, 1.63427e-06, 1.63427e-06, 1.63427e-06, 1.63427e-06, 1.63427e-06, 1.63427e-06, 1.63427e-06, 1.63427e-06, 1.63427e-06, 1.63427e-06, 4.28313e-05, 1.63427e-06, 0.059323, 1.63427e-06, 1.63427e-06
19.6145, 0, 0.0578595, 1.74361e-06, 1.41421, -0.0578595, 0, 1.74361e-06, 1.74361e-06, 1.74361e-06, 1.74361e-06, 1.74361e-06, 1.74361e-06, 1.74361e-06, 1.74361e-06, 1.74361e-06, 1.74361e-06, 1.74361e-06, 1.74361e-06, 1.74361e-06, 1.74361e-06, 1.74361e-06, 1.74361e-06, 1.74361e-06, 1.74361e-06, 1.74361e-06, 5.03014e-05, 1.74361e-06, 0.057811, 1.74361e-06, 1.74361e-06
19.6223, 0.173439, 0.0563866, 2.1777e-06, 1.47426, 0.117052, 0, 2.1777e-06, 2.1777e-06, 2.1777e-06, 2.1777e-06, 2.1777e-06, 2.1777e-06, 2.1777e-06, 2.1777e-06, 2.1777e-06, 2.1777e-06, 2.1777e-06, 2.1777e-06, 2.1777e-06, 2.1777e-06, 2.1777e-06, 2.1777e-06, 2.1777e-06, 2.1777e-06, 2.1777e-06, 5.95483e-05, 2.1777e-06, 0.0563292, 2.1777e-06, 2.1777e-06
19.6302, 0.826561, 0.054945, 2.49934e-06, 1.68124, 0.771616, 0, 2.49934e-06, 2.49934e-06, 2.49934e-06, 2.49934e-06, 2.49934e-06, 2.49934e-06, 2.49934e-06, 2.49934e-06, 2.49934e-06, 2.49934e-06, 2.49934e-06, 2.49934e-06, 2.49934e-06, 2.49934e-06, 2.49934e-06, 2.49934e-06, 2.49934e-06, 2.49934e-06, 2.49934e-06, 7.04714e-05, 2.49934e-06, 0.054877, 2.49934e-06, 2.49934e-06
19.6381, 0, 0.0535357, 2.6804e-06, 1.41421, -0.0535357, 0, 2.6804e-06, 2.6804e-06, 2.6804e-06, 2.6804e-06, 2.6804e-06, 2.6804e-06, 2.6804e-06, 2.6804e-06, 2.6804e-06, 2.6804e-06, 2.6804e-06, 2.6804e-06, 2.6804e-06, 2.6804e-06, 2.6804e-06, 2.6804e-06, 2.6804e-06, 2.6804e-06, 2.6804e-06, 8.34604e-05, 2.6804e-06, 0.053455, 2.6804e-06, 2.6804e-06
19.6459, 0, 0.0521603, 2.78548e-06, 1.41421, -0.0521603, 0, 2.78548e-06, 2.78548e-06, 2.78548e-06, 2.78548e-06, 2.78548e-06, 2.78548e-06, 2.78548e-06, 2.78548e-06, 2.78548e-06, 2.78548e-06, 2.78548e-06, 2.78548e-06, 2.78548e-06, 2.78548e-06, 2.78548e-06, 2.78548e-06, 2.78548e-06, 2.78548e-06, 2.78548e-06, 9.91053e-05, 2.78548e-06, 0.052064, 2.78548e-06, 2.78548e-06
19.6538, 0, 0.0508187, 2.89258e-06, 1.41421, -0.0508187, 0, 2.89258e-06, 2.89258e-06, 2.89258e-06, 2.89258e-06, 2.89258e-06, 2.89258e-06, 2.89258e-06, 2.89258e-06, 2.89258e-06, 2.89258e-06, 2.89258e-06, 2.89258e-06, 2.89258e-06, 2.89258e-06, 2.89258e-06, 2.89258e-06, 2.89258e-06, 2.89258e-06, 2.89258e-06, 0.000118164, 2.89258e-06, 0.0507035, 2.89258e-06, 2.89258e-06
19.6617, 0, 0.0495142, 3.40474e-06, 1.41421, -0.0495142, 0, 3.40474e-06, 3.40474e-06, 3.40474e-06, 3.40474e-06, 3.40474e-06, 3.40474e-06, 3.40474e-06, 3.40474e-06, 3.40474e-06, 3.40474e-06, 3.40474e-06, 3.40474e-06, 3.40474e-06, 3.40474e-06, 3.40474e-06, 3.40474e-06, 3.40474e-06, 3.40474e-06, 3.40474e-06, 0.000141859, 3.40474e-06, 0.0493757, 3.40474e-06, 3.40474e-06
19.6695, 0, 0.0482465, 3.73089e-06, 1.41421, -0.0482465, 0, 3.73089e-06, 3.73089e-06, 3.73089e-06, 3.73089e-06, 3.73089e-06, 3.73089e-06, 3.73089e-06, 3.73089e-06, 3.73089e-06, 3.73089e-06, 3.73089e-06, 3.73089e-06, 3.73089e-06, 3.73089e-06, 3.73089e-06, 3.73089e-06, 3.73089e-06, 3.73089e-06, 3.73089e-06, 0.000170663, 3.73089e-06, 0.0480796, 3.73089e-06, 3.73089e-06
19.6774, 0, 0.0470178, 3.84606e-06, 1.41421, -0.0470178, 0, 3.84606e-06, 3.84606e-06, 3.84606e-06, 3.84606e-06, 3.84606e-06, 3.84606e-06, 3.84606e-06, 3.84606e-06, 3.84606e-06, 3.84606e-06, 3.84606e-06, 3.84606e-06, 3.84606e-06, 3.84606e-06, 3.84606e-06, 3.84606e-06, 3.84606e-06, 3.84606e-06, 3.84606e-06, 0.000205846, 3.84606e-06, 0.0468158, 3.84606e-06, 3.84606e-06
19.6853, 0, 0.0458305, 3.85077e-06, 1.41421, -0.0458305, 0, 3.85077e-06, 3.85077e-06, 3.85077e-06, 3.85077e-06, 3.85077e-06, 3.85077e-06, 3.85077e-06, 3.85077e-06, 3.85077e-06, 3.85077e-06, 3.85077e-06, 3.85077e-06, 3.85077e-06, 3.85077e-06, 3.85077e-06, 3.85077e-06, 3.85077e-06, 3.85077e-06, 3.85077e-06, 0.00024911, 3.85077e-06, 0.0455852, 3.85077e-06, 3.85077e-06
19.6931, 1.15171, 0.0446864, 3.85549e-06, 1.77531, 1.10702, 0, 3.85549e-06, 3.85549e-06, 3.85549e-06, 3.85549e-06, 3.85549e-06, 3.85549e-06, 3.85549e-06, 3.85549e-06, 3.85549e-06, 3.85549e-06, 3.85549e-06, 3.85549e-06, 3.85549e-06, 3.85549e-06, 3.85549e-06, 3.85549e-06, 3.85549e-06, 3.85549e-06, 3.85549e-06, 0.000302565, 3.85549e-06, 0.0443877, 3.85549e-06, 3.85549e-06
19.701, 0.84829, 0.0435893, 4.50364e-06, 1.68769, 0.8047, 0, 4.50364e-06, 4.50364e-06, 4.50364e-06, 4.50364e-06, 4.50364e-06, 4.50364e-06, 4.50364e-06, 4.50364e-06, 4.50364e-06, 4.50364e-06, 4.50364e-06, 4.50364e-06, 4.50364e-06, 4.50364e-06, 4.50364e-06, 4.50364e-06, 4.50364e-06, 4.50364e-06, 4.50364e-06, 0.00036926, 4.50364e-06, 0.0432245, 4.50364e-06, 4.50364e-06
19.7089, 0, 0.0425413, 4.90096e-06, 1.41421, -0.0425413, 0, 4.90096e-06, 4.90096e-06, 4.90096e-06, 4.90096e-06, 4.90096e-06, 4.90096e-06, 4.90096e-06, 4.90096e-06, 4.90096e-06, 4.90096e-06, 4.90096e-06, 4.90096e-06, 4.90096e-06, 4.90096e-06, 4.90096e-06, 4.90096e-06, 4.90096e-06, 4.90096e-06, 4.90096e-06, 0.000451229, 4.90096e-06, 0.042095, 4.90096e-06, 4.90096e-06
19.7167, 0, 0.0415464, 5.01691e-06, 1.41421, -0.0415464, 0, 5.01691e-06, 5.01691e-06, 5.01691e-06, 5.01691e-06, 5.01691e-06, 5.01691e-06, 5.01691e-06, 5.01691e-06, 5.01691e-06, 5.01691e-06, 5.01691e-06, 5.01691e-06, 5.01691e-06, 5.01691e-06, 5.01691e-06, 5.01691e-06, 5.01691e-06, 5.01691e-06, 5.01691e-06, 0.000551933, 5.01691e-06, 0.0409995, 5.01691e-06, 5.01691e-06
19.7246, 0.14222, 0.0406085, 4.98666e-06, 1.46363, 0.101612, 0, 4.98666e-06, 4.98666e-06, 4.98666e-06, 4.98666e-06, 4.98666e-06, 4.98666e-06, 4.98666e-06, 4.98666e-06, 4.98666e-06, 4.98666e-06, 4.98666e-06, 4.98666e-06, 4.98666e-06, 4.98666e-06, 4.98666e-06, 4.98666e-06, 4.98666e-06, 4.98666e-06, 4.98666e-06, 0.000675759, 4.98666e-06, 0.0399377, 4.98666e-06, 4.98666e-06
19.7324, 0.85778, 0.0397328, 4.95651e-06, 1.6905, 0.818047, 0, 4.95651e-06, 4.95651e-06, 4.95651e-06, 4.95651e-06, 4.95651e-06, 4.95651e-06, 4.95651e-06, 4.95651e-06, 4.95651e-06, 4.95651e-06, 4.95651e-06, 4.95651e-06, 4.95651e-06, 4.95651e-06, 4.95651e-06, 4.95651e-06, 4.95651e-06, 4.95651e-06, 4.95651e-06, 0.000827811, 4.95651e-06, 0.0389099, 4.95651e-06, 4.95651e-06
19.7403, 0.137265, 0.0389258, 5.59737e-06, 1.46194, 0.0983388, 0, 5.59737e-06, 5.59737e-06, 5.59737e-06, 5.59737e-06, 5.59737e-06, 5.59737e-06, 5.59737e-06, 5.59737e-06, 5.59737e-06, 5.59737e-06, 5.59737e-06, 5.59737e-06, 5.59737e-06, 5.59737e-06, 5.59737e-06, 5.59737e-06, 5.59737e-06, 5.59737e-06, 5.59737e-06, 0.00101456, 5.59737e-06, 0.0379169, 5.59737e-06, 5.59737e-06
19.7482, 2.86274, 0.0381926, 5.92371e-06, 2.20516, 2.82454, 0, 5.92371e-06, 5.92371e-06, 5.92371e-06, 5.92371e-06, 5.92371e-06, 5.92371e-06, 5.92371e-06, 5.92371e-06, 5.92371e-06, 5.92371e-06, 5.92371e-06, 5.92371e-06, 5.92371e-06, 5.92371e-06, 5.92371e-06, 5.92371e-06, 5.92371e-06, 5.92371e-06, 5.92371e-06, 0.00124198, 5.92371e-06, 0.0369565, 5.92371e-06, 5.92371e-06
19.756, 0, 0.0375412, 5.91378e-06, 1.41421, -0.0375412, 0, 5.91378e-06, 5.91378e-06, 5.91378e-06, 5.91378e-06, 5.91378e-06, 5.91378e-06, 5.91378e-06, 5.91378e-06, 5.91378e-06, 5.91378e-06, 5.91378e-06, 5.91378e-06, 5.91378e-06, 5.91378e-06, 5.91378e-06, 5.91378e-06, 5.91378e-06, 5.91378e-06, 5.91378e-06, 0.0015177, 5.91378e-06, 0.0360294, 5.91378e-06, 5.91378e-06
19.7639, 0, 0.0369796, 5.73492e-06, 1.41421, -0.0369796, 0, 5.73492e-06, 5.73492e-06, 5.73492e-06, 5.73492e-06, 5.73492e-06, 5.73492e-06, 5.73492e-06, 5.73492e-06, 5.73492e-06, 5.73492e-06, 5.73492e-06, 5.73492e-06, 5.73492e-06, 5.73492e-06, 5.73492e-06, 5.73492e-06, 5.73492e-06, 5.73492e-06, 5.73492e-06, 0.00185111, 5.73492e-06, 0.0351342, 5.73492e-06, 5.73492e-06
19.7718, 0, 0.0365178, 5.5588e-06, 1.41421, -0.0365178, 0, 5.5588e-06, 5.5588e-06, 5.5588e-06, 5.5588e-06, 5.5588e-06, 5.5588e-06, 5.5588e-06, 5.5588e-06, 5.5588e-06, 5.5588e-06, 5.5588e-06, 5.5588e-06, 5.5588e-06, 5.5588e-06, 5.5588e-06, 5.5588e-06, 5.5588e-06, 5.5588e-06, 5.5588e-06, 0.00225255, 5.5588e-06, 0.0342709, 5.5588e-06, 5.5588e-06
19.7796, 0, 0.0361675, 6.28321e-06, 1.41421, -0.0361675, 0, 6.28321e-06, 6.28321e-06, 6.28321e-06, 6.28321e-06, 6.28321e-06, 6.28321e-06, 6.28321e-06, 6.28321e-06, 6.28321e-06, 6.28321e-06, 6.28321e-06, 6.28321e-06, 6.28321e-06, 6.28321e-06, 6.28321e-06, 6.28321e-06, 6.28321e-06, 6.28321e-06, 6.28321e-06, 0.00273431, 6.28321e-06, 0.0334395, 6.28321e-06, 6.28321e-06
19.7875, 0, 0.0359391, 6.64696e-06, 1.41421, -0.0359391, 0, 6.64696e-06, 6.64696e-06, 6.64696e-06, 6.64696e-06, 6.64696e-06, 6.64696e-06, 6.64696e-06, 6.64696e-06, 6.64696e-06, 6.64696e-06, 6.64696e-06, 6.64696e-06, 6.64696e-06, 6.64696e-06, 6.64696e-06, 6.64696e-06, 6.64696e-06, 6.64696e-06, 6.64696e-06, 0.00330823, 6.64696e-06, 0.0326375, 6.64696e-06, 6.64696e-06
19.7954, 0.120476, 0.0358459, 6.62438e-06, 1.45619, 0.0846301, 0, 6.62438e-06, 6.62438e-06, 6.62438e-06, 6.62438e-06, 6.62438e-06, 6.62438e-06, 6.62438e-06, 6.62438e-06, 6.62438e-06, 6.62438e-06, 6.62438e-06, 6.62438e-06, 6.62438e-06, 6.62438e-06, 6.62438e-06, 6.62438e-06, 6.62438e-06, 6.62438e-06, 6.62438e-06, 0.00398837, 6.62438e-06, 0.0318641, 6.62438e-06, 6.62438e-06
19.8032, 0.879524, 0.0359024, 6.40821e-06, 1.69692, 0.843622, 0, 6.40821e-06, 6.40821e-06, 6.40821e-06, 6.40821e-06, 6.40821e-06, 6.40821e-06, 6.40821e-06, 6.40821e-06, 6.40821e-06, 6.40821e-06, 6.40821e-06, 6.40821e-06, 6.40821e-06, 6.40821e-06, 6.40821e-06, 6.40821e-06, 6.40821e-06, 6.40821e-06, 6.40821e-06, 0.00479041, 6.40821e-06, 0.0311184, 6.40821e-06, 6.40821e-06
19.8111, 0, 0.0361244, 6.19563e-06, 1.41421, -0.0361244, 0, 6.19563e-06, 6.19563e-06, 6.19563e-06, 6.19563e-06, 6.19563e-06, 6.19563e-06, 6.19563e-06, 6.19563e-06, 6.19563e-06, 6.19563e-06, 6.19563e-06, 6.19563e-06, 6.19563e-06, 6.19563e-06, 6.19563e-06, 6.19563e-06, 6.19563e-06, 6.19563e-06, 6.19563e-06, 0.00573133, 6.19563e-06, 0.0303993, 6.19563e-06, 6.19563e-06
19.819, 0, 0.0365295, 6.82975e-06, 1.41421, -0.0365295, 0, 6.82975e-06, 6.82975e-06, 6.82975e-06, 6.82975e-06, 6.82975e-06, 6.82975e-06, 6.82975e-06, 6.82975e-06, 6.82975e-06, 6.82975e-06, 6.82975e-06, 6.82975e-06, 6.82975e-06, 6.82975e-06, 6.82975e-06, 6.82975e-06, 6.82975e-06, 6.82975e-06, 6.82975e-06, 0.00682964, 6.82975e-06, 0.0297067, 6.82975e-06, 6.82975e-06
19.8268, 0, 0.0371342, 7.07163e-06, 1.41421, -0.0371342, 0, 7.07163e-06, 7.07163e-06, 7.07163e-06, 7.07163e-06, 7.07163e-06, 7.07163e-06, 7.07163e-06, 7.07163e-06, 7.07163e-06, 7.07163e-06, 7.07163e-06, 7.07163e-06, 7.07163e-06, 7.07163e-06, 7.07163e-06, 7.07163e-06, 7.07163e-06, 7.07163e-06, 7.07163e-06, 0.00810361, 7.07163e-06, 0.0290376, 7.07163e-06, 7.07163e-06
19.8347, 0, 0.0379569, 6.90735e-06, 1.41421, -0.0379569, 0, 6.90735e-06, 6.90735e-06, 6.90735e-06, 6.90735e-06, 6.90735e-06, 6.90735e-06, 6.90735e-06, 6.90735e-06, 6.90735e-06, 6.90735e-06, 6.90735e-06, 6.90735e-06, 6.90735e-06, 6.90735e-06, 6.90735e-06, 6.90735e-06, 6.90735e-06, 6.90735e-06, 6.90735e-06, 0.0095728, 6.90735e-06, 0.0283911, 6.90735e-06, 6.90735e-06
19.8426, 0, 0.0390172, 6.54666e-06, 1.41421, -0.0390172, 0, 6.54666e-06, 6.54666e-06, 6.54666e-06, 6.54666e-06, 6.54666e-06, 6.54666e-06, 6.54666e-06, 6.54666e-06, 6.54666e-06, 6.54666e-06, 6.54666e-06, 6.54666e-06, 6.54666e-06, 6.54666e-06, 6.54666e-06, 6.54666e-06, 6.54666e-06, 6.54666e-06, 6.54666e-06, 0.0112579, 6.54666e-06, 0.0277659, 6.54666e-06, 6.54666e-06
19.8504, 0, 0.0403343, 6.19563e-06, 1.41421, -0.0403343, 0, 6.19563e-06, 6.19563e-06, 6.19563e-06, 6.19563e-06, 6.19563e-06, 6.19563e-06, 6.19563e-06, 6.19563e-06, 6.19563e-06, 6.19563e-06, 6.19563e-06, 6.19563e-06, 6.19563e-06, 6.19563e-06, 6.19563e-06, 6.19563e-06, 6.19563e-06, 6.19563e-06, 6.19563e-06, 0.0131793, 6.19563e-06, 0.0271612, 6.19563e-06, 6.19563e-06
19.8583, 0.10109, 0.0419298, 6.85138e-06, 1.44951, 0.0591604, 0, 6.85138e-06, 6.85138e-06, 6.85138e-06, 6.85138e-06, 6.85138e-06, 6.85138e-06, 6.85138e-06, 6.85138e-06, 6.85138e-06, 6.85138e-06, 6.85138e-06, 6.85138e-06, 6.85138e-06, 6.85138e-06, 6.85138e-06, 6.85138e-06, 6.85138e-06, 6.85138e-06, 6.85138e-06, 0.0153603, 6.85138e-06, 0.0265764, 6.85138e-06, 6.85138e-06
19.8661, 0.89891, 0.0438199, 7.10244e-06, 1.70262, 0.85509, 0, 7.10244e-06, 7.10244e-06, 7.10244e-06, 7.10244e-06, 7.10244e-06, 7.10244e-06, 7.10244e-06, 7.10244e-06, 7.10244e-06, 7.10244e-06, 7.10244e-06, 7.10244e-06, 7.10244e-06, 7.10244e-06, 7.10244e-06, 7.10244e-06, 7.10244e-06, 7.10244e-06, 7.10244e-06, 0.0178178, 7.10244e-06, 0.0260092, 7.10244e-06, 7.10244e-06
19.874, 2, 0.0460239, 6.93236e-06, 2, 1.95398, 0, 6.93236e-06, 6.93236e-06, 6.93236e-06, 6.93236e-06, 6.93236e-06, 6.93236e-06, 6.93236e-06, 6.93236e-06, 6.93236e-06, 6.93236e-06, 6.93236e-06, 6.93236e-06, 6.93236e-06, 6.93236e-06, 6.93236e-06, 6.93236e-06, 6.93236e-06, 6.93236e-06, 6.93236e-06, 0.0205724, 6.93236e-06, 0.0254585, 6.93236e-06, 6.93236e-06
19.8819, 0, 0.0485607, 6.55882e-06, 1.41421, -0.0485607, 0, 6.55882e-06, 6.55882e-06, 6.55882e-06, 6.55882e-06, 6.55882e-06, 6.55882e-06, 6.55882e-06, 6.55882e-06, 6.55882e-06, 6.55882e-06, 6.55882e-06, 6.55882e-06, 6.55882e-06, 6.55882e-06, 6.55882e-06, 6.55882e-06, 6.55882e-06, 6.55882e-06, 6.55882e-06, 0.0236443, 6.55882e-06, 0.0249229, 6.55882e-06, 6.55882e-06
19.8897, 0, 0.0514436, 6.19563e-06, 1.41421, -0.0514436, 0, 6.19563e-06, 6.19563e-06, 6.19563e-06, 6.19563e-06, 6.19563e-06, 6.19563e-06, 6.19563e-06, 6.19563e-06, 6.19563e-06, 6.19563e-06, 6.19563e-06, 6.19563e-06, 6.19563e-06, 6.19563e-06, 6.19563e-06, 6.19563e-06, 6.19563e-06, 6.19563e-06, 6.19563e-06, 0.0270476, 6.19563e-06, 0.0244023, 6.19563e-06, 6.19563e-06
19.8976, 0, 0.0546895, 6.70668e-06, 1.41421, -0.0546895, 0, 6.70668e-06, 6.70668e-06, 6.70668e-06, 6.70668e-06, 6.70668e-06, 6.70668e-06, 6.70668e-06, 6.70668e-06, 6.70668e-06, 6.70668e-06, 6.70668e-06, 6.70668e-06, 6.70668e-06, 6.70668e-06, 6.70668e-06, 6.70668e-06, 6.70668e-06, 6.70668e-06, 6.70668e-06, 0.0308001, 6.70668e-06, 0.0238961, 6.70668e-06, 6.70668e-06
19.9055, 0, 0.0583078, 6.82363e-06, 1.41421, -0.0583078, 0, 6.82363e-06, 6.82363e-06, 6.82363e-06, 6.82363e-06, 6.82363e-06, 6.82363e-06, 6.82363e-06, 6.82363e-06, 6.82363e-06, 6.82363e-06, 6.82363e-06, 6.82363e-06, 6.82363e-06, 6.82363e-06, 6.82363e-06, 6.82363e-06, 6.82363e-06, 6.82363e-06, 6.82363e-06, 0.0349121, 6.82363e-06, 0.0234025, 6.82363e-06, 6.82363e-06
19.9133, 0, 0.0623059, 6.53999e-06, 1.41421, -0.0623059, 0, 6.53999e-06, 6.53999e-06, 6.53999e-06, 6.53999e-06, 6.53999e-06, 6.53999e-06, 6.53999e-06, 6.53999e-06, 6.53999e-06, 6.53999e-06, 6.53999e-06, 6.53999e-06, 6.53999e-06, 6.53999e-06, 6.53999e-06, 6.53999e-06, 6.53999e-06, 6.53999e-06, 6.53999e-06, 0.0393917, 6.53999e-06, 0.0229207, 6.53999e-06, 6.53999e-06
19.9212, 0, 0.0666915, 6.07031e-06, 1.41421, -0.0666915, 0, 6.07031e-06, 6.07031e-06, 6.07031e-06, 6.07031e-06, 6.07031e-06, 6.07031e-06, 6.07031e-06, 6.07031e-06, 6.07031e-06, 6.07031e-06, 6.07031e-06, 6.07031e-06, 6.07031e-06, 6.07031e-06, 6.07031e-06, 6.07031e-06, 6.07031e-06, 6.07031e-06, 6.07031e-06, 0.0442474, 6.07031e-06, 0.0224501, 6.07031e-06, 6.07031e-06
19.9291, 0, 0.0714655, 5.61812e-06, 1.41421, -0.0714655, 0, 5.61812e-06, 5.61812e-06, 5.61812e-06, 5.61812e-06, 5.61812e-06, 5.61812e-06, 5.61812e-06, 5.61812e-06, 5.61812e-06, 5.61812e-06, 5.61812e-06, 5.61812e-06, 5.61812e-06, 5.61812e-06, 5.61812e-06, 5.61812e-06, 5.61812e-06, 5.61812e-06, 5.61812e-06, 0.0494806, 5.61812e-06, 0.0219904, 5.61812e-06, 5.61812e-06
19.9369, 0, 0.0766269, 6.08579e-06, 1.41421, -0.0766269, 0, 6.08579e-06, 6.08579e-06, 6.08579e-06, 6.08579e-06, 6.08579e-06, 6.08579e-06, 6.08579e-06, 6.08579e-06, 6.08579e-06, 6.08579e-06, 6.08579e-06, 6.08579e-06, 6.08579e-06, 6.08579e-06, 6.08579e-06, 6.08579e-06, 6.08579e-06, 6.08579e-06, 6.08579e-06, 0.055091, 6.08579e-06, 0.0215421, 6.08579e-06, 6.08579e-06
19.9448, 0, 0.0821673, 6.18913e-06, 1.41421, -0.0821673, 0, 6.18913e-06, 6.18913e-06, 6.18913e-06, 6.18913e-06, 6.18913e-06, 6.18913e-06, 6.18913e-06, 6.18913e-06, 6.18913e-06, 6.18913e-06, 6.18913e-06, 6.18913e-06, 6.18913e-06, 6.18913e-06, 6.18913e-06, 6.18913e-06, 6.18913e-06, 6.18913e-06, 6.18913e-06, 0.06107, 6.18913e-06, 0.0211034, 6.18913e-06, 6.18913e-06
19.9527, 0.0718889, 0.0880808, 5.92395e-06, 1.43941, -0.0161919, 0, 5.92395e-06, 5.92395e-06, 5.92395e-06, 5.92395e-06, 5.92395e-06, 5.92395e-06, 5.92395e-06, 5.92395e-06, 5.92395e-06, 5.92395e-06, 5.92395e-06, 5.92395e-06, 5.92395e-06, 5.92395e-06, 5.92395e-06, 5.92395e-06, 5.92395e-06, 5.92395e-06, 5.92395e-06, 0.0674128, 5.92395e-06, 0.0206739, 5.92395e-06, 5.92395e-06
19.9605, 1.92811, 0.0943478, 5.48808e-06, 1.98195, 1.83376, 0, 5.48808e-06, 5.48808e-06, 5.48808e-06, 5.48808e-06, 5.48808e-06, 5.48808e-06, 5.48808e-06, 5.48808e-06, 5.48808e-06, 5.48808e-06, 5.48808e-06, 5.48808e-06, 5.48808e-06, 5.48808e-06, 5.48808e-06, 5.48808e-06, 5.48808e-06, 5.48808e-06, 5.48808e-06, 0.0740993, 5.48808e-06, 0.0202539, 5.48808e-06, 5.48808e-06
19.9684, 0, 0.100953, 5.06887e-06, 1.41421, -0.100953, 0, 5.06887e-06, 5.06887e-06, 5.06887e-06, 5.06887e-06, 5.06887e-06, 5.06887e-06, 5.06887e-06, 5.06887e-06, 5.06887e-06, 5.06887e-06, 5.06887e-06, 5.06887e-06, 5.06887e-06, 5.06887e-06, 5.06887e-06, 5.06887e-06, 5.06887e-06, 5.06887e-06, 5.06887e-06, 0.081115, 5.06887e-06, 0.0198433, 5.06887e-06, 5.06887e-06
19.9763, 0, 0.107879, 5.38902e-06, 1.41421, -0.107879, 0, 5.38902e-06, 5.38902e-06, 5.38902e-06, 5.38902e-06, 5.38902e-06, 5.38902e-06, 5.38902e-06, 5.38902e-06, 5.38902e-06, 5.38902e-06, 5.38902e-06, 5.38902e-06, 5.38902e-06, 5.38902e-06, 5.38902e-06, 5.38902e-06, 5.38902e-06, 5.38902e-06, 5.38902e-06, 0.0884423, 5.38902e-06, 0.0194423, 5.38902e-06, 5.38902e-06
19.9841, 0, 0.115092, 5.38557e-06, 1.41421, -0.115092, 0, 5.38557e-06, 5.38557e-06, 5.38557e-06, 5.38557e-06, 5.38557e-06, 5.38557e-06, 5.38557e-06, 5.38557e-06, 5.38557e-06, 5.38557e-06, 5.38557e-06, 5.38557e-06, 5.38557e-06, 5.38557e-06, 5.38557e-06, 5.38557e-06, 5.38557e-06, 5.38557e-06, 5.38557e-06, 0.0960471, 5.38557e-06, 0.0190505, 5.38557e-06, 5.38557e-06
19.992, 0.120416, 0.122568, 5.05995e-06, 1.45616, -0.00215195, 0, 5.05995e-06, 5.05995e-06, 5.05995e-06, 5.05995e-06, 5.05995e-06, 5.05995e-06, 5.05995e-06, 5.05995e-06, 5.05995e-06, 5.05995e-06, 5.05995e-06, 5.05995e-06, 5.05995e-06, 5.05995e-06, 5.05995e-06, 5.05995e-06, 5.05995e-06, 5.05995e-06, 5.05995e-06, 0.103906, 5.05995e-06, 0.0186676, 5.05995e-06, 5.05995e-06
19.9999, 1.87958, 0.130273, 4.59214e-06, 1.96967, 1.74931, 0, 4.59214e-06, 4.59214e-06, 4.59214e-06, 4.59214e-06, 4.59214e-06, 4.59214e-06, 4.59214e-06, 4.59214e-06, 4.59214e-06, 4.59214e-06, 4.59214e-06, 4.59214e-06, 4.59214e-06, 4.59214e-06, 4.59214e-06, 4.59214e-06, 4.59214e-06, 4.59214e-06, 4.59214e-06, 0.111984, 4.59214e-06, 0.018294, 4.59214e-06, 4.59214e-06
20.0077, 0, 0.138171, 4.14702e-06, 1.41421, -0.138171, 0, 4.14702e-06, 4.14702e-06, 4.14702e-06, 4.14702e-06, 4.14702e-06, 4.14702e-06, 4.14702e-06, 4.14702e-06, 4.14702e-06, 4.14702e-06, 4.14702e-06, 4.14702e-06, 4.14702e-06, 4.14702e-06, 4.14702e-06, 4.14702e-06, 4.14702e-06, 4.14702e-06, 4.14702e-06, 0.120246, 4.14702e-06, 0.01793, 4.14702e-06, 4.14702e-06
20.0156, 0, 0.146224, 4.37666e-06, 1.41421, -0.146224, 0, 4.37666e-06, 4.37666e-06, 4.37666e-06, 4.37666e-06, 4.37666e-06, 4.37666e-06, 4.37666e-06, 4.37666e-06, 4.37666e-06, 4.37666e-06, 4.37666e-06, 4.37666e-06, 4.37666e-06, 4.37666e-06, 4.37666e-06, 4.37666e-06, 4.37666e-06, 4.37666e-06, 4.37666e-06, 0.128652, 4.37666e-06, 0.0175766, 4.37666e-06, 4.37666e-06
20.0234, 0, 0.154393, 4.35e-06, 1.41421, -0.154393, 0, 4.35e-06, 4.35e-06, 4.35e-06, 4.35e-06, 4.35e-06, 4.35e-06, 4.35e-06, 4.35e-06, 4.35e-06, 4.35e-06, 4.35e-06, 4.35e-06, 4.35e-06, 4.35e-06, 4.35e-06, 4.35e-06, 4.35e-06, 4.35e-06, 4.35e-06, 0.137164, 4.35e-06, 0.0172331, 4.35e-06, 4.35e-06
20.0313, 0, 0.162634, 4.07237e-06, 1.41421, -0.162634, 0, 4.07237e-06, 4.07237e-06, 4.07237e-06, 4.07237e-06, 4.07237e-06, 4.07237e-06, 4.07237e-06, 4.07237e-06, 4.07237e-06, 4.07237e-06, 4.07237e-06, 4.07237e-06, 4.07237e-06, 4.07237e-06, 4.07237e-06, 4.07237e-06, 4.07237e-06, 4.07237e-06, 4.07237e-06, 0.145738, 4.07237e-06, 0.0168999, 4.07237e-06, 4.07237e-06
20.0392, 0, 0.1709, 3.68533e-06, 1.41421, -0.1709, 0, 3.68533e-06, 3.68533e-06, 3.68533e-06, 3.68533e-06, 3.68533e-06, 3.68533e-06, 3.68533e-06, 3.68533e-06, 3.68533e-06, 3.68533e-06, 3.68533e-06, 3.68533e-06, 3.68533e-06, 3.68533e-06, 3.68533e-06, 3.68533e-06, 3.68533e-06, 3.68533e-06, 3.68533e-06, 0.154326, 3.68533e-06, 0.0165776, 3.68533e-06, 3.68533e-06
20.047, 0, 0.179152, 3.31762e-06, 1.41421, -0.179152, 0, 3.31762e-06, 3.31762e-06, 3.31762e-06, 3.31762e-06, 3.31762e-06, 3.31762e-06, 3.31762e-06, 3.31762e-06, 3.31762e-06, 3.31762e-06, 3.31762e-06, 3.31762e-06, 3.31762e-06, 3.31762e-06, 3.31762e-06, 3.31762e-06, 3.31762e-06, 3.31762e-06, 3.31762e-06, 0.162889, 3.31762e-06, 0.0162665, 3.31762e-06, 3.31762e-06
20.0549, 0, 0.187334, 3.40786e-06, 1.41421, -0.187334, 0, 3.40786e-06, 3.40786e-06, 3.40786e-06, 3.40786e-06, 3.40786e-06, 3.40786e-06, 3.40786e-06, 3.40786e-06, 3.40786e-06, 3.40786e-06, 3.40786e-06, 3.40786e-06, 3.40786e-06, 3.40786e-06, 3.40786e-06, 3.40786e-06, 3.40786e-06, 3.40786e-06, 3.40786e-06, 0.17137, 3.40786e-06, 0.0159679, 3.40786e-06, 3.40786e-06
20.0628, 0, 0.195402, 3.31272e-06, 1.41421, -0.195402, 0, 3.31272e-06, 3.31272e-06, 3.31272e-06, 3.31272e-06, 3.31272e-06, 3.31272e-06, 3.31272e-06, 3.31272e-06, 3.31272e-06, 3.31272e-06, 3.31272e-06, 3.31272e-06, 3.31272e-06, 3.31272e-06, 3.31272e-06, 3.31272e-06, 3.31272e-06, 3.31272e-06, 3.31272e-06, 0.179724, 3.31272e-06, 0.0156813, 3.31272e-06, 3.31272e-06
20.0706, 0.0356966, 0.203304, 3.04007e-06, 1.42678, -0.167607, 0, 3.04007e-06, 3.04007e-06, 3.04007e-06, 3.04007e-06, 3.04007e-06, 3.04007e-06, 3.04007e-06, 3.04007e-06, 3.04007e-06, 3.04007e-06, 3.04007e-06, 3.04007e-06, 3.04007e-06, 3.04007e-06, 3.04007e-06, 3.04007e-06, 3.04007e-06, 3.04007e-06, 3.04007e-06, 0.187899, 3.04007e-06, 0.0154074, 3.04007e-06, 3.04007e-06
20.0785, 0.964303, 0.210985, 2.69548e-06, 1.72172, 0.753318, 0, 2.69548e-06, 2.69548e-06, 2.69548e-06, 2.69548e-06, 2.69548e-06, 2.69548e-06, 2.69548e-06, 2.69548e-06, 2.69548e-06, 2.69548e-06, 2.69548e-06, 2.69548e-06, 2.69548e-06, 2.69548e-06, 2.69548e-06, 2.69548e-06, 2.69548e-06, 2.69548e-06, 2.69548e-06, 0.195841, 2.69548e-06, 0.0151469, 2.69548e-06, 2.69548e-06
20.0864, 0.0312345, 0.218399, 2.37162e-06, 1.42521, -0.187164, 0, 2.37162e-06, 2.37162e-06, 2.37162e-06, 2.37162e-06, 2.37162e-06, 2.37162e-06, 2.37162e-06, 2.37162e-06, 2.37162e-06, 2.37162e-06, 2.37162e-06, 2.37162e-06, 2.37162e-06, 2.37162e-06, 2.37162e-06, 2.37162e-06, 2.37162e-06, 2.37162e-06, 2.37162e-06, 0.203501, 2.37162e-06, 0.0149002, 2.37162e-06, 2.37162e-06
20.0942, 1.96877, 0.225484, 2.39401e-06, 1.99218, 1.74328, 0, 2.39401e-06, 2.39401e-06, 2.39401e-06, 2.39401e-06, 2.39401e-06, 2.39401e-06, 2.39401e-06, 2.39401e-06, 2.39401e-06, 2.39401e-06, 2.39401e-06, 2.39401e-06, 2.39401e-06, 2.39401e-06, 2.39401e-06, 2.39401e-06, 2.39401e-06, 2.39401e-06, 2.39401e-06, 0.210818, 2.39401e-06, 0.0146685, 2.39401e-06, 2.39401e-06
20.1021, 0, 0.232191, 2.29462e-06, 1.41421, -0.232191, 0, 2.29462e-06, 2.29462e-06, 2.29462e-06, 2.29462e-06, 2.29462e-06, 2.29462e-06, 2.29462e-06, 2.29462e-06, 2.29462e-06, 2.29462e-06, 2.29462e-06, 2.29462e-06, 2.29462e-06, 2.29462e-06, 2.29462e-06, 2.29462e-06, 2.29462e-06, 2.29462e-06, 2.29462e-06, 0.217741, 2.29462e-06, 0.0144515, 2.29462e-06, 2.29462e-06
20.11, 1.02428, 0.238461, 2.08118e-06, 1.73905, 0.78582, 0, 2.08118e-06, 2.08118e-06, 2.08118e-06, 2.08118e-06, 2.08118e-06, 2.08118e-06, 2.08118e-06, 2.08118e-06, 2.08118e-06, 2.08118e-06, 2.08118e-06, 2.08118e-06, 2.08118e-06, 2.08118e-06, 2.08118e-06, 2.08118e-06, 2.08118e-06, 2.08118e-06, 2.08118e-06, 0.224213, 2.08118e-06, 0.01425, 2.08118e-06, 2.08118e-06
20.1178, 1.97572, 0.244239, 1.82413e-06, 1.99392, 1.73148, 0, 1.82413e-06, 1.82413e-06, 1.82413e-06, 1.82413e-06, 1.82413e-06, 1.82413e-06, 1.82413e-06, 1.82413e-06, 1.82413e-06, 1.82413e-06, 1.82413e-06, 1.82413e-06, 1.82413e-06, 1.82413e-06, 1.82413e-06, 1.82413e-06, 1.82413e-06, 1.82413e-06, 1.82413e-06, 0.230176, 1.82413e-06, 0.0140645, 1.82413e-06, 1.82413e-06
20.1257, 0.0193261, 0.249471, 1.58402e-06, 1.42103, -0.230145, 0, 1.58402e-06, 1.58402e-06, 1.58402e-06, 1.58402e-06, 1.58402e-06, 1.58402e-06, 1.58402e-06, 1.58402e-06, 1.58402e-06, 1.58402e-06, 1.58402e-06, 1.58402e-06, 1.58402e-06, 1.58402e-06, 1.58402e-06, 1.58402e-06, 1.58402e-06, 1.58402e-06, 1.58402e-06, 0.235577, 1.58402e-06, 0.0138954, 1.58402e-06, 1.58402e-06
20.1336, 0.997531, 0.254102, 1.53295e-06, 1.73134, 0.743429, 0, 1.53295e-06, 1.53295e-06, 1.53295e-06, 1.53295e-06, 1.53295e-06, 1.53295e-06, 1.53295e-06, 1.53295e-06, 1.53295e-06, 1.53295e-06, 1.53295e-06, 1.53295e-06, 1.53295e-06, 1.53295e-06, 1.53295e-06, 1.53295e-06, 1.53295e-06, 1.53295e-06, 1.53295e-06, 0.24036, 1.53295e-06, 0.0137435, 1.53295e-06, 1.53295e-06
20.1414, 0.983143, 0.25808, 1.41877e-06, 1.72718, 0.725064, 0, 1.41877e-06, 1.41877e-06, 1.41877e-06, 1.41877e-06, 1.41877e-06, 1.41877e-06, 1.41877e-06, 1.41877e-06, 1.41877e-06, 1.41877e-06, 1.41877e-06, 1.41877e-06, 1.41877e-06, 1.41877e-06, 1.41877e-06, 1.41877e-06, 1.41877e-06, 1.41877e-06, 1.41877e-06, 0.244472, 1.41877e-06, 0.0136089, 1.41877e-06, 1.41877e-06
20.1493, 0, 0.261353, 1.24898e-06, 1.41421, -0.261353, 0, 1.24898e-06, 1.24898e-06, 1.24898e-06, 1.24898e-06, 1.24898e-06, 1.24898e-06, 1.24898e-06, 1.24898e-06, 1.24898e-06, 1.24898e-06, 1.24898e-06, 1.24898e-06, 1.24898e-06, 1.24898e-06, 1.24898e-06, 1.24898e-06, 1.24898e-06, 1.24898e-06, 1.24898e-06, 0.247862, 1.24898e-06, 0.0134919, 1.24898e-06, 1.24898e-06
20.1571, 0, 0.263877, 1.06246e-06, 1.41421, -0.263877, 0, 1.06246e-06, 1.06246e-06, 1.06246e-06, 1.06246e-06, 1.06246e-06, 1.06246e-06, 1.06246e-06, 1.06246e-06, 1.06246e-06, 1.06246e-06, 1.06246e-06, 1.06246e-06, 1.06246e-06, 1.06246e-06, 1.06246e-06, 1.06246e-06, 1.06246e-06, 1.06246e-06, 1.06246e-06, 0.250485, 1.06246e-06, 0.0133928, 1.06246e-06, 1.06246e-06
20.165, 0, 0.265609, 8.91012e-07, 1.41421, -0.265609, 0, 8.91012e-07, 8.91012e-07, 8.91012e-07, 8.91012e-07, 8.91012e-07, 8.91012e-07, 8.91012e-07, 8.91012e-07, 8.91012e-07, 8.91012e-07, 8.91012e-07, 8.91012e-07, 8.91012e-07, 8.91012e-07, 8.91012e-07, 8.91012e-07, 8.91012e-07, 8.91012e-07, 8.91012e-07, 0.252298, 8.91012e-07, 0.013312, 8.91012e-07, 8.91012e-07
20.1729, 0, 0.266514, 8.17356e-07, 1.41421, -0.266514, 0, 8.17356e-07, 8.17356e-07, 8.17356e-07, 8.17356e-07, 8.17356e-07, 8.17356e-07, 8.17356e-07, 8.17356e-07, 8.17356e-07, 8.17356e-07, 8.17356e-07, 8.17356e-07, 8.17356e-07, 8.17356e-07, 8.17356e-07, 8.17356e-07, 8.17356e-07, 8.17356e-07, 8.17356e-07, 0.253265, 8.17356e-07, 0.0132497, 8.17356e-07, 8.17356e-07
20.1807, 0, 0.266562, 7.22161e-07, 1.41421, -0.266562, 0, 7.22161e-07, 7.22161e-07, 7.22161e-07, 7.22161e-07, 7.22161e-07, 7.22161e-07, 7.22161e-07, 7.22161e-07, 7.22161e-07, 7.22161e-07, 7.22161e-07, 7.22161e-07, 7.22161e-07, 7.22161e-07, 7.22161e-07, 7.22161e-07, 7.22161e-07, 7.22161e-07, 7.22161e-07, 0.253357, 7.22161e-07, 0.0132059, 7.22161e-07, 7.22161e-07
20.1886, 0, 0.265734, 6.10123e-07, 1.41421, -0.265734, 0, 6.10123e-07, 6.10123e-07, 6.10123e-07, 6.10123e-07, 6.10123e-07, 6.10123e-07, 6.10123e-07, 6.10123e-07, 6.10123e-07, 6.10123e-07, 6.10123e-07, 6.10123e-07, 6.10123e-07, 6.10123e-07, 6.10123e-07, 6.10123e-07, 6.10123e-07, 6.10123e-07, 6.10123e-07, 0.252554, 6.10123e-07, 0.0131808, 6.10123e-07, 6.10123e-07
20.1965, 1, 0.264016, 4.97302e-07, 1.73205, 0.735984, 0, 4.97302e-07, 4.97302e-07, 4.97302e-07, 4.97302e-07, 4.97302e-07, 4.97302e-07, 4.97302e-07, 4.97302e-07, 4.97302e-07, 4.97302e-07, 4.97302e-07, 4.97302e-07, 4.97302e-07, 4.97302e-07, 4.97302e-07, 4.97302e-07, 4.97302e-07, 4.97302e-07, 4.97302e-07, 0.250843, 4.97302e-07, 0.0131742, 4.97302e-07, 4.97302e-07
20.2043, 1, 0.261407, 3.96005e-07, 1.73205, 0.738593, 0, 3.96005e-07, 3.96005e-07, 3.96005e-07, 3.96005e-07, 3.96005e-07, 3.96005e-07, 3.96005e-07, 3.96005e-07, 3.96005e-07, 3.96005e-07, 3.96005e-07, 3.96005e-07, 3.96005e-07, 3.96005e-07, 3.96005e-07, 3.96005e-07, 3.96005e-07, 3.96005e-07, 3.96005e-07, 0.248221, 3.96005e-07, 0.0131863, 3.96005e-07, 3.96005e-07
20.2122, 0, 0.257916, 3.23629e-07, 1.41421, -0.257916, 0, 3.23629e-07, 3.23629e-07, 3.23629e-07, 3.23629e-07, 3.23629e-07, 3.23629e-07, 3.23629e-07, 3.23629e-07, 3.23629e-07, 3.23629e-07, 3.23629e-07, 3.23629e-07, 3.23629e-07, 3.23629e-07, 3.23629e-07, 3.23629e-07, 3.23629e-07, 3.23629e-07, 3.23629e-07, 0.244699, 3.23629e-07, 0.0132169, 3.23629e-07, 3.23629e-07
20.2201, 0, 0.25356, 2.56803e-07, 1.41421, -0.25356, 0, 2.56803e-07, 2.56803e-07, 2.56803e-07, 2.56803e-07, 2.56803e-07, 2.56803e-07, 2.56803e-07, 2.56803e-07, 2.56803e-07, 2.56803e-07, 2.56803e-07, 2.56803e-07, 2.56803e-07, 2.56803e-07, 2.56803e-07, 2.56803e-07, 2.56803e-07, 2.56803e-07, 2.56803e-07, 0.240294, 2.56803e-07, 0.0132657, 2.56803e-07, 2.56803e-07
20.2279, 1, 0.24837, 1.96424e-07, 1.73205, 0.75163, 0, 1.96424e-07, 1.96424e-07, 1.96424e-07, 1.96424e-07, 1.96424e-07, 1.96424e-07, 1.96424e-07, 1.96424e-07, 1.96424e-07, 1.96424e-07, 1.96424e-07, 1.96424e-07, 1.96424e-07, 1.96424e-07, 1.96424e-07, 1.96424e-07, 1.96424e-07, 1.96424e-07, 1.96424e-07, 0.235037, 1.96424e-07, 0.0133327, 1.96424e-07, 1.96424e-07
20.2358, 0, 0.242387, 1.41003e-07, 1.41421, -0.242387, 0, 1.41003e-07, 1.41003e-07, 1.41003e-07, 1.41003e-07, 1.41003e-07, 1.41003e-07, 1.41003e-07, 1.41003e-07, 1.41003e-07, 1.41003e-07, 1.41003e-07, 1.41003e-07, 1.41003e-07, 1.41003e-07, 1.41003e-07, 1.41003e-07, 1.41003e-07, 1.41003e-07, 1.41003e-07, 0.228969, 1.41003e-07, 0.0134175, 1.41003e-07, 1.41003e-07
20.2437, 0, 0.235664, 9.24375e-08, 1.41421, -0.235664, 0, 9.24375e-08, 9.24375e-08, 9.24375e-08, 9.24375e-08, 9.24375e-08, 9.24375e-08, 9.24375e-08, 9.24375e-08, 9.24375e-08, 9.24375e-08, 9.24375e-08, 9.24375e-08, 9.24375e-08, 9.24375e-08, 9.24375e-08, 9.24375e-08, 9.24375e-08, 9.24375e-08, 9.24375e-08, 0.222144, 9.24375e-08, 0.0135198, 9.24375e-08, 9.24375e-08
20.2515, 0, 0.22826, 5.28194e-08, 1.41421, -0.22826, 0, 5.28194e-08, 5.28194e-08, 5.28194e-08, 5.28194e-08, 5.28194e-08, 5.28194e-08, 5.28194e-08, 5.28194e-08, 5.28194e-08, 5.28194e-08, 5.28194e-08, 5.28194e-08, 5.28194e-08, 5.28194e-08, 5.28194e-08, 5.28194e-08, 5.28194e-08, 5.28194e-08, 5.28194e-08, 0.214621, 5.28194e-08, 0.0136394, 5.28194e-08, 5.28194e-08
20.2594, 0, 0.220246, 2.36593e-08, 1.41421, -0.220246, 0, 2.36593e-08, 2.36593e-08, 2.36593e-08, 2.36593e-08, 2.36593e-08, 2.36593e-08, 2.36593e-08, 2.36593e-08, 2.36593e-08, 2.36593e-08, 2.36593e-08, 2.36593e-08, 2.36593e-08, 2.36593e-08, 2.36593e-08, 2.36593e-08, 2.36593e-08, 2.36593e-08, 2.36593e-08, 0.20647, 2.36593e-08, 0.0137758, 2.36593e-08, 2.36593e-08
20.2673, 0, 0.211702, 5.91482e-09, 1.41421, -0.211702, 0, 5.91482e-09, 5.91482e-09, 5.91482e-09, 5.91482e-09, 5.91482e-09, 5.91482e-09, 5.91482e-09, 5.91482e-09, 5.91482e-09, 5.91482e-09, 5.91482e-09, 5.91482e-09, 5.91482e-09, 5.91482e-09, 5.91482e-09, 5.91482e-09, 5.91482e-09, 5.91482e-09, 5.91482e-09, 0.197773, 5.91482e-09, 0.0139287, 5.91482e-09, 5.91482e-09
20.2751, 0, 0.202706, 0, 1.41421, -0.202706, 0, 0, 0, 0, 0, 0, 0, 0, 0, 0, 0, 0, 0, 0, 0, 0, 0, 0, 0, 0, 0.188608, 0, 0.0140978, 0, 0
20.283, 0, 0.193354, 0, 1.41421, -0.193354, 0, 0, 0, 0, 0, 0, 0, 0, 0, 0, 0, 0, 0, 0, 0, 0, 0, 0, 0, 0, 0.179072, 0, 0.0142825, 0, 0
20.2908, 0, 0.18373, 0, 1.41421, -0.18373, 0, 0, 0, 0, 0, 0, 0, 0, 0, 0, 0, 0, 0, 0, 0, 0, 0, 0, 0, 0, 0.169248, 0, 0.0144826, 0, 0
20.2987, 0, 0.173935, 0, 1.41421, -0.173935, 0, 0, 0, 0, 0, 0, 0, 0, 0, 0, 0, 0, 0, 0, 0, 0, 0, 0, 0, 0, 0.159238, 0, 0.0146975, 0, 0
20.3066, 0, 0.164056, 0, 1.41421, -0.164056, 0, 0, 0, 0, 0, 0, 0, 0, 0, 0, 0, 0, 0, 0, 0, 0, 0, 0, 0, 0, 0.14913, 0, 0.014927, 0, 0
20.3144, 0, 0.154179, 0, 1.41421, -0.154179, 0, 0, 0, 0, 0, 0, 0, 0, 0, 0, 0, 0, 0, 0, 0, 0, 0, 0, 0, 0, 0.139008, 0, 0.0151707, 0, 0
20.3223, 0, 0.144398, 0, 1.41421, -0.144398, 0, 0, 0, 0, 0, 0, 0, 0, 0, 0, 0, 0, 0, 0, 0, 0, 0, 0, 0, 0, 0.128969, 0, 0.0154282, 0, 0
20.3302, 0, 0.134786, 0, 1.41421, -0.134786, 0, 0, 0, 0, 0, 0, 0, 0, 0, 0, 0, 0, 0, 0, 0, 0, 0, 0, 0, 0, 0.119086, 0, 0.0156993, 0, 0
20.338, 0, 0.125419, 0, 1.41421, -0.125419, 0, 0, 0, 0, 0, 0, 0, 0, 0, 0, 0, 0, 0, 0, 0, 0, 0, 0, 0, 0, 0.109436, 0, 0.0159837, 0, 0
20.3459, 0, 0.116364, 0, 1.41421, -0.116364, 0, 0, 0, 0, 0, 0, 0, 0, 0, 0, 0, 0, 0, 0, 0, 0, 0, 0, 0, 0, 0.100083, 0, 0.0162811, 0, 0
20.3538, 0, 0.10768, 0, 1.41421, -0.10768, 0, 0, 0, 0, 0, 0, 0, 0, 0, 0, 0, 0, 0, 0, 0, 0, 0, 0, 0, 0, 0.0910888, 0, 0.0165913, 0, 0
20.3616, 0, 0.0994115, 0, 1.41421, -0.0994115, 0, 0, 0, 0, 0, 0, 0, 0, 0, 0, 0, 0, 0, 0, 0, 0, 0, 0, 0, 0, 0.0824974, 0, 0.0169141, 0, 0
20.3695, 0, 0.0916, 0, 1.41421, -0.0916, 0, 0, 0, 0, 0, 0, 0, 0, 0, 0, 0, 0, 0, 0, 0, 0, 0, 0, 0, 0, 0.0743506, 0, 0.0172494, 0, 0
20.3774, 0, 0.0842776, 0, 1.41421, -0.0842776, 0, 0, 0, 0, 0, 0, 0, 0, 0, 0, 0, 0, 0, 0, 0, 0, 0, 0, 0, 0, 0.0666806, 0, 0.017597, 0, 0
20.3852, 0, 0.0774602, 0, 1.41421, -0.0774602, 0, 0, 0, 0, 0, 0, 0, 0, 0, 0, 0, 0, 0, 0, 0, 0, 0, 0, 0, 0, 0.0595032, 0, 0.0179571, 0, 0
20.3931, 0, 0.0711674, 0, 1.41421, -0.0711674, 0, 0, 0, 0, 0, 0, 0, 0, 0, 0, 0, 0, 0, 0, 0, 0, 0, 0, 0, 0, 0.0528382, 0, 0.0183292, 0, 0
20.401, 0.934804, 0.0654002, 0, 1.71313, 0.869404, 0, 0, 0, 0, 0, 0, 0, 0, 0, 0, 0, 0, 0, 0, 0, 0, 0, 0, 0, 0, 0.0466865, 0, 0.0187137, 0, 0
20.4088, 0.0651958, 0.0601533, 0, 1.43708, 0.00504255, 0, 0, 0, 0, 0, 0, 0, 0, 0, 0, 0, 0, 0, 0, 0, 0, 0, 0, 0, 0, 0.0410427, 0, 0.0191106, 0, 0
20.4167, 0, 0.0554227, 0, 1.41421, -0.0554227, 0, 0, 0, 0, 0, 0, 0, 0, 0, 0, 0, 0, 0, 0, 0, 0, 0, 0, 0, 0, 0.035903, 0, 0.0195198, 0, 0
20.4245, 0, 0.0511899, 0, 1.41421, -0.0511899, 0, 0, 0, 0, 0, 0, 0, 0, 0, 0, 0, 0, 0, 0, 0, 0, 0, 0, 0, 0, 0.0312484, 0, 0.0199415, 0, 0
20.4324, 0, 0.0474365, 0, 1.41421, -0.0474365, 0, 0, 0, 0, 0, 0, 0, 0, 0, 0, 0, 0, 0, 0, 0, 0, 0, 0, 0, 0, 0.0270607, 0, 0.0203758, 0, 0
20.4403, 0, 0.0441392, 0, 1.41421, -0.0441392, 0, 0, 0, 0, 0, 0, 0, 0, 0, 0, 0, 0, 0, 0, 0, 0, 0, 0, 0, 0, 0.0233163, 0, 0.0208229, 0, 0
20.4481, 0, 0.0412724, 0, 1.41421, -0.0412724, 0, 0, 0, 0, 0, 0, 0, 0, 0, 0, 0, 0, 0, 0, 0, 0, 0, 0, 0, 0, 0.0199895, 0, 0.0212829, 0, 0
20.456, 0, 0.0388064, 0, 1.41421, -0.0388064, 0, 0, 0, 0, 0, 0, 0, 0, 0, 0, 0, 0, 0, 0, 0, 0, 0, 0, 0, 0, 0.0170502, 0, 0.0217562, 0, 0
20.4639, 0, 0.0367125, 0, 1.41421, -0.0367125, 0, 0, 0, 0, 0, 0, 0, 0, 0, 0, 0, 0, 0, 0, 0, 0, 0, 0, 0, 0, 0.0144697, 0, 0.0222428, 0, 0
20.4717, 0, 0.0349612, 0, 1.41421, -0.0349612, 0, 0, 0, 0, 0, 0, 0, 0, 0, 0, 0, 0, 0, 0, 0, 0, 0, 0, 0, 0, 0.0122182, 0, 0.022743, 0, 0
20.4796, 0, 0.0335213, 0, 1.41421, -0.0335213, 0, 0, 0, 0, 0, 0, 0, 0, 0, 0, 0, 0, 0, 0, 0, 0, 0, 0, 0, 0, 0.010264, 0, 0.0232574, 0, 0
20.4875, 0, 0.0323651, 0, 1.41421, -0.0323651, 0, 0, 0, 0, 0, 0, 0, 0, 0, 0, 0, 0, 0, 0, 0, 0, 0, 0, 0, 0, 0.00857939, 0, 0.0237857, 0, 0
20.4953, 0, 0.0314636, 0, 1.41421, -0.0314636, 0, 0, 0, 0, 0, 0, 0, 0, 0, 0, 0, 0, 0, 0, 0, 0, 0, 0, 0, 0, 0.00713502, 0, 0.0243285, 0, 0
20.5032, 0.903322, 0.0307897, 0, 1.70391, 0.872532, 0, 0, 0, 0, 0, 0, 0, 0, 0, 0, 0, 0, 0, 0, 0, 0, 0, 0, 0, 0, 0.00590322, 0, 0.0248865, 0, 0
20.5111, 0.0966782, 0.0303191, 0, 1.44799, 0.0663592, 0, 0, 0, 0, 0, 0, 0, 0, 0, 0, 0, 0, 0, 0, 0, 0, 0, 0, 0, 0, 0.0048598, 0, 0.0254593, 0, 0
20.5189, 1, 0.030028, 0, 1.73205, 0.969972, 0, 0, 0, 0, 0, 0, 0, 0, 0, 0, 0, 0, 0, 0, 0, 0, 0, 0, 0, 0, 0.00398037, 0, 0.0260477, 0, 0
20.5268, 0, 0.0298954, 0, 1.41421, -0.0298954, 0, 0, 0, 0, 0, 0, 0, 0, 0, 0, 0, 0, 0, 0, 0, 0, 0, 0, 0, 0, 0.00324357, 0, 0.0266519, 0, 0
20.5347, 0, 0.029902, 0, 1.41421, -0.029902, 0, 0, 0, 0, 0, 0, 0, 0, 0, 0, 0, 0, 0, 0, 0, 0, 0, 0, 0, 0, 0.00262978, 0, 0.0272722, 0, 0
20.5425, 0, 0.0300303, 0, 1.41421, -0.0300303, 0, 0, 0, 0, 0, 0, 0, 0, 0, 0, 0, 0, 0, 0, 0, 0, 0, 0, 0, 0, 0.00212135, 0, 0.027909, 0, 0
20.5504, 0, 0.030265, 0, 1.41421, -0.030265, 0, 0, 0, 0, 0, 0, 0, 0, 0, 0, 0, 0, 0, 0, 0, 0, 0, 0, 0, 0, 0.00170267, 0, 0.0285624, 0, 0
20.5583, 0, 0.0305926, 0, 1.41421, -0.0305926, 0, 0, 0, 0, 0, 0, 0, 0, 0, 0, 0, 0, 0, 0, 0, 0, 0, 0, 0, 0, 0.00135964, 0, 0.029233, 0, 0
20.5661, 0, 0.0310012, 0, 1.41421, -0.0310012, 0, 0, 0, 0, 0, 0, 0, 0, 0, 0, 0, 0, 0, 0, 0, 0, 0, 0, 0, 0, 0.00108024, 0, 0.0299209, 0, 0
20.574, 0, 0.0314804, 0, 1.41421, -0.0314804, 0, 0, 0, 0, 0, 0, 0, 0, 0, 0, 0, 0, 0, 0, 0, 0, 0, 0, 0, 0, 0.000853923, 0, 0.0306265, 0, 0
20.5818, 0, 0.0320213, 0, 1.41421, -0.0320213, 0, 0, 0, 0, 0, 0, 0, 0, 0, 0, 0, 0, 0, 0, 0, 0, 0, 0, 0, 0, 0.000671667, 0, 0.0313497, 0, 0
20.5897, 0, 0.0326166, 0, 1.41421, -0.0326166, 0, 0, 0, 0, 0, 0, 0, 0, 0, 0, 0, 0, 0, 0, 0, 0, 0, 0, 0, 0, 0.000525624, 0, 0.032091, 0, 0
20.5976, 0, 0.0332597, 0, 1.41421, -0.0332597, 0, 0, 0, 0, 0, 0, 0, 0, 0, 0, 0, 0, 0, 0, 0, 0, 0, 0, 0, 0, 0.000409273, 0, 0.0328505, 0, 0
20.6054, 0, 0.033945, 0, 1.41421, -0.033945, 0, 0, 0, 0, 0, 0, 0, 0, 0, 0, 0, 0, 0, 0, 0, 0, 0, 0, 0, 0, 0.000317103, 0, 0.0336279, 0, 0
20.6133, 0, 0.0346684, 0, 1.41421, -0.0346684, 0, 0, 0, 0, 0, 0, 0, 0, 0, 0, 0, 0, 0, 0, 0, 0, 0, 0, 0, 0, 0.000244436, 0, 0.034424, 0, 0
20.6212, 0, 0.0354253, 0, 1.41421, -0.0354253, 0, 0, 0, 0, 0, 0, 0, 0, 0, 0, 0, 0, 0, 0, 0, 0, 0, 0, 0, 0, 0.000187512, 0, 0.0352378, 0, 0
20.629, 0, 0.0362128, 0, 1.41421, -0.0362128, 0, 0, 0, 0, 0, 0, 0, 0, 0, 0, 0, 0, 0, 0, 0, 0, 0, 0, 0, 0, 0.000143127, 0, 0.0360697, 0, 0
20.6369, 0, 0.037028, 0, 1.41421, -0.037028, 0, 0, 0, 0, 0, 0, 0, 0, 0, 0, 0, 0, 0, 0, 0, 0, 0, 0, 0, 0, 0.000108716, 0, 0.0369193, 0, 0
20.6448, 0, 0.0378681, 0, 1.41421, -0.0378681, 0, 0, 0, 0, 0, 0, 0, 0, 0, 0, 0, 0, 0, 0, 0, 0, 0, 0, 0, 0, 8.21875e-05, 0, 0.0377859, 0, 0
20.6526, 0, 0.0387313, 0, 1.41421, -0.0387313, 0, 0, 0, 0, 0, 0, 0, 0, 0, 0, 0, 0, 0, 0, 0, 0, 0, 0, 0, 0, 6.18364e-05, 0, 0.0386695, 0, 0
20.6605, 0, 0.0396155, 0, 1.41421, -0.0396155, 0, 0, 0, 0, 0, 0, 0, 0, 0, 0, 0, 0, 0, 0, 0, 0, 0, 0, 0, 0, 4.63129e-05, 0, 0.0395692, 0, 0
20.6684, 0, 0.0405187, 0, 1.41421, -0.0405187, 0, 0, 0, 0, 0, 0, 0, 0, 0, 0, 0, 0, 0, 0, 0, 0, 0, 0, 0, 0, 3.45366e-05, 0, 0.0404841, 0, 0
20.6762, 0, 0.0414388, 0, 1.41421, -0.0414388, 0, 0, 0, 0, 0, 0, 0, 0, 0, 0, 0, 0, 0, 0, 0, 0, 0, 0, 0, 0, 2.5654e-05, 0, 0.0414131, 0, 0
20.6841, 0, 0.0423744, 0, 1.41421, -0.0423744, 0, 0, 0, 0, 0, 0, 0, 0, 0, 0, 0, 0, 0, 0, 0, 0, 0, 0, 0, 0, 1.89882e-05, 0, 0.0423554, 0, 0
20.692, 0, 0.0433234, 0, 1.41421, -0.0433234, 0, 0, 0, 0, 0, 0, 0, 0, 0, 0, 0, 0, 0, 0, 0, 0, 0, 0, 0, 0, 1.40161e-05, 0, 0.0433094, 0, 0
20.6998, 0, 0.0442836, 0, 1.41421, -0.0442836, 0, 0, 0, 0, 0, 0, 0, 0, 0, 0, 0, 0, 0, 0, 0, 0, 0, 0, 0, 0, 1.03304e-05, 0, 0.0442733, 0, 0
20.7077, 0, 0.0452536, 0, 1.41421, -0.0452536, 0, 0, 0, 0, 0, 0, 0, 0, 0, 0, 0, 0, 0, 0, 0, 0, 0, 0, 0, 0, 7.61276e-06, 0, 0.045246, 0, 0
20.7155, 0, 0.0462303, 0, 1.41421, -0.0462303, 0, 0, 0, 0, 0, 0, 0, 0, 0, 0, 0, 0, 0, 0, 0, 0, 0, 0, 0, 0, 5.62625e-06, 0, 0.0462246, 0, 0
20.7234, 1, 0.0472118, 0, 1.73205, 0.952788, 0, 0, 0, 0, 0, 0, 0, 0, 0, 0, 0, 0, 0, 0, 0, 0, 0, 0, 0, 0, 4.18506e-06, 0, 0.0472076, 0, 0
20.7313, 0, 0.0481955, 0, 1.41421, -0.0481955, 0, 0, 0, 0, 0, 0, 0, 0, 0, 0, 0, 0, 0, 0, 0, 0, 0, 0, 0, 0, 3.14922e-06, 0, 0.0481924, 0, 0
20.7391, 0, 0.0491783, 0, 1.41421, -0.0491783, 0, 0, 0, 0, 0, 0, 0, 0, 0, 0, 0, 0, 0, 0, 0, 0, 0, 0, 0, 0, 2.41369e-06, 0, 0.0491759, 0, 0
20.747, 0, 0.0501577, 0, 1.41421, -0.0501577, 0, 0, 0, 0, 0, 0, 0, 0, 0, 0, 0, 0, 0, 0, 0, 0, 0, 0, 0, 0, 1.8994e-06, 0, 0.0501558, 0, 0
20.7549, 0, 0.0511305, 0, 1.41421, -0.0511305, 0, 0, 0, 0, 0, 0, 0, 0, 0, 0, 0, 0, 0, 0, 0, 0, 0, 0, 0, 0, 1.54801e-06, 0, 0.0511289, 0, 0
20.7627, 0, 0.0520932, 0, 1.41421, -0.0520932, 0, 0, 0, 0, 0, 0, 0, 0, 0, 0, 0, 0, 0, 0, 0, 0, 0, 0, 0, 0, 1.31611e-06, 0, 0.0520919, 0, 0
20.7706, 0.821517, 0.0530423, 0, 1.67974, 0.768475, 0, 0, 0, 0, 0, 0, 0, 0, 0, 0, 0, 0, 0, 0, 0, 0, 0, 0, 0, 0, 1.1718e-06, 0, 0.0530411, 0, 0
20.7785, 0.178483, 0.0539748, 0, 1.47597, 0.124508, 0, 0, 0, 0, 0, 0, 0, 0, 0, 0, 0, 0, 0, 0, 0, 0, 0, 0, 0, 0, 1.09157e-06, 0, 0.0539737, 0, 0
20.7863, 0, 0.0548861, 0, 1.41421, -0.0548861, 0, 0, 0, 0, 0, 0, 0, 0, 0, 0, 0, 0, 0, 0, 0, 0, 0, 0, 0, 0, 1.05839e-06, 0, 0.054885, 0, 0
20.7942, 0, 0.0557731, 0, 1.41421, -0.0557731, 0, 0, 0, 0, 0, 0, 0, 0, 0, 0, 0, 0, 0, 0, 0, 0, 0, 0, 0, 0, 1.05976e-06, 0, 0.0557721, 0, 0
20.8021, 0, 0.0566318, 0, 1.41421, -0.0566318, 0, 0, 0, 0, 0, 0, 0, 0, 0, 0, 0, 0, 0, 0, 0, 0, 0, 0, 0, 0, 1.08664e-06, 0, 0.0566307, 0, 0
20.8099, 0, 0.0574581, 0, 1.41421, -0.0574581, 0, 0, 0, 0, 0, 0, 0, 0, 0, 0, 0, 0, 0, 0, 0, 0, 0, 0, 0, 0, 1.13237e-06, 0, 0.057457, 0, 0
20.8178, 0, 0.0582488, 0, 1.41421, -0.0582488, 0, 0, 0, 0, 0, 0, 0, 0, 0, 0, 0, 0, 0, 0, 0, 0, 0, 0, 0, 0, 1.19213e-06, 0, 0.0582476, 0, 0
20.8257, 0, 0.0589993, 0, 1.41421, -0.0589993, 0, 0, 0, 0, 0, 0, 0, 0, 0, 0, 0, 0, 0, 0, 0, 0, 0, 0, 0, 0, 1.26221e-06, 0, 0.0589981, 0, 0
20.8335, 0, 0.0597064, 0, 1.41421, -0.0597064, 0, 0, 0, 0, 0, 0, 0, 0, 0, 0, 0, 0, 0, 0, 0, 0, 0, 0, 0, 0, 1.33985e-06, 0, 0.059705, 0, 0
20.8414, 0.799703, 0.0603669, 0, 1.67323, 0.739336, 0, 0, 0, 0, 0, 0, 0, 0, 0, 0, 0, 0, 0, 0, 0, 0, 0, 0, 0, 0, 1.42278e-06, 0, 0.0603654, 0, 0
20.8492, 0.200297, 0.0609768, 0, 1.48334, 0.139321, 0, 0, 0, 0, 0, 0, 0, 0, 0, 0, 0, 0, 0, 0, 0, 0, 0, 0, 0, 0, 1.50748e-06, 0, 0.0609752, 0, 0
20.8571, 0, 0.0615334, 0, 1.41421, -0.0615334, 0, 0, 0, 0, 0, 0, 0, 0, 0, 0, 0, 0, 0, 0, 0, 0, 0, 0, 0, 0, 1.59535e-06, 0, 0.0615318, 0, 0
20.865, 0, 0.0620338, 0, 1.41421, -0.0620338, 0, 0, 0, 0, 0, 0, 0, 0, 0, 0, 0, 0, 0, 0, 0, 0, 0, 0, 0, 0, 1.68637e-06, 0, 0.0620321, 0, 0
20.8728, 0, 0.0624755, 0, 1.41421, -0.0624755, 0, 0, 0, 0, 0, 0, 0, 0, 0, 0, 0, 0, 0, 0, 0, 0, 0, 0, 0, 0, 1.77698e-06, 0, 0.0624737, 0, 0
20.8807, 0, 0.0628562, 0, 1.41421, -0.0628562, 0, 0, 0, 0, 0, 0, 0, 0, 0, 0, 0, 0, 0, 0, 0, 0, 0, 0, 0, 0, 1.8659e-06, 0, 0.0628543, 0, 0
20.8886, 0, 0.0631742, 0, 1.41421, -0.0631742, 0, 0, 0, 0, 0, 0, 0, 0, 0, 0, 0, 0, 0, 0, 0, 0, 0, 0, 0, 0, 1.95217e-06, 0, 0.0631723, 0, 0
20.8964, 0, 0.0634282, 0, 1.41421, -0.0634282, 0, 0, 0, 0, 0, 0, 0, 0, 0, 0, 0, 0, 0, 0, 0, 0, 0, 0, 0, 0, 2.03479e-06, 0, 0.0634262, 0, 0
20.9043, 0, 0.063617, 0, 1.41421, -0.063617, 0, 0, 0, 0, 0, 0, 0, 0, 0, 0, 0, 0, 0, 0, 0, 0, 0, 0, 0, 0, 2.11282e-06, 0, 0.0636149, 0, 0
20.9122, 0, 0.0637402, 0, 1.41421, -0.0637402, 0, 0, 0, 0, 0, 0, 0, 0, 0, 0, 0, 0, 0, 0, 0, 0, 0, 0, 0, 0, 2.18541e-06, 0, 0.063738, 0, 0
20.92, 0, 0.0637975, 0, 1.41421, -0.0637975, 0, 0, 0, 0, 0, 0, 0, 0, 0, 0, 0, 0, 0, 0, 0, 0, 0, 0, 0, 0, 2.25163e-06, 0, 0.0637952, 0, 0
20.9279, 0, 0.0637893, 0, 1.41421, -0.0637893, 0, 0, 0, 0, 0, 0, 0, 0, 0, 0, 0, 0, 0, 0, 0, 0, 0, 0, 0, 0, 2.31075e-06, 0, 0.063787, 0, 0
20.9358, 0, 0.0637164, 0, 1.41421, -0.0637164, 0, 0, 0, 0, 0, 0, 0, 0, 0, 0, 0, 0, 0, 0, 0, 0, 0, 0, 0, 0, 2.36206e-06, 0, 0.0637141, 0, 0
20.9436, 0, 0.0635799, 0, 1.41421, -0.0635799, 0, 0, 0, 0, 0, 0, 0, 0, 0, 0, 0, 0, 0, 0, 0, 0, 0, 0, 0, 0, 2.40487e-06, 0, 0.0635775, 0, 0
20.9515, 0, 0.0633814, 0, 1.41421, -0.0633814, 0, 0, 0, 0, 0, 0, 0, 0, 0, 0, 0, 0, 0, 0, 0, 0, 0, 0, 0, 0, 2.43868e-06, 0, 0.0633789, 0, 0
20.9594, 0, 0.0631228, 0, 1.41421, -0.0631228, 0, 0, 0, 0, 0, 0, 0, 0, 0, 0, 0, 0, 0, 0, 0, 0, 0, 0, 0, 0, 2.46307e-06, 0, 0.0631203, 0, 0
20.9672, 0, 0.0628063, 0, 1.41421, -0.0628063, 0, 0, 0, 0, 0, 0, 0, 0, 0, 0, 0, 0, 0, 0, 0, 0, 0, 0, 0, 0, 2.47773e-06, 0, 0.0628038, 0, 0
20.9751, 0, 0.0624349, 0, 1.41421, -0.0624349, 0, 0, 0, 0, 0, 0, 0, 0, 0, 0, 0, 0, 0, 0, 0, 0, 0, 0, 0, 0, 2.48248e-06, 0, 0.0624324, 0, 0
20.9829, 0, 0.062011, 0, 1.41421, -0.062011, 0, 0, 0, 0, 0, 0, 0, 0, 0, 0, 0, 0, 0, 0, 0, 0, 0, 0, 0, 0, 2.47727e-06, 0, 0.0620086, 0, 0
20.9908, 0, 0.0615381, 0, 1.41421, -0.0615381, 0, 0, 0, 0, 0, 0, 0, 0, 0, 0, 0, 0, 0, 0, 0, 0, 0, 0, 0, 0, 2.46217e-06, 0, 0.0615357, 0, 0
20.9987, 0, 0.0610196, 0, 1.41421, -0.0610196, 0, 0, 0, 0, 0, 0, 0, 0, 0, 0, 0, 0, 0, 0, 0, 0, 0, 0, 0, 0, 2.4374e-06, 0, 0.0610172, 0, 0
21.0065, 0, 0.0604586, 0, 1.41421, -0.0604586, 0, 0, 0, 0, 0, 0, 0, 0, 0, 0, 0, 0, 0, 0, 0, 0, 0, 0, 0, 0, 2.40326e-06, 0, 0.0604562, 0, 0
21.0144, 0, 0.0598594, 0, 1.41421, -0.0598594, 0, 0, 0, 0, 0, 0, 0, 0, 0, 0, 0, 0, 0, 0, 0, 0, 0, 0, 0, 0, 2.36025e-06, 0, 0.059857, 0, 0
21.0223, 0, 0.0592252, 0, 1.41421, -0.0592252, 0, 0, 0, 0, 0, 0, 0, 0, 0, 0, 0, 0, 0, 0, 0, 0, 0, 0, 0, 0, 2.3089e-06, 0, 0.0592229, 0, 0
21.0301, 0, 0.0585596, 0, 1.41421, -0.0585596, 0, 0, 0, 0, 0, 0, 0, 0, 0, 0, 0, 0, 0, 0, 0, 0, 0, 0, 0, 0, 2.24983e-06, 0, 0.0585574, 0, 0
21.038, 0.739346, 0.057867, 0, 1.6551, 0.681479, 0, 0, 0, 0, 0, 0, 0, 0, 0, 0, 0, 0, 0, 0, 0, 0, 0, 0, 0, 0, 2.18383e-06, 0, 0.0578648, 0, 0
21.0459, 0.260654, 0.0571503, 0, 1.50355, 0.203504, 0, 0, 0, 0, 0, 0, 0, 0, 0, 0, 0, 0, 0, 0, 0, 0, 0, 0, 0, 0, 2.11165e-06, 0, 0.0571482, 0, 0
21.0537, 0, 0.0564139, 0, 1.41421, -0.0564139, 0, 0, 0, 0, 0, 0, 0, 0, 0, 0, 0, 0, 0, 0, 0, 0, 0, 0, 0, 0, 2.03422e-06, 0, 0.0564119, 0, 0
21.0616, 0, 0.0556606, 0, 1.41421, -0.0556606, 0, 0, 0, 0, 0, 0, 0, 0, 0, 0, 0, 0, 0, 0, 0, 0, 0, 0, 0, 0, 1.95238e-06, 0, 0.0556587, 0, 0
21.0695, 0, 0.0548941, 0, 1.41421, -0.0548941, 0, 0, 0, 0, 0, 0, 0, 0, 0, 0, 0, 0, 0, 0, 0, 0, 0, 0, 0, 0, 1.86706e-06, 0, 0.0548922, 0, 0
21.0773, 0, 0.0541176, 0, 1.41421, -0.0541176, 0, 0, 0, 0, 0, 0, 0, 0, 0, 0, 0, 0, 0, 0, 0, 0, 0, 0, 0, 0, 1.77922e-06, 0, 0.0541158, 0, 0
21.0852, 0, 0.0533338, 0, 1.41421, -0.0533338, 0, 0, 0, 0, 0, 0, 0, 0, 0, 0, 0, 0, 0, 0, 0, 0, 0, 0, 0, 0, 1.6897e-06, 0, 0.0533321, 0, 0
21.0931, 0, 0.0525455, 0, 1.41421, -0.0525455, 0, 0, 0, 0, 0, 0, 0, 0, 0, 0, 0, 0, 0, 0, 0, 0, 0, 0, 0, 0, 1.59944e-06, 0, 0.0525439, 0, 0
21.1009, 0, 0.0517553, 0, 1.41421, -0.0517553, 0, 0, 0, 0, 0, 0, 0, 0, 0, 0, 0, 0, 0, 0, 0, 0, 0, 0, 0, 0, 1.50927e-06, 0, 0.0517538, 0, 0
21.1088, 0, 0.0509657, 0, 1.41421, -0.0509657, 0, 0, 0, 0, 0, 0, 0, 0, 0, 0, 0, 0, 0, 0, 0, 0, 0, 0, 0, 0, 1.42003e-06, 0, 0.0509643, 0, 0
21.1166, 0, 0.0501784, 0, 1.41421, -0.0501784, 0, 0, 0, 0, 0, 0, 0, 0, 0, 0, 0, 0, 0, 0, 0, 0, 0, 0, 0, 0, 1.33239e-06, 0, 0.050177, 0, 0
21.1245, 0, 0.0493953, 0, 1.41421, -0.0493953, 0, 0, 0, 0, 0, 0, 0, 0, 0, 0, 0, 0, 0, 0, 0, 0, 0, 0, 0, 0, 1.24706e-06, 0, 0.049394, 0, 0
21.1324, 0, 0.0486182, 0, 1.41421, -0.0486182, 0, 0, 0, 0, 0, 0, 0, 0, 0, 0, 0, 0, 0, 0, 0, 0, 0, 0, 0, 0, 1.16467e-06, 0, 0.048617, 0, 0
21.1402, 0.708127, 0.0478479, 0, 1.64564, 0.660279, 0, 0, 0, 0, 0, 0, 0, 0, 0, 0, 0, 0, 0, 0, 0, 0, 0, 0, 0, 0, 1.08566e-06, 0, 0.0478468, 0, 0
21.1481, 0.291873, 0.0470862, 0, 1.51389, 0.244787, 0, 0, 0, 0, 0, 0, 0, 0, 0, 0, 0, 0, 0, 0, 0, 0, 0, 0, 0, 0, 1.01056e-06, 0, 0.0470852, 0, 0
21.156, 0, 0.0463334, 0, 1.41421, -0.0463334, 0, 0, 0, 0, 0, 0, 0, 0, 0, 0, 0, 0, 0, 0, 0, 0, 0, 0, 0, 0, 9.39681e-07, 0, 0.0463325, 0, 0
21.1638, 0, 0.0455905, 0, 1.41421, -0.0455905, 0, 0, 0, 0, 0, 0, 0, 0, 0, 0, 0, 0, 0, 0, 0, 0, 0, 0, 0, 0, 8.73316e-07, 0, 0.0455896, 0, 0
21.1717, 1, 0.0448581, 0, 1.73205, 0.955142, 0, 0, 0, 0, 0, 0, 0, 0, 0, 0, 0, 0, 0, 0, 0, 0, 0, 0, 0, 0, 8.11689e-07, 0, 0.0448573, 0, 0
21.1796, 0, 0.0441361, 0, 1.41421, -0.0441361, 0, 0, 0, 0, 0, 0, 0, 0, 0, 0, 0, 0, 0, 0, 0, 0, 0, 0, 0, 0, 7.54901e-07, 0, 0.0441353, 0, 0
21.1874, 0, 0.0434249, 0, 1.41421, -0.0434249, 0, 0, 0, 0, 0, 0, 0, 0, 0, 0, 0, 0, 0, 0, 0, 0, 0, 0, 0, 0, 7.03034e-07, 0, 0.0434242, 0, 0
21.1953, 0, 0.0427245, 0, 1.41421, -0.0427245, 0, 0, 0, 0, 0, 0, 0, 0, 0, 0, 0, 0, 0, 0, 0, 0, 0, 0, 0, 0, 6.56091e-07, 0, 0.0427238, 0, 0
21.2032, 0, 0.042035, 0, 1.41421, -0.042035, 0, 0, 0, 0, 0, 0, 0, 0, 0, 0, 0, 0, 0, 0, 0, 0, 0, 0, 0, 0, 6.14029e-07, 0, 0.0420343, 0, 0
21.211, 0, 0.0413556, 0, 1.41421, -0.0413556, 0, 0, 0, 0, 0, 0, 0, 0, 0, 0, 0, 0, 0, 0, 0, 0, 0, 0, 0, 0, 5.76713e-07, 0, 0.041355, 0, 0
21.2189, 0, 0.0406867, 0, 1.41421, -0.0406867, 0, 0, 0, 0, 0, 0, 0, 0, 0, 0, 0, 0, 0, 0, 0, 0, 0, 0, 0, 0, 5.44035e-07, 0, 0.0406861, 0, 0
21.2268, 0, 0.0400276, 0, 1.41421, -0.0400276, 0, 0, 0, 0, 0, 0, 0, 0, 0, 0, 0, 0, 0, 0, 0, 0, 0, 0, 0, 0, 5.1579e-07, 0, 0.040027, 0, 0
21.2346, 0, 0.0393775, 0, 1.41421, -0.0393775, 0, 0, 0, 0, 0, 0, 0, 0, 0, 0, 0, 0, 0, 0, 0, 0, 0, 0, 0, 0, 4.91753e-07, 0, 0.0393771, 0, 0
21.2425, 0, 0.0387367, 0, 1.41421, -0.0387367, 0, 0, 0, 0, 0, 0, 0, 0, 0, 0, 0, 0, 0, 0, 0, 0, 0, 0, 0, 0, 4.7171e-07, 0, 0.0387363, 0, 0
21.2503, 0, 0.0381042, 0, 1.41421, -0.0381042, 0, 0, 0, 0, 0, 0, 0, 0, 0, 0, 0, 0, 0, 0, 0, 0, 0, 0, 0, 0, 4.55384e-07, 0, 0.0381038, 0, 0
21.2582, 0, 0.0374796, 0, 1.41421, -0.0374796, 0, 0, 0, 0, 0, 0, 0, 0, 0, 0, 0, 0, 0, 0, 0, 0, 0, 0, 0, 0, 4.42508e-07, 0, 0.0374792, 0, 0
21.2661, 0, 0.0368627, 0, 1.41421, -0.0368627, 0, 0, 0, 0, 0, 0, 0, 0, 0, 0, 0, 0, 0, 0, 0, 0, 0, 0, 0, 0, 4.32801e-07, 0, 0.0368622, 0, 0
21.2739, 0, 0.0362524, 0, 1.41421, -0.0362524, 0, 0, 0, 0, 0, 0, 0, 0, 0, 0, 0, 0, 0, 0, 0, 0, 0, 0, 0, 0, 4.25967e-07, 0, 0.0362519, 0, 0
21.2818, 0, 0.0356489, 0, 1.41421, -0.0356489, 0, 0, 0, 0, 0, 0, 0, 0, 0, 0, 0, 0, 0, 0, 0, 0, 0, 0, 0, 0, 4.21722e-07, 0, 0.0356485, 0, 0
21.2897, 0, 0.0350514, 0, 1.41421, -0.0350514, 0, 0, 0, 0, 0, 0, 0, 0, 0, 0, 0, 0, 0, 0, 0, 0, 0, 0, 0, 0, 4.19771e-07, 0, 0.035051, 0, 0
21.2975, 0, 0.0344597, 0, 1.41421, -0.0344597, 0, 0, 0, 0, 0, 0, 0, 0, 0, 0, 0, 0, 0, 0, 0, 0, 0, 0, 0, 0, 4.19826e-07, 0, 0.0344593, 0, 0
21.3054, 0, 0.0338734, 0, 1.41421, -0.0338734, 0, 0, 0, 0, 0, 0, 0, 0, 0, 0, 0, 0, 0, 0, 0, 0, 0, 0, 0, 0, 4.21605e-07, 0, 0.033873, 0, 0
21.3133, 0, 0.0332924, 0, 1.41421, -0.0332924, 0, 0, 0, 0, 0, 0, 0, 0, 0, 0, 0, 0, 0, 0, 0, 0, 0, 0, 0, 0, 4.24831e-07, 0, 0.033292, 0, 0
21.3211, 0.652626, 0.0327162, 0, 1.62869, 0.61991, 0, 0, 0, 0, 0, 0, 0, 0, 0, 0, 0, 0, 0, 0, 0, 0, 0, 0, 0, 0, 4.29238e-07, 0, 0.0327158, 0, 0
21.329, 0.997845, 0.0321449, 0, 1.73143, 0.9657, 0, 0, 0, 0, 0, 0, 0, 0, 0, 0, 0, 0, 0, 0, 0, 0, 0, 0, 0, 0, 4.34567e-07, 0, 0.0321444, 0, 0
21.3369, 1.34953, 0.0315783, 0, 1.83017, 1.31795, 0, 0, 0, 0, 0, 0, 0, 0, 0, 0, 0, 0, 0, 0, 0, 0, 0, 0, 0, 0, 4.4057e-07, 0, 0.0315779, 0, 0
21.3447, 0, 0.0310161, 0, 1.41421, -0.0310161, 0, 0, 0, 0, 0, 0, 0, 0, 0, 0, 0, 0, 0, 0, 0, 0, 0, 0, 0, 0, 4.47019e-07, 0, 0.0310157, 0, 0
21.3526, 0, 0.0304588, 0, 1.41421, -0.0304588, 0, 0, 0, 0, 0, 0, 0, 0, 0, 0, 0, 0, 0, 0, 0, 0, 0, 0, 0, 0, 4.53684e-07, 0, 0.0304584, 0, 0
21.3605, 1.64049, 0.0299062, 0, 1.90801, 1.61058, 0, 0, 0, 0, 0, 0, 0, 0, 0, 0, 0, 0, 0, 0, 0, 0, 0, 0, 0, 0, 4.60363e-07, 0, 0.0299058, 0, 0
21.3683, 0.359514, 0.0293581, 0, 1.53607, 0.330156, 0, 0, 0, 0, 0, 0, 0, 0, 0, 0, 0, 0, 0, 0, 0, 0, 0, 0, 0, 0, 4.66868e-07, 0, 0.0293577, 0, 0
21.3762, 0, 0.0288152, 0, 1.41421, -0.0288152, 0, 0, 0, 0, 0, 0, 0, 0, 0, 0, 0, 0, 0, 0, 0, 0, 0, 0, 0, 0, 4.73014e-07, 0, 0.0288148, 0, 0
21.3841, 0, 0.0282773, 0, 1.41421, -0.0282773, 0, 0, 0, 0, 0, 0, 0, 0, 0, 0, 0, 0, 0, 0, 0, 0, 0, 0, 0, 0, 4.78649e-07, 0, 0.0282768, 0, 0
21.3919, 0, 0.0277447, 0, 1.41421, -0.0277447, 0, 0, 0, 0, 0, 0, 0, 0, 0, 0, 0, 0, 0, 0, 0, 0, 0, 0, 0, 0, 4.83627e-07, 0, 0.0277442, 0, 0
21.3998, 0, 0.0272176, 0, 1.41421, -0.0272176, 0, 0, 0, 0, 0, 0, 0, 0, 0, 0, 0, 0, 0, 0, 0, 0, 0, 0, 0, 0, 4.87826e-07, 0, 0.0272171, 0, 0
21.4076, 0, 0.0266963, 0, 1.41421, -0.0266963, 0, 0, 0, 0, 0, 0, 0, 0, 0, 0, 0, 0, 0, 0, 0, 0, 0, 0, 0, 0, 4.91139e-07, 0, 0.0266958, 0, 0
21.4155, 0, 0.026181, 0, 1.41421, -0.026181, 0, 0, 0, 0, 0, 0, 0, 0, 0, 0, 0, 0, 0, 0, 0, 0, 0, 0, 0, 0, 4.93482e-07, 0, 0.0261805, 0, 0
21.4234, 0, 0.0256719, 0, 1.41421, -0.0256719, 0, 0, 0, 0, 0, 0, 0, 0, 0, 0, 0, 0, 0, 0, 0, 0, 0, 0, 0, 0, 4.94786e-07, 0, 0.0256714, 0, 0
21.4312, 0, 0.0251695, 0, 1.41421, -0.0251695, 0, 0, 0, 0, 0, 0, 0, 0, 0, 0, 0, 0, 0, 0, 0, 0, 0, 0, 0, 0, 4.95003e-07, 0, 0.025169, 0, 0
21.4391, 0.616452, 0.0246737, 0, 1.61755, 0.591778, 0, 0, 0, 0, 0, 0, 0, 0, 0, 0, 0, 0, 0, 0, 0, 0, 0, 0, 0, 0, 4.94103e-07, 0, 0.0246732, 0, 0
21.447, 1.38355, 0.0241852, 0, 1.83944, 1.35936, 0, 0, 0, 0, 0, 0, 0, 0, 0, 0, 0, 0, 0, 0, 0, 0, 0, 0, 0, 0, 4.92077e-07, 0, 0.0241847, 0, 0
21.4548, 0, 0.0237039, 0, 1.41421, -0.0237039, 0, 0, 0, 0, 0, 0, 0, 0, 0, 0, 0, 0, 0, 0, 0, 0, 0, 0, 0, 0, 4.88931e-07, 0, 0.0237034, 0, 0
21.4627, 0, 0.02323, 0, 1.41421, -0.02323, 0, 0, 0, 0, 0, 0, 0, 0, 0, 0, 0, 0, 0, 0, 0, 0, 0, 0, 0, 0, 4.84688e-07, 0, 0.0232295, 0, 0
21.4706, 0, 0.022764, 0, 1.41421, -0.022764, 0, 0, 0, 0, 0, 0, 0, 0, 0, 0, 0, 0, 0, 0, 0, 0, 0, 0, 0, 0, 4.79391e-07, 0, 0.0227635, 0, 0
21.4784, 0, 0.0223058, 0, 1.41421, -0.0223058, 0, 0, 0, 0, 0, 0, 0, 0, 0, 0, 0, 0, 0, 0, 0, 0, 0, 0, 0, 0, 4.73091e-07, 0, 0.0223053, 0, 0
21.4863, 0, 0.0218557, 0, 1.41421, -0.0218557, 0, 0, 0, 0, 0, 0, 0, 0, 0, 0, 0, 0, 0, 0, 0, 0, 0, 0, 0, 0, 4.65858e-07, 0, 0.0218552, 0, 0
21.4942, 0, 0.0214137, 0, 1.41421, -0.0214137, 0, 0, 0, 0, 0, 0, 0, 0, 0, 0, 0, 0, 0, 0, 0, 0, 0, 0, 0, 0, 4.5777e-07, 0, 0.0214133, 0, 0
21.502, 0, 0.0209802, 0, 1.41421, -0.0209802, 0, 0, 0, 0, 0, 0, 0, 0, 0, 0, 0, 0, 0, 0, 0, 0, 0, 0, 0, 0, 4.48917e-07, 0, 0.0209798, 0, 0
21.5099, 0, 0.020555, 0, 1.41421, -0.020555, 0, 0, 0, 0, 0, 0, 0, 0, 0, 0, 0, 0, 0, 0, 0, 0, 0, 0, 0, 0, 4.39392e-07, 0, 0.0205546, 0, 0
21.5178, 0, 0.0201383, 0, 1.41421, -0.0201383, 0, 0, 0, 0, 0, 0, 0, 0, 0, 0, 0, 0, 0, 0, 0, 0, 0, 0, 0, 0, 4.29299e-07, 0, 0.0201379, 0, 0
21.5256, 0, 0.0197301, 0, 1.41421, -0.0197301, 0, 0, 0, 0, 0, 0, 0, 0, 0, 0, 0, 0, 0, 0, 0, 0, 0, 0, 0, 0, 4.18741e-07, 0, 0.0197297, 0, 0
21.5335, 0, 0.0193304, 0, 1.41421, -0.0193304, 0, 0, 0, 0, 0, 0, 0, 0, 0, 0, 0, 0, 0, 0, 0, 0, 0, 0, 0, 0, 4.07827e-07, 0, 0.01933, 0, 0
21.5413, 0, 0.0189393, 0, 1.41421, -0.0189393, 0, 0, 0, 0, 0, 0, 0, 0, 0, 0, 0, 0, 0, 0, 0, 0, 0, 0, 0, 0, 3.96666e-07, 0, 0.0189389, 0, 0
21.5492, 0, 0.0185564, 0, 1.41421, -0.0185564, 0, 0, 0, 0, 0, 0, 0, 0, 0, 0, 0, 0, 0, 0, 0, 0, 0, 0, 0, 0, 3.85354e-07, 0, 0.018556, 0, 0
21.5571, 0, 0.0181822, 0, 1.41421, -0.0181822, 0, 0, 0, 0, 0, 0, 0, 0, 0, 0, 0, 0, 0, 0, 0, 0, 0, 0, 0, 0, 3.74004e-07, 0, 0.0181818, 0, 0
21.5649, 0, 0.0178163, 0, 1.41421, -0.0178163, 0, 0, 0, 0, 0, 0, 0, 0, 0, 0, 0, 0, 0, 0, 0, 0, 0, 0, 0, 0, 3.62705e-07, 0, 0.017816, 0, 0
21.5728, 0, 0.0174585, 0, 1.41421, -0.0174585, 0, 0, 0, 0, 0, 0, 0, 0, 0, 0, 0, 0, 0, 0, 0, 0, 0, 0, 0, 0, 3.51541e-07, 0, 0.0174582, 0, 0
21.5807, 0, 0.0171091, 0, 1.41421, -0.0171091, 0, 0, 0, 0, 0, 0, 0, 0, 0, 0, 0, 0, 0, 0, 0, 0, 0, 0, 0, 0, 3.40605e-07, 0, 0.0171087, 0, 0
21.5885, 1, 0.0167676, 0, 1.73205, 0.983232, 0, 0, 0, 0, 0, 0, 0, 0, 0, 0, 0, 0, 0, 0, 0, 0, 0, 0, 0, 0, 3.29963e-07, 0, 0.0167672, 0, 0
21.5964, 0, 0.016434, 0, 1.41421, -0.016434, 0, 0, 0, 0, 0, 0, 0, 0, 0, 0, 0, 0, 0, 0, 0, 0, 0, 0, 0, 0, 3.19681e-07, 0, 0.0164336, 0, 0
21.6043, 0, 0.0161082, 0, 1.41421, -0.0161082, 0, 0, 0, 0, 0, 0, 0, 0, 0, 0, 0, 0, 0, 0, 0, 0, 0, 0, 0, 0, 3.09817e-07, 0, 0.0161079, 0, 0
21.6121, 0, 0.0157901, 0, 1.41421, -0.0157901, 0, 0, 0, 0, 0, 0, 0, 0, 0, 0, 0, 0, 0, 0, 0, 0, 0, 0, 0, 0, 3.00413e-07, 0, 0.0157898, 0, 0
21.62, 0, 0.0154794, 0, 1.41421, -0.0154794, 0, 0, 0, 0, 0, 0, 0, 0, 0, 0, 0, 0, 0, 0, 0, 0, 0, 0, 0, 0, 2.91505e-07, 0, 0.0154791, 0, 0
21.6279, 0, 0.015176, 0, 1.41421, -0.015176, 0, 0, 0, 0, 0, 0, 0, 0, 0, 0, 0, 0, 0, 0, 0, 0, 0, 0, 0, 0, 2.83122e-07, 0, 0.0151757, 0, 0
21.6357, 0, 0.0148798, 0, 1.41421, -0.0148798, 0, 0, 0, 0, 0, 0, 0, 0, 0, 0, 0, 0, 0, 0, 0, 0, 0, 0, 0, 0, 2.75284e-07, 0, 0.0148796, 0, 0
21.6436, 0.554014, 0.0145906, 0, 1.59813, 0.539423, 0, 0, 0, 0, 0, 0, 0, 0, 0, 0, 0, 0, 0, 0, 0, 0, 0, 0, 0, 0, 2.67993e-07, 0, 0.0145903, 0, 0
21.6515, 0.445986, 0.0143082, 0, 1.56396, 0.431678, 0, 0, 0, 0, 0, 0, 0, 0, 0, 0, 0, 0, 0, 0, 0, 0, 0, 0, 0, 0, 2.6126e-07, 0, 0.014308, 0, 0
21.6593, 0, 0.0140326, 0, 1.41421, -0.0140326, 0, 0, 0, 0, 0, 0, 0, 0, 0, 0, 0, 0, 0, 0, 0, 0, 0, 0, 0, 0, 2.55075e-07, 0, 0.0140323, 0, 0
21.6672, 0, 0.0137633, 0, 1.41421, -0.0137633, 0, 0, 0, 0, 0, 0, 0, 0, 0, 0, 0, 0, 0, 0, 0, 0, 0, 0, 0, 0, 2.49426e-07, 0, 0.013763, 0, 0
21.675, 0, 0.0135004, 0, 1.41421, -0.0135004, 0, 0, 0, 0, 0, 0, 0, 0, 0, 0, 0, 0, 0, 0, 0, 0, 0, 0, 0, 0, 2.44301e-07, 0, 0.0135002, 0, 0
21.6829, 0, 0.0132436, 0, 1.41421, -0.0132436, 0, 0, 0, 0, 0, 0, 0, 0, 0, 0, 0, 0, 0, 0, 0, 0, 0, 0, 0, 0, 2.39676e-07, 0, 0.0132434, 0, 0
21.6908, 0, 0.0129928, 0, 1.41421, -0.0129928, 0, 0, 0, 0, 0, 0, 0, 0, 0, 0, 0, 0, 0, 0, 0, 0, 0, 0, 0, 0, 2.35528e-07, 0, 0.0129926, 0, 0
21.6986, 0, 0.0127478, 0, 1.41421, -0.0127478, 0, 0, 0, 0, 0, 0, 0, 0, 0, 0, 0, 0, 0, 0, 0, 0, 0, 0, 0, 0, 2.3183e-07, 0, 0.0127476, 0, 0
21.7065, 0, 0.0125085, 0, 1.41421, -0.0125085, 0, 0, 0, 0, 0, 0, 0, 0, 0, 0, 0, 0, 0, 0, 0, 0, 0, 0, 0, 0, 2.28553e-07, 0, 0.0125082, 0, 0
21.7144, 0, 0.0122746, 0, 1.41421, -0.0122746, 0, 0, 0, 0, 0, 0, 0, 0, 0, 0, 0, 0, 0, 0, 0, 0, 0, 0, 0, 0, 2.25667e-07, 0, 0.0122743, 0, 0
21.7222, 0, 0.012046, 0, 1.41421, -0.012046, 0, 0, 0, 0, 0, 0, 0, 0, 0, 0, 0, 0, 0, 0, 0, 0, 0, 0, 0, 0, 2.23141e-07, 0, 0.0120457, 0, 0
21.7301, 0, 0.0118226, 0, 1.41421, -0.0118226, 0, 0, 0, 0, 0, 0, 0, 0, 0, 0, 0, 0, 0, 0, 0, 0, 0, 0, 0, 0, 2.20946e-07, 0, 0.0118223, 0, 0
21.738, 0, 0.011604, 0, 1.41421, -0.011604, 0, 0, 0, 0, 0, 0, 0, 0, 0, 0, 0, 0, 0, 0, 0, 0, 0, 0, 0, 0, 2.19048e-07, 0, 0.0116038, 0, 0
21.7458, 0, 0.0113904, 0, 1.41421, -0.0113904, 0, 0, 0, 0, 0, 0, 0, 0, 0, 0, 0, 0, 0, 0, 0, 0, 0, 0, 0, 0, 2.17422e-07, 0, 0.0113902, 0, 0
21.7537, 0, 0.0111815, 0, 1.41421, -0.0111815, 0, 0, 0, 0, 0, 0, 0, 0, 0, 0, 0, 0, 0, 0, 0, 0, 0, 0, 0, 0, 2.16038e-07, 0, 0.0111813, 0, 0
21.7616, 0, 0.010977, 0, 1.41421, -0.010977, 0, 0, 0, 0, 0, 0, 0, 0, 0, 0, 0, 0, 0, 0, 0, 0, 0, 0, 0, 0, 2.14869e-07, 0, 0.0109768, 0, 0
21.7694, 0, 0.010777, 0, 1.41421, -0.010777, 0, 0, 0, 0, 0, 0, 0, 0, 0, 0, 0, 0, 0, 0, 0, 0, 0, 0, 0, 0, 2.13891e-07, 0, 0.0107768, 0, 0
21.7773, 0, 0.0105811, 0, 1.41421, -0.0105811, 0, 0, 0, 0, 0, 0, 0, 0, 0, 0, 0, 0, 0, 0, 0, 0, 0, 0, 0, 0, 2.1308e-07, 0, 0.0105809, 0, 0
21.7852, 0, 0.0103894, 0, 1.41421, -0.0103894, 0, 0, 0, 0, 0, 0, 0, 0, 0, 0, 0, 0, 0, 0, 0, 0, 0, 0, 0, 0, 2.12417e-07, 0, 0.0103892, 0, 0
21.793, 0, 0.0102016, 0, 1.41421, -0.0102016, 0, 0, 0, 0, 0, 0, 0, 0, 0, 0, 0, 0, 0, 0, 0, 0, 0, 0, 0, 0, 2.1188e-07, 0, 0.0102014, 0, 0
21.8009, 0, 0.0100176, 0, 1.41421, -0.0100176, 0, 0, 0, 0, 0, 0, 0, 0, 0, 0, 0, 0, 0, 0, 0, 0, 0, 0, 0, 0, 2.11452e-07, 0, 0.0100173, 0, 0
21.8087, 0, 0.0098373, 0, 1.41421, -0.0098373, 0, 0, 0, 0, 0, 0, 0, 0, 0, 0, 0, 0, 0, 0, 0, 0, 0, 0, 0, 0, 2.11119e-07, 0, 0.00983709, 0, 0
21.8166, 0, 0.00966055, 0, 1.41421, -0.00966055, 0, 0, 0, 0, 0, 0, 0, 0, 0, 0, 0, 0, 0, 0, 0, 0, 0, 0, 0, 0, 2.10867e-07, 0, 0.00966034, 0, 0
21.8245, 0, 0.00948725, 0, 1.41421, -0.00948725, 0, 0, 0, 0, 0, 0, 0, 0, 0, 0, 0, 0, 0, 0, 0, 0, 0, 0, 0, 0, 2.10682e-07, 0, 0.00948704, 0, 0
21.8323, 0, 0.00931726, 0, 1.41421, -0.00931726, 0, 0, 0, 0, 0, 0, 0, 0, 0, 0, 0, 0, 0, 0, 0, 0, 0, 0, 0, 0, 2.10554e-07, 0, 0.00931705, 0, 0
21.8402, 0, 0.00915053, 0, 1.41421, -0.00915053, 0, 0, 0, 0, 0, 0, 0, 0, 0, 0, 0, 0, 0, 0, 0, 0, 0, 0, 0, 0, 2.10475e-07, 0, 0.00915032, 0, 0
21.8481, 0, 0.00898684, 0, 1.41421, -0.00898684, 0, 0, 0, 0, 0, 0, 0, 0, 0, 0, 0, 0, 0, 0, 0, 0, 0, 0, 0, 0, 2.10436e-07, 0, 0.00898663, 0, 0
21.8559, 0, 0.00882613, 0, 1.41421, -0.00882613, 0, 0, 0, 0, 0, 0, 0, 0, 0, 0, 0, 0, 0, 0, 0, 0, 0, 0, 0, 0, 2.1043e-07, 0, 0.00882592, 0, 0
21.8638, 0, 0.00866834, 0, 1.41421, -0.00866834, 0, 0, 0, 0, 0, 0, 0, 0, 0, 0, 0, 0, 0, 0, 0, 0, 0, 0, 0, 0, 2.10452e-07, 0, 0.00866813, 0, 0
21.8717, 0, 0.00851324, 0, 1.41421, -0.00851324, 0, 0, 0, 0, 0, 0, 0, 0, 0, 0, 0, 0, 0, 0, 0, 0, 0, 0, 0, 0, 2.10495e-07, 0, 0.00851303, 0, 0
21.8795, 0, 0.0083609, 0, 1.41421, -0.0083609, 0, 0, 0, 0, 0, 0, 0, 0, 0, 0, 0, 0, 0, 0, 0, 0, 0, 0, 0, 0, 2.10558e-07, 0, 0.00836069, 0, 0
21.8874, 0, 0.00821112, 0, 1.41421, -0.00821112, 0, 0, 0, 0, 0, 0, 0, 0, 0, 0, 0, 0, 0, 0, 0, 0, 0, 0, 0, 0, 2.10635e-07, 0, 0.00821091, 0, 0
21.8953, 0, 0.00806376, 0, 1.41421, -0.00806376, 0, 0, 0, 0, 0, 0, 0, 0, 0, 0, 0, 0, 0, 0, 0, 0, 0, 0, 0, 0, 2.10724e-07, 0, 0.00806355, 0, 0
21.9031, 0, 0.00791884, 0, 1.41421, -0.00791884, 0, 0, 0, 0, 0, 0, 0, 0, 0, 0, 0, 0, 0, 0, 0, 0, 0, 0, 0, 0, 2.10822e-07, 0, 0.00791863, 0, 0
21.911, 0, 0.00777619, 0, 1.41421, -0.00777619, 0, 0, 0, 0, 0, 0, 0, 0, 0, 0, 0, 0, 0, 0, 0, 0, 0, 0, 0, 0, 2.10928e-07, 0, 0.00777598, 0, 0
21.9189, 0, 0.00763573, 0, 1.41421, -0.00763573, 0, 0, 0, 0, 0, 0, 0, 0, 0, 0, 0, 0, 0, 0, 0, 0, 0, 0, 0, 0, 2.1104e-07, 0, 0.00763552, 0, 0
21.9267, 0, 0.00749739, 0, 1.41421, -0.00749739, 0, 0, 0, 0, 0, 0, 0, 0, 0, 0, 0, 0, 0, 0, 0, 0, 0, 0, 0, 0, 2.11157e-07, 0, 0.00749718, 0, 0
21.9346, 0, 0.0073611, 0, 1.41421, -0.0073611, 0, 0, 0, 0, 0, 0, 0, 0, 0, 0, 0, 0, 0, 0, 0, 0, 0, 0, 0, 0, 2.11278e-07, 0, 0.00736089, 0, 0
21.9424, 0, 0.00722671, 0, 1.41421, -0.00722671, 0, 0, 0, 0, 0, 0, 0, 0, 0, 0, 0, 0, 0, 0, 0, 0, 0, 0, 0, 0, 2.11401e-07, 0, 0.0072265, 0, 0
21.9503, 0, 0.00709416, 0, 1.41421, -0.00709416, 0, 0, 0, 0, 0, 0, 0, 0, 0, 0, 0, 0, 0, 0, 0, 0, 0, 0, 0, 0, 2.11526e-07, 0, 0.00709395, 0, 0
21.9582, 0, 0.00696341, 0, 1.41421, -0.00696341, 0, 0, 0, 0, 0, 0, 0, 0, 0, 0, 0, 0, 0, 0, 0, 0, 0, 0, 0, 0, 2.11653e-07, 0, 0.0069632, 0, 0
21.966, 0, 0.00683426, 0, 1.41421, -0.00683426, 0, 0, 0, 0, 0, 0, 0, 0, 0, 0, 0, 0, 0, 0, 0, 0, 0, 0, 0, 0, 2.11781e-07, 0, 0.00683405, 0, 0
21.9739, 0, 0.00670677, 0, 1.41421, -0.00670677, 0, 0, 0, 0, 0, 0, 0, 0, 0, 0, 0, 0, 0, 0, 0, 0, 0, 0, 0, 0, 2.1191e-07, 0, 0.00670656, 0, 0
21.9818, 0, 0.00658075, 0, 1.41421, -0.00658075, 0, 0, 0, 0, 0, 0, 0, 0, 0, 0, 0, 0, 0, 0, 0, 0, 0, 0, 0, 0, 2.12039e-07, 0, 0.00658054, 0, 0
21.9896, 0, 0.00645615, 0, 1.41421, -0.00645615, 0, 0, 0, 0, 0, 0, 0, 0, 0, 0, 0, 0, 0, 0, 0, 0, 0, 0, 0, 0, 2.12169e-07, 0, 0.00645594, 0, 0
21.9975, 0, 0.00633292, 0, 1.41421, -0.00633292, 0, 0, 0, 0, 0, 0, 0, 0, 0, 0, 0, 0, 0, 0, 0, 0, 0, 0, 0, 0, 2.123e-07, 0, 0.00633271, 0, 0
22.0054, 0, 0.00621094, 0, 1.41421, -0.00621094, 0, 0, 0, 0, 0, 0, 0, 0, 0, 0, 0, 0, 0, 0, 0, 0, 0, 0, 0, 0, 2.12432e-07, 0, 0.00621072, 0, 0
22.0132, 0, 0.00609014, 0, 1.41421, -0.00609014, 0, 0, 0, 0, 0, 0, 0, 0, 0, 0, 0, 0, 0, 0, 0, 0, 0, 0, 0, 0, 2.12565e-07, 0, 0.00608993, 0, 0
22.0211, 0, 0.00597046, 0, 1.41421, -0.00597046, 0, 0, 0, 0, 0, 0, 0, 0, 0, 0, 0, 0, 0, 0, 0, 0, 0, 0, 0, 0, 2.12702e-07, 0, 0.00597025, 0, 0
22.029, 0, 0.00585185, 0, 1.41421, -0.00585185, 0, 0, 0, 0, 0, 0, 0, 0, 0, 0, 0, 0, 0, 0, 0, 0, 0, 0, 0, 0, 2.12845e-07, 0, 0.00585164, 0, 0
22.0368, 0, 0.00573426, 0, 1.41421, -0.00573426, 0, 0, 0, 0, 0, 0, 0, 0, 0, 0, 0, 0, 0, 0, 0, 0, 0, 0, 0, 0, 2.12996e-07, 0, 0.00573405, 0, 0
22.0447, 0, 0.00561759, 0, 1.41421, -0.00561759, 0, 0, 0, 0, 0, 0, 0, 0, 0, 0, 0, 0, 0, 0, 0, 0, 0, 0, 0, 0, 2.13165e-07, 0, 0.00561738, 0, 0
22.0526, 0, 0.00550183, 0, 1.41421, -0.00550183, 0, 0, 0, 0, 0, 0, 0, 0, 0, 0, 0, 0, 0, 0, 0, 0, 0, 0, 0, 0, 2.13381e-07, 0, 0.00550161, 0, 0
22.0604, 0, 0.00538693, 0, 1.41421, -0.00538693, 0, 0, 0, 0, 0, 0, 0, 0, 0, 0, 0, 0, 0, 0, 0, 0, 0, 0, 0, 0, 2.13914e-07, 0, 0.00538672, 0, 0
22.0683, 0, 0.00527291, 0, 1.41421, -0.00527291, 0, 0, 0, 0, 0, 0, 0, 0, 0, 0, 0, 0, 0, 0, 0, 0, 0, 0, 0, 0, 2.14418e-07, 0, 0.00527269, 0, 0
22.0762, 0, 0.00515965, 0, 1.41421, -0.00515965, 0, 0, 0, 0, 0, 0, 0, 0, 0, 0, 0, 0, 0, 0, 0, 0, 0, 0, 0, 0, 2.15101e-07, 0, 0.00515944, 0, 0
22.084, 0, 0.00504728, 0, 1.41421, -0.00504728, 0, 0, 0, 0, 0, 0, 0, 0, 0, 0, 0, 0, 0, 0, 0, 0, 0, 0, 0, 0, 2.16471e-07, 0, 0.00504707, 0, 0
22.0919, 0, 0.00493574, 0, 1.41421, -0.00493574, 0, 0, 0, 0, 0, 0, 0, 0, 0, 0, 0, 0, 0, 0, 0, 0, 0, 0, 0, 0, 2.18136e-07, 0, 0.00493552, 0, 0
22.0997, 0, 0.004825, 0, 1.41421, -0.004825, 0, 0, 0, 0, 0, 0, 0, 0, 0, 0, 0, 0, 0, 0, 0, 0, 0, 0, 0, 0, 2.20359e-07, 0, 0.00482478, 0, 0
22.1076, 0, 0.0047152, 0, 1.41421, -0.0047152, 0, 0, 0, 0, 0, 0, 0, 0, 0, 0, 0, 0, 0, 0, 0, 0, 0, 0, 0, 0, 2.23509e-07, 0, 0.00471497, 0, 0
22.1155, 0, 0.00460629, 0, 1.41421, -0.00460629, 0, 0, 0, 0, 0, 0, 0, 0, 0, 0, 0, 0, 0, 0, 0, 0, 0, 0, 0, 0, 2.28003e-07, 0, 0.00460606, 0, 0
22.1233, 0, 0.00449837, 0, 1.41421, -0.00449837, 0, 0, 0, 0, 0, 0, 0, 0, 0, 0, 0, 0, 0, 0, 0, 0, 0, 0, 0, 0, 2.34413e-07, 0, 0.00449813, 0, 0
22.1312, 0, 0.00439152, 0, 1.41421, -0.00439152, 0, 0, 0, 0, 0, 0, 0, 0, 0, 0, 0, 0, 0, 0, 0, 0, 0, 0, 0, 0, 2.43532e-07, 0, 0.00439127, 0, 0
22.1391, 0, 0.00428577, 0, 1.41421, -0.00428577, 0, 0, 0, 0, 0, 0, 0, 0, 0, 0, 0, 0, 0, 0, 0, 0, 0, 0, 0, 0, 2.56469e-07, 0, 0.00428551, 0, 0
22.1469, 0, 0.00418122, 0, 1.41421, -0.00418122, 0, 0, 0, 0, 0, 0, 0, 0, 0, 0, 0, 0, 0, 0, 0, 0, 0, 0, 0, 0, 2.74745e-07, 0, 0.00418094, 0, 0
22.1548, 0, 0.00407798, 0, 1.41421, -0.00407798, 0, 0, 0, 0, 0, 0, 0, 0, 0, 0, 0, 0, 0, 0, 0, 0, 0, 0, 0, 0, 3.00455e-07, 0, 0.00407768, 0, 0
22.1627, 0, 0.00397616, 0, 1.41421, -0.00397616, 0, 0, 0, 0, 0, 0, 0, 0, 0, 0, 0, 0, 0, 0, 0, 0, 0, 0, 0, 0, 3.36444e-07, 0, 0.00397582, 0, 0
22.1705, 0, 0.00387579, 0, 1.41421, -0.00387579, 0, 0, 0, 0, 0, 0, 0, 0, 0, 0, 0, 0, 0, 0, 0, 0, 0, 0, 0, 0, 3.86618e-07, 0, 0.0038754, 0, 0
22.1784, 0, 0.00377707, 0, 1.41421, -0.00377707, 0, 0, 0, 0, 0, 0, 0, 0, 0, 0, 0, 0, 0, 0, 0, 0, 0, 0, 0, 0, 4.56157e-07, 0, 0.00377662, 0, 0
22.1863, 0, 0.00368007, 0, 1.41421, -0.00368007, 0, 0, 0, 0, 0, 0, 0, 0, 0, 0, 0, 0, 0, 0, 0, 0, 0, 0, 0, 0, 5.52089e-07, 0, 0.00367952, 0, 0
22.1941, 0, 0.00358485, 0, 1.41421, -0.00358485, 0, 0, 0, 0, 0, 0, 0, 0, 0, 0, 0, 0, 0, 0, 0, 0, 0, 0, 0, 0, 6.83838e-07, 0, 0.00358416, 0, 0
22.202, 0, 0.0034916, 0, 1.41421, -0.0034916, 0, 0, 0, 0, 0, 0, 0, 0, 0, 0, 0, 0, 0, 0, 0, 0, 0, 0, 0, 0, 8.63666e-07, 0, 0.00349073, 0, 0
22.2099, 0, 0.00340035, 0, 1.41421, -0.00340035, 0, 0, 0, 0, 0, 0, 0, 0, 0, 0, 0, 0, 0, 0, 0, 0, 0, 0, 0, 0, 1.10803e-06, 0, 0.00339925, 0, 0
22.2177, 0, 0.00331124, 0, 1.41421, -0.00331124, 0, 0, 0, 0, 0, 0, 0, 0, 0, 0, 0, 0, 0, 0, 0, 0, 0, 0, 0, 0, 1.43829e-06, 0, 0.0033098, 0, 0
22.2256, 0, 0.00322438, 0, 1.41421, -0.00322438, 0, 0, 0, 0, 0, 0, 0, 0, 0, 0, 0, 0, 0, 0, 0, 0, 0, 0, 0, 0, 1.88218e-06, 0, 0.0032225, 0, 0
22.2334, 0, 0.00313982, 0, 1.41421, -0.00313982, 0, 0, 0, 0, 0, 0, 0, 0, 0, 0, 0, 0, 0, 0, 0, 0, 0, 0, 0, 0, 2.476e-06, 0, 0.00313734, 0, 0
22.2413, 0, 0.00305767, 0, 1.41421, -0.00305767, 0, 0, 0, 0, 0, 0, 0, 0, 0, 0, 0, 0, 0, 0, 0, 0, 0, 0, 0, 0, 3.26603e-06, 0, 0.00305441, 0, 0
22.2492, 0, 0.00297804, 0, 1.41421, -0.00297804, 0, 0, 0, 0, 0, 0, 0, 0, 0, 0, 0, 0, 0, 0, 0, 0, 0, 0, 0, 0, 4.31161e-06, 0, 0.00297372, 0, 0
22.257, 0, 0.002901, 2.56619e-34, 1.41421, -0.002901, 0, 2.56619e-34, 2.56619e-34, 2.56619e-34, 2.56619e-34, 2.56619e-34, 2.56619e-34, 2.56619e-34, 2.56619e-34, 2.56619e-34, 2.56619e-34, 2.56619e-34, 2.56619e-34, 2.56619e-34, 2.56619e-34, 2.56619e-34, 2.56619e-34, 2.56619e-34, 2.56619e-34, 2.56619e-34, 5.68808e-06, 2.56619e-34, 0.00289532, 2.56619e-34, 2.56619e-34
22.2649, 0, 0.00282668, 9.02176e-34, 1.41421, -0.00282668, 0, 9.02176e-34, 9.02176e-34, 9.02176e-34, 9.02176e-34, 9.02176e-34, 9.02176e-34, 9.02176e-34, 9.02176e-34, 9.02176e-34, 9.02176e-34, 9.02176e-34, 9.02176e-34, 9.02176e-34, 9.02176e-34, 9.02176e-34, 9.02176e-34, 9.02176e-34, 9.02176e-34, 9.02176e-34, 7.49065e-06, 9.02176e-34, 0.00281919, 9.02176e-34, 9.02176e-34
22.2728, 0, 0.00275519, 1.76826e-33, 1.41421, -0.00275519, 0, 1.76826e-33, 1.76826e-33, 1.76826e-33, 1.76826e-33, 1.76826e-33, 1.76826e-33, 1.76826e-33, 1.76826e-33, 1.76826e-33, 1.76826e-33, 1.76826e-33, 1.76826e-33, 1.76826e-33, 1.76826e-33, 1.76826e-33, 1.76826e-33, 1.76826e-33, 1.76826e-33, 1.76826e-33, 9.83804e-06, 1.76826e-33, 0.00274535, 1.76826e-33, 1.76826e-33
22.2806, 0, 0.00268663, 2.81579e-33, 1.41421, -0.00268663, 0, 2.81579e-33, 2.81579e-33, 2.81579e-33, 2.81579e-33, 2.81579e-33, 2.81579e-33, 2.81579e-33, 2.81579e-33, 2.81579e-33, 2.81579e-33, 2.81579e-33, 2.81579e-33, 2.81579e-33, 2.81579e-33, 2.81579e-33, 2.81579e-33, 2.81579e-33, 2.81579e-33, 2.81579e-33, 1.28802e-05, 2.81579e-33, 0.00267375, 2.81579e-33, 2.81579e-33
22.2885, 0, 0.00262117, 4.1059e-33, 1.41421, -0.00262117, 0, 4.1059e-33, 4.1059e-33, 4.1059e-33, 4.1059e-33, 4.1059e-33, 4.1059e-33, 4.1059e-33, 4.1059e-33, 4.1059e-33, 4.1059e-33, 4.1059e-33, 4.1059e-33, 4.1059e-33, 4.1059e-33, 4.1059e-33, 4.1059e-33, 4.1059e-33, 4.1059e-33, 4.1059e-33, 1.68012e-05, 4.1059e-33, 0.00260437, 4.1059e-33, 4.1059e-33
22.2964, 1, 0.00255901, 1.65529e-24, 1.73205, 0.997441, 0, 1.65529e-24, 1.65529e-24, 1.65529e-24, 1.65529e-24, 1.65529e-24, 1.65529e-24, 1.65529e-24, 1.65529e-24, 1.65529e-24, 1.65529e-24, 1.65529e-24, 1.65529e-24, 1.65529e-24, 1.65529e-24, 1.65529e-24, 1.65529e-24, 1.65529e-24, 1.65529e-24, 1.65529e-24, 2.18264e-05, 1.65529e-24, 0.00253718, 1.65529e-24, 1.65529e-24
22.3042, 0, 0.00250031, 3.0542e-24, 1.41421, -0.00250031, 0, 3.0542e-24, 3.0542e-24, 3.0542e-24, 3.0542e-24, 3.0542e-24, 3.0542e-24, 3.0542e-24, 3.0542e-24, 3.0542e-24, 3.0542e-24, 3.0542e-24, 3.0542e-24, 3.0542e-24, 3.0542e-24, 3.0542e-24, 3.0542e-24, 3.0542e-24, 3.0542e-24, 3.0542e-24, 2.82374e-05, 3.0542e-24, 0.00247207, 3.0542e-24, 3.0542e-24
22.3121, 0, 0.00244542, 2.03352e-24, 1.41421, -0.00244542, 0, 2.03352e-24, 2.03352e-24, 2.03352e-24, 2.03352e-24, 2.03352e-24, 2.03352e-24, 2.03352e-24, 2.03352e-24, 2.03352e-24, 2.03352e-24, 2.03352e-24, 2.03352e-24, 2.03352e-24, 2.03352e-24, 2.03352e-24, 2.03352e-24, 2.03352e-24, 2.03352e-24, 2.03352e-24, 3.63647e-05, 2.03352e-24, 0.00240905, 2.03352e-24, 2.03352e-24
22.32, 0, 0.00239462, 5.08471e-25, 1.41421, -0.00239462, 0, 5.08471e-25, 5.08471e-25, 5.08471e-25, 5.08471e-25, 5.08471e-25, 5.08471e-25, 5.08471e-25, 5.08471e-25, 5.08471e-25, 5.08471e-25, 5.08471e-25, 5.08471e-25, 5.08471e-25, 5.08471e-25, 5.08471e-25, 5.08471e-25, 5.08471e-25, 5.08471e-25, 5.08471e-25, 4.66173e-05, 5.08471e-25, 0.002348, 5.08471e-25, 5.08471e-25
22.3278, 0, 0.00234831, 1.64236e-32, 1.41421, -0.00234831, 0, 1.64236e-32, 1.64236e-32, 1.64236e-32, 1.64236e-32, 1.64236e-32, 1.64236e-32, 1.64236e-32, 1.64236e-32, 1.64236e-32, 1.64236e-32, 1.64236e-32, 1.64236e-32, 1.64236e-32, 1.64236e-32, 1.64236e-32, 1.64236e-32, 1.64236e-32, 1.64236e-32, 1.64236e-32, 5.94883e-05, 1.64236e-32, 0.00228882, 1.64236e-32, 1.64236e-32
22.3357, 0, 0.00230701, 4.42899e-24, 1.41421, -0.00230701, 0, 4.42899e-24, 4.42899e-24, 4.42899e-24, 4.42899e-24, 4.42899e-24, 4.42899e-24, 4.42899e-24, 4.42899e-24, 4.42899e-24, 4.42899e-24, 4.42899e-24, 4.42899e-24, 4.42899e-24, 4.42899e-24, 4.42899e-24, 4.42899e-24, 4.42899e-24, 4.42899e-24, 4.42899e-24, 7.55436e-05, 4.42899e-24, 0.00223147, 4.42899e-24, 4.42899e-24
22.3436, 1, 0.00227129, 8.0607e-24, 1.73205, 0.997729, 0, 8.0607e-24, 8.0607e-24, 8.0607e-24, 8.0607e-24, 8.0607e-24, 8.0607e-24, 8.0607e-24, 8.0607e-24, 8.0607e-24, 8.0607e-24, 8.0607e-24, 8.0607e-24, 8.0607e-24, 8.0607e-24, 8.0607e-24, 8.0607e-24, 8.0607e-24, 8.0607e-24, 8.0607e-24, 9.54773e-05, 8.0607e-24, 0.00217581, 8.0607e-24, 8.0607e-24
22.3514, 0, 0.00224186, 5.35015e-24, 1.41421, -0.00224186, 0, 5.35015e-24, 5.35015e-24, 5.35015e-24, 5.35015e-24, 5.35015e-24, 5.35015e-24, 5.35015e-24, 5.35015e-24, 5.35015e-24, 5.35015e-24, 5.35015e-24, 5.35015e-24, 5.35015e-24, 5.35015e-24, 5.35015e-24, 5.35015e-24, 5.35015e-24, 5.35015e-24, 5.35015e-24, 0.000120087, 5.35015e-24, 0.00212177, 5.35015e-24, 5.35015e-24
22.3593, 0, 0.00221954, 1.33769e-24, 1.41421, -0.00221954, 0, 1.33769e-24, 1.33769e-24, 1.33769e-24, 1.33769e-24, 1.33769e-24, 1.33769e-24, 1.33769e-24, 1.33769e-24, 1.33769e-24, 1.33769e-24, 1.33769e-24, 1.33769e-24, 1.33769e-24, 1.33769e-24, 1.33769e-24, 1.33769e-24, 1.33769e-24, 1.33769e-24, 1.33769e-24, 0.000150304, 1.33769e-24, 0.00206924, 1.33769e-24, 1.33769e-24
22.3671, 0, 0.00220532, 1.64236e-32, 1.41421, -0.00220532, 0, 1.64236e-32, 1.64236e-32, 1.64236e-32, 1.64236e-32, 1.64236e-32, 1.64236e-32, 1.64236e-32, 1.64236e-32, 1.64236e-32, 1.64236e-32, 1.64236e-32, 1.64236e-32, 1.64236e-32, 1.64236e-32, 1.64236e-32, 1.64236e-32, 1.64236e-32, 1.64236e-32, 1.64236e-32, 0.000187194, 1.64236e-32, 0.00201813, 1.64236e-32, 1.64236e-32
22.375, 0, 0.00220032, 6.29524e-24, 1.41421, -0.00220032, 0, 6.29524e-24, 6.29524e-24, 6.29524e-24, 6.29524e-24, 6.29524e-24, 6.29524e-24, 6.29524e-24, 6.29524e-24, 6.29524e-24, 6.29524e-24, 6.29524e-24, 6.29524e-24, 6.29524e-24, 6.29524e-24, 6.29524e-24, 6.29524e-24, 6.29524e-24, 6.29524e-24, 6.29524e-24, 0.000232008, 6.29524e-24, 0.00196831, 6.29524e-24, 6.29524e-24
22.3829, 0, 0.00220583, 1.14258e-23, 1.41421, -0.00220583, 0, 1.14258e-23, 1.14258e-23, 1.14258e-23, 1.14258e-23, 1.14258e-23, 1.14258e-23, 1.14258e-23, 1.14258e-23, 1.14258e-23, 1.14258e-23, 1.14258e-23, 1.14258e-23, 1.14258e-23, 1.14258e-23, 1.14258e-23, 1.14258e-23, 1.14258e-23, 1.14258e-23, 1.14258e-23, 0.000286134, 1.14258e-23, 0.0019197, 1.14258e-23, 1.14258e-23
22.3907, 0.324827, 0.00222334, 7.57888e-24, 1.52474, 0.322603, 0, 7.57888e-24, 7.57888e-24, 7.57888e-24, 7.57888e-24, 7.57888e-24, 7.57888e-24, 7.57888e-24, 7.57888e-24, 7.57888e-24, 7.57888e-24, 7.57888e-24, 7.57888e-24, 7.57888e-24, 7.57888e-24, 7.57888e-24, 7.57888e-24, 7.57888e-24, 7.57888e-24, 7.57888e-24, 0.000351132, 7.57888e-24, 0.0018722, 7.57888e-24, 7.57888e-24
22.3986, 0.675173, 0.00225451, 1.8949e-24, 1.6356, 0.672919, 0, 1.8949e-24, 1.8949e-24, 1.8949e-24, 1.8949e-24, 1.8949e-24, 1.8949e-24, 1.8949e-24, 1.8949e-24, 1.8949e-24, 1.8949e-24, 1.8949e-24, 1.8949e-24, 1.8949e-24, 1.8949e-24, 1.8949e-24, 1.8949e-24, 1.8949e-24, 1.8949e-24, 1.8949e-24, 0.000428812, 1.8949e-24, 0.0018257, 1.8949e-24, 1.8949e-24
22.4065, 0, 0.00230117, 1.64236e-32, 1.41421, -0.00230117, 0, 1.64236e-32, 1.64236e-32, 1.64236e-32, 1.64236e-32, 1.64236e-32, 1.64236e-32, 1.64236e-32, 1.64236e-32, 1.64236e-32, 1.64236e-32, 1.64236e-32, 1.64236e-32, 1.64236e-32, 1.64236e-32, 1.64236e-32, 1.64236e-32, 1.64236e-32, 1.64236e-32, 1.64236e-32, 0.000521039, 1.64236e-32, 0.00178013, 1.64236e-32, 1.64236e-32
22.4143, 0, 0.00236538, 5.25929e-24, 1.41421, -0.00236538, 0, 5.25929e-24, 5.25929e-24, 5.25929e-24, 5.25929e-24, 5.25929e-24, 5.25929e-24, 5.25929e-24, 5.25929e-24, 5.25929e-24, 5.25929e-24, 5.25929e-24, 5.25929e-24, 5.25929e-24, 5.25929e-24, 5.25929e-24, 5.25929e-24, 5.25929e-24, 5.25929e-24, 5.25929e-24, 0.000630006, 5.25929e-24, 0.00173537, 5.25929e-24, 5.25929e-24
22.4222, 0, 0.00244935, 9.42387e-24, 1.41421, -0.00244935, 0, 9.42387e-24, 9.42387e-24, 9.42387e-24, 9.42387e-24, 9.42387e-24, 9.42387e-24, 9.42387e-24, 9.42387e-24, 9.42387e-24, 9.42387e-24, 9.42387e-24, 9.42387e-24, 9.42387e-24, 9.42387e-24, 9.42387e-24, 9.42387e-24, 9.42387e-24, 9.42387e-24, 9.42387e-24, 0.000757998, 9.42387e-24, 0.00169135, 9.42387e-24, 9.42387e-24
22.4301, 0, 0.00255546, 6.23265e-24, 1.41421, -0.00255546, 0, 6.23265e-24, 6.23265e-24, 6.23265e-24, 6.23265e-24, 6.23265e-24, 6.23265e-24, 6.23265e-24, 6.23265e-24, 6.23265e-24, 6.23265e-24, 6.23265e-24, 6.23265e-24, 6.23265e-24, 6.23265e-24, 6.23265e-24, 6.23265e-24, 6.23265e-24, 6.23265e-24, 6.23265e-24, 0.000907446, 6.23265e-24, 0.00164801, 6.23265e-24, 6.23265e-24
22.4379, 0, 0.00268628, 1.55828e-24, 1.41421, -0.00268628, 0, 1.55828e-24, 1.55828e-24, 1.55828e-24, 1.55828e-24, 1.55828e-24, 1.55828e-24, 1.55828e-24, 1.55828e-24, 1.55828e-24, 1.55828e-24, 1.55828e-24, 1.55828e-24, 1.55828e-24, 1.55828e-24, 1.55828e-24, 1.55828e-24, 1.55828e-24, 1.55828e-24, 1.55828e-24, 0.00108104, 1.55828e-24, 0.00160524, 1.55828e-24, 1.55828e-24
22.4458, 0, 0.00284446, 9.23828e-33, 1.41421, -0.00284446, 0, 9.23828e-33, 9.23828e-33, 9.23828e-33, 9.23828e-33, 9.23828e-33, 9.23828e-33, 9.23828e-33, 9.23828e-33, 9.23828e-33, 9.23828e-33, 9.23828e-33, 9.23828e-33, 9.23828e-33, 9.23828e-33, 9.23828e-33, 9.23828e-33, 9.23828e-33, 9.23828e-33, 9.23828e-33, 0.00128148, 9.23828e-33, 0.00156298, 9.23828e-33, 9.23828e-33
22.4537, 0, 0.00303275, 3.09487e-24, 1.41421, -0.00303275, 0, 3.09487e-24, 3.09487e-24, 3.09487e-24, 3.09487e-24, 3.09487e-24, 3.09487e-24, 3.09487e-24, 3.09487e-24, 3.09487e-24, 3.09487e-24, 3.09487e-24, 3.09487e-24, 3.09487e-24, 3.09487e-24, 3.09487e-24, 3.09487e-24, 3.09487e-24, 3.09487e-24, 3.09487e-24, 0.00151158, 3.09487e-24, 0.00152118, 3.09487e-24, 3.09487e-24
22.4615, 0, 0.0032539, 5.64024e-24, 1.41421, -0.0032539, 0, 5.64024e-24, 5.64024e-24, 5.64024e-24, 5.64024e-24, 5.64024e-24, 5.64024e-24, 5.64024e-24, 5.64024e-24, 5.64024e-24, 5.64024e-24, 5.64024e-24, 5.64024e-24, 5.64024e-24, 5.64024e-24, 5.64024e-24, 5.64024e-24, 5.64024e-24, 5.64024e-24, 5.64024e-24, 0.00177412, 5.64024e-24, 0.00147978, 5.64024e-24, 5.64024e-24
22.4694, 0, 0.00351078, 3.74473e-24, 1.41421, -0.00351078, 0, 3.74473e-24, 3.74473e-24, 3.74473e-24, 3.74473e-24, 3.74473e-24, 3.74473e-24, 3.74473e-24, 3.74473e-24, 3.74473e-24, 3.74473e-24, 3.74473e-24, 3.74473e-24, 3.74473e-24, 3.74473e-24, 3.74473e-24, 3.74473e-24, 3.74473e-24, 3.74473e-24, 3.74473e-24, 0.00207206, 3.74473e-24, 0.00143872, 3.74473e-24, 3.74473e-24
22.4773, 0.298315, 0.00380606, 9.36244e-25, 1.51602, 0.294509, 0, 9.36244e-25, 9.36244e-25, 9.36244e-25, 9.36244e-25, 9.36244e-25, 9.36244e-25, 9.36244e-25, 9.36244e-25, 9.36244e-25, 9.36244e-25, 9.36244e-25, 9.36244e-25, 9.36244e-25, 9.36244e-25, 9.36244e-25, 9.36244e-25, 9.36244e-25, 9.36244e-25, 9.36244e-25, 0.00240809, 9.36244e-25, 0.00139797, 9.36244e-25, 9.36244e-25
22.4851, 0.701685, 0.00414222, 4.1059e-33, 1.64368, 0.697543, 0, 4.1059e-33, 4.1059e-33, 4.1059e-33, 4.1059e-33, 4.1059e-33, 4.1059e-33, 4.1059e-33, 4.1059e-33, 4.1059e-33, 4.1059e-33, 4.1059e-33, 4.1059e-33, 4.1059e-33, 4.1059e-33, 4.1059e-33, 4.1059e-33, 4.1059e-33, 4.1059e-33, 4.1059e-33, 0.00278472, 4.1059e-33, 0.0013575, 4.1059e-33, 4.1059e-33
22.493, 0, 0.00452186, 4.92322e-25, 1.41421, -0.00452186, 0, 4.92322e-25, 4.92322e-25, 4.92322e-25, 4.92322e-25, 4.92322e-25, 4.92322e-25, 4.92322e-25, 4.92322e-25, 4.92322e-25, 4.92322e-25, 4.92322e-25, 4.92322e-25, 4.92322e-25, 4.92322e-25, 4.92322e-25, 4.92322e-25, 4.92322e-25, 4.92322e-25, 4.92322e-25, 0.0032046, 4.92322e-25, 0.00131725, 4.92322e-25, 4.92322e-25
22.5008, 0, 0.00494662, 8.75009e-25, 1.41421, -0.00494662, 0, 8.75009e-25, 8.75009e-25, 8.75009e-25, 8.75009e-25, 8.75009e-25, 8.75009e-25, 8.75009e-25, 8.75009e-25, 8.75009e-25, 8.75009e-25, 8.75009e-25, 8.75009e-25, 8.75009e-25, 8.75009e-25, 8.75009e-25, 8.75009e-25, 8.75009e-25, 8.75009e-25, 8.75009e-25, 0.00366937, 8.75009e-25, 0.00127725, 8.75009e-25, 8.75009e-25
22.5087, 0.2889, 0.00541857, 5.7762e-25, 1.51291, 0.283481, 0, 5.7762e-25, 5.7762e-25, 5.7762e-25, 5.7762e-25, 5.7762e-25, 5.7762e-25, 5.7762e-25, 5.7762e-25, 5.7762e-25, 5.7762e-25, 5.7762e-25, 5.7762e-25, 5.7762e-25, 5.7762e-25, 5.7762e-25, 5.7762e-25, 5.7762e-25, 5.7762e-25, 5.7762e-25, 0.00418112, 5.7762e-25, 0.00123745, 5.7762e-25, 5.7762e-25
22.5166, 0.7111, 0.00593837, 1.44417e-25, 1.64654, 0.705162, 0, 1.44417e-25, 1.44417e-25, 1.44417e-25, 1.44417e-25, 1.44417e-25, 1.44417e-25, 1.44417e-25, 1.44417e-25, 1.44417e-25, 1.44417e-25, 1.44417e-25, 1.44417e-25, 1.44417e-25, 1.44417e-25, 1.44417e-25, 1.44417e-25, 1.44417e-25, 1.44417e-25, 1.44417e-25, 0.00474049, 1.44417e-25, 0.00119788, 1.44417e-25, 1.44417e-25
22.5244, 0, 0.00650678, 1.02648e-33, 1.41421, -0.00650678, 0, 1.02648e-33, 1.02648e-33, 1.02648e-33, 1.02648e-33, 1.02648e-33, 1.02648e-33, 1.02648e-33, 1.02648e-33, 1.02648e-33, 1.02648e-33, 1.02648e-33, 1.02648e-33, 1.02648e-33, 1.02648e-33, 1.02648e-33, 1.02648e-33, 1.02648e-33, 1.02648e-33, 1.02648e-33, 0.00534826, 1.02648e-33, 0.00115852, 1.02648e-33, 1.02648e-33
22.5323, 0, 0.007124, 7.17292e-34, 1.41421, -0.007124, 0, 7.17292e-34, 7.17292e-34, 7.17292e-34, 7.17292e-34, 7.17292e-34, 7.17292e-34, 7.17292e-34, 7.17292e-34, 7.17292e-34, 7.17292e-34, 7.17292e-34, 7.17292e-34, 7.17292e-34, 7.17292e-34, 7.17292e-34, 7.17292e-34, 7.17292e-34, 7.17292e-34, 7.17292e-34, 0.00600463, 7.17292e-34, 0.00111937, 7.17292e-34, 7.17292e-34
22.5402, 0, 0.00778854, 4.31603e-34, 1.41421, -0.00778854, 0, 4.31603e-34, 4.31603e-34, 4.31603e-34, 4.31603e-34, 4.31603e-34, 4.31603e-34, 4.31603e-34, 4.31603e-34, 4.31603e-34, 4.31603e-34, 4.31603e-34, 4.31603e-34, 4.31603e-34, 4.31603e-34, 4.31603e-34, 4.31603e-34, 4.31603e-34, 4.31603e-34, 4.31603e-34, 0.00670804, 4.31603e-34, 0.0010805, 4.31603e-34, 4.31603e-34
22.548, 0, 0.00849914, 1.98232e-34, 1.41421, -0.00849914, 0, 1.98232e-34, 1.98232e-34, 1.98232e-34, 1.98232e-34, 1.98232e-34, 1.98232e-34, 1.98232e-34, 1.98232e-34, 1.98232e-34, 1.98232e-34, 1.98232e-34, 1.98232e-34, 1.98232e-34, 1.98232e-34, 1.98232e-34, 1.98232e-34, 1.98232e-34, 1.98232e-34, 1.98232e-34, 0.00745725, 1.98232e-34, 0.00104189, 1.98232e-34, 1.98232e-34
22.5559, 0, 0.00925304, 4.9558e-35, 1.41421, -0.00925304, 0, 4.9558e-35, 4.9558e-35, 4.9558e-35, 4.9558e-35, 4.9558e-35, 4.9558e-35, 4.9558e-35, 4.9558e-35, 4.9558e-35, 4.9558e-35, 4.9558e-35, 4.9558e-35, 4.9558e-35, 4.9558e-35, 4.9558e-35, 4.9558e-35, 4.9558e-35, 4.9558e-35, 4.9558e-35, 0.00824945, 4.9558e-35, 0.0010036, 4.9558e-35, 4.9558e-35
22.5638, 0, 0.0100465, 0, 1.41421, -0.0100465, 0, 0, 0, 0, 0, 0, 0, 0, 0, 0, 0, 0, 0, 0, 0, 0, 0, 0, 0, 0, 0.00908082, 0, 0.000965663, 0, 0
22.5716, 0, 0.0108753, 0, 1.41421, -0.0108753, 0, 0, 0, 0, 0, 0, 0, 0, 0, 0, 0, 0, 0, 0, 0, 0, 0, 0, 0, 0, 0.0099472, 0, 0.000928119, 0, 0
22.5795, 0, 0.0117339, 0, 1.41421, -0.0117339, 0, 0, 0, 0, 0, 0, 0, 0, 0, 0, 0, 0, 0, 0, 0, 0, 0, 0, 0, 0, 0.0108429, 0, 0.000891026, 0, 0
22.5874, 0, 0.0126157, 0, 1.41421, -0.0126157, 0, 0, 0, 0, 0, 0, 0, 0, 0, 0, 0, 0, 0, 0, 0, 0, 0, 0, 0, 0, 0.0117613, 0, 0.000854437, 0, 0
22.5952, 0, 0.0135133, 0, 1.41421, -0.0135133, 0, 0, 0, 0, 0, 0, 0, 0, 0, 0, 0, 0, 0, 0, 0, 0, 0, 0, 0, 0, 0.0126949, 0, 0.000818419, 0, 0
22.6031, 0, 0.0144191, 0, 1.41421, -0.0144191, 0, 0, 0, 0, 0, 0, 0, 0, 0, 0, 0, 0, 0, 0, 0, 0, 0, 0, 0, 0, 0.0136361, 0, 0.000783007, 0, 0
22.611, 0, 0.0153233, 0, 1.41421, -0.0153233, 0, 0, 0, 0, 0, 0, 0, 0, 0, 0, 0, 0, 0, 0, 0, 0, 0, 0, 0, 0, 0.014575, 0, 0.000748296, 0, 0
22.6188, 0, 0.0162168, 0, 1.41421, -0.0162168, 0, 0, 0, 0, 0, 0, 0, 0, 0, 0, 0, 0, 0, 0, 0, 0, 0, 0, 0, 0, 0.0155025, 0, 0.00071433, 0, 0
22.6267, 0, 0.0170902, 0, 1.41421, -0.0170902, 0, 0, 0, 0, 0, 0, 0, 0, 0, 0, 0, 0, 0, 0, 0, 0, 0, 0, 0, 0, 0.016409, 0, 0.000681152, 0, 0
22.6345, 0, 0.0179324, 0, 1.41421, -0.0179324, 0, 0, 0, 0, 0, 0, 0, 0, 0, 0, 0, 0, 0, 0, 0, 0, 0, 0, 0, 0, 0.0172835, 0, 0.000648853, 0, 0
22.6424, 0, 0.0187336, 0, 1.41421, -0.0187336, 0, 0, 0, 0, 0, 0, 0, 0, 0, 0, 0, 0, 0, 0, 0, 0, 0, 0, 0, 0, 0.0181161, 0, 0.000617464, 0, 0
22.6503, 0, 0.0194835, 0, 1.41421, -0.0194835, 0, 0, 0, 0, 0, 0, 0, 0, 0, 0, 0, 0, 0, 0, 0, 0, 0, 0, 0, 0, 0.0188965, 0, 0.000587045, 0, 0
22.6581, 0, 0.020172, 0, 1.41421, -0.020172, 0, 0, 0, 0, 0, 0, 0, 0, 0, 0, 0, 0, 0, 0, 0, 0, 0, 0, 0, 0, 0.0196144, 0, 0.000557647, 0, 0
22.666, 0, 0.0207902, 0, 1.41421, -0.0207902, 0, 0, 0, 0, 0, 0, 0, 0, 0, 0, 0, 0, 0, 0, 0, 0, 0, 0, 0, 0, 0.0202609, 0, 0.000529297, 0, 0
22.6739, 0, 0.0213291, 0, 1.41421, -0.0213291, 0, 0, 0, 0, 0, 0, 0, 0, 0, 0, 0, 0, 0, 0, 0, 0, 0, 0, 0, 0, 0.0208271, 0, 0.000502037, 0, 0
22.6817, 0.235382, 0.0217812, 0, 1.49512, 0.2136, 0, 0, 0, 0, 0, 0, 0, 0, 0, 0, 0, 0, 0, 0, 0, 0, 0, 0, 0, 0, 0.0213053, 0, 0.000475895, 0, 0
22.6896, 0.764618, 0.0221398, 0, 1.66271, 0.742479, 0, 0, 0, 0, 0, 0, 0, 0, 0, 0, 0, 0, 0, 0, 0, 0, 0, 0, 0, 0, 0.0216889, 0, 0.000450895, 0, 0
22.6975, 0, 0.0223997, 0, 1.41421, -0.0223997, 0, 0, 0, 0, 0, 0, 0, 0, 0, 0, 0, 0, 0, 0, 0, 0, 0, 0, 0, 0, 0.0219727, 0, 0.000427035, 0, 0
22.7053, 1, 0.0225569, 0, 1.73205, 0.977443, 0, 0, 0, 0, 0, 0, 0, 0, 0, 0, 0, 0, 0, 0, 0, 0, 0, 0, 0, 0, 0.0221525, 0, 0.000404343, 0, 0
22.7132, 0, 0.0226089, 0, 1.41421, -0.0226089, 0, 0, 0, 0, 0, 0, 0, 0, 0, 0, 0, 0, 0, 0, 0, 0, 0, 0, 0, 0, 0.0222261, 0, 0.000382806, 0, 0
22.7211, 0, 0.0225549, 0, 1.41421, -0.0225549, 0, 0, 0, 0, 0, 0, 0, 0, 0, 0, 0, 0, 0, 0, 0, 0, 0, 0, 0, 0, 0.0221925, 0, 0.000362404, 0, 0
22.7289, 0, 0.0223954, 0, 1.41421, -0.0223954, 0, 0, 0, 0, 0, 0, 0, 0, 0, 0, 0, 0, 0, 0, 0, 0, 0, 0, 0, 0, 0.0220523, 0, 0.000343144, 0, 0
22.7368, 0, 0.0221327, 0, 1.41421, -0.0221327, 0, 0, 0, 0, 0, 0, 0, 0, 0, 0, 0, 0, 0, 0, 0, 0, 0, 0, 0, 0, 0.0218077, 0, 0.000324989, 0, 0
22.7447, 0, 0.0217703, 0, 1.41421, -0.0217703, 0, 0, 0, 0, 0, 0, 0, 0, 0, 0, 0, 0, 0, 0, 0, 0, 0, 0, 0, 0, 0.0214624, 0, 0.000307914, 0, 0
22.7525, 0, 0.0213134, 0, 1.41421, -0.0213134, 0, 0, 0, 0, 0, 0, 0, 0, 0, 0, 0, 0, 0, 0, 0, 0, 0, 0, 0, 0, 0.0210215, 0, 0.000291889, 0, 0
22.7604, 0, 0.0207682, 0, 1.41421, -0.0207682, 0, 0, 0, 0, 0, 0, 0, 0, 0, 0, 0, 0, 0, 0, 0, 0, 0, 0, 0, 0, 0.0204914, 0, 0.000276873, 0, 0
22.7682, 0, 0.0201425, 0, 1.41421, -0.0201425, 0, 0, 0, 0, 0, 0, 0, 0, 0, 0, 0, 0, 0, 0, 0, 0, 0, 0, 0, 0, 0.0198796, 0, 0.000262831, 0, 0
22.7761, 0, 0.0194442, 0, 1.41421, -0.0194442, 0, 0, 0, 0, 0, 0, 0, 0, 0, 0, 0, 0, 0, 0, 0, 0, 0, 0, 0, 0, 0.0191945, 0, 0.000249708, 0, 0
22.784, 1, 0.0186827, 0, 1.73205, 0.981317, 0, 0, 0, 0, 0, 0, 0, 0, 0, 0, 0, 0, 0, 0, 0, 0, 0, 0, 0, 0, 0.0184453, 0, 0.000237462, 0, 0
22.7918, 0, 0.0178679, 0, 1.41421, -0.0178679, 0, 0, 0, 0, 0, 0, 0, 0, 0, 0, 0, 0, 0, 0, 0, 0, 0, 0, 0, 0, 0.0176418, 0, 0.000226043, 0, 0
22.7997, 0, 0.0170099, 0, 1.41421, -0.0170099, 0, 0, 0, 0, 0, 0, 0, 0, 0, 0, 0, 0, 0, 0, 0, 0, 0, 0, 0, 0, 0.0167945, 0, 0.000215401, 0, 0
22.8076, 0, 0.0161188, 0, 1.41421, -0.0161188, 0, 0, 0, 0, 0, 0, 0, 0, 0, 0, 0, 0, 0, 0, 0, 0, 0, 0, 0, 0, 0.0159133, 0, 0.000205481, 0, 0
22.8154, 0, 0.0152048, 0, 1.41421, -0.0152048, 0, 0, 0, 0, 0, 0, 0, 0, 0, 0, 0, 0, 0, 0, 0, 0, 0, 0, 0, 0, 0.0150086, 0, 0.000196234, 0, 0
22.8233, 0, 0.0142784, 0, 1.41421, -0.0142784, 0, 0, 0, 0, 0, 0, 0, 0, 0, 0, 0, 0, 0, 0, 0, 0, 0, 0, 0, 0, 0.0140908, 0, 0.000187611, 0, 0
22.8312, 0, 0.0133483, 0, 1.41421, -0.0133483, 0, 0, 0, 0, 0, 0, 0, 0, 0, 0, 0, 0, 0, 0, 0, 0, 0, 0, 0, 0, 0.0131688, 0, 0.000179555, 0, 0
22.839, 0, 0.0124247, 0, 1.41421, -0.0124247, 0, 0, 0, 0, 0, 0, 0, 0, 0, 0, 0, 0, 0, 0, 0, 0, 0, 0, 0, 0, 0.0122527, 0, 0.000172027, 0, 0
22.8469, 0, 0.0115152, 0, 1.41421, -0.0115152, 0, 0, 0, 0, 0, 0, 0, 0, 0, 0, 0, 0, 0, 0, 0, 0, 0, 0, 0, 0, 0.0113502, 0, 0.000164973, 0, 0
22.8548, 0, 0.0106277, 0, 1.41421, -0.0106277, 0, 0, 0, 0, 0, 0, 0, 0, 0, 0, 0, 0, 0, 0, 0, 0, 0, 0, 0, 0, 0.0104693, 0, 0.000158351, 0, 0
22.8626, 0, 0.00976917, 0, 1.41421, -0.00976917, 0, 0, 0, 0, 0, 0, 0, 0, 0, 0, 0, 0, 0, 0, 0, 0, 0, 0, 0, 0, 0.00961705, 0, 0.00015212, 0, 0
22.8705, 0, 0.00894519, 0, 1.41421, -0.00894519, 0, 0, 0, 0, 0, 0, 0, 0, 0, 0, 0, 0, 0, 0, 0, 0, 0, 0, 0, 0, 0.00879895, 0, 0.000146236, 0, 0
22.8784, 0, 0.00816091, 0, 1.41421, -0.00816091, 0, 0, 0, 0, 0, 0, 0, 0, 0, 0, 0, 0, 0, 0, 0, 0, 0, 0, 0, 0, 0.00802024, 0, 0.000140665, 0, 0
22.8862, 0, 0.0074204, 0, 1.41421, -0.0074204, 0, 0, 0, 0, 0, 0, 0, 0, 0, 0, 0, 0, 0, 0, 0, 0, 0, 0, 0, 0, 0.00728503, 0, 0.00013537, 0, 0
22.8941, 0.170302, 0.006727, 0, 1.47319, 0.163575, 0, 0, 0, 0, 0, 0, 0, 0, 0, 0, 0, 0, 0, 0, 0, 0, 0, 0, 0, 0, 0.00659668, 0, 0.000130323, 0, 0
22.902, 0.829698, 0.00608266, 0, 1.68217, 0.823615, 0, 0, 0, 0, 0, 0, 0, 0, 0, 0, 0, 0, 0, 0, 0, 0, 0, 0, 0, 0, 0.00595717, 0, 0.00012549, 0, 0
22.9098, 0, 0.00548905, 0, 1.41421, -0.00548905, 0, 0, 0, 0, 0, 0, 0, 0, 0, 0, 0, 0, 0, 0, 0, 0, 0, 0, 0, 0, 0.0053682, 0, 0.000120847, 0, 0
22.9177, 0, 0.00494702, 0, 1.41421, -0.00494702, 0, 0, 0, 0, 0, 0, 0, 0, 0, 0, 0, 0, 0, 0, 0, 0, 0, 0, 0, 0, 0.00483065, 0, 0.00011637, 0, 0
22.9255, 0, 0.00445626, 0, 1.41421, -0.00445626, 0, 0, 0, 0, 0, 0, 0, 0, 0, 0, 0, 0, 0, 0, 0, 0, 0, 0, 0, 0, 0.00434423, 0, 0.000112037, 0, 0
22.9334, 0, 0.00401671, 0, 1.41421, -0.00401671, 0, 0, 0, 0, 0, 0, 0, 0, 0, 0, 0, 0, 0, 0, 0, 0, 0, 0, 0, 0, 0.00390888, 0, 0.000107831, 0, 0
22.9413, 0, 0.00362695, 0, 1.41421, -0.00362695, 0, 0, 0, 0, 0, 0, 0, 0, 0, 0, 0, 0, 0, 0, 0, 0, 0, 0, 0, 0, 0.00352322, 0, 0.000103734, 0, 0
22.9491, 0, 0.00328559, 0, 1.41421, -0.00328559, 0, 0, 0, 0, 0, 0, 0, 0, 0, 0, 0, 0, 0, 0, 0, 0, 0, 0, 0, 0, 0.00318586, 0, 9.97324e-05, 0, 0
22.957, 0, 0.00299081, 0, 1.41421, -0.00299081, 0, 0, 0, 0, 0, 0, 0, 0, 0, 0, 0, 0, 0, 0, 0, 0, 0, 0, 0, 0, 0.00289499, 0, 9.5816e-05, 0, 0
22.9649, 0, 0.00274027, 0, 1.41421, -0.00274027, 0, 0, 0, 0, 0, 0, 0, 0, 0, 0, 0, 0, 0, 0, 0, 0, 0, 0, 0, 0, 0.0026483, 0, 9.1973e-05, 0, 0
22.9727, 0, 0.00253165, 0, 1.41421, -0.00253165, 0, 0, 0, 0, 0, 0, 0, 0, 0, 0, 0, 0, 0, 0, 0, 0, 0, 0, 0, 0, 0.00244345, 0, 8.81966e-05, 0, 0
22.9806, 0, 0.00236233, 0, 1.41421, -0.00236233, 0, 0, 0, 0, 0, 0, 0, 0, 0, 0, 0, 0, 0, 0, 0, 0, 0, 0, 0, 0, 0.00227785, 0, 8.44808e-05, 0, 0
22.9885, 0, 0.00222962, 0, 1.41421, -0.00222962, 0, 0, 0, 0, 0, 0, 0, 0, 0, 0, 0, 0, 0, 0, 0, 0, 0, 0, 0, 0, 0.0021488, 0, 8.08226e-05, 0, 0
22.9963, 0, 0.00213064, 0, 1.41421, -0.00213064, 0, 0, 0, 0, 0, 0, 0, 0, 0, 0, 0, 0, 0, 0, 0, 0, 0, 0, 0, 0, 0.00205343, 0, 7.72173e-05, 0, 0
23.0042, 0, 0.00206256, 0, 1.41421, -0.00206256, 0, 0, 0, 0, 0, 0, 0, 0, 0, 0, 0, 0, 0, 0, 0, 0, 0, 0, 0, 0, 0.00198889, 0, 7.36647e-05, 0, 0
23.0121, 0, 0.00202248, 0, 1.41421, -0.00202248, 0, 0, 0, 0, 0, 0, 0, 0, 0, 0, 0, 0, 0, 0, 0, 0, 0, 0, 0, 0, 0.00195232, 0, 7.01648e-05, 0, 0
23.0199, 0, 0.00200751, 0, 1.41421, -0.00200751, 0, 0, 0, 0, 0, 0, 0, 0, 0, 0, 0, 0, 0, 0, 0, 0, 0, 0, 0, 0, 0.00194079, 0, 6.67188e-05, 0, 0
23.0278, 0, 0.00201477, 0, 1.41421, -0.00201477, 0, 0, 0, 0, 0, 0, 0, 0, 0, 0, 0, 0, 0, 0, 0, 0, 0, 0, 0, 0, 0.00195144, 0, 6.33299e-05, 0, 0
23.0357, 0, 0.00204142, 0, 1.41421, -0.00204142, 0, 0, 0, 0, 0, 0, 0, 0, 0, 0, 0, 0, 0, 0, 0, 0, 0, 0, 0, 0, 0.00198142, 0, 5.99983e-05, 0, 0
23.0435, 1, 0.00208463, 0, 1.73205, 0.997915, 0, 0, 0, 0, 0, 0, 0, 0, 0, 0, 0, 0, 0, 0, 0, 0, 0, 0, 0, 0, 0.00202789, 0, 5.67313e-05, 0, 0
23.0514, 0, 0.00214164, 0, 1.41421, -0.00214164, 0, 0, 0, 0, 0, 0, 0, 0, 0, 0, 0, 0, 0, 0, 0, 0, 0, 0, 0, 0, 0.00208811, 0, 5.35313e-05, 0, 0
23.0592, 0, 0.00220981, 0, 1.41421, -0.00220981, 0, 0, 0, 0, 0, 0, 0, 0, 0, 0, 0, 0, 0, 0, 0, 0, 0, 0, 0, 0, 0.00215941, 0, 5.04014e-05, 0, 0
23.0671, 0, 0.00228643, 0, 1.41421, -0.00228643, 0, 0, 0, 0, 0, 0, 0, 0, 0, 0, 0, 0, 0, 0, 0, 0, 0, 0, 0, 0, 0.00223908, 0, 4.73498e-05, 0, 0
23.075, 0, 0.00236901, 0, 1.41421, -0.00236901, 0, 0, 0, 0, 0, 0, 0, 0, 0, 0, 0, 0, 0, 0, 0, 0, 0, 0, 0, 0, 0.00232463, 0, 4.4379e-05, 0, 0
23.0828, 0, 0.00245506, 0, 1.41421, -0.00245506, 0, 0, 0, 0, 0, 0, 0, 0, 0, 0, 0, 0, 0, 0, 0, 0, 0, 0, 0, 0, 0.00241357, 0, 4.14949e-05, 0, 0
23.0907, 0, 0.00254222, 0, 1.41421, -0.00254222, 0, 0, 0, 0, 0, 0, 0, 0, 0, 0, 0, 0, 0, 0, 0, 0, 0, 0, 0, 0, 0.00250352, 0, 3.8703e-05, 0, 0
23.0986, 0, 0.00262827, 0, 1.41421, -0.00262827, 0, 0, 0, 0, 0, 0, 0, 0, 0, 0, 0, 0, 0, 0, 0, 0, 0, 0, 0, 0, 0.00259227, 0, 3.60065e-05, 0, 0
23.1064, 0, 0.0027111, 0, 1.41421, -0.0027111, 0, 0, 0, 0, 0, 0, 0, 0, 0, 0, 0, 0, 0, 0, 0, 0, 0, 0, 0, 0, 0.00267769, 0, 3.34105e-05, 0, 0
23.1143, 0, 0.00278874, 0, 1.41421, -0.00278874, 0, 0, 0, 0, 0, 0, 0, 0, 0, 0, 0, 0, 0, 0, 0, 0, 0, 0, 0, 0, 0.00275782, 0, 3.09187e-05, 0, 0
23.1222, 0, 0.00285937, 0, 1.41421, -0.00285937, 0, 0, 0, 0, 0, 0, 0, 0, 0, 0, 0, 0, 0, 0, 0, 0, 0, 0, 0, 0, 0.00283084, 0, 2.8535e-05, 0, 0
23.13, 0, 0.00292144, 0, 1.41421, -0.00292144, 0, 0, 0, 0, 0, 0, 0, 0, 0, 0, 0, 0, 0, 0, 0, 0, 0, 0, 0, 0, 0.00289518, 0, 2.62603e-05, 0, 0
23.1379, 0, 0.00297347, 0, 1.41421, -0.00297347, 0, 0, 0, 0, 0, 0, 0, 0, 0, 0, 0, 0, 0, 0, 0, 0, 0, 0, 0, 0, 0.00294937, 0, 2.40991e-05, 0, 0
23.1458, 0, 0.00301429, 0, 1.41421, -0.00301429, 0, 0, 0, 0, 0, 0, 0, 0, 0, 0, 0, 0, 0, 0, 0, 0, 0, 0, 0, 0, 0.00299224, 0, 2.20516e-05, 0, 0
23.1536, 0, 0.00304294, 0, 1.41421, -0.00304294, 0, 0, 0, 0, 0, 0, 0, 0, 0, 0, 0, 0, 0, 0, 0, 0, 0, 0, 0, 0, 0.00302282, 0, 2.01175e-05, 0, 0
23.1615, 0, 0.00305863, 0, 1.41421, -0.00305863, 0, 0, 0, 0, 0, 0, 0, 0, 0, 0, 0, 0, 0, 0, 0, 0, 0, 0, 0, 0, 0.00304033, 0, 1.82987e-05, 0, 0
23.1694, 0, 0.00306088, 0, 1.41421, -0.00306088, 0, 0, 0, 0, 0, 0, 0, 0, 0, 0, 0, 0, 0, 0, 0, 0, 0, 0, 0, 0, 0.00304429, 0, 1.65933e-05, 0, 0
23.1772, 0, 0.00304942, 0, 1.41421, -0.00304942, 0, 0, 0, 0, 0, 0, 0, 0, 0, 0, 0, 0, 0, 0, 0, 0, 0, 0, 0, 0, 0.00303442, 0, 1.50003e-05, 0, 0
23.1851, 0, 0.00302422, 0, 1.41421, -0.00302422, 0, 0, 0, 0, 0, 0, 0, 0, 0, 0, 0, 0, 0, 0, 0, 0, 0, 0, 0, 0, 0.0030107, 0, 1.35177e-05, 0, 0
23.1929, 0, 0.00298548, 0, 1.41421, -0.00298548, 0, 0, 0, 0, 0, 0, 0, 0, 0, 0, 0, 0, 0, 0, 0, 0, 0, 0, 0, 0, 0.00297333, 0, 1.21434e-05, 0, 0
23.2008, 0, 0.0029336, 0, 1.41421, -0.0029336, 0, 0, 0, 0, 0, 0, 0, 0, 0, 0, 0, 0, 0, 0, 0, 0, 0, 0, 0, 0, 0.00292273, 0, 1.08736e-05, 0, 0
23.2087, 0, 0.00286922, 0, 1.41421, -0.00286922, 0, 0, 0, 0, 0, 0, 0, 0, 0, 0, 0, 0, 0, 0, 0, 0, 0, 0, 0, 0, 0.00285952, 0, 9.70502e-06, 0, 0
23.2165, 0, 0.00279316, 0, 1.41421, -0.00279316, 0, 0, 0, 0, 0, 0, 0, 0, 0, 0, 0, 0, 0, 0, 0, 0, 0, 0, 0, 0, 0.00278452, 0, 8.63395e-06, 0, 0
23.2244, 0, 0.00270631, 0, 1.41421, -0.00270631, 0, 0, 0, 0, 0, 0, 0, 0, 0, 0, 0, 0, 0, 0, 0, 0, 0, 0, 0, 0, 0.00269866, 0, 7.65529e-06, 0, 0
23.2323, 0, 0.00260988, 0, 1.41421, -0.00260988, 0, 0, 0, 0, 0, 0, 0, 0, 0, 0, 0, 0, 0, 0, 0, 0, 0, 0, 0, 0, 0.00260312, 0, 6.76538e-06, 0, 0
23.2401, 0, 0.00250501, 0, 1.41421, -0.00250501, 0, 0, 0, 0, 0, 0, 0, 0, 0, 0, 0, 0, 0, 0, 0, 0, 0, 0, 0, 0, 0.00249905, 0, 5.95868e-06, 0, 0
23.248, 0, 0.00239299, 0, 1.41421, -0.00239299, 0, 0, 0, 0, 0, 0, 0, 0, 0, 0, 0, 0, 0, 0, 0, 0, 0, 0, 0, 0, 0.00238776, 0, 5.23044e-06, 0, 0
23.2559, 0, 0.00227522, 0, 1.41421, -0.00227522, 0, 0, 0, 0, 0, 0, 0, 0, 0, 0, 0, 0, 0, 0, 0, 0, 0, 0, 0, 0, 0.00227064, 0, 4.57575e-06, 0, 0
23.2637, 0, 0.00215295, 0, 1.41421, -0.00215295, 0, 0, 0, 0, 0, 0, 0, 0, 0, 0, 0, 0, 0, 0, 0, 0, 0, 0, 0, 0, 0.00214896, 0, 3.98903e-06, 0, 0
23.2716, 0, 0.00202768, 0, 1.41421, -0.00202768, 0, 0, 0, 0, 0, 0, 0, 0, 0, 0, 0, 0, 0, 0, 0, 0, 0, 0, 0, 0, 0.00202421, 0, 3.46582e-06, 0, 0
23.2795, 0, 0.00190063, 0, 1.41421, -0.00190063, 0, 0, 0, 0, 0, 0, 0, 0, 0, 0, 0, 0, 0, 0, 0, 0, 0, 0, 0, 0, 0.00189763, 0, 3.00071e-06, 0, 0
23.2873, 0, 0.00177312, 0, 1.41421, -0.00177312, 0, 0, 0, 0, 0, 0, 0, 0, 0, 0, 0, 0, 0, 0, 0, 0, 0, 0, 0, 0, 0.00177053, 0, 2.58899e-06, 0, 0
23.2952, 0, 0.00164637, 0, 1.41421, -0.00164637, 0, 0, 0, 0, 0, 0, 0, 0, 0, 0, 0, 0, 0, 0, 0, 0, 0, 0, 0, 0, 0.00164414, 0, 2.22604e-06, 0, 0
23.3031, 0, 0.00152142, 0, 1.41421, -0.00152142, 0, 0, 0, 0, 0, 0, 0, 0, 0, 0, 0, 0, 0, 0, 0, 0, 0, 0, 0, 0, 0.00151951, 0, 1.90719e-06, 0, 0
23.3109, 0, 0.00139931, 0, 1.41421, -0.00139931, 0, 0, 0, 0, 0, 0, 0, 0, 0, 0, 0, 0, 0, 0, 0, 0, 0, 0, 0, 0, 0.00139768, 0, 1.62826e-06, 0, 0
23.3188, 0, 0.00128092, 0, 1.41421, -0.00128092, 0, 0, 0, 0, 0, 0, 0, 0, 0, 0, 0, 0, 0, 0, 0, 0, 0, 0, 0, 0, 0.00127953, 0, 1.38521e-06, 0, 0
23.3266, 0, 0.00116704, 0, 1.41421, -0.00116704, 0, 0, 0, 0, 0, 0, 0, 0, 0, 0, 0, 0, 0, 0, 0, 0, 0, 0, 0, 0, 0.00116586, 0, 1.17432e-06, 0, 0
23.3345, 0, 0.00105824, 0, 1.41421, -0.00105824, 0, 0, 0, 0, 0, 0, 0, 0, 0, 0, 0, 0, 0, 0, 0, 0, 0, 0, 0, 0, 0.00105725, 0, 9.91952e-07, 0, 0
23.3424, 0, 0.000955063, 0, 1.41421, -0.000955063, 0, 0, 0, 0, 0, 0, 0, 0, 0, 0, 0, 0, 0, 0, 0, 0, 0, 0, 0, 0, 0.000954228, 0, 8.34919e-07, 0, 0
23.3502, 0, 0.000857907, 0, 1.41421, -0.000857907, 0, 0, 0, 0, 0, 0, 0, 0, 0, 0, 0, 0, 0, 0, 0, 0, 0, 0, 0, 0, 0.000857207, 0, 7.00266e-07, 0, 0
23.3581, 0, 0.000766965, 0, 1.41421, -0.000766965, 0, 0, 0, 0, 0, 0, 0, 0, 0, 0, 0, 0, 0, 0, 0, 0, 0, 0, 0, 0, 0.00076638, 0, 5.85172e-07, 0, 0
23.366, 0, 0.000682478, 0, 1.41421, -0.000682478, 0, 0, 0, 0, 0, 0, 0, 0, 0, 0, 0, 0, 0, 0, 0, 0, 0, 0, 0, 0, 0.000681991, 0, 4.87283e-07, 0, 0
23.3738, 0, 0.000604427, 0, 1.41421, -0.000604427, 0, 0, 0, 0, 0, 0, 0, 0, 0, 0, 0, 0, 0, 0, 0, 0, 0, 0, 0, 0, 0.000604023, 0, 4.04291e-07, 0, 0
23.3817, 0, 0.00053279, 0, 1.41421, -0.00053279, 0, 0, 0, 0, 0, 0, 0, 0, 0, 0, 0, 0, 0, 0, 0, 0, 0, 0, 0, 0, 0.000532455, 0, 3.34224e-07, 0, 0
23.3896, 0, 0.000467455, 0, 1.41421, -0.000467455, 0, 0, 0, 0, 0, 0, 0, 0, 0, 0, 0, 0, 0, 0, 0, 0, 0, 0, 0, 0, 0.00046718, 0, 2.75316e-07, 0, 0
23.3974, 0, 0.000408199, 0, 1.41421, -0.000408199, 0, 0, 0, 0, 0, 0, 0, 0, 0, 0, 0, 0, 0, 0, 0, 0, 0, 0, 0, 0, 0.000407973, 0, 2.25959e-07, 0, 0
23.4053, 0, 0.000354786, 0, 1.41421, -0.000354786, 0, 0, 0, 0, 0, 0, 0, 0, 0, 0, 0, 0, 0, 0, 0, 0, 0, 0, 0, 0, 0.000354601, 0, 1.84778e-07, 0, 0
23.4132, 0, 0.00030692, 0, 1.41421, -0.00030692, 0, 0, 0, 0, 0, 0, 0, 0, 0, 0, 0, 0, 0, 0, 0, 0, 0, 0, 0, 0, 0.000306769, 0, 1.50553e-07, 0, 0
23.421, 0, 0.000264282, 0, 1.41421, -0.000264282, 0, 0, 0, 0, 0, 0, 0, 0, 0, 0, 0, 0, 0, 0, 0, 0, 0, 0, 0, 0, 0.00026416, 0, 1.22227e-07, 0, 0
23.4289, 0, 0.000226498, 0, 1.41421, -0.000226498, 0, 0, 0, 0, 0, 0, 0, 0, 0, 0, 0, 0, 0, 0, 0, 0, 0, 0, 0, 0, 0.000226399, 0, 9.88645e-08, 0, 0
23.4368, 0, 0.000193211, 0, 1.41421, -0.000193211, 0, 0, 0, 0, 0, 0, 0, 0, 0, 0, 0, 0, 0, 0, 0, 0, 0, 0, 0, 0, 0.000193131, 0, 7.96756e-08, 0, 0
23.4446, 0, 0.000164055, 0, 1.41421, -0.000164055, 0, 0, 0, 0, 0, 0, 0, 0, 0, 0, 0, 0, 0, 0, 0, 0, 0, 0, 0, 0, 0.000163991, 0, 6.39796e-08, 0, 0
23.4525, 0, 0.000138641, 0, 1.41421, -0.000138641, 0, 0, 0, 0, 0, 0, 0, 0, 0, 0, 0, 0, 0, 0, 0, 0, 0, 0, 0, 0, 0.000138589, 0, 5.11819e-08, 0, 0
23.4604, 0, 0.000116629, 0, 1.41421, -0.000116629, 0, 0, 0, 0, 0, 0, 0, 0, 0, 0, 0, 0, 0, 0, 0, 0, 0, 0, 0, 0, 0.000116588, 0, 4.07984e-08, 0, 0
23.4682, 0, 9.76526e-05, 0, 1.41421, -9.76526e-05, 0, 0, 0, 0, 0, 0, 0, 0, 0, 0, 0, 0, 0, 0, 0, 0, 0, 0, 0, 0, 9.76202e-05, 0, 3.24001e-08, 0, 0
23.4761, 0, 8.13851e-05, 0, 1.41421, -8.13851e-05, 0, 0, 0, 0, 0, 0, 0, 0, 0, 0, 0, 0, 0, 0, 0, 0, 0, 0, 0, 0, 8.13595e-05, 0, 2.56358e-08, 0, 0
23.4839, 0, 6.7517e-05, 0, 1.41421, -6.7517e-05, 0, 0, 0, 0, 0, 0, 0, 0, 0, 0, 0, 0, 0, 0, 0, 0, 0, 0, 0, 0, 6.74968e-05, 0, 2.021e-08, 0, 0
23.4918, 0, 5.5748e-05, 0, 1.41421, -5.5748e-05, 0, 0, 0, 0, 0, 0, 0, 0, 0, 0, 0, 0, 0, 0, 0, 0, 0, 0, 0, 0, 5.57321e-05, 0, 1.58719e-08, 0, 0
23.4997, 0, 4.58224e-05, 0, 1.41421, -4.58224e-05, 0, 0, 0, 0, 0, 0, 0, 0, 0, 0, 0, 0, 0, 0, 0, 0, 0, 0, 0, 0, 4.581e-05, 0, 1.24202e-08, 0, 0
23.5075, 0.982647, 3.74887e-05, 0, 1.72703, 0.98261, 0, 0, 0, 0, 0, 0, 0, 0, 0, 0, 0, 0, 0, 0, 0, 0, 0, 0, 0, 0, 3.7479e-05, 0, 9.68249e-09, 0, 0
23.5154, 0.0173525, 3.05294e-05, 0, 1.42034, 0.017322, 0, 0, 0, 0, 0, 0, 0, 0, 0, 0, 0, 0, 0, 0, 0, 0, 0, 0, 0, 0, 3.05219e-05, 0, 7.52016e-09, 0, 0
23.5233, 0, 2.47491e-05, 0, 1.41421, -2.47491e-05, 0, 0, 0, 0, 0, 0, 0, 0, 0, 0, 0, 0, 0, 0, 0, 0, 0, 0, 0, 0, 2.47433e-05, 0, 5.8193e-09, 0, 0
23.5311, 0, 1.99701e-05, 0, 1.41421, -1.99701e-05, 0, 0, 0, 0, 0, 0, 0, 0, 0, 0, 0, 0, 0, 0, 0, 0, 0, 0, 0, 0, 1.99656e-05, 0, 4.48601e-09, 0, 0
23.539, 0, 1.604e-05, 0, 1.41421, -1.604e-05, 0, 0, 0, 0, 0, 0, 0, 0, 0, 0, 0, 0, 0, 0, 0, 0, 0, 0, 0, 0, 1.60365e-05, 0, 3.44523e-09, 0, 0
23.5469, 0, 1.28244e-05, 0, 1.41421, -1.28244e-05, 0, 0, 0, 0, 0, 0, 0, 0, 0, 0, 0, 0, 0, 0, 0, 0, 0, 0, 0, 0, 1.28217e-05, 0, 2.63597e-09, 0, 0
23.5547, 0, 1.02071e-05, 0, 1.41421, -1.02071e-05, 0, 0, 0, 0, 0, 0, 0, 0, 0, 0, 0, 0, 0, 0, 0, 0, 0, 0, 0, 0, 1.02051e-05, 0, 2.00933e-09, 0, 0
23.5626, 0, 8.086e-06, 0, 1.41421, -8.086e-06, 0, 0, 0, 0, 0, 0, 0, 0, 0, 0, 0, 0, 0, 0, 0, 0, 0, 0, 0, 0, 8.08447e-06, 0, 1.52565e-09, 0, 0
23.5705, 0, 6.37722e-06, 0, 1.41421, -6.37722e-06, 0, 0, 0, 0, 0, 0, 0, 0, 0, 0, 0, 0, 0, 0, 0, 0, 0, 0, 0, 0, 6.37607e-06, 0, 1.15417e-09, 0, 0
23.5783, 0, 5.00666e-06, 0, 1.41421, -5.00666e-06, 0, 0, 0, 0, 0, 0, 0, 0, 0, 0, 0, 0, 0, 0, 0, 0, 0, 0, 0, 0, 5.00579e-06, 0, 8.69809e-10, 0, 0
23.5862, 0, 3.91232e-06, 0, 1.41421, -3.91232e-06, 0, 0, 0, 0, 0, 0, 0, 0, 0, 0, 0, 0, 0, 0, 0, 0, 0, 0, 0, 0, 3.91167e-06, 0, 6.5291e-10, 0, 0
23.5941, 0, 3.04369e-06, 0, 1.41421, -3.04369e-06, 0, 0, 0, 0, 0, 0, 0, 0, 0, 0, 0, 0, 0, 0, 0, 0, 0, 0, 0, 0, 3.0432e-06, 0, 4.88283e-10, 0, 0
23.6019, 0, 2.35703e-06, 0, 1.41421, -2.35703e-06, 0, 0, 0, 0, 0, 0, 0, 0, 0, 0, 0, 0, 0, 0, 0, 0, 0, 0, 0, 0, 2.35667e-06, 0, 3.63727e-10, 0, 0
23.6098, 0, 1.81703e-06, 0, 1.41421, -1.81703e-06, 0, 0, 0, 0, 0, 0, 0, 0, 0, 0, 0, 0, 0, 0, 0, 0, 0, 0, 0, 0, 1.81676e-06, 0, 2.6989e-10, 0, 0
23.6176, 0, 1.39442e-06, 0, 1.41421, -1.39442e-06, 0, 0, 0, 0, 0, 0, 0, 0, 0, 0, 0, 0, 0, 0, 0, 0, 0, 0, 0, 0, 1.39422e-06, 0, 1.99476e-10, 0, 0
23.6255, 0, 1.06535e-06, 0, 1.41421, -1.06535e-06, 0, 0, 0, 0, 0, 0, 0, 0, 0, 0, 0, 0, 0, 0, 0, 0, 0, 0, 0, 0, 1.0652e-06, 0, 1.46859e-10, 0, 0
23.6334, 0, 8.10213e-07, 0, 1.41421, -8.10213e-07, 0, 0, 0, 0, 0, 0, 0, 0, 0, 0, 0, 0, 0, 0, 0, 0, 0, 0, 0, 0, 8.10105e-07, 0, 1.0768e-10, 0, 0
23.6412, 0, 6.13411e-07, 0, 1.41421, -6.13411e-07, 0, 0, 0, 0, 0, 0, 0, 0, 0, 0, 0, 0, 0, 0, 0, 0, 0, 0, 0, 0, 6.13332e-07, 0, 7.86392e-11, 0, 0
23.6491, 0, 4.62361e-07, 0, 1.41421, -4.62361e-07, 0, 0, 0, 0, 0, 0, 0, 0, 0, 0, 0, 0, 0, 0, 0, 0, 0, 0, 0, 0, 4.62303e-07, 0, 5.71976e-11, 0, 0
23.657, 0, 3.46896e-07, 0, 1.41421, -3.46896e-07, 0, 0, 0, 0, 0, 0, 0, 0, 0, 0, 0, 0, 0, 0, 0, 0, 0, 0, 0, 0, 3.46854e-07, 0, 4.14192e-11, 0, 0
23.6648, 0, 2.59138e-07, 0, 1.41421, -2.59138e-07, 0, 0, 0, 0, 0, 0, 0, 0, 0, 0, 0, 0, 0, 0, 0, 0, 0, 0, 0, 0, 2.59109e-07, 0, 2.98667e-11, 0, 0
23.6727, 0, 1.92718e-07, 0, 1.41421, -1.92718e-07, 0, 0, 0, 0, 0, 0, 0, 0, 0, 0, 0, 0, 0, 0, 0, 0, 0, 0, 0, 0, 1.92696e-07, 0, 2.14376e-11, 0, 0
23.6806, 0, 1.42662e-07, 0, 1.41421, -1.42662e-07, 0, 0, 0, 0, 0, 0, 0, 0, 0, 0, 0, 0, 0, 0, 0, 0, 0, 0, 0, 0, 1.42646e-07, 0, 1.53193e-11, 0, 0
23.6884, 0, 1.05153e-07, 0, 1.41421, -1.05153e-07, 0, 0, 0, 0, 0, 0, 0, 0, 0, 0, 0, 0, 0, 0, 0, 0, 0, 0, 0, 0, 1.05142e-07, 0, 1.08939e-11, 0, 0
23.6963, 0, 7.71558e-08, 0, 1.41421, -7.71558e-08, 0, 0, 0, 0, 0, 0, 0, 0, 0, 0, 0, 0, 0, 0, 0, 0, 0, 0, 0, 0, 7.71481e-08, 0, 7.70347e-12, 0, 0
23.7042, 0, 5.6362e-08, 0, 1.41421, -5.6362e-08, 0, 0, 0, 0, 0, 0, 0, 0, 0, 0, 0, 0, 0, 0, 0, 0, 0, 0, 0, 0, 5.63566e-08, 0, 5.41526e-12, 0, 0
23.712, 0, 4.09899e-08, 0, 1.41421, -4.09899e-08, 0, 0, 0, 0, 0, 0, 0, 0, 0, 0, 0, 0, 0, 0, 0, 0, 0, 0, 0, 0, 4.09861e-08, 0, 3.7797e-12, 0, 0
23.7199, 0, 2.9681e-08, 0, 1.41421, -2.9681e-08, 0, 0, 0, 0, 0, 0, 0, 0, 0, 0, 0, 0, 0, 0, 0, 0, 0, 0, 0, 0, 2.96784e-08, 0, 2.61583e-12, 0, 0
23.7278, 0, 2.13956e-08, 0, 1.41421, -2.13956e-08, 0, 0, 0, 0, 0, 0, 0, 0, 0, 0, 0, 0, 0, 0, 0, 0, 0, 0, 0, 0, 2.13938e-08, 0, 1.79094e-12, 0, 0
23.7356, 0, 1.53552e-08, 0, 1.41421, -1.53552e-08, 0, 0, 0, 0, 0, 0, 0, 0, 0, 0, 0, 0, 0, 0, 0, 0, 0, 0, 0, 0, 1.5354e-08, 0, 1.20895e-12, 0, 0
23.7435, 0, 1.09717e-08, 0, 1.41421, -1.09717e-08, 0, 0, 0, 0, 0, 0, 0, 0, 0, 0, 0, 0, 0, 0, 0, 0, 0, 0, 0, 0, 1.09708e-08, 0, 8.30632e-13, 0, 0
23.7513, 0, 7.80516e-09, 0, 1.41421, -7.80516e-09, 0, 0, 0, 0, 0, 0, 0, 0, 0, 0, 0, 0, 0, 0, 0, 0, 0, 0, 0, 0, 7.80459e-09, 0, 5.6482e-13, 0, 0
23.7592, 0, 5.52856e-09, 0, 1.41421, -5.52856e-09, 0, 0, 0, 0, 0, 0, 0, 0, 0, 0, 0, 0, 0, 0, 0, 0, 0, 0, 0, 0, 5.52818e-09, 0, 3.78977e-13, 0, 0
23.7671, 0, 3.89849e-09, 0, 1.41421, -3.89849e-09, 0, 0, 0, 0, 0, 0, 0, 0, 0, 0, 0, 0, 0, 0, 0, 0, 0, 0, 0, 0, 3.89824e-09, 0, 2.53791e-13, 0, 0
23.7749, 0, 2.73696e-09, 0, 1.41421, -2.73696e-09, 0, 0, 0, 0, 0, 0, 0, 0, 0, 0, 0, 0, 0, 0, 0, 0, 0, 0, 0, 0, 2.7368e-09, 0, 1.66979e-13, 0, 0
23.7828, 0, 1.91321e-09, 0, 1.41421, -1.91321e-09, 0, 0, 0, 0, 0, 0, 0, 0, 0, 0, 0, 0, 0, 0, 0, 0, 0, 0, 0, 0, 1.9131e-09, 0, 1.07077e-13, 0, 0
23.7907, 0, 1.33118e-09, 0, 1.41421, -1.33118e-09, 0, 0, 0, 0, 0, 0, 0, 0, 0, 0, 0, 0, 0, 0, 0, 0, 0, 0, 0, 0, 1.33111e-09, 0, 7.04407e-14, 0, 0
23.7985, 0, 9.22137e-10, 0, 1.41421, -9.22137e-10, 0, 0, 0, 0, 0, 0, 0, 0, 0, 0, 0, 0, 0, 0, 0, 0, 0, 0, 0, 0, 9.22092e-10, 0, 4.53e-14, 0, 0
23.8064, 0, 6.3557e-10, 0, 1.41421, -6.3557e-10, 0, 0, 0, 0, 0, 0, 0, 0, 0, 0, 0, 0, 0, 0, 0, 0, 0, 0, 0, 0, 6.35542e-10, 0, 2.81301e-14, 0, 0
23.8143, 0, 4.35409e-10, 0, 1.41421, -4.35409e-10, 0, 0, 0, 0, 0, 0, 0, 0, 0, 0, 0, 0, 0, 0, 0, 0, 0, 0, 0, 0, 4.35392e-10, 0, 1.6761e-14, 0, 0
23.8221, 0, 2.9515e-10, 0, 1.41421, -2.9515e-10, 0, 0, 0, 0, 0, 0, 0, 0, 0, 0, 0, 0, 0, 0, 0, 0, 0, 0, 0, 0, 2.95141e-10, 0, 9.14653e-15, 0, 0
23.83, 0, 1.91574e-10, 0, 1.41421, -1.91574e-10, 0, 0, 0, 0, 0, 0, 0, 0, 0, 0, 0, 0, 0, 0, 0, 0, 0, 0, 0, 0, 1.9157e-10, 0, 4.11851e-15, 0, 0
23.8379, 0, 7.24511e-11, 0, 1.41421, -7.24511e-11, 0, 0, 0, 0, 0, 0, 0, 0, 0, 0, 0, 0, 0, 0, 0, 0, 0, 0, 0, 0, 7.24503e-11, 0, 8.04822e-16, 0, 0
23.8457, 0, 3.9322e-11, 0, 1.41421, -3.9322e-11, 0, 0, 0, 0, 0, 0, 0, 0, 0, 0, 0, 0, 0, 0, 0, 0, 0, 0, 0, 0, 3.93215e-11, 0, 5.13228e-16, 0, 0
23.8536, 0, 2.4005e-11, 0, 1.41421, -2.4005e-11, 0, 0, 0, 0, 0, 0, 0, 0, 0, 0, 0, 0, 0, 0, 0, 0, 0, 0, 0, 0, 2.40047e-11, 0, 3.14663e-16, 0, 0
23.8615, 0, 1.50612e-11, 0, 1.41421, -1.50612e-11, 0, 0, 0, 0, 0, 0, 0, 0, 0, 0, 0, 0, 0, 0, 0, 0, 0, 0, 0, 0, 1.5061e-11, 0, 1.84031e-16, 0, 0
23.8693, 0, 9.47995e-12, 0, 1.41421, -9.47995e-12, 0, 0, 0, 0, 0, 0, 0, 0, 0, 0, 0, 0, 0, 0, 0, 0, 0, 0, 0, 0, 9.47985e-12, 0, 9.62287e-17, 0, 0
23.8772, 0, 5.87549e-12, 0, 1.41421, -5.87549e-12, 0, 0, 0, 0, 0, 0, 0, 0, 0, 0, 0, 0, 0, 0, 0, 0, 0, 0, 0, 0, 5.87545e-12, 0, 3.76975e-17, 0, 0
23.885, 0, 3.10716e-12, 0, 1.41421, -3.10716e-12, 0, 0, 0, 0, 0, 0, 0, 0, 0, 0, 0, 0, 0, 0, 0, 0, 0, 0, 0, 0, 3.10716e-12, 0, 0, 0, 0
23.8929, 0, 1.46027e-12, 0, 1.41421, -1.46027e-12, 0, 0, 0, 0, 0, 0, 0, 0, 0, 0, 0, 0, 0, 0, 0, 0, 0, 0, 0, 0, 1.46027e-12, 0, 0, 0, 0
23.9008, 0, 7.25839e-13, 0, 1.41421, -7.25839e-13, 0, 0, 0, 0, 0, 0, 0, 0, 0, 0, 0, 0, 0, 0, 0, 0, 0, 0, 0, 0, 7.25839e-13, 0, 0, 0, 0
23.9086, 0, 3.10676e-13, 0, 1.41421, -3.10676e-13, 0, 0, 0, 0, 0, 0, 0, 0, 0, 0, 0, 0, 0, 0, 0, 0, 0, 0, 0, 0, 3.10676e-13, 0, 0, 0, 0
23.9165, 0, 7.15291e-14, 0, 1.41421, -7.15291e-14, 0, 0, 0, 0, 0, 0, 0, 0, 0, 0, 0, 0, 0, 0, 0, 0, 0, 0, 0, 0, 7.15291e-14, 0, 0, 0, 0
23.9244, 0, 3.99324e-14, 0, 1.41421, -3.99324e-14, 0, 0, 0, 0, 0, 0, 0, 0, 0, 0, 0, 0, 0, 0, 0, 0, 0, 0, 0, 0, 3.99324e-14, 0, 0, 0, 0
23.9322, 0, 2.12206e-14, 0, 1.41421, -2.12206e-14, 0, 0, 0, 0, 0, 0, 0, 0, 0, 0, 0, 0, 0, 0, 0, 0, 0, 0, 0, 0, 2.12206e-14, 0, 0, 0, 0
23.9401, 0, 1.01437e-14, 0, 1.41421, -1.01437e-14, 0, 0, 0, 0, 0, 0, 0, 0, 0, 0, 0, 0, 0, 0, 0, 0, 0, 0, 0, 0, 1.01437e-14, 0, 0, 0, 0
23.948, 0, 3.67453e-15, 0, 1.41421, -3.67453e-15, 0, 0, 0, 0, 0, 0, 0, 0, 0, 0, 0, 0, 0, 0, 0, 0, 0, 0, 0, 0, 3.67453e-15, 0, 0, 0, 0
23.9558, 0, 0, 0, 1.41421, 0, 0, 0, 0, 0, 0, 0, 0, 0, 0, 0, 0, 0, 0, 0, 0, 0, 0, 0, 0, 0, 0, 0, 0, 0, 0
23.9637, 0, 0, 0, 1.41421, 0, 0, 0, 0, 0, 0, 0, 0, 0, 0, 0, 0, 0, 0, 0, 0, 0, 0, 0, 0, 0, 0, 0, 0, 0, 0
23.9716, 0, 0, 0, 1.41421, 0, 0, 0, 0, 0, 0, 0, 0, 0, 0, 0, 0, 0, 0, 0, 0, 0, 0, 0, 0, 0, 0, 0, 0, 0, 0
23.9794, 0, 0, 0, 1.41421, 0, 0, 0, 0, 0, 0, 0, 0, 0, 0, 0, 0, 0, 0, 0, 0, 0, 0, 0, 0, 0, 0, 0, 0, 0, 0
23.9873, 0, 0, 0, 1.41421, 0, 0, 0, 0, 0, 0, 0, 0, 0, 0, 0, 0, 0, 0, 0, 0, 0, 0, 0, 0, 0, 0, 0, 0, 0, 0
23.9952, 0, 0, 0, 1.41421, 0, 0, 0, 0, 0, 0, 0, 0, 0, 0, 0, 0, 0, 0, 0, 0, 0, 0, 0, 0, 0, 0, 0, 0, 0, 0
24.003, 0, 0, 0, 1.41421, 0, 0, 0, 0, 0, 0, 0, 0, 0, 0, 0, 0, 0, 0, 0, 0, 0, 0, 0, 0, 0, 0, 0, 0, 0, 0
24.0109, 0, 0, 0, 1.41421, 0, 0, 0, 0, 0, 0, 0, 0, 0, 0, 0, 0, 0, 0, 0, 0, 0, 0, 0, 0, 0, 0, 0, 0, 0, 0
24.0187, 0, 0, 0, 1.41421, 0, 0, 0, 0, 0, 0, 0, 0, 0, 0, 0, 0, 0, 0, 0, 0, 0, 0, 0, 0, 0, 0, 0, 0, 0, 0
24.0266, 0, 0, 0, 1.41421, 0, 0, 0, 0, 0, 0, 0, 0, 0, 0, 0, 0, 0, 0, 0, 0, 0, 0, 0, 0, 0, 0, 0, 0, 0, 0
24.0345, 0, 0, 0, 1.41421, 0, 0, 0, 0, 0, 0, 0, 0, 0, 0, 0, 0, 0, 0, 0, 0, 0, 0, 0, 0, 0, 0, 0, 0, 0, 0
24.0423, 0, 0, 0, 1.41421, 0, 0, 0, 0, 0, 0, 0, 0, 0, 0, 0, 0, 0, 0, 0, 0, 0, 0, 0, 0, 0, 0, 0, 0, 0, 0
24.0502, 0, 0, 0, 1.41421, 0, 0, 0, 0, 0, 0, 0, 0, 0, 0, 0, 0, 0, 0, 0, 0, 0, 0, 0, 0, 0, 0, 0, 0, 0, 0
24.0581, 0, 0, 0, 1.41421, 0, 0, 0, 0, 0, 0, 0, 0, 0, 0, 0, 0, 0, 0, 0, 0, 0, 0, 0, 0, 0, 0, 0, 0, 0, 0
24.0659, 0, 0, 0, 1.41421, 0, 0, 0, 0, 0, 0, 0, 0, 0, 0, 0, 0, 0, 0, 0, 0, 0, 0, 0, 0, 0, 0, 0, 0, 0, 0
24.0738, 0, 0, 0, 1.41421, 0, 0, 0, 0, 0, 0, 0, 0, 0, 0, 0, 0, 0, 0, 0, 0, 0, 0, 0, 0, 0, 0, 0, 0, 0, 0
24.0817, 0, 0, 0, 1.41421, 0, 0, 0, 0, 0, 0, 0, 0, 0, 0, 0, 0, 0, 0, 0, 0, 0, 0, 0, 0, 0, 0, 0, 0, 0, 0
24.0895, 0, 0, 0, 1.41421, 0, 0, 0, 0, 0, 0, 0, 0, 0, 0, 0, 0, 0, 0, 0, 0, 0, 0, 0, 0, 0, 0, 0, 0, 0, 0
24.0974, 0, 0, 0, 1.41421, 0, 0, 0, 0, 0, 0, 0, 0, 0, 0, 0, 0, 0, 0, 0, 0, 0, 0, 0, 0, 0, 0, 0, 0, 0, 0
24.1053, 0, 0, 0, 1.41421, 0, 0, 0, 0, 0, 0, 0, 0, 0, 0, 0, 0, 0, 0, 0, 0, 0, 0, 0, 0, 0, 0, 0, 0, 0, 0
24.1131, 0, 0, 0, 1.41421, 0, 0, 0, 0, 0, 0, 0, 0, 0, 0, 0, 0, 0, 0, 0, 0, 0, 0, 0, 0, 0, 0, 0, 0, 0, 0
24.121, 0, 0, 0, 1.41421, 0, 0, 0, 0, 0, 0, 0, 0, 0, 0, 0, 0, 0, 0, 0, 0, 0, 0, 0, 0, 0, 0, 0, 0, 0, 0
24.1289, 0, 0, 0, 1.41421, 0, 0, 0, 0, 0, 0, 0, 0, 0, 0, 0, 0, 0, 0, 0, 0, 0, 0, 0, 0, 0, 0, 0, 0, 0, 0
24.1367, 0, 0, 0, 1.41421, 0, 0, 0, 0, 0, 0, 0, 0, 0, 0, 0, 0, 0, 0, 0, 0, 0, 0, 0, 0, 0, 0, 0, 0, 0, 0
24.1446, 0, 0, 0, 1.41421, 0, 0, 0, 0, 0, 0, 0, 0, 0, 0, 0, 0, 0, 0, 0, 0, 0, 0, 0, 0, 0, 0, 0, 0, 0, 0
24.1524, 0, 0, 0, 1.41421, 0, 0, 0, 0, 0, 0, 0, 0, 0, 0, 0, 0, 0, 0, 0, 0, 0, 0, 0, 0, 0, 0, 0, 0, 0, 0
24.1603, 0, 0, 0, 1.41421, 0, 0, 0, 0, 0, 0, 0, 0, 0, 0, 0, 0, 0, 0, 0, 0, 0, 0, 0, 0, 0, 0, 0, 0, 0, 0
24.1682, 0, 0, 0, 1.41421, 0, 0, 0, 0, 0, 0, 0, 0, 0, 0, 0, 0, 0, 0, 0, 0, 0, 0, 0, 0, 0, 0, 0, 0, 0, 0
24.176, 0, 0, 0, 1.41421, 0, 0, 0, 0, 0, 0, 0, 0, 0, 0, 0, 0, 0, 0, 0, 0, 0, 0, 0, 0, 0, 0, 0, 0, 0, 0
24.1839, 0, 0, 0, 1.41421, 0, 0, 0, 0, 0, 0, 0, 0, 0, 0, 0, 0, 0, 0, 0, 0, 0, 0, 0, 0, 0, 0, 0, 0, 0, 0
24.1918, 0, 0, 0, 1.41421, 0, 0, 0, 0, 0, 0, 0, 0, 0, 0, 0, 0, 0, 0, 0, 0, 0, 0, 0, 0, 0, 0, 0, 0, 0, 0
24.1996, 0, 0, 0, 1.41421, 0, 0, 0, 0, 0, 0, 0, 0, 0, 0, 0, 0, 0, 0, 0, 0, 0, 0, 0, 0, 0, 0, 0, 0, 0, 0
24.2075, 0, 0, 0, 1.41421, 0, 0, 0, 0, 0, 0, 0, 0, 0, 0, 0, 0, 0, 0, 0, 0, 0, 0, 0, 0, 0, 0, 0, 0, 0, 0
24.2154, 0, 0, 0, 1.41421, 0, 0, 0, 0, 0, 0, 0, 0, 0, 0, 0, 0, 0, 0, 0, 0, 0, 0, 0, 0, 0, 0, 0, 0, 0, 0
24.2232, 0, 0, 0, 1.41421, 0, 0, 0, 0, 0, 0, 0, 0, 0, 0, 0, 0, 0, 0, 0, 0, 0, 0, 0, 0, 0, 0, 0, 0, 0, 0
24.2311, 0, 0, 0, 1.41421, 0, 0, 0, 0, 0, 0, 0, 0, 0, 0, 0, 0, 0, 0, 0, 0, 0, 0, 0, 0, 0, 0, 0, 0, 0, 0
24.239, 0, 0, 0, 1.41421, 0, 0, 0, 0, 0, 0, 0, 0, 0, 0, 0, 0, 0, 0, 0, 0, 0, 0, 0, 0, 0, 0, 0, 0, 0, 0
24.2468, 0, 0, 0, 1.41421, 0, 0, 0, 0, 0, 0, 0, 0, 0, 0, 0, 0, 0, 0, 0, 0, 0, 0, 0, 0, 0, 0, 0, 0, 0, 0
24.2547, 0, 0, 0, 1.41421, 0, 0, 0, 0, 0, 0, 0, 0, 0, 0, 0, 0, 0, 0, 0, 0, 0, 0, 0, 0, 0, 0, 0, 0, 0, 0
24.2626, 0, 0, 0, 1.41421, 0, 0, 0, 0, 0, 0, 0, 0, 0, 0, 0, 0, 0, 0, 0, 0, 0, 0, 0, 0, 0, 0, 0, 0, 0, 0
24.2704, 0, 0, 0, 1.41421, 0, 0, 0, 0, 0, 0, 0, 0, 0, 0, 0, 0, 0, 0, 0, 0, 0, 0, 0, 0, 0, 0, 0, 0, 0, 0
24.2783, 0, 0, 0, 1.41421, 0, 0, 0, 0, 0, 0, 0, 0, 0, 0, 0, 0, 0, 0, 0, 0, 0, 0, 0, 0, 0, 0, 0, 0, 0, 0
24.2861, 0, 0, 0, 1.41421, 0, 0, 0, 0, 0, 0, 0, 0, 0, 0, 0, 0, 0, 0, 0, 0, 0, 0, 0, 0, 0, 0, 0, 0, 0, 0
24.294, 0, 0, 0, 1.41421, 0, 0, 0, 0, 0, 0, 0, 0, 0, 0, 0, 0, 0, 0, 0, 0, 0, 0, 0, 0, 0, 0, 0, 0, 0, 0
24.3019, 0, 0, 0, 1.41421, 0, 0, 0, 0, 0, 0, 0, 0, 0, 0, 0, 0, 0, 0, 0, 0, 0, 0, 0, 0, 0, 0, 0, 0, 0, 0
24.3097, 0, 0, 0, 1.41421, 0, 0, 0, 0, 0, 0, 0, 0, 0, 0, 0, 0, 0, 0, 0, 0, 0, 0, 0, 0, 0, 0, 0, 0, 0, 0
24.3176, 0.733895, 0, 0, 1.65345, 0.733895, 0, 0, 0, 0, 0, 0, 0, 0, 0, 0, 0, 0, 0, 0, 0, 0, 0, 0, 0, 0, 0, 0, 0, 0, 0
24.3255, 1.26611, 0, 0, 1.80724, 1.26611, 0, 0, 0, 0, 0, 0, 0, 0, 0, 0, 0, 0, 0, 0, 0, 0, 0, 0, 0, 0, 0, 0, 0, 0, 0
24.3333, 0, 0, 0, 1.41421, 0, 0, 0, 0, 0, 0, 0, 0, 0, 0, 0, 0, 0, 0, 0, 0, 0, 0, 0, 0, 0, 0, 0, 0, 0, 0
24.3412, 0, 0, 0, 1.41421, 0, 0, 0, 0, 0, 0, 0, 0, 0, 0, 0, 0, 0, 0, 0, 0, 0, 0, 0, 0, 0, 0, 0, 0, 0, 0
24.3491, 0, 0, 0, 1.41421, 0, 0, 0, 0, 0, 0, 0, 0, 0, 0, 0, 0, 0, 0, 0, 0, 0, 0, 0, 0, 0, 0, 0, 0, 0, 0
24.3569, 0, 0, 0, 1.41421, 0, 0, 0, 0, 0, 0, 0, 0, 0, 0, 0, 0, 0, 0, 0, 0, 0, 0, 0, 0, 0, 0, 0, 0, 0, 0
24.3648, 0, 0, 0, 1.41421, 0, 0, 0, 0, 0, 0, 0, 0, 0, 0, 0, 0, 0, 0, 0, 0, 0, 0, 0, 0, 0, 0, 0, 0, 0, 0
24.3727, 0, 0, 0, 1.41421, 0, 0, 0, 0, 0, 0, 0, 0, 0, 0, 0, 0, 0, 0, 0, 0, 0, 0, 0, 0, 0, 0, 0, 0, 0, 0
24.3805, 0, 0, 0, 1.41421, 0, 0, 0, 0, 0, 0, 0, 0, 0, 0, 0, 0, 0, 0, 0, 0, 0, 0, 0, 0, 0, 0, 0, 0, 0, 0
24.3884, 0, 0, 0, 1.41421, 0, 0, 0, 0, 0, 0, 0, 0, 0, 0, 0, 0, 0, 0, 0, 0, 0, 0, 0, 0, 0, 0, 0, 0, 0, 0
24.3963, 0, 0, 0, 1.41421, 0, 0, 0, 0, 0, 0, 0, 0, 0, 0, 0, 0, 0, 0, 0, 0, 0, 0, 0, 0, 0, 0, 0, 0, 0, 0
24.4041, 0, 0, 0, 1.41421, 0, 0, 0, 0, 0, 0, 0, 0, 0, 0, 0, 0, 0, 0, 0, 0, 0, 0, 0, 0, 0, 0, 0, 0, 0, 0
24.412, 0, 0, 0, 1.41421, 0, 0, 0, 0, 0, 0, 0, 0, 0, 0, 0, 0, 0, 0, 0, 0, 0, 0, 0, 0, 0, 0, 0, 0, 0, 0
24.4199, 0, 0, 0, 1.41421, 0, 0, 0, 0, 0, 0, 0, 0, 0, 0, 0, 0, 0, 0, 0, 0, 0, 0, 0, 0, 0, 0, 0, 0, 0, 0
24.4277, 0, 0, 0, 1.41421, 0, 0, 0, 0, 0, 0, 0, 0, 0, 0, 0, 0, 0, 0, 0, 0, 0, 0, 0, 0, 0, 0, 0, 0, 0, 0
24.4356, 0, 0, 0, 1.41421, 0, 0, 0, 0, 0, 0, 0, 0, 0, 0, 0, 0, 0, 0, 0, 0, 0, 0, 0, 0, 0, 0, 0, 0, 0, 0
24.4434, 0, 0, 0, 1.41421, 0, 0, 0, 0, 0, 0, 0, 0, 0, 0, 0, 0, 0, 0, 0, 0, 0, 0, 0, 0, 0, 0, 0, 0, 0, 0
24.4513, 0, 0, 0, 1.41421, 0, 0, 0, 0, 0, 0, 0, 0, 0, 0, 0, 0, 0, 0, 0, 0, 0, 0, 0, 0, 0, 0, 0, 0, 0, 0
24.4592, 0, 0, 0, 1.41421, 0, 0, 0, 0, 0, 0, 0, 0, 0, 0, 0, 0, 0, 0, 0, 0, 0, 0, 0, 0, 0, 0, 0, 0, 0, 0
24.467, 0, 0, 0, 1.41421, 0, 0, 0, 0, 0, 0, 0, 0, 0, 0, 0, 0, 0, 0, 0, 0, 0, 0, 0, 0, 0, 0, 0, 0, 0, 0
24.4749, 0, 0, 0, 1.41421, 0, 0, 0, 0, 0, 0, 0, 0, 0, 0, 0, 0, 0, 0, 0, 0, 0, 0, 0, 0, 0, 0, 0, 0, 0, 0
24.4828, 0, 0, 0, 1.41421, 0, 0, 0, 0, 0, 0, 0, 0, 0, 0, 0, 0, 0, 0, 0, 0, 0, 0, 0, 0, 0, 0, 0, 0, 0, 0
24.4906, 0, 0, 0, 1.41421, 0, 0, 0, 0, 0, 0, 0, 0, 0, 0, 0, 0, 0, 0, 0, 0, 0, 0, 0, 0, 0, 0, 0, 0, 0, 0
24.4985, 0, 0, 0, 1.41421, 0, 0, 0, 0, 0, 0, 0, 0, 0, 0, 0, 0, 0, 0, 0, 0, 0, 0, 0, 0, 0, 0, 0, 0, 0, 0
24.5064, 0, 0, 0, 1.41421, 0, 0, 0, 0, 0, 0, 0, 0, 0, 0, 0, 0, 0, 0, 0, 0, 0, 0, 0, 0, 0, 0, 0, 0, 0, 0
24.5142, 0, 0, 0, 1.41421, 0, 0, 0, 0, 0, 0, 0, 0, 0, 0, 0, 0, 0, 0, 0, 0, 0, 0, 0, 0, 0, 0, 0, 0, 0, 0
24.5221, 0, 0, 0, 1.41421, 0, 0, 0, 0, 0, 0, 0, 0, 0, 0, 0, 0, 0, 0, 0, 0, 0, 0, 0, 0, 0, 0, 0, 0, 0, 0
24.53, 0, 0, 0, 1.41421, 0, 0, 0, 0, 0, 0, 0, 0, 0, 0, 0, 0, 0, 0, 0, 0, 0, 0, 0, 0, 0, 0, 0, 0, 0, 0
24.5378, 0, 0, 0, 1.41421, 0, 0, 0, 0, 0, 0, 0, 0, 0, 0, 0, 0, 0, 0, 0, 0, 0, 0, 0, 0, 0, 0, 0, 0, 0, 0
24.5457, 0, 0, 0, 1.41421, 0, 0, 0, 0, 0, 0, 0, 0, 0, 0, 0, 0, 0, 0, 0, 0, 0, 0, 0, 0, 0, 0, 0, 0, 0, 0
24.5536, 0, 0, 0, 1.41421, 0, 0, 0, 0, 0, 0, 0, 0, 0, 0, 0, 0, 0, 0, 0, 0, 0, 0, 0, 0, 0, 0, 0, 0, 0, 0
24.5614, 0, 0, 0, 1.41421, 0, 0, 0, 0, 0, 0, 0, 0, 0, 0, 0, 0, 0, 0, 0, 0, 0, 0, 0, 0, 0, 0, 0, 0, 0, 0
24.5693, 0, 0, 0, 1.41421, 0, 0, 0, 0, 0, 0, 0, 0, 0, 0, 0, 0, 0, 0, 0, 0, 0, 0, 0, 0, 0, 0, 0, 0, 0, 0
24.5771, 0, 0, 0, 1.41421, 0, 0, 0, 0, 0, 0, 0, 0, 0, 0, 0, 0, 0, 0, 0, 0, 0, 0, 0, 0, 0, 0, 0, 0, 0, 0
24.585, 0, 0, 0, 1.41421, 0, 0, 0, 0, 0, 0, 0, 0, 0, 0, 0, 0, 0, 0, 0, 0, 0, 0, 0, 0, 0, 0, 0, 0, 0, 0
24.5929, 0, 0, 0, 1.41421, 0, 0, 0, 0, 0, 0, 0, 0, 0, 0, 0, 0, 0, 0, 0, 0, 0, 0, 0, 0, 0, 0, 0, 0, 0, 0
24.6007, 0, 0, 0, 1.41421, 0, 0, 0, 0, 0, 0, 0, 0, 0, 0, 0, 0, 0, 0, 0, 0, 0, 0, 0, 0, 0, 0, 0, 0, 0, 0
24.6086, 0, 0, 0, 1.41421, 0, 0, 0, 0, 0, 0, 0, 0, 0, 0, 0, 0, 0, 0, 0, 0, 0, 0, 0, 0, 0, 0, 0, 0, 0, 0
24.6165, 0, 0, 0, 1.41421, 0, 0, 0, 0, 0, 0, 0, 0, 0, 0, 0, 0, 0, 0, 0, 0, 0, 0, 0, 0, 0, 0, 0, 0, 0, 0
24.6243, 0, 0, 0, 1.41421, 0, 0, 0, 0, 0, 0, 0, 0, 0, 0, 0, 0, 0, 0, 0, 0, 0, 0, 0, 0, 0, 0, 0, 0, 0, 0
24.6322, 0, 0, 0, 1.41421, 0, 0, 0, 0, 0, 0, 0, 0, 0, 0, 0, 0, 0, 0, 0, 0, 0, 0, 0, 0, 0, 0, 0, 0, 0, 0
24.6401, 0, 0, 0, 1.41421, 0, 0, 0, 0, 0, 0, 0, 0, 0, 0, 0, 0, 0, 0, 0, 0, 0, 0, 0, 0, 0, 0, 0, 0, 0, 0
24.6479, 0, 0, 0, 1.41421, 0, 0, 0, 0, 0, 0, 0, 0, 0, 0, 0, 0, 0, 0, 0, 0, 0, 0, 0, 0, 0, 0, 0, 0, 0, 0
24.6558, 0, 0, 0, 1.41421, 0, 0, 0, 0, 0, 0, 0, 0, 0, 0, 0, 0, 0, 0, 0, 0, 0, 0, 0, 0, 0, 0, 0, 0, 0, 0
24.6637, 0, 0, 0, 1.41421, 0, 0, 0, 0, 0, 0, 0, 0, 0, 0, 0, 0, 0, 0, 0, 0, 0, 0, 0, 0, 0, 0, 0, 0, 0, 0
24.6715, 0, 0, 0, 1.41421, 0, 0, 0, 0, 0, 0, 0, 0, 0, 0, 0, 0, 0, 0, 0, 0, 0, 0, 0, 0, 0, 0, 0, 0, 0, 0
24.6794, 0, 0, 0, 1.41421, 0, 0, 0, 0, 0, 0, 0, 0, 0, 0, 0, 0, 0, 0, 0, 0, 0, 0, 0, 0, 0, 0, 0, 0, 0, 0
24.6873, 0, 0, 0, 1.41421, 0, 0, 0, 0, 0, 0, 0, 0, 0, 0, 0, 0, 0, 0, 0, 0, 0, 0, 0, 0, 0, 0, 0, 0, 0, 0
24.6951, 0, 0, 0, 1.41421, 0, 0, 0, 0, 0, 0, 0, 0, 0, 0, 0, 0, 0, 0, 0, 0, 0, 0, 0, 0, 0, 0, 0, 0, 0, 0
24.703, 0, 0, 0, 1.41421, 0, 0, 0, 0, 0, 0, 0, 0, 0, 0, 0, 0, 0, 0, 0, 0, 0, 0, 0, 0, 0, 0, 0, 0, 0, 0
24.7108, 0, 0, 0, 1.41421, 0, 0, 0, 0, 0, 0, 0, 0, 0, 0, 0, 0, 0, 0, 0, 0, 0, 0, 0, 0, 0, 0, 0, 0, 0, 0
24.7187, 0, 0, 0, 1.41421, 0, 0, 0, 0, 0, 0, 0, 0, 0, 0, 0, 0, 0, 0, 0, 0, 0, 0, 0, 0, 0, 0, 0, 0, 0, 0
24.7266, 0, 0, 0, 1.41421, 0, 0, 0, 0, 0, 0, 0, 0, 0, 0, 0, 0, 0, 0, 0, 0, 0, 0, 0, 0, 0, 0, 0, 0, 0, 0
24.7344, 0, 0, 0, 1.41421, 0, 0, 0, 0, 0, 0, 0, 0, 0, 0, 0, 0, 0, 0, 0, 0, 0, 0, 0, 0, 0, 0, 0, 0, 0, 0
24.7423, 0, 0, 0, 1.41421, 0, 0, 0, 0, 0, 0, 0, 0, 0, 0, 0, 0, 0, 0, 0, 0, 0, 0, 0, 0, 0, 0, 0, 0, 0, 0
24.7502, 0, 0, 0, 1.41421, 0, 0, 0, 0, 0, 0, 0, 0, 0, 0, 0, 0, 0, 0, 0, 0, 0, 0, 0, 0, 0, 0, 0, 0, 0, 0
24.758, 0, 0, 0, 1.41421, 0, 0, 0, 0, 0, 0, 0, 0, 0, 0, 0, 0, 0, 0, 0, 0, 0, 0, 0, 0, 0, 0, 0, 0, 0, 0
24.7659, 0, 0, 0, 1.41421, 0, 0, 0, 0, 0, 0, 0, 0, 0, 0, 0, 0, 0, 0, 0, 0, 0, 0, 0, 0, 0, 0, 0, 0, 0, 0
24.7738, 0, 0, 0, 1.41421, 0, 0, 0, 0, 0, 0, 0, 0, 0, 0, 0, 0, 0, 0, 0, 0, 0, 0, 0, 0, 0, 0, 0, 0, 0, 0
24.7816, 0, 0, 0, 1.41421, 0, 0, 0, 0, 0, 0, 0, 0, 0, 0, 0, 0, 0, 0, 0, 0, 0, 0, 0, 0, 0, 0, 0, 0, 0, 0
24.7895, 0, 0, 0, 1.41421, 0, 0, 0, 0, 0, 0, 0, 0, 0, 0, 0, 0, 0, 0, 0, 0, 0, 0, 0, 0, 0, 0, 0, 0, 0, 0
24.7974, 0, 0, 0, 1.41421, 0, 0, 0, 0, 0, 0, 0, 0, 0, 0, 0, 0, 0, 0, 0, 0, 0, 0, 0, 0, 0, 0, 0, 0, 0, 0
24.8052, 0, 0, 0, 1.41421, 0, 0, 0, 0, 0, 0, 0, 0, 0, 0, 0, 0, 0, 0, 0, 0, 0, 0, 0, 0, 0, 0, 0, 0, 0, 0
24.8131, 0, 0, 0, 1.41421, 0, 0, 0, 0, 0, 0, 0, 0, 0, 0, 0, 0, 0, 0, 0, 0, 0, 0, 0, 0, 0, 0, 0, 0, 0, 0
24.821, 0, 0, 0, 1.41421, 0, 0, 0, 0, 0, 0, 0, 0, 0, 0, 0, 0, 0, 0, 0, 0, 0, 0, 0, 0, 0, 0, 0, 0, 0, 0
24.8288, 0, 0, 0, 1.41421, 0, 0, 0, 0, 0, 0, 0, 0, 0, 0, 0, 0, 0, 0, 0, 0, 0, 0, 0, 0, 0, 0, 0, 0, 0, 0
24.8367, 0.575074, 0, 0, 1.6047, 0.575074, 0, 0, 0, 0, 0, 0, 0, 0, 0, 0, 0, 0, 0, 0, 0, 0, 0, 0, 0, 0, 0, 0, 0, 0, 0
24.8446, 0.424926, 0, 0, 1.55722, 0.424926, 0, 0, 0, 0, 0, 0, 0, 0, 0, 0, 0, 0, 0, 0, 0, 0, 0, 0, 0, 0, 0, 0, 0, 0, 0
24.8524, 0, 0, 0, 1.41421, 0, 0, 0, 0, 0, 0, 0, 0, 0, 0, 0, 0, 0, 0, 0, 0, 0, 0, 0, 0, 0, 0, 0, 0, 0, 0
24.8603, 0, 0, 0, 1.41421, 0, 0, 0, 0, 0, 0, 0, 0, 0, 0, 0, 0, 0, 0, 0, 0, 0, 0, 0, 0, 0, 0, 0, 0, 0, 0
24.8681, 0, 0, 0, 1.41421, 0, 0, 0, 0, 0, 0, 0, 0, 0, 0, 0, 0, 0, 0, 0, 0, 0, 0, 0, 0, 0, 0, 0, 0, 0, 0
24.876, 0, 0, 0, 1.41421, 0, 0, 0, 0, 0, 0, 0, 0, 0, 0, 0, 0, 0, 0, 0, 0, 0, 0, 0, 0, 0, 0, 0, 0, 0, 0
24.8839, 0, 0, 0, 1.41421, 0, 0, 0, 0, 0, 0, 0, 0, 0, 0, 0, 0, 0, 0, 0, 0, 0, 0, 0, 0, 0, 0, 0, 0, 0, 0
24.8917, 0, 0, 0, 1.41421, 0, 0, 0, 0, 0, 0, 0, 0, 0, 0, 0, 0, 0, 0, 0, 0, 0, 0, 0, 0, 0, 0, 0, 0, 0, 0
24.8996, 0, 0, 0, 1.41421, 0, 0, 0, 0, 0, 0, 0, 0, 0, 0, 0, 0, 0, 0, 0, 0, 0, 0, 0, 0, 0, 0, 0, 0, 0, 0
24.9075, 0, 0, 0, 1.41421, 0, 0, 0, 0, 0, 0, 0, 0, 0, 0, 0, 0, 0, 0, 0, 0, 0, 0, 0, 0, 0, 0, 0, 0, 0, 0
24.9153, 0, 0, 0, 1.41421, 0, 0, 0, 0, 0, 0, 0, 0, 0, 0, 0, 0, 0, 0, 0, 0, 0, 0, 0, 0, 0, 0, 0, 0, 0, 0
24.9232, 0, 0, 0, 1.41421, 0, 0, 0, 0, 0, 0, 0, 0, 0, 0, 0, 0, 0, 0, 0, 0, 0, 0, 0, 0, 0, 0, 0, 0, 0, 0
24.9311, 0, 0, 0, 1.41421, 0, 0, 0, 0, 0, 0, 0, 0, 0, 0, 0, 0, 0, 0, 0, 0, 0, 0, 0, 0, 0, 0, 0, 0, 0, 0
24.9389, 0, 0, 0, 1.41421, 0, 0, 0, 0, 0, 0, 0, 0, 0, 0, 0, 0, 0, 0, 0, 0, 0, 0, 0, 0, 0, 0, 0, 0, 0, 0
24.9468, 0, 0, 0, 1.41421, 0, 0, 0, 0, 0, 0, 0, 0, 0, 0, 0, 0, 0, 0, 0, 0, 0, 0, 0, 0, 0, 0, 0, 0, 0, 0
24.9547, 0, 0, 0, 1.41421, 0, 0, 0, 0, 0, 0, 0, 0, 0, 0, 0, 0, 0, 0, 0, 0, 0, 0, 0, 0, 0, 0, 0, 0, 0, 0
24.9625, 0, 0, 0, 1.41421, 0, 0, 0, 0, 0, 0, 0, 0, 0, 0, 0, 0, 0, 0, 0, 0, 0, 0, 0, 0, 0, 0, 0, 0, 0, 0
24.9704, 0, 0, 0, 1.41421, 0, 0, 0, 0, 0, 0, 0, 0, 0, 0, 0, 0, 0, 0, 0, 0, 0, 0, 0, 0, 0, 0, 0, 0, 0, 0
24.9783, 0, 0, 0, 1.41421, 0, 0, 0, 0, 0, 0, 0, 0, 0, 0, 0, 0, 0, 0, 0, 0, 0, 0, 0, 0, 0, 0, 0, 0, 0, 0
24.9861, 0, 0, 0, 1.41421, 0, 0, 0, 0, 0, 0, 0, 0, 0, 0, 0, 0, 0, 0, 0, 0, 0, 0, 0, 0, 0, 0, 0, 0, 0, 0
24.994, 0, 0, 0, 1.41421, 0, 0, 0, 0, 0, 0, 0, 0, 0, 0, 0, 0, 0, 0, 0, 0, 0, 0, 0, 0, 0, 0, 0, 0, 0, 0
25.0018, 0, 0, 0, 1.41421, 0, 0, 0, 0, 0, 0, 0, 0, 0, 0, 0, 0, 0, 0, 0, 0, 0, 0, 0, 0, 0, 0, 0, 0, 0, 0
25.0097, 0, 0, 0, 1.41421, 0, 0, 0, 0, 0, 0, 0, 0, 0, 0, 0, 0, 0, 0, 0, 0, 0, 0, 0, 0, 0, 0, 0, 0, 0, 0
25.0176, 0, 0, 0, 1.41421, 0, 0, 0, 0, 0, 0, 0, 0, 0, 0, 0, 0, 0, 0, 0, 0, 0, 0, 0, 0, 0, 0, 0, 0, 0, 0
25.0254, 0, 0, 0, 1.41421, 0, 0, 0, 0, 0, 0, 0, 0, 0, 0, 0, 0, 0, 0, 0, 0, 0, 0, 0, 0, 0, 0, 0, 0, 0, 0
25.0333, 0, 0, 0, 1.41421, 0, 0, 0, 0, 0, 0, 0, 0, 0, 0, 0, 0, 0, 0, 0, 0, 0, 0, 0, 0, 0, 0, 0, 0, 0, 0
25.0412, 0, 0, 0, 1.41421, 0, 0, 0, 0, 0, 0, 0, 0, 0, 0, 0, 0, 0, 0, 0, 0, 0, 0, 0, 0, 0, 0, 0, 0, 0, 0
25.049, 0, 0, 0, 1.41421, 0, 0, 0, 0, 0, 0, 0, 0, 0, 0, 0, 0, 0, 0, 0, 0, 0, 0, 0, 0, 0, 0, 0, 0, 0, 0
25.0569, 0, 0, 0, 1.41421, 0, 0, 0, 0, 0, 0, 0, 0, 0, 0, 0, 0, 0, 0, 0, 0, 0, 0, 0, 0, 0, 0, 0, 0, 0, 0
25.0648, 0, 0, 0, 1.41421, 0, 0, 0, 0, 0, 0, 0, 0, 0, 0, 0, 0, 0, 0, 0, 0, 0, 0, 0, 0, 0, 0, 0, 0, 0, 0
25.0726, 0, 0, 0, 1.41421, 0, 0, 0, 0, 0, 0, 0, 0, 0, 0, 0, 0, 0, 0, 0, 0, 0, 0, 0, 0, 0, 0, 0, 0, 0, 0
25.0805, 0, 0, 0, 1.41421, 0, 0, 0, 0, 0, 0, 0, 0, 0, 0, 0, 0, 0, 0, 0, 0, 0, 0, 0, 0, 0, 0, 0, 0, 0, 0
25.0884, 0, 0, 0, 1.41421, 0, 0, 0, 0, 0, 0, 0, 0, 0, 0, 0, 0, 0, 0, 0, 0, 0, 0, 0, 0, 0, 0, 0, 0, 0, 0
25.0962, 0, 0, 0, 1.41421, 0, 0, 0, 0, 0, 0, 0, 0, 0, 0, 0, 0, 0, 0, 0, 0, 0, 0, 0, 0, 0, 0, 0, 0, 0, 0
25.1041, 0, 0, 0, 1.41421, 0, 0, 0, 0, 0, 0, 0, 0, 0, 0, 0, 0, 0, 0, 0, 0, 0, 0, 0, 0, 0, 0, 0, 0, 0, 0
25.112, 0, 0, 0, 1.41421, 0, 0, 0, 0, 0, 0, 0, 0, 0, 0, 0, 0, 0, 0, 0, 0, 0, 0, 0, 0, 0, 0, 0, 0, 0, 0
25.1198, 0, 0, 0, 1.41421, 0, 0, 0, 0, 0, 0, 0, 0, 0, 0, 0, 0, 0, 0, 0, 0, 0, 0, 0, 0, 0, 0, 0, 0, 0, 0
25.1277, 0, 0, 0, 1.41421, 0, 0, 0, 0, 0, 0, 0, 0, 0, 0, 0, 0, 0, 0, 0, 0, 0, 0, 0, 0, 0, 0, 0, 0, 0, 0
25.1355, 0, 0, 0, 1.41421, 0, 0, 0, 0, 0, 0, 0, 0, 0, 0, 0, 0, 0, 0, 0, 0, 0, 0, 0, 0, 0, 0, 0, 0, 0, 0
25.1434, 0, 0, 0, 1.41421, 0, 0, 0, 0, 0, 0, 0, 0, 0, 0, 0, 0, 0, 0, 0, 0, 0, 0, 0, 0, 0, 0, 0, 0, 0, 0
25.1513, 0, 0, 0, 1.41421, 0, 0, 0, 0, 0, 0, 0, 0, 0, 0, 0, 0, 0, 0, 0, 0, 0, 0, 0, 0, 0, 0, 0, 0, 0, 0
25.1591, 0, 0, 0, 1.41421, 0, 0, 0, 0, 0, 0, 0, 0, 0, 0, 0, 0, 0, 0, 0, 0, 0, 0, 0, 0, 0, 0, 0, 0, 0, 0
25.167, 0, 0, 0, 1.41421, 0, 0, 0, 0, 0, 0, 0, 0, 0, 0, 0, 0, 0, 0, 0, 0, 0, 0, 0, 0, 0, 0, 0, 0, 0, 0
25.1749, 0, 0, 0, 1.41421, 0, 0, 0, 0, 0, 0, 0, 0, 0, 0, 0, 0, 0, 0, 0, 0, 0, 0, 0, 0, 0, 0, 0, 0, 0, 0
25.1827, 0, 0, 0, 1.41421, 0, 0, 0, 0, 0, 0, 0, 0, 0, 0, 0, 0, 0, 0, 0, 0, 0, 0, 0, 0, 0, 0, 0, 0, 0, 0
25.1906, 0, 0, 0, 1.41421, 0, 0, 0, 0, 0, 0, 0, 0, 0, 0, 0, 0, 0, 0, 0, 0, 0, 0, 0, 0, 0, 0, 0, 0, 0, 0
25.1985, 0, 0, 0, 1.41421, 0, 0, 0, 0, 0, 0, 0, 0, 0, 0, 0, 0, 0, 0, 0, 0, 0, 0, 0, 0, 0, 0, 0, 0, 0, 0
25.2063, 0, 0, 0, 1.41421, 0, 0, 0, 0, 0, 0, 0, 0, 0, 0, 0, 0, 0, 0, 0, 0, 0, 0, 0, 0, 0, 0, 0, 0, 0, 0
25.2142, 0, 0, 0, 1.41421, 0, 0, 0, 0, 0, 0, 0, 0, 0, 0, 0, 0, 0, 0, 0, 0, 0, 0, 0, 0, 0, 0, 0, 0, 0, 0
25.2221, 0, 0, 0, 1.41421, 0, 0, 0, 0, 0, 0, 0, 0, 0, 0, 0, 0, 0, 0, 0, 0, 0, 0, 0, 0, 0, 0, 0, 0, 0, 0
25.2299, 0, 0, 0, 1.41421, 0, 0, 0, 0, 0, 0, 0, 0, 0, 0, 0, 0, 0, 0, 0, 0, 0, 0, 0, 0, 0, 0, 0, 0, 0, 0
25.2378, 0, 0, 0, 1.41421, 0, 0, 0, 0, 0, 0, 0, 0, 0, 0, 0, 0, 0, 0, 0, 0, 0, 0, 0, 0, 0, 0, 0, 0, 0, 0
25.2457, 0, 0, 0, 1.41421, 0, 0, 0, 0, 0, 0, 0, 0, 0, 0, 0, 0, 0, 0, 0, 0, 0, 0, 0, 0, 0, 0, 0, 0, 0, 0
25.2535, 0, 0, 0, 1.41421, 0, 0, 0, 0, 0, 0, 0, 0, 0, 0, 0, 0, 0, 0, 0, 0, 0, 0, 0, 0, 0, 0, 0, 0, 0, 0
25.2614, 0, 0, 0, 1.41421, 0, 0, 0, 0, 0, 0, 0, 0, 0, 0, 0, 0, 0, 0, 0, 0, 0, 0, 0, 0, 0, 0, 0, 0, 0, 0
25.2692, 0, 0, 0, 1.41421, 0, 0, 0, 0, 0, 0, 0, 0, 0, 0, 0, 0, 0, 0, 0, 0, 0, 0, 0, 0, 0, 0, 0, 0, 0, 0
25.2771, 0, 0, 0, 1.41421, 0, 0, 0, 0, 0, 0, 0, 0, 0, 0, 0, 0, 0, 0, 0, 0, 0, 0, 0, 0, 0, 0, 0, 0, 0, 0
25.285, 0, 0, 0, 1.41421, 0, 0, 0, 0, 0, 0, 0, 0, 0, 0, 0, 0, 0, 0, 0, 0, 0, 0, 0, 0, 0, 0, 0, 0, 0, 0
25.2928, 0, 0, 0, 1.41421, 0, 0, 0, 0, 0, 0, 0, 0, 0, 0, 0, 0, 0, 0, 0, 0, 0, 0, 0, 0, 0, 0, 0, 0, 0, 0
25.3007, 0, 0, 0, 1.41421, 0, 0, 0, 0, 0, 0, 0, 0, 0, 0, 0, 0, 0, 0, 0, 0, 0, 0, 0, 0, 0, 0, 0, 0, 0, 0
25.3086, 0, 0, 0, 1.41421, 0, 0, 0, 0, 0, 0, 0, 0, 0, 0, 0, 0, 0, 0, 0, 0, 0, 0, 0, 0, 0, 0, 0, 0, 0, 0
25.3164, 0, 0, 0, 1.41421, 0, 0, 0, 0, 0, 0, 0, 0, 0, 0, 0, 0, 0, 0, 0, 0, 0, 0, 0, 0, 0, 0, 0, 0, 0, 0
25.3243, 0, 0, 0, 1.41421, 0, 0, 0, 0, 0, 0, 0, 0, 0, 0, 0, 0, 0, 0, 0, 0, 0, 0, 0, 0, 0, 0, 0, 0, 0, 0
25.3322, 0, 0, 0, 1.41421, 0, 0, 0, 0, 0, 0, 0, 0, 0, 0, 0, 0, 0, 0, 0, 0, 0, 0, 0, 0, 0, 0, 0, 0, 0, 0
25.34, 0, 0, 0, 1.41421, 0, 0, 0, 0, 0, 0, 0, 0, 0, 0, 0, 0, 0, 0, 0, 0, 0, 0, 0, 0, 0, 0, 0, 0, 0, 0
25.3479, 0, 0, 0, 1.41421, 0, 0, 0, 0, 0, 0, 0, 0, 0, 0, 0, 0, 0, 0, 0, 0, 0, 0, 0, 0, 0, 0, 0, 0, 0, 0
25.3558, 0, 0, 0, 1.41421, 0, 0, 0, 0, 0, 0, 0, 0, 0, 0, 0, 0, 0, 0, 0, 0, 0, 0, 0, 0, 0, 0, 0, 0, 0, 0
25.3636, 0, 0, 0, 1.41421, 0, 0, 0, 0, 0, 0, 0, 0, 0, 0, 0, 0, 0, 0, 0, 0, 0, 0, 0, 0, 0, 0, 0, 0, 0, 0
25.3715, 0, 0, 0, 1.41421, 0, 0, 0, 0, 0, 0, 0, 0, 0, 0, 0, 0, 0, 0, 0, 0, 0, 0, 0, 0, 0, 0, 0, 0, 0, 0
25.3794, 0, 0, 0, 1.41421, 0, 0, 0, 0, 0, 0, 0, 0, 0, 0, 0, 0, 0, 0, 0, 0, 0, 0, 0, 0, 0, 0, 0, 0, 0, 0
25.3872, 0, 0, 0, 1.41421, 0, 0, 0, 0, 0, 0, 0, 0, 0, 0, 0, 0, 0, 0, 0, 0, 0, 0, 0, 0, 0, 0, 0, 0, 0, 0
25.3951, 0, 0, 0, 1.41421, 0, 0, 0, 0, 0, 0, 0, 0, 0, 0, 0, 0, 0, 0, 0, 0, 0, 0, 0, 0, 0, 0, 0, 0, 0, 0
25.4029, 0, 0, 0, 1.41421, 0, 0, 0, 0, 0, 0, 0, 0, 0, 0, 0, 0, 0, 0, 0, 0, 0, 0, 0, 0, 0, 0, 0, 0, 0, 0
25.4108, 0, 0, 0, 1.41421, 0, 0, 0, 0, 0, 0, 0, 0, 0, 0, 0, 0, 0, 0, 0, 0, 0, 0, 0, 0, 0, 0, 0, 0, 0, 0
25.4187, 0, 0, 0, 1.41421, 0, 0, 0, 0, 0, 0, 0, 0, 0, 0, 0, 0, 0, 0, 0, 0, 0, 0, 0, 0, 0, 0, 0, 0, 0, 0
25.4265, 0, 0, 0, 1.41421, 0, 0, 0, 0, 0, 0, 0, 0, 0, 0, 0, 0, 0, 0, 0, 0, 0, 0, 0, 0, 0, 0, 0, 0, 0, 0
25.4344, 0, 0, 0, 1.41421, 0, 0, 0, 0, 0, 0, 0, 0, 0, 0, 0, 0, 0, 0, 0, 0, 0, 0, 0, 0, 0, 0, 0, 0, 0, 0
25.4423, 0, 0, 0, 1.41421, 0, 0, 0, 0, 0, 0, 0, 0, 0, 0, 0, 0, 0, 0, 0, 0, 0, 0, 0, 0, 0, 0, 0, 0, 0, 0
25.4501, 0, 0, 0, 1.41421, 0, 0, 0, 0, 0, 0, 0, 0, 0, 0, 0, 0, 0, 0, 0, 0, 0, 0, 0, 0, 0, 0, 0, 0, 0, 0
25.458, 0, 0, 0, 1.41421, 0, 0, 0, 0, 0, 0, 0, 0, 0, 0, 0, 0, 0, 0, 0, 0, 0, 0, 0, 0, 0, 0, 0, 0, 0, 0
25.4659, 0, 0, 0, 1.41421, 0, 0, 0, 0, 0, 0, 0, 0, 0, 0, 0, 0, 0, 0, 0, 0, 0, 0, 0, 0, 0, 0, 0, 0, 0, 0
25.4737, 0, 0, 0, 1.41421, 0, 0, 0, 0, 0, 0, 0, 0, 0, 0, 0, 0, 0, 0, 0, 0, 0, 0, 0, 0, 0, 0, 0, 0, 0, 0
25.4816, 0, 0, 0, 1.41421, 0, 0, 0, 0, 0, 0, 0, 0, 0, 0, 0, 0, 0, 0, 0, 0, 0, 0, 0, 0, 0, 0, 0, 0, 0, 0
25.4895, 0, 0, 0, 1.41421, 0, 0, 0, 0, 0, 0, 0, 0, 0, 0, 0, 0, 0, 0, 0, 0, 0, 0, 0, 0, 0, 0, 0, 0, 0, 0
25.4973, 0, 0, 0, 1.41421, 0, 0, 0, 0, 0, 0, 0, 0, 0, 0, 0, 0, 0, 0, 0, 0, 0, 0, 0, 0, 0, 0, 0, 0, 0, 0
25.5052, 0, 0, 0, 1.41421, 0, 0, 0, 0, 0, 0, 0, 0, 0, 0, 0, 0, 0, 0, 0, 0, 0, 0, 0, 0, 0, 0, 0, 0, 0, 0
25.5131, 0, 0, 0, 1.41421, 0, 0, 0, 0, 0, 0, 0, 0, 0, 0, 0, 0, 0, 0, 0, 0, 0, 0, 0, 0, 0, 0, 0, 0, 0, 0
25.5209, 0, 0, 0, 1.41421, 0, 0, 0, 0, 0, 0, 0, 0, 0, 0, 0, 0, 0, 0, 0, 0, 0, 0, 0, 0, 0, 0, 0, 0, 0, 0
25.5288, 0, 0, 0, 1.41421, 0, 0, 0, 0, 0, 0, 0, 0, 0, 0, 0, 0, 0, 0, 0, 0, 0, 0, 0, 0, 0, 0, 0, 0, 0, 0
25.5366, 0, 0, 0, 1.41421, 0, 0, 0, 0, 0, 0, 0, 0, 0, 0, 0, 0, 0, 0, 0, 0, 0, 0, 0, 0, 0, 0, 0, 0, 0, 0
25.5445, 0, 0, 0, 1.41421, 0, 0, 0, 0, 0, 0, 0, 0, 0, 0, 0, 0, 0, 0, 0, 0, 0, 0, 0, 0, 0, 0, 0, 0, 0, 0
25.5524, 0, 0, 0, 1.41421, 0, 0, 0, 0, 0, 0, 0, 0, 0, 0, 0, 0, 0, 0, 0, 0, 0, 0, 0, 0, 0, 0, 0, 0, 0, 0
25.5602, 0, 0, 0, 1.41421, 0, 0, 0, 0, 0, 0, 0, 0, 0, 0, 0, 0, 0, 0, 0, 0, 0, 0, 0, 0, 0, 0, 0, 0, 0, 0
25.5681, 0, 0, 0, 1.41421, 0, 0, 0, 0, 0, 0, 0, 0, 0, 0, 0, 0, 0, 0, 0, 0, 0, 0, 0, 0, 0, 0, 0, 0, 0, 0
25.576, 0, 0, 0, 1.41421, 0, 0, 0, 0, 0, 0, 0, 0, 0, 0, 0, 0, 0, 0, 0, 0, 0, 0, 0, 0, 0, 0, 0, 0, 0, 0
25.5838, 0, 0, 0, 1.41421, 0, 0, 0, 0, 0, 0, 0, 0, 0, 0, 0, 0, 0, 0, 0, 0, 0, 0, 0, 0, 0, 0, 0, 0, 0, 0
25.5917, 0, 0, 0, 1.41421, 0, 0, 0, 0, 0, 0, 0, 0, 0, 0, 0, 0, 0, 0, 0, 0, 0, 0, 0, 0, 0, 0, 0, 0, 0, 0
25.5996, 0, 0, 0, 1.41421, 0, 0, 0, 0, 0, 0, 0, 0, 0, 0, 0, 0, 0, 0, 0, 0, 0, 0, 0, 0, 0, 0, 0, 0, 0, 0
25.6074, 0, 0, 0, 1.41421, 0, 0, 0, 0, 0, 0, 0, 0, 0, 0, 0, 0, 0, 0, 0, 0, 0, 0, 0, 0, 0, 0, 0, 0, 0, 0
25.6153, 0, 0, 0, 1.41421, 0, 0, 0, 0, 0, 0, 0, 0, 0, 0, 0, 0, 0, 0, 0, 0, 0, 0, 0, 0, 0, 0, 0, 0, 0, 0
25.6232, 0, 0, 0, 1.41421, 0, 0, 0, 0, 0, 0, 0, 0, 0, 0, 0, 0, 0, 0, 0, 0, 0, 0, 0, 0, 0, 0, 0, 0, 0, 0
25.631, 0, 0, 0, 1.41421, 0, 0, 0, 0, 0, 0, 0, 0, 0, 0, 0, 0, 0, 0, 0, 0, 0, 0, 0, 0, 0, 0, 0, 0, 0, 0
25.6389, 0, 0, 0, 1.41421, 0, 0, 0, 0, 0, 0, 0, 0, 0, 0, 0, 0, 0, 0, 0, 0, 0, 0, 0, 0, 0, 0, 0, 0, 0, 0
25.6468, 0, 0, 0, 1.41421, 0, 0, 0, 0, 0, 0, 0, 0, 0, 0, 0, 0, 0, 0, 0, 0, 0, 0, 0, 0, 0, 0, 0, 0, 0, 0
25.6546, 0, 0, 0, 1.41421, 0, 0, 0, 0, 0, 0, 0, 0, 0, 0, 0, 0, 0, 0, 0, 0, 0, 0, 0, 0, 0, 0, 0, 0, 0, 0
25.6625, 0, 0, 0, 1.41421, 0, 0, 0, 0, 0, 0, 0, 0, 0, 0, 0, 0, 0, 0, 0, 0, 0, 0, 0, 0, 0, 0, 0, 0, 0, 0
25.6704, 0, 0, 0, 1.41421, 0, 0, 0, 0, 0, 0, 0, 0, 0, 0, 0, 0, 0, 0, 0, 0, 0, 0, 0, 0, 0, 0, 0, 0, 0, 0
25.6782, 0, 0, 0, 1.41421, 0, 0, 0, 0, 0, 0, 0, 0, 0, 0, 0, 0, 0, 0, 0, 0, 0, 0, 0, 0, 0, 0, 0, 0, 0, 0
25.6861, 0, 0, 0, 1.41421, 0, 0, 0, 0, 0, 0, 0, 0, 0, 0, 0, 0, 0, 0, 0, 0, 0, 0, 0, 0, 0, 0, 0, 0, 0, 0
25.6939, 0, 0, 0, 1.41421, 0, 0, 0, 0, 0, 0, 0, 0, 0, 0, 0, 0, 0, 0, 0, 0, 0, 0, 0, 0, 0, 0, 0, 0, 0, 0
25.7018, 0, 0, 0, 1.41421, 0, 0, 0, 0, 0, 0, 0, 0, 0, 0, 0, 0, 0, 0, 0, 0, 0, 0, 0, 0, 0, 0, 0, 0, 0, 0
25.7097, 0, 0, 0, 1.41421, 0, 0, 0, 0, 0, 0, 0, 0, 0, 0, 0, 0, 0, 0, 0, 0, 0, 0, 0, 0, 0, 0, 0, 0, 0, 0
25.7175, 0, 0, 0, 1.41421, 0, 0, 0, 0, 0, 0, 0, 0, 0, 0, 0, 0, 0, 0, 0, 0, 0, 0, 0, 0, 0, 0, 0, 0, 0, 0
25.7254, 0, 0, 0, 1.41421, 0, 0, 0, 0, 0, 0, 0, 0, 0, 0, 0, 0, 0, 0, 0, 0, 0, 0, 0, 0, 0, 0, 0, 0, 0, 0
25.7333, 0, 0, 0, 1.41421, 0, 0, 0, 0, 0, 0, 0, 0, 0, 0, 0, 0, 0, 0, 0, 0, 0, 0, 0, 0, 0, 0, 0, 0, 0, 0
25.7411, 0, 0, 0, 1.41421, 0, 0, 0, 0, 0, 0, 0, 0, 0, 0, 0, 0, 0, 0, 0, 0, 0, 0, 0, 0, 0, 0, 0, 0, 0, 0
25.749, 0, 0, 0, 1.41421, 0, 0, 0, 0, 0, 0, 0, 0, 0, 0, 0, 0, 0, 0, 0, 0, 0, 0, 0, 0, 0, 0, 0, 0, 0, 0
25.7569, 0, 0, 0, 1.41421, 0, 0, 0, 0, 0, 0, 0, 0, 0, 0, 0, 0, 0, 0, 0, 0, 0, 0, 0, 0, 0, 0, 0, 0, 0, 0
25.7647, 0, 0, 0, 1.41421, 0, 0, 0, 0, 0, 0, 0, 0, 0, 0, 0, 0, 0, 0, 0, 0, 0, 0, 0, 0, 0, 0, 0, 0, 0, 0
25.7726, 0, 0, 0, 1.41421, 0, 0, 0, 0, 0, 0, 0, 0, 0, 0, 0, 0, 0, 0, 0, 0, 0, 0, 0, 0, 0, 0, 0, 0, 0, 0
25.7805, 0, 0, 0, 1.41421, 0, 0, 0, 0, 0, 0, 0, 0, 0, 0, 0, 0, 0, 0, 0, 0, 0, 0, 0, 0, 0, 0, 0, 0, 0, 0
25.7883, 0, 0, 0, 1.41421, 0, 0, 0, 0, 0, 0, 0, 0, 0, 0, 0, 0, 0, 0, 0, 0, 0, 0, 0, 0, 0, 0, 0, 0, 0, 0
25.7962, 0, 0, 0, 1.41421, 0, 0, 0, 0, 0, 0, 0, 0, 0, 0, 0, 0, 0, 0, 0, 0, 0, 0, 0, 0, 0, 0, 0, 0, 0, 0
25.8041, 0, 0, 0, 1.41421, 0, 0, 0, 0, 0, 0, 0, 0, 0, 0, 0, 0, 0, 0, 0, 0, 0, 0, 0, 0, 0, 0, 0, 0, 0, 0
25.8119, 0, 0, 0, 1.41421, 0, 0, 0, 0, 0, 0, 0, 0, 0, 0, 0, 0, 0, 0, 0, 0, 0, 0, 0, 0, 0, 0, 0, 0, 0, 0
25.8198, 0, 0, 0, 1.41421, 0, 0, 0, 0, 0, 0, 0, 0, 0, 0, 0, 0, 0, 0, 0, 0, 0, 0, 0, 0, 0, 0, 0, 0, 0, 0
25.8276, 0, 0, 0, 1.41421, 0, 0, 0, 0, 0, 0, 0, 0, 0, 0, 0, 0, 0, 0, 0, 0, 0, 0, 0, 0, 0, 0, 0, 0, 0, 0
25.8355, 0, 0, 0, 1.41421, 0, 0, 0, 0, 0, 0, 0, 0, 0, 0, 0, 0, 0, 0, 0, 0, 0, 0, 0, 0, 0, 0, 0, 0, 0, 0
25.8434, 0, 0, 0, 1.41421, 0, 0, 0, 0, 0, 0, 0, 0, 0, 0, 0, 0, 0, 0, 0, 0, 0, 0, 0, 0, 0, 0, 0, 0, 0, 0
25.8512, 0, 0, 0, 1.41421, 0, 0, 0, 0, 0, 0, 0, 0, 0, 0, 0, 0, 0, 0, 0, 0, 0, 0, 0, 0, 0, 0, 0, 0, 0, 0
25.8591, 0, 0, 0, 1.41421, 0, 0, 0, 0, 0, 0, 0, 0, 0, 0, 0, 0, 0, 0, 0, 0, 0, 0, 0, 0, 0, 0, 0, 0, 0, 0
25.867, 0, 0, 0, 1.41421, 0, 0, 0, 0, 0, 0, 0, 0, 0, 0, 0, 0, 0, 0, 0, 0, 0, 0, 0, 0, 0, 0, 0, 0, 0, 0
25.8748, 0, 0, 0, 1.41421, 0, 0, 0, 0, 0, 0, 0, 0, 0, 0, 0, 0, 0, 0, 0, 0, 0, 0, 0, 0, 0, 0, 0, 0, 0, 0
25.8827, 0, 0, 0, 1.41421, 0, 0, 0, 0, 0, 0, 0, 0, 0, 0, 0, 0, 0, 0, 0, 0, 0, 0, 0, 0, 0, 0, 0, 0, 0, 0
25.8906, 0, 0, 0, 1.41421, 0, 0, 0, 0, 0, 0, 0, 0, 0, 0, 0, 0, 0, 0, 0, 0, 0, 0, 0, 0, 0, 0, 0, 0, 0, 0
25.8984, 0, 0, 0, 1.41421, 0, 0, 0, 0, 0, 0, 0, 0, 0, 0, 0, 0, 0, 0, 0, 0, 0, 0, 0, 0, 0, 0, 0, 0, 0, 0
25.9063, 0, 0, 0, 1.41421, 0, 0, 0, 0, 0, 0, 0, 0, 0, 0, 0, 0, 0, 0, 0, 0, 0, 0, 0, 0, 0, 0, 0, 0, 0, 0
25.9142, 0, 0, 0, 1.41421, 0, 0, 0, 0, 0, 0, 0, 0, 0, 0, 0, 0, 0, 0, 0, 0, 0, 0, 0, 0, 0, 0, 0, 0, 0, 0
25.922, 0, 0, 0, 1.41421, 0, 0, 0, 0, 0, 0, 0, 0, 0, 0, 0, 0, 0, 0, 0, 0, 0, 0, 0, 0, 0, 0, 0, 0, 0, 0
25.9299, 0, 0, 0, 1.41421, 0, 0, 0, 0, 0, 0, 0, 0, 0, 0, 0, 0, 0, 0, 0, 0, 0, 0, 0, 0, 0, 0, 0, 0, 0, 0
25.9378, 0, 0, 0, 1.41421, 0, 0, 0, 0, 0, 0, 0, 0, 0, 0, 0, 0, 0, 0, 0, 0, 0, 0, 0, 0, 0, 0, 0, 0, 0, 0
25.9456, 0, 0, 0, 1.41421, 0, 0, 0, 0, 0, 0, 0, 0, 0, 0, 0, 0, 0, 0, 0, 0, 0, 0, 0, 0, 0, 0, 0, 0, 0, 0
25.9535, 0, 0, 0, 1.41421, 0, 0, 0, 0, 0, 0, 0, 0, 0, 0, 0, 0, 0, 0, 0, 0, 0, 0, 0, 0, 0, 0, 0, 0, 0, 0
25.9613, 0, 0, 0, 1.41421, 0, 0, 0, 0, 0, 0, 0, 0, 0, 0, 0, 0, 0, 0, 0, 0, 0, 0, 0, 0, 0, 0, 0, 0, 0, 0
25.9692, 0, 0, 0, 1.41421, 0, 0, 0, 0, 0, 0, 0, 0, 0, 0, 0, 0, 0, 0, 0, 0, 0, 0, 0, 0, 0, 0, 0, 0, 0, 0
25.9771, 0, 0, 0, 1.41421, 0, 0, 0, 0, 0, 0, 0, 0, 0, 0, 0, 0, 0, 0, 0, 0, 0, 0, 0, 0, 0, 0, 0, 0, 0, 0
25.9849, 0, 0, 0, 1.41421, 0, 0, 0, 0, 0, 0, 0, 0, 0, 0, 0, 0, 0, 0, 0, 0, 0, 0, 0, 0, 0, 0, 0, 0, 0, 0
25.9928, 0, 0, 0, 1.41421, 0, 0, 0, 0, 0, 0, 0, 0, 0, 0, 0, 0, 0, 0, 0, 0, 0, 0, 0, 0, 0, 0, 0, 0, 0, 0
26.0007, 0, 0, 0, 1.41421, 0, 0, 0, 0, 0, 0, 0, 0, 0, 0, 0, 0, 0, 0, 0, 0, 0, 0, 0, 0, 0, 0, 0, 0, 0, 0
26.0085, 0, 0, 0, 1.41421, 0, 0, 0, 0, 0, 0, 0, 0, 0, 0, 0, 0, 0, 0, 0, 0, 0, 0, 0, 0, 0, 0, 0, 0, 0, 0
26.0164, 0, 0, 0, 1.41421, 0, 0, 0, 0, 0, 0, 0, 0, 0, 0, 0, 0, 0, 0, 0, 0, 0, 0, 0, 0, 0, 0, 0, 0, 0, 0
26.0243, 0, 0, 0, 1.41421, 0, 0, 0, 0, 0, 0, 0, 0, 0, 0, 0, 0, 0, 0, 0, 0, 0, 0, 0, 0, 0, 0, 0, 0, 0, 0
26.0321, 0, 0, 0, 1.41421, 0, 0, 0, 0, 0, 0, 0, 0, 0, 0, 0, 0, 0, 0, 0, 0, 0, 0, 0, 0, 0, 0, 0, 0, 0, 0
26.04, 0, 0, 0, 1.41421, 0, 0, 0, 0, 0, 0, 0, 0, 0, 0, 0, 0, 0, 0, 0, 0, 0, 0, 0, 0, 0, 0, 0, 0, 0, 0
26.0479, 0, 0, 0, 1.41421, 0, 0, 0, 0, 0, 0, 0, 0, 0, 0, 0, 0, 0, 0, 0, 0, 0, 0, 0, 0, 0, 0, 0, 0, 0, 0
26.0557, 0, 0, 0, 1.41421, 0, 0, 0, 0, 0, 0, 0, 0, 0, 0, 0, 0, 0, 0, 0, 0, 0, 0, 0, 0, 0, 0, 0, 0, 0, 0
26.0636, 0, 0, 0, 1.41421, 0, 0, 0, 0, 0, 0, 0, 0, 0, 0, 0, 0, 0, 0, 0, 0, 0, 0, 0, 0, 0, 0, 0, 0, 0, 0
26.0715, 0, 0, 0, 1.41421, 0, 0, 0, 0, 0, 0, 0, 0, 0, 0, 0, 0, 0, 0, 0, 0, 0, 0, 0, 0, 0, 0, 0, 0, 0, 0
26.0793, 0, 0, 0, 1.41421, 0, 0, 0, 0, 0, 0, 0, 0, 0, 0, 0, 0, 0, 0, 0, 0, 0, 0, 0, 0, 0, 0, 0, 0, 0, 0
26.0872, 0, 0, 0, 1.41421, 0, 0, 0, 0, 0, 0, 0, 0, 0, 0, 0, 0, 0, 0, 0, 0, 0, 0, 0, 0, 0, 0, 0, 0, 0, 0
26.095, 0, 0, 0, 1.41421, 0, 0, 0, 0, 0, 0, 0, 0, 0, 0, 0, 0, 0, 0, 0, 0, 0, 0, 0, 0, 0, 0, 0, 0, 0, 0
26.1029, 0, 0, 0, 1.41421, 0, 0, 0, 0, 0, 0, 0, 0, 0, 0, 0, 0, 0, 0, 0, 0, 0, 0, 0, 0, 0, 0, 0, 0, 0, 0
26.1108, 0, 0, 0, 1.41421, 0, 0, 0, 0, 0, 0, 0, 0, 0, 0, 0, 0, 0, 0, 0, 0, 0, 0, 0, 0, 0, 0, 0, 0, 0, 0
26.1186, 0, 0, 0, 1.41421, 0, 0, 0, 0, 0, 0, 0, 0, 0, 0, 0, 0, 0, 0, 0, 0, 0, 0, 0, 0, 0, 0, 0, 0, 0, 0
26.1265, 0, 0, 0, 1.41421, 0, 0, 0, 0, 0, 0, 0, 0, 0, 0, 0, 0, 0, 0, 0, 0, 0, 0, 0, 0, 0, 0, 0, 0, 0, 0
26.1344, 0, 0, 0, 1.41421, 0, 0, 0, 0, 0, 0, 0, 0, 0, 0, 0, 0, 0, 0, 0, 0, 0, 0, 0, 0, 0, 0, 0, 0, 0, 0
26.1422, 0, 0, 0, 1.41421, 0, 0, 0, 0, 0, 0, 0, 0, 0, 0, 0, 0, 0, 0, 0, 0, 0, 0, 0, 0, 0, 0, 0, 0, 0, 0
26.1501, 0, 0, 0, 1.41421, 0, 0, 0, 0, 0, 0, 0, 0, 0, 0, 0, 0, 0, 0, 0, 0, 0, 0, 0, 0, 0, 0, 0, 0, 0, 0
26.158, 0, 0, 0, 1.41421, 0, 0, 0, 0, 0, 0, 0, 0, 0, 0, 0, 0, 0, 0, 0, 0, 0, 0, 0, 0, 0, 0, 0, 0, 0, 0
26.1658, 0, 0, 0, 1.41421, 0, 0, 0, 0, 0, 0, 0, 0, 0, 0, 0, 0, 0, 0, 0, 0, 0, 0, 0, 0, 0, 0, 0, 0, 0, 0
26.1737, 0, 0, 0, 1.41421, 0, 0, 0, 0, 0, 0, 0, 0, 0, 0, 0, 0, 0, 0, 0, 0, 0, 0, 0, 0, 0, 0, 0, 0, 0, 0
26.1816, 0, 0, 0, 1.41421, 0, 0, 0, 0, 0, 0, 0, 0, 0, 0, 0, 0, 0, 0, 0, 0, 0, 0, 0, 0, 0, 0, 0, 0, 0, 0
26.1894, 0, 0, 0, 1.41421, 0, 0, 0, 0, 0, 0, 0, 0, 0, 0, 0, 0, 0, 0, 0, 0, 0, 0, 0, 0, 0, 0, 0, 0, 0, 0
26.1973, 0, 0, 0, 1.41421, 0, 0, 0, 0, 0, 0, 0, 0, 0, 0, 0, 0, 0, 0, 0, 0, 0, 0, 0, 0, 0, 0, 0, 0, 0, 0
26.2052, 0, 0, 0, 1.41421, 0, 0, 0, 0, 0, 0, 0, 0, 0, 0, 0, 0, 0, 0, 0, 0, 0, 0, 0, 0, 0, 0, 0, 0, 0, 0
26.213, 0, 0, 0, 1.41421, 0, 0, 0, 0, 0, 0, 0, 0, 0, 0, 0, 0, 0, 0, 0, 0, 0, 0, 0, 0, 0, 0, 0, 0, 0, 0
26.2209, 0, 0, 0, 1.41421, 0, 0, 0, 0, 0, 0, 0, 0, 0, 0, 0, 0, 0, 0, 0, 0, 0, 0, 0, 0, 0, 0, 0, 0, 0, 0
26.2287, 0, 0, 0, 1.41421, 0, 0, 0, 0, 0, 0, 0, 0, 0, 0, 0, 0, 0, 0, 0, 0, 0, 0, 0, 0, 0, 0, 0, 0, 0, 0
26.2366, 0, 0, 0, 1.41421, 0, 0, 0, 0, 0, 0, 0, 0, 0, 0, 0, 0, 0, 0, 0, 0, 0, 0, 0, 0, 0, 0, 0, 0, 0, 0
26.2445, 0, 0, 0, 1.41421, 0, 0, 0, 0, 0, 0, 0, 0, 0, 0, 0, 0, 0, 0, 0, 0, 0, 0, 0, 0, 0, 0, 0, 0, 0, 0
26.2523, 0, 0, 0, 1.41421, 0, 0, 0, 0, 0, 0, 0, 0, 0, 0, 0, 0, 0, 0, 0, 0, 0, 0, 0, 0, 0, 0, 0, 0, 0, 0
26.2602, 0, 0, 0, 1.41421, 0, 0, 0, 0, 0, 0, 0, 0, 0, 0, 0, 0, 0, 0, 0, 0, 0, 0, 0, 0, 0, 0, 0, 0, 0, 0
26.2681, 0, 0, 0, 1.41421, 0, 0, 0, 0, 0, 0, 0, 0, 0, 0, 0, 0, 0, 0, 0, 0, 0, 0, 0, 0, 0, 0, 0, 0, 0, 0
26.2759, 0, 0, 0, 1.41421, 0, 0, 0, 0, 0, 0, 0, 0, 0, 0, 0, 0, 0, 0, 0, 0, 0, 0, 0, 0, 0, 0, 0, 0, 0, 0
26.2838, 0, 0, 0, 1.41421, 0, 0, 0, 0, 0, 0, 0, 0, 0, 0, 0, 0, 0, 0, 0, 0, 0, 0, 0, 0, 0, 0, 0, 0, 0, 0
26.2917, 0, 0, 0, 1.41421, 0, 0, 0, 0, 0, 0, 0, 0, 0, 0, 0, 0, 0, 0, 0, 0, 0, 0, 0, 0, 0, 0, 0, 0, 0, 0
26.2995, 0, 0, 0, 1.41421, 0, 0, 0, 0, 0, 0, 0, 0, 0, 0, 0, 0, 0, 0, 0, 0, 0, 0, 0, 0, 0, 0, 0, 0, 0, 0
26.3074, 0, 0, 0, 1.41421, 0, 0, 0, 0, 0, 0, 0, 0, 0, 0, 0, 0, 0, 0, 0, 0, 0, 0, 0, 0, 0, 0, 0, 0, 0, 0
26.3153, 0, 0, 0, 1.41421, 0, 0, 0, 0, 0, 0, 0, 0, 0, 0, 0, 0, 0, 0, 0, 0, 0, 0, 0, 0, 0, 0, 0, 0, 0, 0
26.3231, 0, 0, 0, 1.41421, 0, 0, 0, 0, 0, 0, 0, 0, 0, 0, 0, 0, 0, 0, 0, 0, 0, 0, 0, 0, 0, 0, 0, 0, 0, 0
26.331, 0, 0, 0, 1.41421, 0, 0, 0, 0, 0, 0, 0, 0, 0, 0, 0, 0, 0, 0, 0, 0, 0, 0, 0, 0, 0, 0, 0, 0, 0, 0
26.3389, 0, 0, 0, 1.41421, 0, 0, 0, 0, 0, 0, 0, 0, 0, 0, 0, 0, 0, 0, 0, 0, 0, 0, 0, 0, 0, 0, 0, 0, 0, 0
26.3467, 0, 0, 0, 1.41421, 0, 0, 0, 0, 0, 0, 0, 0, 0, 0, 0, 0, 0, 0, 0, 0, 0, 0, 0, 0, 0, 0, 0, 0, 0, 0
26.3546, 0, 0, 0, 1.41421, 0, 0, 0, 0, 0, 0, 0, 0, 0, 0, 0, 0, 0, 0, 0, 0, 0, 0, 0, 0, 0, 0, 0, 0, 0, 0
26.3624, 0, 0, 0, 1.41421, 0, 0, 0, 0, 0, 0, 0, 0, 0, 0, 0, 0, 0, 0, 0, 0, 0, 0, 0, 0, 0, 0, 0, 0, 0, 0
26.3703, 0, 0, 0, 1.41421, 0, 0, 0, 0, 0, 0, 0, 0, 0, 0, 0, 0, 0, 0, 0, 0, 0, 0, 0, 0, 0, 0, 0, 0, 0, 0
26.3782, 0, 0, 0, 1.41421, 0, 0, 0, 0, 0, 0, 0, 0, 0, 0, 0, 0, 0, 0, 0, 0, 0, 0, 0, 0, 0, 0, 0, 0, 0, 0
26.386, 0, 0, 0, 1.41421, 0, 0, 0, 0, 0, 0, 0, 0, 0, 0, 0, 0, 0, 0, 0, 0, 0, 0, 0, 0, 0, 0, 0, 0, 0, 0
26.3939, 0, 0, 0, 1.41421, 0, 0, 0, 0, 0, 0, 0, 0, 0, 0, 0, 0, 0, 0, 0, 0, 0, 0, 0, 0, 0, 0, 0, 0, 0, 0
26.4018, 0, 0, 0, 1.41421, 0, 0, 0, 0, 0, 0, 0, 0, 0, 0, 0, 0, 0, 0, 0, 0, 0, 0, 0, 0, 0, 0, 0, 0, 0, 0
26.4096, 0, 0, 0, 1.41421, 0, 0, 0, 0, 0, 0, 0, 0, 0, 0, 0, 0, 0, 0, 0, 0, 0, 0, 0, 0, 0, 0, 0, 0, 0, 0
26.4175, 0, 0, 0, 1.41421, 0, 0, 0, 0, 0, 0, 0, 0, 0, 0, 0, 0, 0, 0, 0, 0, 0, 0, 0, 0, 0, 0, 0, 0, 0, 0
26.4254, 0, 0, 0, 1.41421, 0, 0, 0, 0, 0, 0, 0, 0, 0, 0, 0, 0, 0, 0, 0, 0, 0, 0, 0, 0, 0, 0, 0, 0, 0, 0
26.4332, 0, 0, 0, 1.41421, 0, 0, 0, 0, 0, 0, 0, 0, 0, 0, 0, 0, 0, 0, 0, 0, 0, 0, 0, 0, 0, 0, 0, 0, 0, 0
26.4411, 0, 0, 0, 1.41421, 0, 0, 0, 0, 0, 0, 0, 0, 0, 0, 0, 0, 0, 0, 0, 0, 0, 0, 0, 0, 0, 0, 0, 0, 0, 0
26.449, 0, 0, 0, 1.41421, 0, 0, 0, 0, 0, 0, 0, 0, 0, 0, 0, 0, 0, 0, 0, 0, 0, 0, 0, 0, 0, 0, 0, 0, 0, 0
26.4568, 0, 0, 0, 1.41421, 0, 0, 0, 0, 0, 0, 0, 0, 0, 0, 0, 0, 0, 0, 0, 0, 0, 0, 0, 0, 0, 0, 0, 0, 0, 0
26.4647, 0, 0, 0, 1.41421, 0, 0, 0, 0, 0, 0, 0, 0, 0, 0, 0, 0, 0, 0, 0, 0, 0, 0, 0, 0, 0, 0, 0, 0, 0, 0
26.4726, 0, 0, 0, 1.41421, 0, 0, 0, 0, 0, 0, 0, 0, 0, 0, 0, 0, 0, 0, 0, 0, 0, 0, 0, 0, 0, 0, 0, 0, 0, 0
26.4804, 0, 0, 0, 1.41421, 0, 0, 0, 0, 0, 0, 0, 0, 0, 0, 0, 0, 0, 0, 0, 0, 0, 0, 0, 0, 0, 0, 0, 0, 0, 0
26.4883, 0, 0, 0, 1.41421, 0, 0, 0, 0, 0, 0, 0, 0, 0, 0, 0, 0, 0, 0, 0, 0, 0, 0, 0, 0, 0, 0, 0, 0, 0, 0
26.4962, 0, 0, 0, 1.41421, 0, 0, 0, 0, 0, 0, 0, 0, 0, 0, 0, 0, 0, 0, 0, 0, 0, 0, 0, 0, 0, 0, 0, 0, 0, 0
26.504, 0, 0, 0, 1.41421, 0, 0, 0, 0, 0, 0, 0, 0, 0, 0, 0, 0, 0, 0, 0, 0, 0, 0, 0, 0, 0, 0, 0, 0, 0, 0
26.5119, 0, 0, 0, 1.41421, 0, 0, 0, 0, 0, 0, 0, 0, 0, 0, 0, 0, 0, 0, 0, 0, 0, 0, 0, 0, 0, 0, 0, 0, 0, 0
26.5197, 0, 0, 0, 1.41421, 0, 0, 0, 0, 0, 0, 0, 0, 0, 0, 0, 0, 0, 0, 0, 0, 0, 0, 0, 0, 0, 0, 0, 0, 0, 0
26.5276, 0, 0, 0, 1.41421, 0, 0, 0, 0, 0, 0, 0, 0, 0, 0, 0, 0, 0, 0, 0, 0, 0, 0, 0, 0, 0, 0, 0, 0, 0, 0
26.5355, 0, 0, 0, 1.41421, 0, 0, 0, 0, 0, 0, 0, 0, 0, 0, 0, 0, 0, 0, 0, 0, 0, 0, 0, 0, 0, 0, 0, 0, 0, 0
26.5433, 0, 0, 0, 1.41421, 0, 0, 0, 0, 0, 0, 0, 0, 0, 0, 0, 0, 0, 0, 0, 0, 0, 0, 0, 0, 0, 0, 0, 0, 0, 0
26.5512, 0, 0, 0, 1.41421, 0, 0, 0, 0, 0, 0, 0, 0, 0, 0, 0, 0, 0, 0, 0, 0, 0, 0, 0, 0, 0, 0, 0, 0, 0, 0
26.5591, 0, 0, 0, 1.41421, 0, 0, 0, 0, 0, 0, 0, 0, 0, 0, 0, 0, 0, 0, 0, 0, 0, 0, 0, 0, 0, 0, 0, 0, 0, 0
26.5669, 0, 0, 0, 1.41421, 0, 0, 0, 0, 0, 0, 0, 0, 0, 0, 0, 0, 0, 0, 0, 0, 0, 0, 0, 0, 0, 0, 0, 0, 0, 0
26.5748, 0, 0, 0, 1.41421, 0, 0, 0, 0, 0, 0, 0, 0, 0, 0, 0, 0, 0, 0, 0, 0, 0, 0, 0, 0, 0, 0, 0, 0, 0, 0
26.5827, 0, 0, 0, 1.41421, 0, 0, 0, 0, 0, 0, 0, 0, 0, 0, 0, 0, 0, 0, 0, 0, 0, 0, 0, 0, 0, 0, 0, 0, 0, 0
26.5905, 0, 0, 0, 1.41421, 0, 0, 0, 0, 0, 0, 0, 0, 0, 0, 0, 0, 0, 0, 0, 0, 0, 0, 0, 0, 0, 0, 0, 0, 0, 0
26.5984, 0, 0, 0, 1.41421, 0, 0, 0, 0, 0, 0, 0, 0, 0, 0, 0, 0, 0, 0, 0, 0, 0, 0, 0, 0, 0, 0, 0, 0, 0, 0
26.6063, 0, 0, 0, 1.41421, 0, 0, 0, 0, 0, 0, 0, 0, 0, 0, 0, 0, 0, 0, 0, 0, 0, 0, 0, 0, 0, 0, 0, 0, 0, 0
26.6141, 0, 0, 0, 1.41421, 0, 0, 0, 0, 0, 0, 0, 0, 0, 0, 0, 0, 0, 0, 0, 0, 0, 0, 0, 0, 0, 0, 0, 0, 0, 0
26.622, 0, 0, 0, 1.41421, 0, 0, 0, 0, 0, 0, 0, 0, 0, 0, 0, 0, 0, 0, 0, 0, 0, 0, 0, 0, 0, 0, 0, 0, 0, 0
26.6299, 0, 0, 0, 1.41421, 0, 0, 0, 0, 0, 0, 0, 0, 0, 0, 0, 0, 0, 0, 0, 0, 0, 0, 0, 0, 0, 0, 0, 0, 0, 0
26.6377, 0, 0, 0, 1.41421, 0, 0, 0, 0, 0, 0, 0, 0, 0, 0, 0, 0, 0, 0, 0, 0, 0, 0, 0, 0, 0, 0, 0, 0, 0, 0
26.6456, 0, 0, 0, 1.41421, 0, 0, 0, 0, 0, 0, 0, 0, 0, 0, 0, 0, 0, 0, 0, 0, 0, 0, 0, 0, 0, 0, 0, 0, 0, 0
26.6534, 0, 0, 0, 1.41421, 0, 0, 0, 0, 0, 0, 0, 0, 0, 0, 0, 0, 0, 0, 0, 0, 0, 0, 0, 0, 0, 0, 0, 0, 0, 0
26.6613, 0, 0, 0, 1.41421, 0, 0, 0, 0, 0, 0, 0, 0, 0, 0, 0, 0, 0, 0, 0, 0, 0, 0, 0, 0, 0, 0, 0, 0, 0, 0
26.6692, 0, 0, 0, 1.41421, 0, 0, 0, 0, 0, 0, 0, 0, 0, 0, 0, 0, 0, 0, 0, 0, 0, 0, 0, 0, 0, 0, 0, 0, 0, 0
26.677, 0, 0, 0, 1.41421, 0, 0, 0, 0, 0, 0, 0, 0, 0, 0, 0, 0, 0, 0, 0, 0, 0, 0, 0, 0, 0, 0, 0, 0, 0, 0
26.6849, 0, 0, 0, 1.41421, 0, 0, 0, 0, 0, 0, 0, 0, 0, 0, 0, 0, 0, 0, 0, 0, 0, 0, 0, 0, 0, 0, 0, 0, 0, 0
26.6928, 0, 0, 0, 1.41421, 0, 0, 0, 0, 0, 0, 0, 0, 0, 0, 0, 0, 0, 0, 0, 0, 0, 0, 0, 0, 0, 0, 0, 0, 0, 0
26.7006, 0, 0, 0, 1.41421, 0, 0, 0, 0, 0, 0, 0, 0, 0, 0, 0, 0, 0, 0, 0, 0, 0, 0, 0, 0, 0, 0, 0, 0, 0, 0
26.7085, 0, 0, 0, 1.41421, 0, 0, 0, 0, 0, 0, 0, 0, 0, 0, 0, 0, 0, 0, 0, 0, 0, 0, 0, 0, 0, 0, 0, 0, 0, 0
26.7164, 0, 0, 0, 1.41421, 0, 0, 0, 0, 0, 0, 0, 0, 0, 0, 0, 0, 0, 0, 0, 0, 0, 0, 0, 0, 0, 0, 0, 0, 0, 0
26.7242, 0, 0, 0, 1.41421, 0, 0, 0, 0, 0, 0, 0, 0, 0, 0, 0, 0, 0, 0, 0, 0, 0, 0, 0, 0, 0, 0, 0, 0, 0, 0
26.7321, 0, 0, 0, 1.41421, 0, 0, 0, 0, 0, 0, 0, 0, 0, 0, 0, 0, 0, 0, 0, 0, 0, 0, 0, 0, 0, 0, 0, 0, 0, 0
26.74, 0, 0, 0, 1.41421, 0, 0, 0, 0, 0, 0, 0, 0, 0, 0, 0, 0, 0, 0, 0, 0, 0, 0, 0, 0, 0, 0, 0, 0, 0, 0
26.7478, 0, 0, 0, 1.41421, 0, 0, 0, 0, 0, 0, 0, 0, 0, 0, 0, 0, 0, 0, 0, 0, 0, 0, 0, 0, 0, 0, 0, 0, 0, 0
26.7557, 0, 0, 0, 1.41421, 0, 0, 0, 0, 0, 0, 0, 0, 0, 0, 0, 0, 0, 0, 0, 0, 0, 0, 0, 0, 0, 0, 0, 0, 0, 0
26.7636, 0, 0, 0, 1.41421, 0, 0, 0, 0, 0, 0, 0, 0, 0, 0, 0, 0, 0, 0, 0, 0, 0, 0, 0, 0, 0, 0, 0, 0, 0, 0
26.7714, 0, 0, 0, 1.41421, 0, 0, 0, 0, 0, 0, 0, 0, 0, 0, 0, 0, 0, 0, 0, 0, 0, 0, 0, 0, 0, 0, 0, 0, 0, 0
26.7793, 0, 0, 0, 1.41421, 0, 0, 0, 0, 0, 0, 0, 0, 0, 0, 0, 0, 0, 0, 0, 0, 0, 0, 0, 0, 0, 0, 0, 0, 0, 0
26.7871, 0, 0, 0, 1.41421, 0, 0, 0, 0, 0, 0, 0, 0, 0, 0, 0, 0, 0, 0, 0, 0, 0, 0, 0, 0, 0, 0, 0, 0, 0, 0
26.795, 0, 0, 0, 1.41421, 0, 0, 0, 0, 0, 0, 0, 0, 0, 0, 0, 0, 0, 0, 0, 0, 0, 0, 0, 0, 0, 0, 0, 0, 0, 0
26.8029, 0, 0, 0, 1.41421, 0, 0, 0, 0, 0, 0, 0, 0, 0, 0, 0, 0, 0, 0, 0, 0, 0, 0, 0, 0, 0, 0, 0, 0, 0, 0
26.8107, 0, 0, 0, 1.41421, 0, 0, 0, 0, 0, 0, 0, 0, 0, 0, 0, 0, 0, 0, 0, 0, 0, 0, 0, 0, 0, 0, 0, 0, 0, 0
26.8186, 0, 0, 0, 1.41421, 0, 0, 0, 0, 0, 0, 0, 0, 0, 0, 0, 0, 0, 0, 0, 0, 0, 0, 0, 0, 0, 0, 0, 0, 0, 0
26.8265, 0, 0, 0, 1.41421, 0, 0, 0, 0, 0, 0, 0, 0, 0, 0, 0, 0, 0, 0, 0, 0, 0, 0, 0, 0, 0, 0, 0, 0, 0, 0
26.8343, 0, 0, 0, 1.41421, 0, 0, 0, 0, 0, 0, 0, 0, 0, 0, 0, 0, 0, 0, 0, 0, 0, 0, 0, 0, 0, 0, 0, 0, 0, 0
26.8422, 0, 0, 0, 1.41421, 0, 0, 0, 0, 0, 0, 0, 0, 0, 0, 0, 0, 0, 0, 0, 0, 0, 0, 0, 0, 0, 0, 0, 0, 0, 0
26.8501, 0, 0, 0, 1.41421, 0, 0, 0, 0, 0, 0, 0, 0, 0, 0, 0, 0, 0, 0, 0, 0, 0, 0, 0, 0, 0, 0, 0, 0, 0, 0
26.8579, 0, 0, 0, 1.41421, 0, 0, 0, 0, 0, 0, 0, 0, 0, 0, 0, 0, 0, 0, 0, 0, 0, 0, 0, 0, 0, 0, 0, 0, 0, 0
26.8658, 0, 0, 0, 1.41421, 0, 0, 0, 0, 0, 0, 0, 0, 0, 0, 0, 0, 0, 0, 0, 0, 0, 0, 0, 0, 0, 0, 0, 0, 0, 0
26.8737, 0, 0, 0, 1.41421, 0, 0, 0, 0, 0, 0, 0, 0, 0, 0, 0, 0, 0, 0, 0, 0, 0, 0, 0, 0, 0, 0, 0, 0, 0, 0
26.8815, 0, 0, 0, 1.41421, 0, 0, 0, 0, 0, 0, 0, 0, 0, 0, 0, 0, 0, 0, 0, 0, 0, 0, 0, 0, 0, 0, 0, 0, 0, 0
26.8894, 0, 0, 0, 1.41421, 0, 0, 0, 0, 0, 0, 0, 0, 0, 0, 0, 0, 0, 0, 0, 0, 0, 0, 0, 0, 0, 0, 0, 0, 0, 0
26.8973, 0, 0, 0, 1.41421, 0, 0, 0, 0, 0, 0, 0, 0, 0, 0, 0, 0, 0, 0, 0, 0, 0, 0, 0, 0, 0, 0, 0, 0, 0, 0
26.9051, 0, 0, 0, 1.41421, 0, 0, 0, 0, 0, 0, 0, 0, 0, 0, 0, 0, 0, 0, 0, 0, 0, 0, 0, 0, 0, 0, 0, 0, 0, 0
26.913, 0, 0, 0, 1.41421, 0, 0, 0, 0, 0, 0, 0, 0, 0, 0, 0, 0, 0, 0, 0, 0, 0, 0, 0, 0, 0, 0, 0, 0, 0, 0
26.9208, 0, 0, 0, 1.41421, 0, 0, 0, 0, 0, 0, 0, 0, 0, 0, 0, 0, 0, 0, 0, 0, 0, 0, 0, 0, 0, 0, 0, 0, 0, 0
26.9287, 0, 0, 0, 1.41421, 0, 0, 0, 0, 0, 0, 0, 0, 0, 0, 0, 0, 0, 0, 0, 0, 0, 0, 0, 0, 0, 0, 0, 0, 0, 0
26.9366, 0, 0, 0, 1.41421, 0, 0, 0, 0, 0, 0, 0, 0, 0, 0, 0, 0, 0, 0, 0, 0, 0, 0, 0, 0, 0, 0, 0, 0, 0, 0
26.9444, 0, 0, 0, 1.41421, 0, 0, 0, 0, 0, 0, 0, 0, 0, 0, 0, 0, 0, 0, 0, 0, 0, 0, 0, 0, 0, 0, 0, 0, 0, 0
26.9523, 0, 0, 0, 1.41421, 0, 0, 0, 0, 0, 0, 0, 0, 0, 0, 0, 0, 0, 0, 0, 0, 0, 0, 0, 0, 0, 0, 0, 0, 0, 0
26.9602, 0, 0, 0, 1.41421, 0, 0, 0, 0, 0, 0, 0, 0, 0, 0, 0, 0, 0, 0, 0, 0, 0, 0, 0, 0, 0, 0, 0, 0, 0, 0
26.968, 0, 0, 0, 1.41421, 0, 0, 0, 0, 0, 0, 0, 0, 0, 0, 0, 0, 0, 0, 0, 0, 0, 0, 0, 0, 0, 0, 0, 0, 0, 0
26.9759, 0, 0, 0, 1.41421, 0, 0, 0, 0, 0, 0, 0, 0, 0, 0, 0, 0, 0, 0, 0, 0, 0, 0, 0, 0, 0, 0, 0, 0, 0, 0
26.9838, 0, 0, 0, 1.41421, 0, 0, 0, 0, 0, 0, 0, 0, 0, 0, 0, 0, 0, 0, 0, 0, 0, 0, 0, 0, 0, 0, 0, 0, 0, 0
26.9916, 0, 0, 0, 1.41421, 0, 0, 0, 0, 0, 0, 0, 0, 0, 0, 0, 0, 0, 0, 0, 0, 0, 0, 0, 0, 0, 0, 0, 0, 0, 0
26.9995, 0, 0, 0, 1.41421, 0, 0, 0, 0, 0, 0, 0, 0, 0, 0, 0, 0, 0, 0, 0, 0, 0, 0, 0, 0, 0, 0, 0, 0, 0, 0
27.0074, 0, 0, 0, 1.41421, 0, 0, 0, 0, 0, 0, 0, 0, 0, 0, 0, 0, 0, 0, 0, 0, 0, 0, 0, 0, 0, 0, 0, 0, 0, 0
27.0152, 0, 0, 0, 1.41421, 0, 0, 0, 0, 0, 0, 0, 0, 0, 0, 0, 0, 0, 0, 0, 0, 0, 0, 0, 0, 0, 0, 0, 0, 0, 0
27.0231, 0, 0, 0, 1.41421, 0, 0, 0, 0, 0, 0, 0, 0, 0, 0, 0, 0, 0, 0, 0, 0, 0, 0, 0, 0, 0, 0, 0, 0, 0, 0
27.031, 0, 0, 0, 1.41421, 0, 0, 0, 0, 0, 0, 0, 0, 0, 0, 0, 0, 0, 0, 0, 0, 0, 0, 0, 0, 0, 0, 0, 0, 0, 0
27.0388, 0, 0, 0, 1.41421, 0, 0, 0, 0, 0, 0, 0, 0, 0, 0, 0, 0, 0, 0, 0, 0, 0, 0, 0, 0, 0, 0, 0, 0, 0, 0
27.0467, 0, 0, 0, 1.41421, 0, 0, 0, 0, 0, 0, 0, 0, 0, 0, 0, 0, 0, 0, 0, 0, 0, 0, 0, 0, 0, 0, 0, 0, 0, 0
27.0545, 0, 0, 0, 1.41421, 0, 0, 0, 0, 0, 0, 0, 0, 0, 0, 0, 0, 0, 0, 0, 0, 0, 0, 0, 0, 0, 0, 0, 0, 0, 0
27.0624, 0, 0, 0, 1.41421, 0, 0, 0, 0, 0, 0, 0, 0, 0, 0, 0, 0, 0, 0, 0, 0, 0, 0, 0, 0, 0, 0, 0, 0, 0, 0
27.0703, 0, 0, 0, 1.41421, 0, 0, 0, 0, 0, 0, 0, 0, 0, 0, 0, 0, 0, 0, 0, 0, 0, 0, 0, 0, 0, 0, 0, 0, 0, 0
27.0781, 0, 0, 0, 1.41421, 0, 0, 0, 0, 0, 0, 0, 0, 0, 0, 0, 0, 0, 0, 0, 0, 0, 0, 0, 0, 0, 0, 0, 0, 0, 0
27.086, 0, 0, 0, 1.41421, 0, 0, 0, 0, 0, 0, 0, 0, 0, 0, 0, 0, 0, 0, 0, 0, 0, 0, 0, 0, 0, 0, 0, 0, 0, 0
27.0939, 0, 0, 0, 1.41421, 0, 0, 0, 0, 0, 0, 0, 0, 0, 0, 0, 0, 0, 0, 0, 0, 0, 0, 0, 0, 0, 0, 0, 0, 0, 0
27.1017, 0, 0, 0, 1.41421, 0, 0, 0, 0, 0, 0, 0, 0, 0, 0, 0, 0, 0, 0, 0, 0, 0, 0, 0, 0, 0, 0, 0, 0, 0, 0
27.1096, 0, 0, 0, 1.41421, 0, 0, 0, 0, 0, 0, 0, 0, 0, 0, 0, 0, 0, 0, 0, 0, 0, 0, 0, 0, 0, 0, 0, 0, 0, 0
27.1175, 0, 0, 0, 1.41421, 0, 0, 0, 0, 0, 0, 0, 0, 0, 0, 0, 0, 0, 0, 0, 0, 0, 0, 0, 0, 0, 0, 0, 0, 0, 0
27.1253, 0, 0, 0, 1.41421, 0, 0, 0, 0, 0, 0, 0, 0, 0, 0, 0, 0, 0, 0, 0, 0, 0, 0, 0, 0, 0, 0, 0, 0, 0, 0
27.1332, 0, 0, 0, 1.41421, 0, 0, 0, 0, 0, 0, 0, 0, 0, 0, 0, 0, 0, 0, 0, 0, 0, 0, 0, 0, 0, 0, 0, 0, 0, 0
27.1411, 0, 0, 0, 1.41421, 0, 0, 0, 0, 0, 0, 0, 0, 0, 0, 0, 0, 0, 0, 0, 0, 0, 0, 0, 0, 0, 0, 0, 0, 0, 0
27.1489, 0, 0, 0, 1.41421, 0, 0, 0, 0, 0, 0, 0, 0, 0, 0, 0, 0, 0, 0, 0, 0, 0, 0, 0, 0, 0, 0, 0, 0, 0, 0
27.1568, 0, 0, 0, 1.41421, 0, 0, 0, 0, 0, 0, 0, 0, 0, 0, 0, 0, 0, 0, 0, 0, 0, 0, 0, 0, 0, 0, 0, 0, 0, 0
27.1647, 0, 0, 0, 1.41421, 0, 0, 0, 0, 0, 0, 0, 0, 0, 0, 0, 0, 0, 0, 0, 0, 0, 0, 0, 0, 0, 0, 0, 0, 0, 0
27.1725, 0, 0, 0, 1.41421, 0, 0, 0, 0, 0, 0, 0, 0, 0, 0, 0, 0, 0, 0, 0, 0, 0, 0, 0, 0, 0, 0, 0, 0, 0, 0
27.1804, 0, 0, 0, 1.41421, 0, 0, 0, 0, 0, 0, 0, 0, 0, 0, 0, 0, 0, 0, 0, 0, 0, 0, 0, 0, 0, 0, 0, 0, 0, 0
27.1882, 0, 0, 0, 1.41421, 0, 0, 0, 0, 0, 0, 0, 0, 0, 0, 0, 0, 0, 0, 0, 0, 0, 0, 0, 0, 0, 0, 0, 0, 0, 0
27.1961, 0, 0, 0, 1.41421, 0, 0, 0, 0, 0, 0, 0, 0, 0, 0, 0, 0, 0, 0, 0, 0, 0, 0, 0, 0, 0, 0, 0, 0, 0, 0
27.204, 0, 0, 0, 1.41421, 0, 0, 0, 0, 0, 0, 0, 0, 0, 0, 0, 0, 0, 0, 0, 0, 0, 0, 0, 0, 0, 0, 0, 0, 0, 0
27.2118, 0, 0, 0, 1.41421, 0, 0, 0, 0, 0, 0, 0, 0, 0, 0, 0, 0, 0, 0, 0, 0, 0, 0, 0, 0, 0, 0, 0, 0, 0, 0
27.2197, 0, 0, 0, 1.41421, 0, 0, 0, 0, 0, 0, 0, 0, 0, 0, 0, 0, 0, 0, 0, 0, 0, 0, 0, 0, 0, 0, 0, 0, 0, 0
27.2276, 0, 0, 0, 1.41421, 0, 0, 0, 0, 0, 0, 0, 0, 0, 0, 0, 0, 0, 0, 0, 0, 0, 0, 0, 0, 0, 0, 0, 0, 0, 0
27.2354, 0, 0, 0, 1.41421, 0, 0, 0, 0, 0, 0, 0, 0, 0, 0, 0, 0, 0, 0, 0, 0, 0, 0, 0, 0, 0, 0, 0, 0, 0, 0
27.2433, 0, 0, 0, 1.41421, 0, 0, 0, 0, 0, 0, 0, 0, 0, 0, 0, 0, 0, 0, 0, 0, 0, 0, 0, 0, 0, 0, 0, 0, 0, 0
27.2512, 0, 0, 0, 1.41421, 0, 0, 0, 0, 0, 0, 0, 0, 0, 0, 0, 0, 0, 0, 0, 0, 0, 0, 0, 0, 0, 0, 0, 0, 0, 0
27.259, 0, 0, 0, 1.41421, 0, 0, 0, 0, 0, 0, 0, 0, 0, 0, 0, 0, 0, 0, 0, 0, 0, 0, 0, 0, 0, 0, 0, 0, 0, 0
27.2669, 0, 0, 0, 1.41421, 0, 0, 0, 0, 0, 0, 0, 0, 0, 0, 0, 0, 0, 0, 0, 0, 0, 0, 0, 0, 0, 0, 0, 0, 0, 0
27.2748, 0, 0, 0, 1.41421, 0, 0, 0, 0, 0, 0, 0, 0, 0, 0, 0, 0, 0, 0, 0, 0, 0, 0, 0, 0, 0, 0, 0, 0, 0, 0
27.2826, 0, 0, 0, 1.41421, 0, 0, 0, 0, 0, 0, 0, 0, 0, 0, 0, 0, 0, 0, 0, 0, 0, 0, 0, 0, 0, 0, 0, 0, 0, 0
27.2905, 0, 0, 0, 1.41421, 0, 0, 0, 0, 0, 0, 0, 0, 0, 0, 0, 0, 0, 0, 0, 0, 0, 0, 0, 0, 0, 0, 0, 0, 0, 0
27.2984, 0, 0, 0, 1.41421, 0, 0, 0, 0, 0, 0, 0, 0, 0, 0, 0, 0, 0, 0, 0, 0, 0, 0, 0, 0, 0, 0, 0, 0, 0, 0
27.3062, 0, 0, 0, 1.41421, 0, 0, 0, 0, 0, 0, 0, 0, 0, 0, 0, 0, 0, 0, 0, 0, 0, 0, 0, 0, 0, 0, 0, 0, 0, 0
27.3141, 0, 0, 0, 1.41421, 0, 0, 0, 0, 0, 0, 0, 0, 0, 0, 0, 0, 0, 0, 0, 0, 0, 0, 0, 0, 0, 0, 0, 0, 0, 0
27.322, 0, 0, 0, 1.41421, 0, 0, 0, 0, 0, 0, 0, 0, 0, 0, 0, 0, 0, 0, 0, 0, 0, 0, 0, 0, 0, 0, 0, 0, 0, 0
27.3298, 0, 0, 0, 1.41421, 0, 0, 0, 0, 0, 0, 0, 0, 0, 0, 0, 0, 0, 0, 0, 0, 0, 0, 0, 0, 0, 0, 0, 0, 0, 0
27.3377, 0, 0, 0, 1.41421, 0, 0, 0, 0, 0, 0, 0, 0, 0, 0, 0, 0, 0, 0, 0, 0, 0, 0, 0, 0, 0, 0, 0, 0, 0, 0
27.3455, 0, 0, 0, 1.41421, 0, 0, 0, 0, 0, 0, 0, 0, 0, 0, 0, 0, 0, 0, 0, 0, 0, 0, 0, 0, 0, 0, 0, 0, 0, 0
27.3534, 0, 0, 0, 1.41421, 0, 0, 0, 0, 0, 0, 0, 0, 0, 0, 0, 0, 0, 0, 0, 0, 0, 0, 0, 0, 0, 0, 0, 0, 0, 0
27.3613, 0, 0, 0, 1.41421, 0, 0, 0, 0, 0, 0, 0, 0, 0, 0, 0, 0, 0, 0, 0, 0, 0, 0, 0, 0, 0, 0, 0, 0, 0, 0
27.3691, 0, 0, 0, 1.41421, 0, 0, 0, 0, 0, 0, 0, 0, 0, 0, 0, 0, 0, 0, 0, 0, 0, 0, 0, 0, 0, 0, 0, 0, 0, 0
27.377, 0, 0, 0, 1.41421, 0, 0, 0, 0, 0, 0, 0, 0, 0, 0, 0, 0, 0, 0, 0, 0, 0, 0, 0, 0, 0, 0, 0, 0, 0, 0
27.3849, 0, 0, 0, 1.41421, 0, 0, 0, 0, 0, 0, 0, 0, 0, 0, 0, 0, 0, 0, 0, 0, 0, 0, 0, 0, 0, 0, 0, 0, 0, 0
27.3927, 0, 0, 0, 1.41421, 0, 0, 0, 0, 0, 0, 0, 0, 0, 0, 0, 0, 0, 0, 0, 0, 0, 0, 0, 0, 0, 0, 0, 0, 0, 0
27.4006, 0, 0, 0, 1.41421, 0, 0, 0, 0, 0, 0, 0, 0, 0, 0, 0, 0, 0, 0, 0, 0, 0, 0, 0, 0, 0, 0, 0, 0, 0, 0
27.4085, 0, 0, 0, 1.41421, 0, 0, 0, 0, 0, 0, 0, 0, 0, 0, 0, 0, 0, 0, 0, 0, 0, 0, 0, 0, 0, 0, 0, 0, 0, 0
27.4163, 0, 0, 0, 1.41421, 0, 0, 0, 0, 0, 0, 0, 0, 0, 0, 0, 0, 0, 0, 0, 0, 0, 0, 0, 0, 0, 0, 0, 0, 0, 0
27.4242, 0, 0, 0, 1.41421, 0, 0, 0, 0, 0, 0, 0, 0, 0, 0, 0, 0, 0, 0, 0, 0, 0, 0, 0, 0, 0, 0, 0, 0, 0, 0
27.4321, 0, 0, 0, 1.41421, 0, 0, 0, 0, 0, 0, 0, 0, 0, 0, 0, 0, 0, 0, 0, 0, 0, 0, 0, 0, 0, 0, 0, 0, 0, 0
27.4399, 0, 0, 0, 1.41421, 0, 0, 0, 0, 0, 0, 0, 0, 0, 0, 0, 0, 0, 0, 0, 0, 0, 0, 0, 0, 0, 0, 0, 0, 0, 0
27.4478, 0, 0, 0, 1.41421, 0, 0, 0, 0, 0, 0, 0, 0, 0, 0, 0, 0, 0, 0, 0, 0, 0, 0, 0, 0, 0, 0, 0, 0, 0, 0
27.4557, 0, 0, 0, 1.41421, 0, 0, 0, 0, 0, 0, 0, 0, 0, 0, 0, 0, 0, 0, 0, 0, 0, 0, 0, 0, 0, 0, 0, 0, 0, 0
27.4635, 0, 0, 0, 1.41421, 0, 0, 0, 0, 0, 0, 0, 0, 0, 0, 0, 0, 0, 0, 0, 0, 0, 0, 0, 0, 0, 0, 0, 0, 0, 0
27.4714, 0, 0, 0, 1.41421, 0, 0, 0, 0, 0, 0, 0, 0, 0, 0, 0, 0, 0, 0, 0, 0, 0, 0, 0, 0, 0, 0, 0, 0, 0, 0
27.4792, 0, 0, 0, 1.41421, 0, 0, 0, 0, 0, 0, 0, 0, 0, 0, 0, 0, 0, 0, 0, 0, 0, 0, 0, 0, 0, 0, 0, 0, 0, 0
27.4871, 0, 0, 0, 1.41421, 0, 0, 0, 0, 0, 0, 0, 0, 0, 0, 0, 0, 0, 0, 0, 0, 0, 0, 0, 0, 0, 0, 0, 0, 0, 0
27.495, 0, 0, 0, 1.41421, 0, 0, 0, 0, 0, 0, 0, 0, 0, 0, 0, 0, 0, 0, 0, 0, 0, 0, 0, 0, 0, 0, 0, 0, 0, 0
27.5028, 0, 0, 0, 1.41421, 0, 0, 0, 0, 0, 0, 0, 0, 0, 0, 0, 0, 0, 0, 0, 0, 0, 0, 0, 0, 0, 0, 0, 0, 0, 0
27.5107, 0, 0, 0, 1.41421, 0, 0, 0, 0, 0, 0, 0, 0, 0, 0, 0, 0, 0, 0, 0, 0, 0, 0, 0, 0, 0, 0, 0, 0, 0, 0
27.5186, 0, 0, 0, 1.41421, 0, 0, 0, 0, 0, 0, 0, 0, 0, 0, 0, 0, 0, 0, 0, 0, 0, 0, 0, 0, 0, 0, 0, 0, 0, 0
27.5264, 0, 0, 0, 1.41421, 0, 0, 0, 0, 0, 0, 0, 0, 0, 0, 0, 0, 0, 0, 0, 0, 0, 0, 0, 0, 0, 0, 0, 0, 0, 0
27.5343, 0, 0, 0, 1.41421, 0, 0, 0, 0, 0, 0, 0, 0, 0, 0, 0, 0, 0, 0, 0, 0, 0, 0, 0, 0, 0, 0, 0, 0, 0, 0
27.5422, 0, 0, 0, 1.41421, 0, 0, 0, 0, 0, 0, 0, 0, 0, 0, 0, 0, 0, 0, 0, 0, 0, 0, 0, 0, 0, 0, 0, 0, 0, 0
27.55, 0, 0, 0, 1.41421, 0, 0, 0, 0, 0, 0, 0, 0, 0, 0, 0, 0, 0, 0, 0, 0, 0, 0, 0, 0, 0, 0, 0, 0, 0, 0
27.5579, 0, 0, 0, 1.41421, 0, 0, 0, 0, 0, 0, 0, 0, 0, 0, 0, 0, 0, 0, 0, 0, 0, 0, 0, 0, 0, 0, 0, 0, 0, 0
27.5658, 0, 0, 0, 1.41421, 0, 0, 0, 0, 0, 0, 0, 0, 0, 0, 0, 0, 0, 0, 0, 0, 0, 0, 0, 0, 0, 0, 0, 0, 0, 0
27.5736, 0, 0, 0, 1.41421, 0, 0, 0, 0, 0, 0, 0, 0, 0, 0, 0, 0, 0, 0, 0, 0, 0, 0, 0, 0, 0, 0, 0, 0, 0, 0
27.5815, 0, 0, 0, 1.41421, 0, 0, 0, 0, 0, 0, 0, 0, 0, 0, 0, 0, 0, 0, 0, 0, 0, 0, 0, 0, 0, 0, 0, 0, 0, 0
27.5894, 0, 0, 0, 1.41421, 0, 0, 0, 0, 0, 0, 0, 0, 0, 0, 0, 0, 0, 0, 0, 0, 0, 0, 0, 0, 0, 0, 0, 0, 0, 0
27.5972, 0, 0, 0, 1.41421, 0, 0, 0, 0, 0, 0, 0, 0, 0, 0, 0, 0, 0, 0, 0, 0, 0, 0, 0, 0, 0, 0, 0, 0, 0, 0
27.6051, 0, 0, 0, 1.41421, 0, 0, 0, 0, 0, 0, 0, 0, 0, 0, 0, 0, 0, 0, 0, 0, 0, 0, 0, 0, 0, 0, 0, 0, 0, 0
27.6129, 0, 0, 0, 1.41421, 0, 0, 0, 0, 0, 0, 0, 0, 0, 0, 0, 0, 0, 0, 0, 0, 0, 0, 0, 0, 0, 0, 0, 0, 0, 0
27.6208, 0, 0, 0, 1.41421, 0, 0, 0, 0, 0, 0, 0, 0, 0, 0, 0, 0, 0, 0, 0, 0, 0, 0, 0, 0, 0, 0, 0, 0, 0, 0
27.6287, 0, 0, 0, 1.41421, 0, 0, 0, 0, 0, 0, 0, 0, 0, 0, 0, 0, 0, 0, 0, 0, 0, 0, 0, 0, 0, 0, 0, 0, 0, 0
27.6365, 0, 0, 0, 1.41421, 0, 0, 0, 0, 0, 0, 0, 0, 0, 0, 0, 0, 0, 0, 0, 0, 0, 0, 0, 0, 0, 0, 0, 0, 0, 0
27.6444, 0, 0, 0, 1.41421, 0, 0, 0, 0, 0, 0, 0, 0, 0, 0, 0, 0, 0, 0, 0, 0, 0, 0, 0, 0, 0, 0, 0, 0, 0, 0
27.6523, 0, 0, 0, 1.41421, 0, 0, 0, 0, 0, 0, 0, 0, 0, 0, 0, 0, 0, 0, 0, 0, 0, 0, 0, 0, 0, 0, 0, 0, 0, 0
27.6601, 0, 0, 0, 1.41421, 0, 0, 0, 0, 0, 0, 0, 0, 0, 0, 0, 0, 0, 0, 0, 0, 0, 0, 0, 0, 0, 0, 0, 0, 0, 0
27.668, 0, 0, 0, 1.41421, 0, 0, 0, 0, 0, 0, 0, 0, 0, 0, 0, 0, 0, 0, 0, 0, 0, 0, 0, 0, 0, 0, 0, 0, 0, 0
27.6759, 0, 0, 0, 1.41421, 0, 0, 0, 0, 0, 0, 0, 0, 0, 0, 0, 0, 0, 0, 0, 0, 0, 0, 0, 0, 0, 0, 0, 0, 0, 0
27.6837, 0, 0, 0, 1.41421, 0, 0, 0, 0, 0, 0, 0, 0, 0, 0, 0, 0, 0, 0, 0, 0, 0, 0, 0, 0, 0, 0, 0, 0, 0, 0
27.6916, 0, 0, 0, 1.41421, 0, 0, 0, 0, 0, 0, 0, 0, 0, 0, 0, 0, 0, 0, 0, 0, 0, 0, 0, 0, 0, 0, 0, 0, 0, 0
27.6995, 0, 0, 0, 1.41421, 0, 0, 0, 0, 0, 0, 0, 0, 0, 0, 0, 0, 0, 0, 0, 0, 0, 0, 0, 0, 0, 0, 0, 0, 0, 0
27.7073, 0, 0, 0, 1.41421, 0, 0, 0, 0, 0, 0, 0, 0, 0, 0, 0, 0, 0, 0, 0, 0, 0, 0, 0, 0, 0, 0, 0, 0, 0, 0
27.7152, 0, 0, 0, 1.41421, 0, 0, 0, 0, 0, 0, 0, 0, 0, 0, 0, 0, 0, 0, 0, 0, 0, 0, 0, 0, 0, 0, 0, 0, 0, 0
27.7231, 0, 0, 0, 1.41421, 0, 0, 0, 0, 0, 0, 0, 0, 0, 0, 0, 0, 0, 0, 0, 0, 0, 0, 0, 0, 0, 0, 0, 0, 0, 0
27.7309, 0, 0, 0, 1.41421, 0, 0, 0, 0, 0, 0, 0, 0, 0, 0, 0, 0, 0, 0, 0, 0, 0, 0, 0, 0, 0, 0, 0, 0, 0, 0
27.7388, 0, 0, 0, 1.41421, 0, 0, 0, 0, 0, 0, 0, 0, 0, 0, 0, 0, 0, 0, 0, 0, 0, 0, 0, 0, 0, 0, 0, 0, 0, 0
27.7467, 0, 0, 0, 1.41421, 0, 0, 0, 0, 0, 0, 0, 0, 0, 0, 0, 0, 0, 0, 0, 0, 0, 0, 0, 0, 0, 0, 0, 0, 0, 0
27.7545, 0, 0, 0, 1.41421, 0, 0, 0, 0, 0, 0, 0, 0, 0, 0, 0, 0, 0, 0, 0, 0, 0, 0, 0, 0, 0, 0, 0, 0, 0, 0
27.7624, 0, 0, 0, 1.41421, 0, 0, 0, 0, 0, 0, 0, 0, 0, 0, 0, 0, 0, 0, 0, 0, 0, 0, 0, 0, 0, 0, 0, 0, 0, 0
27.7702, 0, 0, 0, 1.41421, 0, 0, 0, 0, 0, 0, 0, 0, 0, 0, 0, 0, 0, 0, 0, 0, 0, 0, 0, 0, 0, 0, 0, 0, 0, 0
27.7781, 0, 0, 0, 1.41421, 0, 0, 0, 0, 0, 0, 0, 0, 0, 0, 0, 0, 0, 0, 0, 0, 0, 0, 0, 0, 0, 0, 0, 0, 0, 0
27.786, 0, 0, 0, 1.41421, 0, 0, 0, 0, 0, 0, 0, 0, 0, 0, 0, 0, 0, 0, 0, 0, 0, 0, 0, 0, 0, 0, 0, 0, 0, 0
27.7938, 0, 0, 0, 1.41421, 0, 0, 0, 0, 0, 0, 0, 0, 0, 0, 0, 0, 0, 0, 0, 0, 0, 0, 0, 0, 0, 0, 0, 0, 0, 0
27.8017, 0, 0, 0, 1.41421, 0, 0, 0, 0, 0, 0, 0, 0, 0, 0, 0, 0, 0, 0, 0, 0, 0, 0, 0, 0, 0, 0, 0, 0, 0, 0
27.8096, 0, 0, 0, 1.41421, 0, 0, 0, 0, 0, 0, 0, 0, 0, 0, 0, 0, 0, 0, 0, 0, 0, 0, 0, 0, 0, 0, 0, 0, 0, 0
27.8174, 0, 0, 0, 1.41421, 0, 0, 0, 0, 0, 0, 0, 0, 0, 0, 0, 0, 0, 0, 0, 0, 0, 0, 0, 0, 0, 0, 0, 0, 0, 0
27.8253, 0, 0, 0, 1.41421, 0, 0, 0, 0, 0, 0, 0, 0, 0, 0, 0, 0, 0, 0, 0, 0, 0, 0, 0, 0, 0, 0, 0, 0, 0, 0
27.8332, 0, 0, 0, 1.41421, 0, 0, 0, 0, 0, 0, 0, 0, 0, 0, 0, 0, 0, 0, 0, 0, 0, 0, 0, 0, 0, 0, 0, 0, 0, 0
27.841, 0, 0, 0, 1.41421, 0, 0, 0, 0, 0, 0, 0, 0, 0, 0, 0, 0, 0, 0, 0, 0, 0, 0, 0, 0, 0, 0, 0, 0, 0, 0
27.8489, 0, 0, 0, 1.41421, 0, 0, 0, 0, 0, 0, 0, 0, 0, 0, 0, 0, 0, 0, 0, 0, 0, 0, 0, 0, 0, 0, 0, 0, 0, 0
27.8568, 0, 0, 0, 1.41421, 0, 0, 0, 0, 0, 0, 0, 0, 0, 0, 0, 0, 0, 0, 0, 0, 0, 0, 0, 0, 0, 0, 0, 0, 0, 0
27.8646, 0, 0, 0, 1.41421, 0, 0, 0, 0, 0, 0, 0, 0, 0, 0, 0, 0, 0, 0, 0, 0, 0, 0, 0, 0, 0, 0, 0, 0, 0, 0
27.8725, 0, 0, 0, 1.41421, 0, 0, 0, 0, 0, 0, 0, 0, 0, 0, 0, 0, 0, 0, 0, 0, 0, 0, 0, 0, 0, 0, 0, 0, 0, 0
27.8804, 0, 0, 0, 1.41421, 0, 0, 0, 0, 0, 0, 0, 0, 0, 0, 0, 0, 0, 0, 0, 0, 0, 0, 0, 0, 0, 0, 0, 0, 0, 0
27.8882, 0, 0, 0, 1.41421, 0, 0, 0, 0, 0, 0, 0, 0, 0, 0, 0, 0, 0, 0, 0, 0, 0, 0, 0, 0, 0, 0, 0, 0, 0, 0
27.8961, 0, 0, 0, 1.41421, 0, 0, 0, 0, 0, 0, 0, 0, 0, 0, 0, 0, 0, 0, 0, 0, 0, 0, 0, 0, 0, 0, 0, 0, 0, 0
27.9039, 0, 0, 0, 1.41421, 0, 0, 0, 0, 0, 0, 0, 0, 0, 0, 0, 0, 0, 0, 0, 0, 0, 0, 0, 0, 0, 0, 0, 0, 0, 0
27.9118, 0, 0, 0, 1.41421, 0, 0, 0, 0, 0, 0, 0, 0, 0, 0, 0, 0, 0, 0, 0, 0, 0, 0, 0, 0, 0, 0, 0, 0, 0, 0
27.9197, 0, 0, 0, 1.41421, 0, 0, 0, 0, 0, 0, 0, 0, 0, 0, 0, 0, 0, 0, 0, 0, 0, 0, 0, 0, 0, 0, 0, 0, 0, 0
27.9275, 0, 0, 0, 1.41421, 0, 0, 0, 0, 0, 0, 0, 0, 0, 0, 0, 0, 0, 0, 0, 0, 0, 0, 0, 0, 0, 0, 0, 0, 0, 0
27.9354, 0, 0, 0, 1.41421, 0, 0, 0, 0, 0, 0, 0, 0, 0, 0, 0, 0, 0, 0, 0, 0, 0, 0, 0, 0, 0, 0, 0, 0, 0, 0
27.9433, 0, 0, 0, 1.41421, 0, 0, 0, 0, 0, 0, 0, 0, 0, 0, 0, 0, 0, 0, 0, 0, 0, 0, 0, 0, 0, 0, 0, 0, 0, 0
27.9511, 0, 0, 0, 1.41421, 0, 0, 0, 0, 0, 0, 0, 0, 0, 0, 0, 0, 0, 0, 0, 0, 0, 0, 0, 0, 0, 0, 0, 0, 0, 0
27.959, 0, 0, 0, 1.41421, 0, 0, 0, 0, 0, 0, 0, 0, 0, 0, 0, 0, 0, 0, 0, 0, 0, 0, 0, 0, 0, 0, 0, 0, 0, 0
27.9669, 0, 0, 0, 1.41421, 0, 0, 0, 0, 0, 0, 0, 0, 0, 0, 0, 0, 0, 0, 0, 0, 0, 0, 0, 0, 0, 0, 0, 0, 0, 0
27.9747, 0, 0, 0, 1.41421, 0, 0, 0, 0, 0, 0, 0, 0, 0, 0, 0, 0, 0, 0, 0, 0, 0, 0, 0, 0, 0, 0, 0, 0, 0, 0
27.9826, 0, 0, 0, 1.41421, 0, 0, 0, 0, 0, 0, 0, 0, 0, 0, 0, 0, 0, 0, 0, 0, 0, 0, 0, 0, 0, 0, 0, 0, 0, 0
27.9905, 0, 0, 0, 1.41421, 0, 0, 0, 0, 0, 0, 0, 0, 0, 0, 0, 0, 0, 0, 0, 0, 0, 0, 0, 0, 0, 0, 0, 0, 0, 0
27.9983, 0, 0, 0, 1.41421, 0, 0, 0, 0, 0, 0, 0, 0, 0, 0, 0, 0, 0, 0, 0, 0, 0, 0, 0, 0, 0, 0, 0, 0, 0, 0
28.0062, 0, 0, 0, 1.41421, 0, 0, 0, 0, 0, 0, 0, 0, 0, 0, 0, 0, 0, 0, 0, 0, 0, 0, 0, 0, 0, 0, 0, 0, 0, 0
28.0141, 0, 0, 0, 1.41421, 0, 0, 0, 0, 0, 0, 0, 0, 0, 0, 0, 0, 0, 0, 0, 0, 0, 0, 0, 0, 0, 0, 0, 0, 0, 0
28.0219, 0, 0, 0, 1.41421, 0, 0, 0, 0, 0, 0, 0, 0, 0, 0, 0, 0, 0, 0, 0, 0, 0, 0, 0, 0, 0, 0, 0, 0, 0, 0
28.0298, 0, 0, 0, 1.41421, 0, 0, 0, 0, 0, 0, 0, 0, 0, 0, 0, 0, 0, 0, 0, 0, 0, 0, 0, 0, 0, 0, 0, 0, 0, 0
28.0376, 0, 0, 0, 1.41421, 0, 0, 0, 0, 0, 0, 0, 0, 0, 0, 0, 0, 0, 0, 0, 0, 0, 0, 0, 0, 0, 0, 0, 0, 0, 0
28.0455, 0, 0, 0, 1.41421, 0, 0, 0, 0, 0, 0, 0, 0, 0, 0, 0, 0, 0, 0, 0, 0, 0, 0, 0, 0, 0, 0, 0, 0, 0, 0
28.0534, 0, 0, 0, 1.41421, 0, 0, 0, 0, 0, 0, 0, 0, 0, 0, 0, 0, 0, 0, 0, 0, 0, 0, 0, 0, 0, 0, 0, 0, 0, 0
28.0612, 0, 0, 0, 1.41421, 0, 0, 0, 0, 0, 0, 0, 0, 0, 0, 0, 0, 0, 0, 0, 0, 0, 0, 0, 0, 0, 0, 0, 0, 0, 0
28.0691, 0, 0, 0, 1.41421, 0, 0, 0, 0, 0, 0, 0, 0, 0, 0, 0, 0, 0, 0, 0, 0, 0, 0, 0, 0, 0, 0, 0, 0, 0, 0
28.077, 0, 0, 0, 1.41421, 0, 0, 0, 0, 0, 0, 0, 0, 0, 0, 0, 0, 0, 0, 0, 0, 0, 0, 0, 0, 0, 0, 0, 0, 0, 0
28.0848, 0, 0, 0, 1.41421, 0, 0, 0, 0, 0, 0, 0, 0, 0, 0, 0, 0, 0, 0, 0, 0, 0, 0, 0, 0, 0, 0, 0, 0, 0, 0
28.0927, 0, 0, 0, 1.41421, 0, 0, 0, 0, 0, 0, 0, 0, 0, 0, 0, 0, 0, 0, 0, 0, 0, 0, 0, 0, 0, 0, 0, 0, 0, 0
28.1006, 0, 0, 0, 1.41421, 0, 0, 0, 0, 0, 0, 0, 0, 0, 0, 0, 0, 0, 0, 0, 0, 0, 0, 0, 0, 0, 0, 0, 0, 0, 0
28.1084, 0, 0, 0, 1.41421, 0, 0, 0, 0, 0, 0, 0, 0, 0, 0, 0, 0, 0, 0, 0, 0, 0, 0, 0, 0, 0, 0, 0, 0, 0, 0
28.1163, 0, 0, 0, 1.41421, 0, 0, 0, 0, 0, 0, 0, 0, 0, 0, 0, 0, 0, 0, 0, 0, 0, 0, 0, 0, 0, 0, 0, 0, 0, 0
28.1242, 0, 0, 0, 1.41421, 0, 0, 0, 0, 0, 0, 0, 0, 0, 0, 0, 0, 0, 0, 0, 0, 0, 0, 0, 0, 0, 0, 0, 0, 0, 0
28.132, 0, 0, 0, 1.41421, 0, 0, 0, 0, 0, 0, 0, 0, 0, 0, 0, 0, 0, 0, 0, 0, 0, 0, 0, 0, 0, 0, 0, 0, 0, 0
28.1399, 0, 0, 0, 1.41421, 0, 0, 0, 0, 0, 0, 0, 0, 0, 0, 0, 0, 0, 0, 0, 0, 0, 0, 0, 0, 0, 0, 0, 0, 0, 0
28.1478, 0, 0, 0, 1.41421, 0, 0, 0, 0, 0, 0, 0, 0, 0, 0, 0, 0, 0, 0, 0, 0, 0, 0, 0, 0, 0, 0, 0, 0, 0, 0
28.1556, 0, 0, 0, 1.41421, 0, 0, 0, 0, 0, 0, 0, 0, 0, 0, 0, 0, 0, 0, 0, 0, 0, 0, 0, 0, 0, 0, 0, 0, 0, 0
28.1635, 0, 0, 0, 1.41421, 0, 0, 0, 0, 0, 0, 0, 0, 0, 0, 0, 0, 0, 0, 0, 0, 0, 0, 0, 0, 0, 0, 0, 0, 0, 0
28.1713, 0, 0, 0, 1.41421, 0, 0, 0, 0, 0, 0, 0, 0, 0, 0, 0, 0, 0, 0, 0, 0, 0, 0, 0, 0, 0, 0, 0, 0, 0, 0
28.1792, 0, 0, 0, 1.41421, 0, 0, 0, 0, 0, 0, 0, 0, 0, 0, 0, 0, 0, 0, 0, 0, 0, 0, 0, 0, 0, 0, 0, 0, 0, 0
28.1871, 0, 0, 0, 1.41421, 0, 0, 0, 0, 0, 0, 0, 0, 0, 0, 0, 0, 0, 0, 0, 0, 0, 0, 0, 0, 0, 0, 0, 0, 0, 0
28.1949, 0, 0, 0, 1.41421, 0, 0, 0, 0, 0, 0, 0, 0, 0, 0, 0, 0, 0, 0, 0, 0, 0, 0, 0, 0, 0, 0, 0, 0, 0, 0
28.2028, 0, 0, 0, 1.41421, 0, 0, 0, 0, 0, 0, 0, 0, 0, 0, 0, 0, 0, 0, 0, 0, 0, 0, 0, 0, 0, 0, 0, 0, 0, 0
28.2107, 0, 0, 0, 1.41421, 0, 0, 0, 0, 0, 0, 0, 0, 0, 0, 0, 0, 0, 0, 0, 0, 0, 0, 0, 0, 0, 0, 0, 0, 0, 0
28.2185, 0, 0, 0, 1.41421, 0, 0, 0, 0, 0, 0, 0, 0, 0, 0, 0, 0, 0, 0, 0, 0, 0, 0, 0, 0, 0, 0, 0, 0, 0, 0
28.2264, 0, 0, 0, 1.41421, 0, 0, 0, 0, 0, 0, 0, 0, 0, 0, 0, 0, 0, 0, 0, 0, 0, 0, 0, 0, 0, 0, 0, 0, 0, 0
28.2343, 0, 0, 0, 1.41421, 0, 0, 0, 0, 0, 0, 0, 0, 0, 0, 0, 0, 0, 0, 0, 0, 0, 0, 0, 0, 0, 0, 0, 0, 0, 0
28.2421, 0, 0, 0, 1.41421, 0, 0, 0, 0, 0, 0, 0, 0, 0, 0, 0, 0, 0, 0, 0, 0, 0, 0, 0, 0, 0, 0, 0, 0, 0, 0
28.25, 0, 0, 0, 1.41421, 0, 0, 0, 0, 0, 0, 0, 0, 0, 0, 0, 0, 0, 0, 0, 0, 0, 0, 0, 0, 0, 0, 0, 0, 0, 0
28.2579, 0, 0, 0, 1.41421, 0, 0, 0, 0, 0, 0, 0, 0, 0, 0, 0, 0, 0, 0, 0, 0, 0, 0, 0, 0, 0, 0, 0, 0, 0, 0
28.2657, 0, 0, 0, 1.41421, 0, 0, 0, 0, 0, 0, 0, 0, 0, 0, 0, 0, 0, 0, 0, 0, 0, 0, 0, 0, 0, 0, 0, 0, 0, 0
28.2736, 0, 0, 0, 1.41421, 0, 0, 0, 0, 0, 0, 0, 0, 0, 0, 0, 0, 0, 0, 0, 0, 0, 0, 0, 0, 0, 0, 0, 0, 0, 0
28.2815, 0, 0, 0, 1.41421, 0, 0, 0, 0, 0, 0, 0, 0, 0, 0, 0, 0, 0, 0, 0, 0, 0, 0, 0, 0, 0, 0, 0, 0, 0, 0
28.2893, 0, 0, 0, 1.41421, 0, 0, 0, 0, 0, 0, 0, 0, 0, 0, 0, 0, 0, 0, 0, 0, 0, 0, 0, 0, 0, 0, 0, 0, 0, 0
28.2972, 0, 0, 0, 1.41421, 0, 0, 0, 0, 0, 0, 0, 0, 0, 0, 0, 0, 0, 0, 0, 0, 0, 0, 0, 0, 0, 0, 0, 0, 0, 0
28.305, 0, 0, 0, 1.41421, 0, 0, 0, 0, 0, 0, 0, 0, 0, 0, 0, 0, 0, 0, 0, 0, 0, 0, 0, 0, 0, 0, 0, 0, 0, 0
28.3129, 0, 0, 0, 1.41421, 0, 0, 0, 0, 0, 0, 0, 0, 0, 0, 0, 0, 0, 0, 0, 0, 0, 0, 0, 0, 0, 0, 0, 0, 0, 0
28.3208, 0, 0, 0, 1.41421, 0, 0, 0, 0, 0, 0, 0, 0, 0, 0, 0, 0, 0, 0, 0, 0, 0, 0, 0, 0, 0, 0, 0, 0, 0, 0
28.3286, 0, 0, 0, 1.41421, 0, 0, 0, 0, 0, 0, 0, 0, 0, 0, 0, 0, 0, 0, 0, 0, 0, 0, 0, 0, 0, 0, 0, 0, 0, 0
28.3365, 0, 0, 0, 1.41421, 0, 0, 0, 0, 0, 0, 0, 0, 0, 0, 0, 0, 0, 0, 0, 0, 0, 0, 0, 0, 0, 0, 0, 0, 0, 0
28.3444, 0, 0, 0, 1.41421, 0, 0, 0, 0, 0, 0, 0, 0, 0, 0, 0, 0, 0, 0, 0, 0, 0, 0, 0, 0, 0, 0, 0, 0, 0, 0
28.3522, 0, 0, 0, 1.41421, 0, 0, 0, 0, 0, 0, 0, 0, 0, 0, 0, 0, 0, 0, 0, 0, 0, 0, 0, 0, 0, 0, 0, 0, 0, 0
28.3601, 0, 0, 0, 1.41421, 0, 0, 0, 0, 0, 0, 0, 0, 0, 0, 0, 0, 0, 0, 0, 0, 0, 0, 0, 0, 0, 0, 0, 0, 0, 0
28.368, 0, 0, 0, 1.41421, 0, 0, 0, 0, 0, 0, 0, 0, 0, 0, 0, 0, 0, 0, 0, 0, 0, 0, 0, 0, 0, 0, 0, 0, 0, 0
28.3758, 0, 0, 0, 1.41421, 0, 0, 0, 0, 0, 0, 0, 0, 0, 0, 0, 0, 0, 0, 0, 0, 0, 0, 0, 0, 0, 0, 0, 0, 0, 0
28.3837, 0, 0, 0, 1.41421, 0, 0, 0, 0, 0, 0, 0, 0, 0, 0, 0, 0, 0, 0, 0, 0, 0, 0, 0, 0, 0, 0, 0, 0, 0, 0
28.3916, 0, 0, 0, 1.41421, 0, 0, 0, 0, 0, 0, 0, 0, 0, 0, 0, 0, 0, 0, 0, 0, 0, 0, 0, 0, 0, 0, 0, 0, 0, 0
28.3994, 0, 0, 0, 1.41421, 0, 0, 0, 0, 0, 0, 0, 0, 0, 0, 0, 0, 0, 0, 0, 0, 0, 0, 0, 0, 0, 0, 0, 0, 0, 0
28.4073, 0, 0, 0, 1.41421, 0, 0, 0, 0, 0, 0, 0, 0, 0, 0, 0, 0, 0, 0, 0, 0, 0, 0, 0, 0, 0, 0, 0, 0, 0, 0
28.4152, 0, 0, 0, 1.41421, 0, 0, 0, 0, 0, 0, 0, 0, 0, 0, 0, 0, 0, 0, 0, 0, 0, 0, 0, 0, 0, 0, 0, 0, 0, 0
28.423, 0, 0, 0, 1.41421, 0, 0, 0, 0, 0, 0, 0, 0, 0, 0, 0, 0, 0, 0, 0, 0, 0, 0, 0, 0, 0, 0, 0, 0, 0, 0
28.4309, 0, 0, 0, 1.41421, 0, 0, 0, 0, 0, 0, 0, 0, 0, 0, 0, 0, 0, 0, 0, 0, 0, 0, 0, 0, 0, 0, 0, 0, 0, 0
28.4387, 0, 0, 0, 1.41421, 0, 0, 0, 0, 0, 0, 0, 0, 0, 0, 0, 0, 0, 0, 0, 0, 0, 0, 0, 0, 0, 0, 0, 0, 0, 0
28.4466, 0, 0, 0, 1.41421, 0, 0, 0, 0, 0, 0, 0, 0, 0, 0, 0, 0, 0, 0, 0, 0, 0, 0, 0, 0, 0, 0, 0, 0, 0, 0
28.4545, 0, 0, 0, 1.41421, 0, 0, 0, 0, 0, 0, 0, 0, 0, 0, 0, 0, 0, 0, 0, 0, 0, 0, 0, 0, 0, 0, 0, 0, 0, 0
28.4623, 0, 0, 0, 1.41421, 0, 0, 0, 0, 0, 0, 0, 0, 0, 0, 0, 0, 0, 0, 0, 0, 0, 0, 0, 0, 0, 0, 0, 0, 0, 0
28.4702, 0, 0, 0, 1.41421, 0, 0, 0, 0, 0, 0, 0, 0, 0, 0, 0, 0, 0, 0, 0, 0, 0, 0, 0, 0, 0, 0, 0, 0, 0, 0
28.4781, 0, 0, 0, 1.41421, 0, 0, 0, 0, 0, 0, 0, 0, 0, 0, 0, 0, 0, 0, 0, 0, 0, 0, 0, 0, 0, 0, 0, 0, 0, 0
28.4859, 0, 0, 0, 1.41421, 0, 0, 0, 0, 0, 0, 0, 0, 0, 0, 0, 0, 0, 0, 0, 0, 0, 0, 0, 0, 0, 0, 0, 0, 0, 0
28.4938, 0, 0, 0, 1.41421, 0, 0, 0, 0, 0, 0, 0, 0, 0, 0, 0, 0, 0, 0, 0, 0, 0, 0, 0, 0, 0, 0, 0, 0, 0, 0
28.5017, 0, 0, 0, 1.41421, 0, 0, 0, 0, 0, 0, 0, 0, 0, 0, 0, 0, 0, 0, 0, 0, 0, 0, 0, 0, 0, 0, 0, 0, 0, 0
28.5095, 0, 0, 0, 1.41421, 0, 0, 0, 0, 0, 0, 0, 0, 0, 0, 0, 0, 0, 0, 0, 0, 0, 0, 0, 0, 0, 0, 0, 0, 0, 0
28.5174, 0, 0, 0, 1.41421, 0, 0, 0, 0, 0, 0, 0, 0, 0, 0, 0, 0, 0, 0, 0, 0, 0, 0, 0, 0, 0, 0, 0, 0, 0, 0
28.5253, 0, 0, 0, 1.41421, 0, 0, 0, 0, 0, 0, 0, 0, 0, 0, 0, 0, 0, 0, 0, 0, 0, 0, 0, 0, 0, 0, 0, 0, 0, 0
28.5331, 0, 0, 0, 1.41421, 0, 0, 0, 0, 0, 0, 0, 0, 0, 0, 0, 0, 0, 0, 0, 0, 0, 0, 0, 0, 0, 0, 0, 0, 0, 0
28.541, 0, 0, 0, 1.41421, 0, 0, 0, 0, 0, 0, 0, 0, 0, 0, 0, 0, 0, 0, 0, 0, 0, 0, 0, 0, 0, 0, 0, 0, 0, 0
28.5489, 0, 0, 0, 1.41421, 0, 0, 0, 0, 0, 0, 0, 0, 0, 0, 0, 0, 0, 0, 0, 0, 0, 0, 0, 0, 0, 0, 0, 0, 0, 0
28.5567, 0, 0, 0, 1.41421, 0, 0, 0, 0, 0, 0, 0, 0, 0, 0, 0, 0, 0, 0, 0, 0, 0, 0, 0, 0, 0, 0, 0, 0, 0, 0
28.5646, 0, 0, 0, 1.41421, 0, 0, 0, 0, 0, 0, 0, 0, 0, 0, 0, 0, 0, 0, 0, 0, 0, 0, 0, 0, 0, 0, 0, 0, 0, 0
28.5725, 0, 0, 0, 1.41421, 0, 0, 0, 0, 0, 0, 0, 0, 0, 0, 0, 0, 0, 0, 0, 0, 0, 0, 0, 0, 0, 0, 0, 0, 0, 0
28.5803, 0, 0, 0, 1.41421, 0, 0, 0, 0, 0, 0, 0, 0, 0, 0, 0, 0, 0, 0, 0, 0, 0, 0, 0, 0, 0, 0, 0, 0, 0, 0
28.5882, 0, 0, 0, 1.41421, 0, 0, 0, 0, 0, 0, 0, 0, 0, 0, 0, 0, 0, 0, 0, 0, 0, 0, 0, 0, 0, 0, 0, 0, 0, 0
28.596, 0, 0, 0, 1.41421, 0, 0, 0, 0, 0, 0, 0, 0, 0, 0, 0, 0, 0, 0, 0, 0, 0, 0, 0, 0, 0, 0, 0, 0, 0, 0
28.6039, 0, 0, 0, 1.41421, 0, 0, 0, 0, 0, 0, 0, 0, 0, 0, 0, 0, 0, 0, 0, 0, 0, 0, 0, 0, 0, 0, 0, 0, 0, 0
28.6118, 0, 0, 0, 1.41421, 0, 0, 0, 0, 0, 0, 0, 0, 0, 0, 0, 0, 0, 0, 0, 0, 0, 0, 0, 0, 0, 0, 0, 0, 0, 0
28.6196, 0, 0, 0, 1.41421, 0, 0, 0, 0, 0, 0, 0, 0, 0, 0, 0, 0, 0, 0, 0, 0, 0, 0, 0, 0, 0, 0, 0, 0, 0, 0
28.6275, 0, 0, 0, 1.41421, 0, 0, 0, 0, 0, 0, 0, 0, 0, 0, 0, 0, 0, 0, 0, 0, 0, 0, 0, 0, 0, 0, 0, 0, 0, 0
28.6354, 0, 0, 0, 1.41421, 0, 0, 0, 0, 0, 0, 0, 0, 0, 0, 0, 0, 0, 0, 0, 0, 0, 0, 0, 0, 0, 0, 0, 0, 0, 0
28.6432, 0, 0, 0, 1.41421, 0, 0, 0, 0, 0, 0, 0, 0, 0, 0, 0, 0, 0, 0, 0, 0, 0, 0, 0, 0, 0, 0, 0, 0, 0, 0
28.6511, 0, 0, 0, 1.41421, 0, 0, 0, 0, 0, 0, 0, 0, 0, 0, 0, 0, 0, 0, 0, 0, 0, 0, 0, 0, 0, 0, 0, 0, 0, 0
28.659, 0, 0, 0, 1.41421, 0, 0, 0, 0, 0, 0, 0, 0, 0, 0, 0, 0, 0, 0, 0, 0, 0, 0, 0, 0, 0, 0, 0, 0, 0, 0
28.6668, 0, 0, 0, 1.41421, 0, 0, 0, 0, 0, 0, 0, 0, 0, 0, 0, 0, 0, 0, 0, 0, 0, 0, 0, 0, 0, 0, 0, 0, 0, 0
28.6747, 0, 0, 0, 1.41421, 0, 0, 0, 0, 0, 0, 0, 0, 0, 0, 0, 0, 0, 0, 0, 0, 0, 0, 0, 0, 0, 0, 0, 0, 0, 0
28.6826, 0, 0, 0, 1.41421, 0, 0, 0, 0, 0, 0, 0, 0, 0, 0, 0, 0, 0, 0, 0, 0, 0, 0, 0, 0, 0, 0, 0, 0, 0, 0
28.6904, 0, 0, 0, 1.41421, 0, 0, 0, 0, 0, 0, 0, 0, 0, 0, 0, 0, 0, 0, 0, 0, 0, 0, 0, 0, 0, 0, 0, 0, 0, 0
28.6983, 0, 0, 0, 1.41421, 0, 0, 0, 0, 0, 0, 0, 0, 0, 0, 0, 0, 0, 0, 0, 0, 0, 0, 0, 0, 0, 0, 0, 0, 0, 0
28.7062, 0, 0, 0, 1.41421, 0, 0, 0, 0, 0, 0, 0, 0, 0, 0, 0, 0, 0, 0, 0, 0, 0, 0, 0, 0, 0, 0, 0, 0, 0, 0
28.714, 0, 0, 0, 1.41421, 0, 0, 0, 0, 0, 0, 0, 0, 0, 0, 0, 0, 0, 0, 0, 0, 0, 0, 0, 0, 0, 0, 0, 0, 0, 0
28.7219, 0, 0, 0, 1.41421, 0, 0, 0, 0, 0, 0, 0, 0, 0, 0, 0, 0, 0, 0, 0, 0, 0, 0, 0, 0, 0, 0, 0, 0, 0, 0
28.7297, 0, 0, 0, 1.41421, 0, 0, 0, 0, 0, 0, 0, 0, 0, 0, 0, 0, 0, 0, 0, 0, 0, 0, 0, 0, 0, 0, 0, 0, 0, 0
28.7376, 0, 0, 0, 1.41421, 0, 0, 0, 0, 0, 0, 0, 0, 0, 0, 0, 0, 0, 0, 0, 0, 0, 0, 0, 0, 0, 0, 0, 0, 0, 0
28.7455, 0, 0, 0, 1.41421, 0, 0, 0, 0, 0, 0, 0, 0, 0, 0, 0, 0, 0, 0, 0, 0, 0, 0, 0, 0, 0, 0, 0, 0, 0, 0
28.7533, 0, 0, 0, 1.41421, 0, 0, 0, 0, 0, 0, 0, 0, 0, 0, 0, 0, 0, 0, 0, 0, 0, 0, 0, 0, 0, 0, 0, 0, 0, 0
28.7612, 0, 0, 0, 1.41421, 0, 0, 0, 0, 0, 0, 0, 0, 0, 0, 0, 0, 0, 0, 0, 0, 0, 0, 0, 0, 0, 0, 0, 0, 0, 0
28.7691, 0, 0, 0, 1.41421, 0, 0, 0, 0, 0, 0, 0, 0, 0, 0, 0, 0, 0, 0, 0, 0, 0, 0, 0, 0, 0, 0, 0, 0, 0, 0
28.7769, 0, 0, 0, 1.41421, 0, 0, 0, 0, 0, 0, 0, 0, 0, 0, 0, 0, 0, 0, 0, 0, 0, 0, 0, 0, 0, 0, 0, 0, 0, 0
28.7848, 0, 0, 0, 1.41421, 0, 0, 0, 0, 0, 0, 0, 0, 0, 0, 0, 0, 0, 0, 0, 0, 0, 0, 0, 0, 0, 0, 0, 0, 0, 0
28.7927, 0, 0, 0, 1.41421, 0, 0, 0, 0, 0, 0, 0, 0, 0, 0, 0, 0, 0, 0, 0, 0, 0, 0, 0, 0, 0, 0, 0, 0, 0, 0
28.8005, 0, 0, 0, 1.41421, 0, 0, 0, 0, 0, 0, 0, 0, 0, 0, 0, 0, 0, 0, 0, 0, 0, 0, 0, 0, 0, 0, 0, 0, 0, 0
28.8084, 0, 0, 0, 1.41421, 0, 0, 0, 0, 0, 0, 0, 0, 0, 0, 0, 0, 0, 0, 0, 0, 0, 0, 0, 0, 0, 0, 0, 0, 0, 0
28.8163, 0, 0, 0, 1.41421, 0, 0, 0, 0, 0, 0, 0, 0, 0, 0, 0, 0, 0, 0, 0, 0, 0, 0, 0, 0, 0, 0, 0, 0, 0, 0
28.8241, 0, 0, 0, 1.41421, 0, 0, 0, 0, 0, 0, 0, 0, 0, 0, 0, 0, 0, 0, 0, 0, 0, 0, 0, 0, 0, 0, 0, 0, 0, 0
28.832, 0, 0, 0, 1.41421, 0, 0, 0, 0, 0, 0, 0, 0, 0, 0, 0, 0, 0, 0, 0, 0, 0, 0, 0, 0, 0, 0, 0, 0, 0, 0
28.8399, 0, 0, 0, 1.41421, 0, 0, 0, 0, 0, 0, 0, 0, 0, 0, 0, 0, 0, 0, 0, 0, 0, 0, 0, 0, 0, 0, 0, 0, 0, 0
28.8477, 0, 0, 0, 1.41421, 0, 0, 0, 0, 0, 0, 0, 0, 0, 0, 0, 0, 0, 0, 0, 0, 0, 0, 0, 0, 0, 0, 0, 0, 0, 0
28.8556, 0, 0, 0, 1.41421, 0, 0, 0, 0, 0, 0, 0, 0, 0, 0, 0, 0, 0, 0, 0, 0, 0, 0, 0, 0, 0, 0, 0, 0, 0, 0
28.8634, 0, 0, 0, 1.41421, 0, 0, 0, 0, 0, 0, 0, 0, 0, 0, 0, 0, 0, 0, 0, 0, 0, 0, 0, 0, 0, 0, 0, 0, 0, 0
28.8713, 0, 0, 0, 1.41421, 0, 0, 0, 0, 0, 0, 0, 0, 0, 0, 0, 0, 0, 0, 0, 0, 0, 0, 0, 0, 0, 0, 0, 0, 0, 0
28.8792, 0, 0, 0, 1.41421, 0, 0, 0, 0, 0, 0, 0, 0, 0, 0, 0, 0, 0, 0, 0, 0, 0, 0, 0, 0, 0, 0, 0, 0, 0, 0
28.887, 0, 0, 0, 1.41421, 0, 0, 0, 0, 0, 0, 0, 0, 0, 0, 0, 0, 0, 0, 0, 0, 0, 0, 0, 0, 0, 0, 0, 0, 0, 0
28.8949, 0, 0, 0, 1.41421, 0, 0, 0, 0, 0, 0, 0, 0, 0, 0, 0, 0, 0, 0, 0, 0, 0, 0, 0, 0, 0, 0, 0, 0, 0, 0
28.9028, 0, 0, 0, 1.41421, 0, 0, 0, 0, 0, 0, 0, 0, 0, 0, 0, 0, 0, 0, 0, 0, 0, 0, 0, 0, 0, 0, 0, 0, 0, 0
28.9106, 0, 0, 0, 1.41421, 0, 0, 0, 0, 0, 0, 0, 0, 0, 0, 0, 0, 0, 0, 0, 0, 0, 0, 0, 0, 0, 0, 0, 0, 0, 0
28.9185, 0, 0, 0, 1.41421, 0, 0, 0, 0, 0, 0, 0, 0, 0, 0, 0, 0, 0, 0, 0, 0, 0, 0, 0, 0, 0, 0, 0, 0, 0, 0
28.9264, 0, 0, 0, 1.41421, 0, 0, 0, 0, 0, 0, 0, 0, 0, 0, 0, 0, 0, 0, 0, 0, 0, 0, 0, 0, 0, 0, 0, 0, 0, 0
28.9342, 0, 0, 0, 1.41421, 0, 0, 0, 0, 0, 0, 0, 0, 0, 0, 0, 0, 0, 0, 0, 0, 0, 0, 0, 0, 0, 0, 0, 0, 0, 0
28.9421, 0, 0, 0, 1.41421, 0, 0, 0, 0, 0, 0, 0, 0, 0, 0, 0, 0, 0, 0, 0, 0, 0, 0, 0, 0, 0, 0, 0, 0, 0, 0
28.95, 0, 0, 0, 1.41421, 0, 0, 0, 0, 0, 0, 0, 0, 0, 0, 0, 0, 0, 0, 0, 0, 0, 0, 0, 0, 0, 0, 0, 0, 0, 0
28.9578, 0, 0, 0, 1.41421, 0, 0, 0, 0, 0, 0, 0, 0, 0, 0, 0, 0, 0, 0, 0, 0, 0, 0, 0, 0, 0, 0, 0, 0, 0, 0
28.9657, 0, 0, 0, 1.41421, 0, 0, 0, 0, 0, 0, 0, 0, 0, 0, 0, 0, 0, 0, 0, 0, 0, 0, 0, 0, 0, 0, 0, 0, 0, 0
28.9736, 0, 0, 0, 1.41421, 0, 0, 0, 0, 0, 0, 0, 0, 0, 0, 0, 0, 0, 0, 0, 0, 0, 0, 0, 0, 0, 0, 0, 0, 0, 0
28.9814, 0, 0, 0, 1.41421, 0, 0, 0, 0, 0, 0, 0, 0, 0, 0, 0, 0, 0, 0, 0, 0, 0, 0, 0, 0, 0, 0, 0, 0, 0, 0
28.9893, 0, 0, 0, 1.41421, 0, 0, 0, 0, 0, 0, 0, 0, 0, 0, 0, 0, 0, 0, 0, 0, 0, 0, 0, 0, 0, 0, 0, 0, 0, 0
28.9971, 0, 0, 0, 1.41421, 0, 0, 0, 0, 0, 0, 0, 0, 0, 0, 0, 0, 0, 0, 0, 0, 0, 0, 0, 0, 0, 0, 0, 0, 0, 0
29.005, 0, 0, 0, 1.41421, 0, 0, 0, 0, 0, 0, 0, 0, 0, 0, 0, 0, 0, 0, 0, 0, 0, 0, 0, 0, 0, 0, 0, 0, 0, 0
29.0129, 0, 0, 0, 1.41421, 0, 0, 0, 0, 0, 0, 0, 0, 0, 0, 0, 0, 0, 0, 0, 0, 0, 0, 0, 0, 0, 0, 0, 0, 0, 0
29.0207, 0, 0, 0, 1.41421, 0, 0, 0, 0, 0, 0, 0, 0, 0, 0, 0, 0, 0, 0, 0, 0, 0, 0, 0, 0, 0, 0, 0, 0, 0, 0
29.0286, 0, 0, 0, 1.41421, 0, 0, 0, 0, 0, 0, 0, 0, 0, 0, 0, 0, 0, 0, 0, 0, 0, 0, 0, 0, 0, 0, 0, 0, 0, 0
29.0365, 0, 0, 0, 1.41421, 0, 0, 0, 0, 0, 0, 0, 0, 0, 0, 0, 0, 0, 0, 0, 0, 0, 0, 0, 0, 0, 0, 0, 0, 0, 0
29.0443, 0, 0, 0, 1.41421, 0, 0, 0, 0, 0, 0, 0, 0, 0, 0, 0, 0, 0, 0, 0, 0, 0, 0, 0, 0, 0, 0, 0, 0, 0, 0
29.0522, 0, 0, 0, 1.41421, 0, 0, 0, 0, 0, 0, 0, 0, 0, 0, 0, 0, 0, 0, 0, 0, 0, 0, 0, 0, 0, 0, 0, 0, 0, 0
29.0601, 0, 0, 0, 1.41421, 0, 0, 0, 0, 0, 0, 0, 0, 0, 0, 0, 0, 0, 0, 0, 0, 0, 0, 0, 0, 0, 0, 0, 0, 0, 0
29.0679, 0, 0, 0, 1.41421, 0, 0, 0, 0, 0, 0, 0, 0, 0, 0, 0, 0, 0, 0, 0, 0, 0, 0, 0, 0, 0, 0, 0, 0, 0, 0
29.0758, 0, 0, 0, 1.41421, 0, 0, 0, 0, 0, 0, 0, 0, 0, 0, 0, 0, 0, 0, 0, 0, 0, 0, 0, 0, 0, 0, 0, 0, 0, 0
29.0837, 0, 0, 0, 1.41421, 0, 0, 0, 0, 0, 0, 0, 0, 0, 0, 0, 0, 0, 0, 0, 0, 0, 0, 0, 0, 0, 0, 0, 0, 0, 0
29.0915, 0, 0, 0, 1.41421, 0, 0, 0, 0, 0, 0, 0, 0, 0, 0, 0, 0, 0, 0, 0, 0, 0, 0, 0, 0, 0, 0, 0, 0, 0, 0
29.0994, 0, 0, 0, 1.41421, 0, 0, 0, 0, 0, 0, 0, 0, 0, 0, 0, 0, 0, 0, 0, 0, 0, 0, 0, 0, 0, 0, 0, 0, 0, 0
29.1073, 0, 0, 0, 1.41421, 0, 0, 0, 0, 0, 0, 0, 0, 0, 0, 0, 0, 0, 0, 0, 0, 0, 0, 0, 0, 0, 0, 0, 0, 0, 0
29.1151, 0, 0, 0, 1.41421, 0, 0, 0, 0, 0, 0, 0, 0, 0, 0, 0, 0, 0, 0, 0, 0, 0, 0, 0, 0, 0, 0, 0, 0, 0, 0
29.123, 0, 0, 0, 1.41421, 0, 0, 0, 0, 0, 0, 0, 0, 0, 0, 0, 0, 0, 0, 0, 0, 0, 0, 0, 0, 0, 0, 0, 0, 0, 0
29.1308, 0, 0, 0, 1.41421, 0, 0, 0, 0, 0, 0, 0, 0, 0, 0, 0, 0, 0, 0, 0, 0, 0, 0, 0, 0, 0, 0, 0, 0, 0, 0
29.1387, 0, 0, 0, 1.41421, 0, 0, 0, 0, 0, 0, 0, 0, 0, 0, 0, 0, 0, 0, 0, 0, 0, 0, 0, 0, 0, 0, 0, 0, 0, 0
29.1466, 0, 0, 0, 1.41421, 0, 0, 0, 0, 0, 0, 0, 0, 0, 0, 0, 0, 0, 0, 0, 0, 0, 0, 0, 0, 0, 0, 0, 0, 0, 0
29.1544, 0, 0, 0, 1.41421, 0, 0, 0, 0, 0, 0, 0, 0, 0, 0, 0, 0, 0, 0, 0, 0, 0, 0, 0, 0, 0, 0, 0, 0, 0, 0
29.1623, 0, 0, 0, 1.41421, 0, 0, 0, 0, 0, 0, 0, 0, 0, 0, 0, 0, 0, 0, 0, 0, 0, 0, 0, 0, 0, 0, 0, 0, 0, 0
29.1702, 0, 0, 0, 1.41421, 0, 0, 0, 0, 0, 0, 0, 0, 0, 0, 0, 0, 0, 0, 0, 0, 0, 0, 0, 0, 0, 0, 0, 0, 0, 0
29.178, 0, 0, 0, 1.41421, 0, 0, 0, 0, 0, 0, 0, 0, 0, 0, 0, 0, 0, 0, 0, 0, 0, 0, 0, 0, 0, 0, 0, 0, 0, 0
29.1859, 0, 0, 0, 1.41421, 0, 0, 0, 0, 0, 0, 0, 0, 0, 0, 0, 0, 0, 0, 0, 0, 0, 0, 0, 0, 0, 0, 0, 0, 0, 0
29.1938, 0, 0, 0, 1.41421, 0, 0, 0, 0, 0, 0, 0, 0, 0, 0, 0, 0, 0, 0, 0, 0, 0, 0, 0, 0, 0, 0, 0, 0, 0, 0
29.2016, 0, 0, 0, 1.41421, 0, 0, 0, 0, 0, 0, 0, 0, 0, 0, 0, 0, 0, 0, 0, 0, 0, 0, 0, 0, 0, 0, 0, 0, 0, 0
29.2095, 0, 0, 0, 1.41421, 0, 0, 0, 0, 0, 0, 0, 0, 0, 0, 0, 0, 0, 0, 0, 0, 0, 0, 0, 0, 0, 0, 0, 0, 0, 0
29.2174, 0, 0, 0, 1.41421, 0, 0, 0, 0, 0, 0, 0, 0, 0, 0, 0, 0, 0, 0, 0, 0, 0, 0, 0, 0, 0, 0, 0, 0, 0, 0
29.2252, 0, 0, 0, 1.41421, 0, 0, 0, 0, 0, 0, 0, 0, 0, 0, 0, 0, 0, 0, 0, 0, 0, 0, 0, 0, 0, 0, 0, 0, 0, 0
29.2331, 0, 0, 0, 1.41421, 0, 0, 0, 0, 0, 0, 0, 0, 0, 0, 0, 0, 0, 0, 0, 0, 0, 0, 0, 0, 0, 0, 0, 0, 0, 0
29.241, 0, 0, 0, 1.41421, 0, 0, 0, 0, 0, 0, 0, 0, 0, 0, 0, 0, 0, 0, 0, 0, 0, 0, 0, 0, 0, 0, 0, 0, 0, 0
29.2488, 0, 0, 0, 1.41421, 0, 0, 0, 0, 0, 0, 0, 0, 0, 0, 0, 0, 0, 0, 0, 0, 0, 0, 0, 0, 0, 0, 0, 0, 0, 0
29.2567, 0, 0, 0, 1.41421, 0, 0, 0, 0, 0, 0, 0, 0, 0, 0, 0, 0, 0, 0, 0, 0, 0, 0, 0, 0, 0, 0, 0, 0, 0, 0
29.2646, 0, 0, 0, 1.41421, 0, 0, 0, 0, 0, 0, 0, 0, 0, 0, 0, 0, 0, 0, 0, 0, 0, 0, 0, 0, 0, 0, 0, 0, 0, 0
29.2724, 0, 0, 0, 1.41421, 0, 0, 0, 0, 0, 0, 0, 0, 0, 0, 0, 0, 0, 0, 0, 0, 0, 0, 0, 0, 0, 0, 0, 0, 0, 0
29.2803, 0, 0, 0, 1.41421, 0, 0, 0, 0, 0, 0, 0, 0, 0, 0, 0, 0, 0, 0, 0, 0, 0, 0, 0, 0, 0, 0, 0, 0, 0, 0
29.2881, 0, 0, 0, 1.41421, 0, 0, 0, 0, 0, 0, 0, 0, 0, 0, 0, 0, 0, 0, 0, 0, 0, 0, 0, 0, 0, 0, 0, 0, 0, 0
29.296, 0, 0, 0, 1.41421, 0, 0, 0, 0, 0, 0, 0, 0, 0, 0, 0, 0, 0, 0, 0, 0, 0, 0, 0, 0, 0, 0, 0, 0, 0, 0
29.3039, 0, 0, 0, 1.41421, 0, 0, 0, 0, 0, 0, 0, 0, 0, 0, 0, 0, 0, 0, 0, 0, 0, 0, 0, 0, 0, 0, 0, 0, 0, 0
29.3117, 0, 0, 0, 1.41421, 0, 0, 0, 0, 0, 0, 0, 0, 0, 0, 0, 0, 0, 0, 0, 0, 0, 0, 0, 0, 0, 0, 0, 0, 0, 0
29.3196, 0, 0, 0, 1.41421, 0, 0, 0, 0, 0, 0, 0, 0, 0, 0, 0, 0, 0, 0, 0, 0, 0, 0, 0, 0, 0, 0, 0, 0, 0, 0
29.3275, 0, 0, 0, 1.41421, 0, 0, 0, 0, 0, 0, 0, 0, 0, 0, 0, 0, 0, 0, 0, 0, 0, 0, 0, 0, 0, 0, 0, 0, 0, 0
29.3353, 0, 0, 0, 1.41421, 0, 0, 0, 0, 0, 0, 0, 0, 0, 0, 0, 0, 0, 0, 0, 0, 0, 0, 0, 0, 0, 0, 0, 0, 0, 0
29.3432, 0, 0, 0, 1.41421, 0, 0, 0, 0, 0, 0, 0, 0, 0, 0, 0, 0, 0, 0, 0, 0, 0, 0, 0, 0, 0, 0, 0, 0, 0, 0
29.3511, 0, 0, 0, 1.41421, 0, 0, 0, 0, 0, 0, 0, 0, 0, 0, 0, 0, 0, 0, 0, 0, 0, 0, 0, 0, 0, 0, 0, 0, 0, 0
29.3589, 0, 0, 0, 1.41421, 0, 0, 0, 0, 0, 0, 0, 0, 0, 0, 0, 0, 0, 0, 0, 0, 0, 0, 0, 0, 0, 0, 0, 0, 0, 0
29.3668, 0, 0, 0, 1.41421, 0, 0, 0, 0, 0, 0, 0, 0, 0, 0, 0, 0, 0, 0, 0, 0, 0, 0, 0, 0, 0, 0, 0, 0, 0, 0
29.3747, 0, 0, 0, 1.41421, 0, 0, 0, 0, 0, 0, 0, 0, 0, 0, 0, 0, 0, 0, 0, 0, 0, 0, 0, 0, 0, 0, 0, 0, 0, 0
29.3825, 0, 0, 0, 1.41421, 0, 0, 0, 0, 0, 0, 0, 0, 0, 0, 0, 0, 0, 0, 0, 0, 0, 0, 0, 0, 0, 0, 0, 0, 0, 0
29.3904, 0, 0, 0, 1.41421, 0, 0, 0, 0, 0, 0, 0, 0, 0, 0, 0, 0, 0, 0, 0, 0, 0, 0, 0, 0, 0, 0, 0, 0, 0, 0
29.3983, 0, 0, 0, 1.41421, 0, 0, 0, 0, 0, 0, 0, 0, 0, 0, 0, 0, 0, 0, 0, 0, 0, 0, 0, 0, 0, 0, 0, 0, 0, 0
29.4061, 0, 0, 0, 1.41421, 0, 0, 0, 0, 0, 0, 0, 0, 0, 0, 0, 0, 0, 0, 0, 0, 0, 0, 0, 0, 0, 0, 0, 0, 0, 0
29.414, 0, 0, 0, 1.41421, 0, 0, 0, 0, 0, 0, 0, 0, 0, 0, 0, 0, 0, 0, 0, 0, 0, 0, 0, 0, 0, 0, 0, 0, 0, 0
29.4218, 0, 0, 0, 1.41421, 0, 0, 0, 0, 0, 0, 0, 0, 0, 0, 0, 0, 0, 0, 0, 0, 0, 0, 0, 0, 0, 0, 0, 0, 0, 0
29.4297, 0, 0, 0, 1.41421, 0, 0, 0, 0, 0, 0, 0, 0, 0, 0, 0, 0, 0, 0, 0, 0, 0, 0, 0, 0, 0, 0, 0, 0, 0, 0
29.4376, 0, 0, 0, 1.41421, 0, 0, 0, 0, 0, 0, 0, 0, 0, 0, 0, 0, 0, 0, 0, 0, 0, 0, 0, 0, 0, 0, 0, 0, 0, 0
29.4454, 0, 0, 0, 1.41421, 0, 0, 0, 0, 0, 0, 0, 0, 0, 0, 0, 0, 0, 0, 0, 0, 0, 0, 0, 0, 0, 0, 0, 0, 0, 0
29.4533, 0, 0, 0, 1.41421, 0, 0, 0, 0, 0, 0, 0, 0, 0, 0, 0, 0, 0, 0, 0, 0, 0, 0, 0, 0, 0, 0, 0, 0, 0, 0
29.4612, 0, 0, 0, 1.41421, 0, 0, 0, 0, 0, 0, 0, 0, 0, 0, 0, 0, 0, 0, 0, 0, 0, 0, 0, 0, 0, 0, 0, 0, 0, 0
29.469, 0, 0, 0, 1.41421, 0, 0, 0, 0, 0, 0, 0, 0, 0, 0, 0, 0, 0, 0, 0, 0, 0, 0, 0, 0, 0, 0, 0, 0, 0, 0
29.4769, 0, 0, 0, 1.41421, 0, 0, 0, 0, 0, 0, 0, 0, 0, 0, 0, 0, 0, 0, 0, 0, 0, 0, 0, 0, 0, 0, 0, 0, 0, 0
29.4848, 0, 0, 0, 1.41421, 0, 0, 0, 0, 0, 0, 0, 0, 0, 0, 0, 0, 0, 0, 0, 0, 0, 0, 0, 0, 0, 0, 0, 0, 0, 0
29.4926, 0, 0, 0, 1.41421, 0, 0, 0, 0, 0, 0, 0, 0, 0, 0, 0, 0, 0, 0, 0, 0, 0, 0, 0, 0, 0, 0, 0, 0, 0, 0
29.5005, 0, 0, 0, 1.41421, 0, 0, 0, 0, 0, 0, 0, 0, 0, 0, 0, 0, 0, 0, 0, 0, 0, 0, 0, 0, 0, 0, 0, 0, 0, 0
29.5084, 0, 0, 0, 1.41421, 0, 0, 0, 0, 0, 0, 0, 0, 0, 0, 0, 0, 0, 0, 0, 0, 0, 0, 0, 0, 0, 0, 0, 0, 0, 0
29.5162, 0, 0, 0, 1.41421, 0, 0, 0, 0, 0, 0, 0, 0, 0, 0, 0, 0, 0, 0, 0, 0, 0, 0, 0, 0, 0, 0, 0, 0, 0, 0
29.5241, 0, 0, 0, 1.41421, 0, 0, 0, 0, 0, 0, 0, 0, 0, 0, 0, 0, 0, 0, 0, 0, 0, 0, 0, 0, 0, 0, 0, 0, 0, 0
29.532, 0, 0, 0, 1.41421, 0, 0, 0, 0, 0, 0, 0, 0, 0, 0, 0, 0, 0, 0, 0, 0, 0, 0, 0, 0, 0, 0, 0, 0, 0, 0
29.5398, 0, 0, 0, 1.41421, 0, 0, 0, 0, 0, 0, 0, 0, 0, 0, 0, 0, 0, 0, 0, 0, 0, 0, 0, 0, 0, 0, 0, 0, 0, 0
29.5477, 0, 0, 0, 1.41421, 0, 0, 0, 0, 0, 0, 0, 0, 0, 0, 0, 0, 0, 0, 0, 0, 0, 0, 0, 0, 0, 0, 0, 0, 0, 0
29.5555, 0, 0, 0, 1.41421, 0, 0, 0, 0, 0, 0, 0, 0, 0, 0, 0, 0, 0, 0, 0, 0, 0, 0, 0, 0, 0, 0, 0, 0, 0, 0
29.5634, 0, 0, 0, 1.41421, 0, 0, 0, 0, 0, 0, 0, 0, 0, 0, 0, 0, 0, 0, 0, 0, 0, 0, 0, 0, 0, 0, 0, 0, 0, 0
29.5713, 0, 0, 0, 1.41421, 0, 0, 0, 0, 0, 0, 0, 0, 0, 0, 0, 0, 0, 0, 0, 0, 0, 0, 0, 0, 0, 0, 0, 0, 0, 0
29.5791, 0, 0, 0, 1.41421, 0, 0, 0, 0, 0, 0, 0, 0, 0, 0, 0, 0, 0, 0, 0, 0, 0, 0, 0, 0, 0, 0, 0, 0, 0, 0
29.587, 0, 0, 0, 1.41421, 0, 0, 0, 0, 0, 0, 0, 0, 0, 0, 0, 0, 0, 0, 0, 0, 0, 0, 0, 0, 0, 0, 0, 0, 0, 0
29.5949, 0, 0, 0, 1.41421, 0, 0, 0, 0, 0, 0, 0, 0, 0, 0, 0, 0, 0, 0, 0, 0, 0, 0, 0, 0, 0, 0, 0, 0, 0, 0
29.6027, 0, 0, 0, 1.41421, 0, 0, 0, 0, 0, 0, 0, 0, 0, 0, 0, 0, 0, 0, 0, 0, 0, 0, 0, 0, 0, 0, 0, 0, 0, 0
29.6106, 0, 0, 0, 1.41421, 0, 0, 0, 0, 0, 0, 0, 0, 0, 0, 0, 0, 0, 0, 0, 0, 0, 0, 0, 0, 0, 0, 0, 0, 0, 0
29.6185, 0, 0, 0, 1.41421, 0, 0, 0, 0, 0, 0, 0, 0, 0, 0, 0, 0, 0, 0, 0, 0, 0, 0, 0, 0, 0, 0, 0, 0, 0, 0
29.6263, 0, 0, 0, 1.41421, 0, 0, 0, 0, 0, 0, 0, 0, 0, 0, 0, 0, 0, 0, 0, 0, 0, 0, 0, 0, 0, 0, 0, 0, 0, 0
29.6342, 0, 0, 0, 1.41421, 0, 0, 0, 0, 0, 0, 0, 0, 0, 0, 0, 0, 0, 0, 0, 0, 0, 0, 0, 0, 0, 0, 0, 0, 0, 0
29.6421, 0, 0, 0, 1.41421, 0, 0, 0, 0, 0, 0, 0, 0, 0, 0, 0, 0, 0, 0, 0, 0, 0, 0, 0, 0, 0, 0, 0, 0, 0, 0
29.6499, 0, 0, 0, 1.41421, 0, 0, 0, 0, 0, 0, 0, 0, 0, 0, 0, 0, 0, 0, 0, 0, 0, 0, 0, 0, 0, 0, 0, 0, 0, 0
29.6578, 0, 0, 0, 1.41421, 0, 0, 0, 0, 0, 0, 0, 0, 0, 0, 0, 0, 0, 0, 0, 0, 0, 0, 0, 0, 0, 0, 0, 0, 0, 0
29.6657, 0, 0, 0, 1.41421, 0, 0, 0, 0, 0, 0, 0, 0, 0, 0, 0, 0, 0, 0, 0, 0, 0, 0, 0, 0, 0, 0, 0, 0, 0, 0
29.6735, 0, 0, 0, 1.41421, 0, 0, 0, 0, 0, 0, 0, 0, 0, 0, 0, 0, 0, 0, 0, 0, 0, 0, 0, 0, 0, 0, 0, 0, 0, 0
29.6814, 0, 0, 0, 1.41421, 0, 0, 0, 0, 0, 0, 0, 0, 0, 0, 0, 0, 0, 0, 0, 0, 0, 0, 0, 0, 0, 0, 0, 0, 0, 0
29.6892, 0, 0, 0, 1.41421, 0, 0, 0, 0, 0, 0, 0, 0, 0, 0, 0, 0, 0, 0, 0, 0, 0, 0, 0, 0, 0, 0, 0, 0, 0, 0
29.6971, 0, 0, 0, 1.41421, 0, 0, 0, 0, 0, 0, 0, 0, 0, 0, 0, 0, 0, 0, 0, 0, 0, 0, 0, 0, 0, 0, 0, 0, 0, 0
29.705, 0, 0, 0, 1.41421, 0, 0, 0, 0, 0, 0, 0, 0, 0, 0, 0, 0, 0, 0, 0, 0, 0, 0, 0, 0, 0, 0, 0, 0, 0, 0
29.7128, 0, 0, 0, 1.41421, 0, 0, 0, 0, 0, 0, 0, 0, 0, 0, 0, 0, 0, 0, 0, 0, 0, 0, 0, 0, 0, 0, 0, 0, 0, 0
29.7207, 0, 0, 0, 1.41421, 0, 0, 0, 0, 0, 0, 0, 0, 0, 0, 0, 0, 0, 0, 0, 0, 0, 0, 0, 0, 0, 0, 0, 0, 0, 0
29.7286, 0, 0, 0, 1.41421, 0, 0, 0, 0, 0, 0, 0, 0, 0, 0, 0, 0, 0, 0, 0, 0, 0, 0, 0, 0, 0, 0, 0, 0, 0, 0
29.7364, 0, 0, 0, 1.41421, 0, 0, 0, 0, 0, 0, 0, 0, 0, 0, 0, 0, 0, 0, 0, 0, 0, 0, 0, 0, 0, 0, 0, 0, 0, 0
29.7443, 0, 0, 0, 1.41421, 0, 0, 0, 0, 0, 0, 0, 0, 0, 0, 0, 0, 0, 0, 0, 0, 0, 0, 0, 0, 0, 0, 0, 0, 0, 0
29.7522, 0, 0, 0, 1.41421, 0, 0, 0, 0, 0, 0, 0, 0, 0, 0, 0, 0, 0, 0, 0, 0, 0, 0, 0, 0, 0, 0, 0, 0, 0, 0
29.76, 0, 0, 0, 1.41421, 0, 0, 0, 0, 0, 0, 0, 0, 0, 0, 0, 0, 0, 0, 0, 0, 0, 0, 0, 0, 0, 0, 0, 0, 0, 0
29.7679, 0, 0, 0, 1.41421, 0, 0, 0, 0, 0, 0, 0, 0, 0, 0, 0, 0, 0, 0, 0, 0, 0, 0, 0, 0, 0, 0, 0, 0, 0, 0
29.7758, 0, 0, 0, 1.41421, 0, 0, 0, 0, 0, 0, 0, 0, 0, 0, 0, 0, 0, 0, 0, 0, 0, 0, 0, 0, 0, 0, 0, 0, 0, 0
29.7836, 0, 0, 0, 1.41421, 0, 0, 0, 0, 0, 0, 0, 0, 0, 0, 0, 0, 0, 0, 0, 0, 0, 0, 0, 0, 0, 0, 0, 0, 0, 0
29.7915, 0, 0, 0, 1.41421, 0, 0, 0, 0, 0, 0, 0, 0, 0, 0, 0, 0, 0, 0, 0, 0, 0, 0, 0, 0, 0, 0, 0, 0, 0, 0
29.7994, 0, 0, 0, 1.41421, 0, 0, 0, 0, 0, 0, 0, 0, 0, 0, 0, 0, 0, 0, 0, 0, 0, 0, 0, 0, 0, 0, 0, 0, 0, 0
29.8072, 0, 0, 0, 1.41421, 0, 0, 0, 0, 0, 0, 0, 0, 0, 0, 0, 0, 0, 0, 0, 0, 0, 0, 0, 0, 0, 0, 0, 0, 0, 0
29.8151, 0, 0, 0, 1.41421, 0, 0, 0, 0, 0, 0, 0, 0, 0, 0, 0, 0, 0, 0, 0, 0, 0, 0, 0, 0, 0, 0, 0, 0, 0, 0
29.8229, 0, 0, 0, 1.41421, 0, 0, 0, 0, 0, 0, 0, 0, 0, 0, 0, 0, 0, 0, 0, 0, 0, 0, 0, 0, 0, 0, 0, 0, 0, 0
29.8308, 0, 0, 0, 1.41421, 0, 0, 0, 0, 0, 0, 0, 0, 0, 0, 0, 0, 0, 0, 0, 0, 0, 0, 0, 0, 0, 0, 0, 0, 0, 0
29.8387, 0, 0, 0, 1.41421, 0, 0, 0, 0, 0, 0, 0, 0, 0, 0, 0, 0, 0, 0, 0, 0, 0, 0, 0, 0, 0, 0, 0, 0, 0, 0
29.8465, 0, 0, 0, 1.41421, 0, 0, 0, 0, 0, 0, 0, 0, 0, 0, 0, 0, 0, 0, 0, 0, 0, 0, 0, 0, 0, 0, 0, 0, 0, 0
29.8544, 0, 0, 0, 1.41421, 0, 0, 0, 0, 0, 0, 0, 0, 0, 0, 0, 0, 0, 0, 0, 0, 0, 0, 0, 0, 0, 0, 0, 0, 0, 0
29.8623, 0, 0, 0, 1.41421, 0, 0, 0, 0, 0, 0, 0, 0, 0, 0, 0, 0, 0, 0, 0, 0, 0, 0, 0, 0, 0, 0, 0, 0, 0, 0
29.8701, 0, 0, 0, 1.41421, 0, 0, 0, 0, 0, 0, 0, 0, 0, 0, 0, 0, 0, 0, 0, 0, 0, 0, 0, 0, 0, 0, 0, 0, 0, 0
29.878, 0, 0, 0, 1.41421, 0, 0, 0, 0, 0, 0, 0, 0, 0, 0, 0, 0, 0, 0, 0, 0, 0, 0, 0, 0, 0, 0, 0, 0, 0, 0
29.8859, 0, 0, 0, 1.41421, 0, 0, 0, 0, 0, 0, 0, 0, 0, 0, 0, 0, 0, 0, 0, 0, 0, 0, 0, 0, 0, 0, 0, 0, 0, 0
29.8937, 0, 0, 0, 1.41421, 0, 0, 0, 0, 0, 0, 0, 0, 0, 0, 0, 0, 0, 0, 0, 0, 0, 0, 0, 0, 0, 0, 0, 0, 0, 0
29.9016, 0, 0, 0, 1.41421, 0, 0, 0, 0, 0, 0, 0, 0, 0, 0, 0, 0, 0, 0, 0, 0, 0, 0, 0, 0, 0, 0, 0, 0, 0, 0
29.9095, 0, 0, 0, 1.41421, 0, 0, 0, 0, 0, 0, 0, 0, 0, 0, 0, 0, 0, 0, 0, 0, 0, 0, 0, 0, 0, 0, 0, 0, 0, 0
29.9173, 0, 0, 0, 1.41421, 0, 0, 0, 0, 0, 0, 0, 0, 0, 0, 0, 0, 0, 0, 0, 0, 0, 0, 0, 0, 0, 0, 0, 0, 0, 0
29.9252, 0, 0, 0, 1.41421, 0, 0, 0, 0, 0, 0, 0, 0, 0, 0, 0, 0, 0, 0, 0, 0, 0, 0, 0, 0, 0, 0, 0, 0, 0, 0
29.9331, 0, 0, 0, 1.41421, 0, 0, 0, 0, 0, 0, 0, 0, 0, 0, 0, 0, 0, 0, 0, 0, 0, 0, 0, 0, 0, 0, 0, 0, 0, 0
29.9409, 0, 0, 0, 1.41421, 0, 0, 0, 0, 0, 0, 0, 0, 0, 0, 0, 0, 0, 0, 0, 0, 0, 0, 0, 0, 0, 0, 0, 0, 0, 0
29.9488, 0, 0, 0, 1.41421, 0, 0, 0, 0, 0, 0, 0, 0, 0, 0, 0, 0, 0, 0, 0, 0, 0, 0, 0, 0, 0, 0, 0, 0, 0, 0
29.9566, 0, 0, 0, 1.41421, 0, 0, 0, 0, 0, 0, 0, 0, 0, 0, 0, 0, 0, 0, 0, 0, 0, 0, 0, 0, 0, 0, 0, 0, 0, 0
29.9645, 0, 0, 0, 1.41421, 0, 0, 0, 0, 0, 0, 0, 0, 0, 0, 0, 0, 0, 0, 0, 0, 0, 0, 0, 0, 0, 0, 0, 0, 0, 0
29.9724, 0, 0, 0, 1.41421, 0, 0, 0, 0, 0, 0, 0, 0, 0, 0, 0, 0, 0, 0, 0, 0, 0, 0, 0, 0, 0, 0, 0, 0, 0, 0
29.9802, 0, 0, 0, 1.41421, 0, 0, 0, 0, 0, 0, 0, 0, 0, 0, 0, 0, 0, 0, 0, 0, 0, 0, 0, 0, 0, 0, 0, 0, 0, 0
29.9881, 0, 0, 0, 1.41421, 0, 0, 0, 0, 0, 0, 0, 0, 0, 0, 0, 0, 0, 0, 0, 0, 0, 0, 0, 0, 0, 0, 0, 0, 0, 0
29.996, 0, 0, 0, 1.41421, 0, 0, 0, 0, 0, 0, 0, 0, 0, 0, 0, 0, 0, 0, 0, 0, 0, 0, 0, 0, 0, 0, 0, 0, 0, 0
30.0038, 0, 0, 0, 1.41421, 0, 0, 0, 0, 0, 0, 0, 0, 0, 0, 0, 0, 0, 0, 0, 0, 0, 0, 0, 0, 0, 0, 0, 0, 0, 0
30.0117, 0, 0, 0, 1.41421, 0, 0, 0, 0, 0, 0, 0, 0, 0, 0, 0, 0, 0, 0, 0, 0, 0, 0, 0, 0, 0, 0, 0, 0, 0, 0
30.0196, 0, 0, 0, 1.41421, 0, 0, 0, 0, 0, 0, 0, 0, 0, 0, 0, 0, 0, 0, 0, 0, 0, 0, 0, 0, 0, 0, 0, 0, 0, 0
30.0274, 0, 0, 0, 1.41421, 0, 0, 0, 0, 0, 0, 0, 0, 0, 0, 0, 0, 0, 0, 0, 0, 0, 0, 0, 0, 0, 0, 0, 0, 0, 0
30.0353, 0, 0, 0, 1.41421, 0, 0, 0, 0, 0, 0, 0, 0, 0, 0, 0, 0, 0, 0, 0, 0, 0, 0, 0, 0, 0, 0, 0, 0, 0, 0
30.0432, 0, 0, 0, 1.41421, 0, 0, 0, 0, 0, 0, 0, 0, 0, 0, 0, 0, 0, 0, 0, 0, 0, 0, 0, 0, 0, 0, 0, 0, 0, 0
30.051, 0, 0, 0, 1.41421, 0, 0, 0, 0, 0, 0, 0, 0, 0, 0, 0, 0, 0, 0, 0, 0, 0, 0, 0, 0, 0, 0, 0, 0, 0, 0
30.0589, 0, 0, 0, 1.41421, 0, 0, 0, 0, 0, 0, 0, 0, 0, 0, 0, 0, 0, 0, 0, 0, 0, 0, 0, 0, 0, 0, 0, 0, 0, 0
30.0668, 0, 0, 0, 1.41421, 0, 0, 0, 0, 0, 0, 0, 0, 0, 0, 0, 0, 0, 0, 0, 0, 0, 0, 0, 0, 0, 0, 0, 0, 0, 0
30.0746, 0, 0, 0, 1.41421, 0, 0, 0, 0, 0, 0, 0, 0, 0, 0, 0, 0, 0, 0, 0, 0, 0, 0, 0, 0, 0, 0, 0, 0, 0, 0
30.0825, 0, 0, 0, 1.41421, 0, 0, 0, 0, 0, 0, 0, 0, 0, 0, 0, 0, 0, 0, 0, 0, 0, 0, 0, 0, 0, 0, 0, 0, 0, 0
30.0904, 0, 0, 0, 1.41421, 0, 0, 0, 0, 0, 0, 0, 0, 0, 0, 0, 0, 0, 0, 0, 0, 0, 0, 0, 0, 0, 0, 0, 0, 0, 0
30.0982, 0, 0, 0, 1.41421, 0, 0, 0, 0, 0, 0, 0, 0, 0, 0, 0, 0, 0, 0, 0, 0, 0, 0, 0, 0, 0, 0, 0, 0, 0, 0
30.1061, 0, 0, 0, 1.41421, 0, 0, 0, 0, 0, 0, 0, 0, 0, 0, 0, 0, 0, 0, 0, 0, 0, 0, 0, 0, 0, 0, 0, 0, 0, 0
30.1139, 0, 0, 0, 1.41421, 0, 0, 0, 0, 0, 0, 0, 0, 0, 0, 0, 0, 0, 0, 0, 0, 0, 0, 0, 0, 0, 0, 0, 0, 0, 0
30.1218, 0, 0, 0, 1.41421, 0, 0, 0, 0, 0, 0, 0, 0, 0, 0, 0, 0, 0, 0, 0, 0, 0, 0, 0, 0, 0, 0, 0, 0, 0, 0
30.1297, 0, 0, 0, 1.41421, 0, 0, 0, 0, 0, 0, 0, 0, 0, 0, 0, 0, 0, 0, 0, 0, 0, 0, 0, 0, 0, 0, 0, 0, 0, 0
30.1375, 0, 0, 0, 1.41421, 0, 0, 0, 0, 0, 0, 0, 0, 0, 0, 0, 0, 0, 0, 0, 0, 0, 0, 0, 0, 0, 0, 0, 0, 0, 0
30.1454, 0, 0, 0, 1.41421, 0, 0, 0, 0, 0, 0, 0, 0, 0, 0, 0, 0, 0, 0, 0, 0, 0, 0, 0, 0, 0, 0, 0, 0, 0, 0
30.1533, 0, 0, 0, 1.41421, 0, 0, 0, 0, 0, 0, 0, 0, 0, 0, 0, 0, 0, 0, 0, 0, 0, 0, 0, 0, 0, 0, 0, 0, 0, 0
30.1611, 0, 0, 0, 1.41421, 0, 0, 0, 0, 0, 0, 0, 0, 0, 0, 0, 0, 0, 0, 0, 0, 0, 0, 0, 0, 0, 0, 0, 0, 0, 0
30.169, 0, 0, 0, 1.41421, 0, 0, 0, 0, 0, 0, 0, 0, 0, 0, 0, 0, 0, 0, 0, 0, 0, 0, 0, 0, 0, 0, 0, 0, 0, 0
30.1769, 0, 0, 0, 1.41421, 0, 0, 0, 0, 0, 0, 0, 0, 0, 0, 0, 0, 0, 0, 0, 0, 0, 0, 0, 0, 0, 0, 0, 0, 0, 0
30.1847, 0, 0, 0, 1.41421, 0, 0, 0, 0, 0, 0, 0, 0, 0, 0, 0, 0, 0, 0, 0, 0, 0, 0, 0, 0, 0, 0, 0, 0, 0, 0
30.1926, 0, 0, 0, 1.41421, 0, 0, 0, 0, 0, 0, 0, 0, 0, 0, 0, 0, 0, 0, 0, 0, 0, 0, 0, 0, 0, 0, 0, 0, 0, 0
30.2005, 0, 0, 0, 1.41421, 0, 0, 0, 0, 0, 0, 0, 0, 0, 0, 0, 0, 0, 0, 0, 0, 0, 0, 0, 0, 0, 0, 0, 0, 0, 0
30.2083, 0, 0, 0, 1.41421, 0, 0, 0, 0, 0, 0, 0, 0, 0, 0, 0, 0, 0, 0, 0, 0, 0, 0, 0, 0, 0, 0, 0, 0, 0, 0
30.2162, 0, 0, 0, 1.41421, 0, 0, 0, 0, 0, 0, 0, 0, 0, 0, 0, 0, 0, 0, 0, 0, 0, 0, 0, 0, 0, 0, 0, 0, 0, 0
30.2241, 0, 0, 0, 1.41421, 0, 0, 0, 0, 0, 0, 0, 0, 0, 0, 0, 0, 0, 0, 0, 0, 0, 0, 0, 0, 0, 0, 0, 0, 0, 0
30.2319, 0, 0, 0, 1.41421, 0, 0, 0, 0, 0, 0, 0, 0, 0, 0, 0, 0, 0, 0, 0, 0, 0, 0, 0, 0, 0, 0, 0, 0, 0, 0
30.2398, 0, 0, 0, 1.41421, 0, 0, 0, 0, 0, 0, 0, 0, 0, 0, 0, 0, 0, 0, 0, 0, 0, 0, 0, 0, 0, 0, 0, 0, 0, 0
30.2476, 0, 0, 0, 1.41421, 0, 0, 0, 0, 0, 0, 0, 0, 0, 0, 0, 0, 0, 0, 0, 0, 0, 0, 0, 0, 0, 0, 0, 0, 0, 0
30.2555, 0, 0, 0, 1.41421, 0, 0, 0, 0, 0, 0, 0, 0, 0, 0, 0, 0, 0, 0, 0, 0, 0, 0, 0, 0, 0, 0, 0, 0, 0, 0
30.2634, 0, 0, 0, 1.41421, 0, 0, 0, 0, 0, 0, 0, 0, 0, 0, 0, 0, 0, 0, 0, 0, 0, 0, 0, 0, 0, 0, 0, 0, 0, 0
30.2712, 0, 0, 0, 1.41421, 0, 0, 0, 0, 0, 0, 0, 0, 0, 0, 0, 0, 0, 0, 0, 0, 0, 0, 0, 0, 0, 0, 0, 0, 0, 0
30.2791, 0, 0, 0, 1.41421, 0, 0, 0, 0, 0, 0, 0, 0, 0, 0, 0, 0, 0, 0, 0, 0, 0, 0, 0, 0, 0, 0, 0, 0, 0, 0
30.287, 0, 0, 0, 1.41421, 0, 0, 0, 0, 0, 0, 0, 0, 0, 0, 0, 0, 0, 0, 0, 0, 0, 0, 0, 0, 0, 0, 0, 0, 0, 0
30.2948, 0, 0, 0, 1.41421, 0, 0, 0, 0, 0, 0, 0, 0, 0, 0, 0, 0, 0, 0, 0, 0, 0, 0, 0, 0, 0, 0, 0, 0, 0, 0
30.3027, 0, 0, 0, 1.41421, 0, 0, 0, 0, 0, 0, 0, 0, 0, 0, 0, 0, 0, 0, 0, 0, 0, 0, 0, 0, 0, 0, 0, 0, 0, 0
30.3106, 0, 0, 0, 1.41421, 0, 0, 0, 0, 0, 0, 0, 0, 0, 0, 0, 0, 0, 0, 0, 0, 0, 0, 0, 0, 0, 0, 0, 0, 0, 0
30.3184, 0, 0, 0, 1.41421, 0, 0, 0, 0, 0, 0, 0, 0, 0, 0, 0, 0, 0, 0, 0, 0, 0, 0, 0, 0, 0, 0, 0, 0, 0, 0
30.3263, 0, 0, 0, 1.41421, 0, 0, 0, 0, 0, 0, 0, 0, 0, 0, 0, 0, 0, 0, 0, 0, 0, 0, 0, 0, 0, 0, 0, 0, 0, 0
30.3342, 0, 0, 0, 1.41421, 0, 0, 0, 0, 0, 0, 0, 0, 0, 0, 0, 0, 0, 0, 0, 0, 0, 0, 0, 0, 0, 0, 0, 0, 0, 0
30.342, 0, 0, 0, 1.41421, 0, 0, 0, 0, 0, 0, 0, 0, 0, 0, 0, 0, 0, 0, 0, 0, 0, 0, 0, 0, 0, 0, 0, 0, 0, 0
30.3499, 0, 0, 0, 1.41421, 0, 0, 0, 0, 0, 0, 0, 0, 0, 0, 0, 0, 0, 0, 0, 0, 0, 0, 0, 0, 0, 0, 0, 0, 0, 0
30.3578, 0, 0, 0, 1.41421, 0, 0, 0, 0, 0, 0, 0, 0, 0, 0, 0, 0, 0, 0, 0, 0, 0, 0, 0, 0, 0, 0, 0, 0, 0, 0
30.3656, 0, 0, 0, 1.41421, 0, 0, 0, 0, 0, 0, 0, 0, 0, 0, 0, 0, 0, 0, 0, 0, 0, 0, 0, 0, 0, 0, 0, 0, 0, 0
30.3735, 0, 0, 0, 1.41421, 0, 0, 0, 0, 0, 0, 0, 0, 0, 0, 0, 0, 0, 0, 0, 0, 0, 0, 0, 0, 0, 0, 0, 0, 0, 0
30.3813, 0, 0, 0, 1.41421, 0, 0, 0, 0, 0, 0, 0, 0, 0, 0, 0, 0, 0, 0, 0, 0, 0, 0, 0, 0, 0, 0, 0, 0, 0, 0
30.3892, 0, 0, 0, 1.41421, 0, 0, 0, 0, 0, 0, 0, 0, 0, 0, 0, 0, 0, 0, 0, 0, 0, 0, 0, 0, 0, 0, 0, 0, 0, 0
30.3971, 0, 0, 0, 1.41421, 0, 0, 0, 0, 0, 0, 0, 0, 0, 0, 0, 0, 0, 0, 0, 0, 0, 0, 0, 0, 0, 0, 0, 0, 0, 0
30.4049, 0, 0, 0, 1.41421, 0, 0, 0, 0, 0, 0, 0, 0, 0, 0, 0, 0, 0, 0, 0, 0, 0, 0, 0, 0, 0, 0, 0, 0, 0, 0
30.4128, 0, 0, 0, 1.41421, 0, 0, 0, 0, 0, 0, 0, 0, 0, 0, 0, 0, 0, 0, 0, 0, 0, 0, 0, 0, 0, 0, 0, 0, 0, 0
30.4207, 0, 0, 0, 1.41421, 0, 0, 0, 0, 0, 0, 0, 0, 0, 0, 0, 0, 0, 0, 0, 0, 0, 0, 0, 0, 0, 0, 0, 0, 0, 0
30.4285, 0, 0, 0, 1.41421, 0, 0, 0, 0, 0, 0, 0, 0, 0, 0, 0, 0, 0, 0, 0, 0, 0, 0, 0, 0, 0, 0, 0, 0, 0, 0
30.4364, 0, 0, 0, 1.41421, 0, 0, 0, 0, 0, 0, 0, 0, 0, 0, 0, 0, 0, 0, 0, 0, 0, 0, 0, 0, 0, 0, 0, 0, 0, 0
30.4443, 0, 0, 0, 1.41421, 0, 0, 0, 0, 0, 0, 0, 0, 0, 0, 0, 0, 0, 0, 0, 0, 0, 0, 0, 0, 0, 0, 0, 0, 0, 0
30.4521, 0, 0, 0, 1.41421, 0, 0, 0, 0, 0, 0, 0, 0, 0, 0, 0, 0, 0, 0, 0, 0, 0, 0, 0, 0, 0, 0, 0, 0, 0, 0
30.46, 0, 0, 0, 1.41421, 0, 0, 0, 0, 0, 0, 0, 0, 0, 0, 0, 0, 0, 0, 0, 0, 0, 0, 0, 0, 0, 0, 0, 0, 0, 0
30.4679, 0, 0, 0, 1.41421, 0, 0, 0, 0, 0, 0, 0, 0, 0, 0, 0, 0, 0, 0, 0, 0, 0, 0, 0, 0, 0, 0, 0, 0, 0, 0
30.4757, 0, 0, 0, 1.41421, 0, 0, 0, 0, 0, 0, 0, 0, 0, 0, 0, 0, 0, 0, 0, 0, 0, 0, 0, 0, 0, 0, 0, 0, 0, 0
30.4836, 0, 0, 0, 1.41421, 0, 0, 0, 0, 0, 0, 0, 0, 0, 0, 0, 0, 0, 0, 0, 0, 0, 0, 0, 0, 0, 0, 0, 0, 0, 0
30.4915, 0, 0, 0, 1.41421, 0, 0, 0, 0, 0, 0, 0, 0, 0, 0, 0, 0, 0, 0, 0, 0, 0, 0, 0, 0, 0, 0, 0, 0, 0, 0
30.4993, 0, 0, 0, 1.41421, 0, 0, 0, 0, 0, 0, 0, 0, 0, 0, 0, 0, 0, 0, 0, 0, 0, 0, 0, 0, 0, 0, 0, 0, 0, 0
30.5072, 0, 0, 0, 1.41421, 0, 0, 0, 0, 0, 0, 0, 0, 0, 0, 0, 0, 0, 0, 0, 0, 0, 0, 0, 0, 0, 0, 0, 0, 0, 0
30.515, 0, 0, 0, 1.41421, 0, 0, 0, 0, 0, 0, 0, 0, 0, 0, 0, 0, 0, 0, 0, 0, 0, 0, 0, 0, 0, 0, 0, 0, 0, 0
30.5229, 0, 0, 0, 1.41421, 0, 0, 0, 0, 0, 0, 0, 0, 0, 0, 0, 0, 0, 0, 0, 0, 0, 0, 0, 0, 0, 0, 0, 0, 0, 0
30.5308, 0, 0, 0, 1.41421, 0, 0, 0, 0, 0, 0, 0, 0, 0, 0, 0, 0, 0, 0, 0, 0, 0, 0, 0, 0, 0, 0, 0, 0, 0, 0
30.5386, 0, 0, 0, 1.41421, 0, 0, 0, 0, 0, 0, 0, 0, 0, 0, 0, 0, 0, 0, 0, 0, 0, 0, 0, 0, 0, 0, 0, 0, 0, 0
30.5465, 0, 0, 0, 1.41421, 0, 0, 0, 0, 0, 0, 0, 0, 0, 0, 0, 0, 0, 0, 0, 0, 0, 0, 0, 0, 0, 0, 0, 0, 0, 0
30.5544, 0, 0, 0, 1.41421, 0, 0, 0, 0, 0, 0, 0, 0, 0, 0, 0, 0, 0, 0, 0, 0, 0, 0, 0, 0, 0, 0, 0, 0, 0, 0
30.5622, 0, 0, 0, 1.41421, 0, 0, 0, 0, 0, 0, 0, 0, 0, 0, 0, 0, 0, 0, 0, 0, 0, 0, 0, 0, 0, 0, 0, 0, 0, 0
30.5701, 0, 0, 0, 1.41421, 0, 0, 0, 0, 0, 0, 0, 0, 0, 0, 0, 0, 0, 0, 0, 0, 0, 0, 0, 0, 0, 0, 0, 0, 0, 0
30.578, 0, 0, 0, 1.41421, 0, 0, 0, 0, 0, 0, 0, 0, 0, 0, 0, 0, 0, 0, 0, 0, 0, 0, 0, 0, 0, 0, 0, 0, 0, 0
30.5858, 0, 0, 0, 1.41421, 0, 0, 0, 0, 0, 0, 0, 0, 0, 0, 0, 0, 0, 0, 0, 0, 0, 0, 0, 0, 0, 0, 0, 0, 0, 0
30.5937, 0, 0, 0, 1.41421, 0, 0, 0, 0, 0, 0, 0, 0, 0, 0, 0, 0, 0, 0, 0, 0, 0, 0, 0, 0, 0, 0, 0, 0, 0, 0
30.6016, 0, 0, 0, 1.41421, 0, 0, 0, 0, 0, 0, 0, 0, 0, 0, 0, 0, 0, 0, 0, 0, 0, 0, 0, 0, 0, 0, 0, 0, 0, 0
30.6094, 0, 0, 0, 1.41421, 0, 0, 0, 0, 0, 0, 0, 0, 0, 0, 0, 0, 0, 0, 0, 0, 0, 0, 0, 0, 0, 0, 0, 0, 0, 0
30.6173, 0, 0, 0, 1.41421, 0, 0, 0, 0, 0, 0, 0, 0, 0, 0, 0, 0, 0, 0, 0, 0, 0, 0, 0, 0, 0, 0, 0, 0, 0, 0
30.6252, 0, 0, 0, 1.41421, 0, 0, 0, 0, 0, 0, 0, 0, 0, 0, 0, 0, 0, 0, 0, 0, 0, 0, 0, 0, 0, 0, 0, 0, 0, 0
30.633, 0, 0, 0, 1.41421, 0, 0, 0, 0, 0, 0, 0, 0, 0, 0, 0, 0, 0, 0, 0, 0, 0, 0, 0, 0, 0, 0, 0, 0, 0, 0
30.6409, 0, 0, 0, 1.41421, 0, 0, 0, 0, 0, 0, 0, 0, 0, 0, 0, 0, 0, 0, 0, 0, 0, 0, 0, 0, 0, 0, 0, 0, 0, 0
30.6488, 0, 0, 0, 1.41421, 0, 0, 0, 0, 0, 0, 0, 0, 0, 0, 0, 0, 0, 0, 0, 0, 0, 0, 0, 0, 0, 0, 0, 0, 0, 0
30.6566, 0, 0, 0, 1.41421, 0, 0, 0, 0, 0, 0, 0, 0, 0, 0, 0, 0, 0, 0, 0, 0, 0, 0, 0, 0, 0, 0, 0, 0, 0, 0
30.6645, 0, 0, 0, 1.41421, 0, 0, 0, 0, 0, 0, 0, 0, 0, 0, 0, 0, 0, 0, 0, 0, 0, 0, 0, 0, 0, 0, 0, 0, 0, 0
30.6723, 0, 0, 0, 1.41421, 0, 0, 0, 0, 0, 0, 0, 0, 0, 0, 0, 0, 0, 0, 0, 0, 0, 0, 0, 0, 0, 0, 0, 0, 0, 0
30.6802, 0, 0, 0, 1.41421, 0, 0, 0, 0, 0, 0, 0, 0, 0, 0, 0, 0, 0, 0, 0, 0, 0, 0, 0, 0, 0, 0, 0, 0, 0, 0
30.6881, 0, 0, 0, 1.41421, 0, 0, 0, 0, 0, 0, 0, 0, 0, 0, 0, 0, 0, 0, 0, 0, 0, 0, 0, 0, 0, 0, 0, 0, 0, 0
30.6959, 0, 0, 0, 1.41421, 0, 0, 0, 0, 0, 0, 0, 0, 0, 0, 0, 0, 0, 0, 0, 0, 0, 0, 0, 0, 0, 0, 0, 0, 0, 0
30.7038, 0, 0, 0, 1.41421, 0, 0, 0, 0, 0, 0, 0, 0, 0, 0, 0, 0, 0, 0, 0, 0, 0, 0, 0, 0, 0, 0, 0, 0, 0, 0
30.7117, 0, 0, 0, 1.41421, 0, 0, 0, 0, 0, 0, 0, 0, 0, 0, 0, 0, 0, 0, 0, 0, 0, 0, 0, 0, 0, 0, 0, 0, 0, 0
30.7195, 0, 0, 0, 1.41421, 0, 0, 0, 0, 0, 0, 0, 0, 0, 0, 0, 0, 0, 0, 0, 0, 0, 0, 0, 0, 0, 0, 0, 0, 0, 0
30.7274, 0, 0, 0, 1.41421, 0, 0, 0, 0, 0, 0, 0, 0, 0, 0, 0, 0, 0, 0, 0, 0, 0, 0, 0, 0, 0, 0, 0, 0, 0, 0
30.7353, 0, 0, 0, 1.41421, 0, 0, 0, 0, 0, 0, 0, 0, 0, 0, 0, 0, 0, 0, 0, 0, 0, 0, 0, 0, 0, 0, 0, 0, 0, 0
30.7431, 0, 0, 0, 1.41421, 0, 0, 0, 0, 0, 0, 0, 0, 0, 0, 0, 0, 0, 0, 0, 0, 0, 0, 0, 0, 0, 0, 0, 0, 0, 0
30.751, 0, 0, 0, 1.41421, 0, 0, 0, 0, 0, 0, 0, 0, 0, 0, 0, 0, 0, 0, 0, 0, 0, 0, 0, 0, 0, 0, 0, 0, 0, 0
30.7589, 0, 0, 0, 1.41421, 0, 0, 0, 0, 0, 0, 0, 0, 0, 0, 0, 0, 0, 0, 0, 0, 0, 0, 0, 0, 0, 0, 0, 0, 0, 0
30.7667, 0, 0, 0, 1.41421, 0, 0, 0, 0, 0, 0, 0, 0, 0, 0, 0, 0, 0, 0, 0, 0, 0, 0, 0, 0, 0, 0, 0, 0, 0, 0
30.7746, 0, 0, 0, 1.41421, 0, 0, 0, 0, 0, 0, 0, 0, 0, 0, 0, 0, 0, 0, 0, 0, 0, 0, 0, 0, 0, 0, 0, 0, 0, 0
30.7825, 0, 0, 0, 1.41421, 0, 0, 0, 0, 0, 0, 0, 0, 0, 0, 0, 0, 0, 0, 0, 0, 0, 0, 0, 0, 0, 0, 0, 0, 0, 0
30.7903, 0, 0, 0, 1.41421, 0, 0, 0, 0, 0, 0, 0, 0, 0, 0, 0, 0, 0, 0, 0, 0, 0, 0, 0, 0, 0, 0, 0, 0, 0, 0
30.7982, 0, 0, 0, 1.41421, 0, 0, 0, 0, 0, 0, 0, 0, 0, 0, 0, 0, 0, 0, 0, 0, 0, 0, 0, 0, 0, 0, 0, 0, 0, 0
30.806, 0, 0, 0, 1.41421, 0, 0, 0, 0, 0, 0, 0, 0, 0, 0, 0, 0, 0, 0, 0, 0, 0, 0, 0, 0, 0, 0, 0, 0, 0, 0
30.8139, 0, 0, 0, 1.41421, 0, 0, 0, 0, 0, 0, 0, 0, 0, 0, 0, 0, 0, 0, 0, 0, 0, 0, 0, 0, 0, 0, 0, 0, 0, 0
30.8218, 0, 0, 0, 1.41421, 0, 0, 0, 0, 0, 0, 0, 0, 0, 0, 0, 0, 0, 0, 0, 0, 0, 0, 0, 0, 0, 0, 0, 0, 0, 0
30.8296, 0, 0, 0, 1.41421, 0, 0, 0, 0, 0, 0, 0, 0, 0, 0, 0, 0, 0, 0, 0, 0, 0, 0, 0, 0, 0, 0, 0, 0, 0, 0
30.8375, 0, 0, 0, 1.41421, 0, 0, 0, 0, 0, 0, 0, 0, 0, 0, 0, 0, 0, 0, 0, 0, 0, 0, 0, 0, 0, 0, 0, 0, 0, 0
30.8454, 0, 0, 0, 1.41421, 0, 0, 0, 0, 0, 0, 0, 0, 0, 0, 0, 0, 0, 0, 0, 0, 0, 0, 0, 0, 0, 0, 0, 0, 0, 0
30.8532, 0, 0, 0, 1.41421, 0, 0, 0, 0, 0, 0, 0, 0, 0, 0, 0, 0, 0, 0, 0, 0, 0, 0, 0, 0, 0, 0, 0, 0, 0, 0
30.8611, 0, 0, 0, 1.41421, 0, 0, 0, 0, 0, 0, 0, 0, 0, 0, 0, 0, 0, 0, 0, 0, 0, 0, 0, 0, 0, 0, 0, 0, 0, 0
30.869, 0, 0, 0, 1.41421, 0, 0, 0, 0, 0, 0, 0, 0, 0, 0, 0, 0, 0, 0, 0, 0, 0, 0, 0, 0, 0, 0, 0, 0, 0, 0
30.8768, 0, 0, 0, 1.41421, 0, 0, 0, 0, 0, 0, 0, 0, 0, 0, 0, 0, 0, 0, 0, 0, 0, 0, 0, 0, 0, 0, 0, 0, 0, 0
30.8847, 0, 0, 0, 1.41421, 0, 0, 0, 0, 0, 0, 0, 0, 0, 0, 0, 0, 0, 0, 0, 0, 0, 0, 0, 0, 0, 0, 0, 0, 0, 0
30.8926, 0, 0, 0, 1.41421, 0, 0, 0, 0, 0, 0, 0, 0, 0, 0, 0, 0, 0, 0, 0, 0, 0, 0, 0, 0, 0, 0, 0, 0, 0, 0
30.9004, 0, 0, 0, 1.41421, 0, 0, 0, 0, 0, 0, 0, 0, 0, 0, 0, 0, 0, 0, 0, 0, 0, 0, 0, 0, 0, 0, 0, 0, 0, 0
30.9083, 0, 0, 0, 1.41421, 0, 0, 0, 0, 0, 0, 0, 0, 0, 0, 0, 0, 0, 0, 0, 0, 0, 0, 0, 0, 0, 0, 0, 0, 0, 0
30.9162, 0, 0, 0, 1.41421, 0, 0, 0, 0, 0, 0, 0, 0, 0, 0, 0, 0, 0, 0, 0, 0, 0, 0, 0, 0, 0, 0, 0, 0, 0, 0
30.924, 0, 0, 0, 1.41421, 0, 0, 0, 0, 0, 0, 0, 0, 0, 0, 0, 0, 0, 0, 0, 0, 0, 0, 0, 0, 0, 0, 0, 0, 0, 0
30.9319, 0, 0, 0, 1.41421, 0, 0, 0, 0, 0, 0, 0, 0, 0, 0, 0, 0, 0, 0, 0, 0, 0, 0, 0, 0, 0, 0, 0, 0, 0, 0
30.9397, 0, 0, 0, 1.41421, 0, 0, 0, 0, 0, 0, 0, 0, 0, 0, 0, 0, 0, 0, 0, 0, 0, 0, 0, 0, 0, 0, 0, 0, 0, 0
30.9476, 0, 0, 0, 1.41421, 0, 0, 0, 0, 0, 0, 0, 0, 0, 0, 0, 0, 0, 0, 0, 0, 0, 0, 0, 0, 0, 0, 0, 0, 0, 0
30.9555, 0, 0, 0, 1.41421, 0, 0, 0, 0, 0, 0, 0, 0, 0, 0, 0, 0, 0, 0, 0, 0, 0, 0, 0, 0, 0, 0, 0, 0, 0, 0
30.9633, 0, 0, 0, 1.41421, 0, 0, 0, 0, 0, 0, 0, 0, 0, 0, 0, 0, 0, 0, 0, 0, 0, 0, 0, 0, 0, 0, 0, 0, 0, 0
30.9712, 0, 0, 0, 1.41421, 0, 0, 0, 0, 0, 0, 0, 0, 0, 0, 0, 0, 0, 0, 0, 0, 0, 0, 0, 0, 0, 0, 0, 0, 0, 0
30.9791, 0, 0, 0, 1.41421, 0, 0, 0, 0, 0, 0, 0, 0, 0, 0, 0, 0, 0, 0, 0, 0, 0, 0, 0, 0, 0, 0, 0, 0, 0, 0
30.9869, 0, 0, 0, 1.41421, 0, 0, 0, 0, 0, 0, 0, 0, 0, 0, 0, 0, 0, 0, 0, 0, 0, 0, 0, 0, 0, 0, 0, 0, 0, 0
30.9948, 0, 0, 0, 1.41421, 0, 0, 0, 0, 0, 0, 0, 0, 0, 0, 0, 0, 0, 0, 0, 0, 0, 0, 0, 0, 0, 0, 0, 0, 0, 0
31.0027, 0, 0, 0, 1.41421, 0, 0, 0, 0, 0, 0, 0, 0, 0, 0, 0, 0, 0, 0, 0, 0, 0, 0, 0, 0, 0, 0, 0, 0, 0, 0
31.0105, 0, 0, 0, 1.41421, 0, 0, 0, 0, 0, 0, 0, 0, 0, 0, 0, 0, 0, 0, 0, 0, 0, 0, 0, 0, 0, 0, 0, 0, 0, 0
31.0184, 0, 0, 0, 1.41421, 0, 0, 0, 0, 0, 0, 0, 0, 0, 0, 0, 0, 0, 0, 0, 0, 0, 0, 0, 0, 0, 0, 0, 0, 0, 0
31.0263, 0, 0, 0, 1.41421, 0, 0, 0, 0, 0, 0, 0, 0, 0, 0, 0, 0, 0, 0, 0, 0, 0, 0, 0, 0, 0, 0, 0, 0, 0, 0
31.0341, 0, 0, 0, 1.41421, 0, 0, 0, 0, 0, 0, 0, 0, 0, 0, 0, 0, 0, 0, 0, 0, 0, 0, 0, 0, 0, 0, 0, 0, 0, 0
31.042, 0, 0, 0, 1.41421, 0, 0, 0, 0, 0, 0, 0, 0, 0, 0, 0, 0, 0, 0, 0, 0, 0, 0, 0, 0, 0, 0, 0, 0, 0, 0
31.0499, 0, 0, 0, 1.41421, 0, 0, 0, 0, 0, 0, 0, 0, 0, 0, 0, 0, 0, 0, 0, 0, 0, 0, 0, 0, 0, 0, 0, 0, 0, 0
31.0577, 0, 0, 0, 1.41421, 0, 0, 0, 0, 0, 0, 0, 0, 0, 0, 0, 0, 0, 0, 0, 0, 0, 0, 0, 0, 0, 0, 0, 0, 0, 0
31.0656, 0, 0, 0, 1.41421, 0, 0, 0, 0, 0, 0, 0, 0, 0, 0, 0, 0, 0, 0, 0, 0, 0, 0, 0, 0, 0, 0, 0, 0, 0, 0
31.0734, 0, 0, 0, 1.41421, 0, 0, 0, 0, 0, 0, 0, 0, 0, 0, 0, 0, 0, 0, 0, 0, 0, 0, 0, 0, 0, 0, 0, 0, 0, 0
31.0813, 0, 0, 0, 1.41421, 0, 0, 0, 0, 0, 0, 0, 0, 0, 0, 0, 0, 0, 0, 0, 0, 0, 0, 0, 0, 0, 0, 0, 0, 0, 0
31.0892, 0, 0, 0, 1.41421, 0, 0, 0, 0, 0, 0, 0, 0, 0, 0, 0, 0, 0, 0, 0, 0, 0, 0, 0, 0, 0, 0, 0, 0, 0, 0
31.097, 0, 0, 0, 1.41421, 0, 0, 0, 0, 0, 0, 0, 0, 0, 0, 0, 0, 0, 0, 0, 0, 0, 0, 0, 0, 0, 0, 0, 0, 0, 0
31.1049, 0, 0, 0, 1.41421, 0, 0, 0, 0, 0, 0, 0, 0, 0, 0, 0, 0, 0, 0, 0, 0, 0, 0, 0, 0, 0, 0, 0, 0, 0, 0
31.1128, 0, 0, 0, 1.41421, 0, 0, 0, 0, 0, 0, 0, 0, 0, 0, 0, 0, 0, 0, 0, 0, 0, 0, 0, 0, 0, 0, 0, 0, 0, 0
31.1206, 0, 0, 0, 1.41421, 0, 0, 0, 0, 0, 0, 0, 0, 0, 0, 0, 0, 0, 0, 0, 0, 0, 0, 0, 0, 0, 0, 0, 0, 0, 0
31.1285, 0, 0, 0, 1.41421, 0, 0, 0, 0, 0, 0, 0, 0, 0, 0, 0, 0, 0, 0, 0, 0, 0, 0, 0, 0, 0, 0, 0, 0, 0, 0
31.1364, 0, 0, 0, 1.41421, 0, 0, 0, 0, 0, 0, 0, 0, 0, 0, 0, 0, 0, 0, 0, 0, 0, 0, 0, 0, 0, 0, 0, 0, 0, 0
31.1442, 0, 0, 0, 1.41421, 0, 0, 0, 0, 0, 0, 0, 0, 0, 0, 0, 0, 0, 0, 0, 0, 0, 0, 0, 0, 0, 0, 0, 0, 0, 0
31.1521, 0, 0, 0, 1.41421, 0, 0, 0, 0, 0, 0, 0, 0, 0, 0, 0, 0, 0, 0, 0, 0, 0, 0, 0, 0, 0, 0, 0, 0, 0, 0
31.16, 0, 0, 0, 1.41421, 0, 0, 0, 0, 0, 0, 0, 0, 0, 0, 0, 0, 0, 0, 0, 0, 0, 0, 0, 0, 0, 0, 0, 0, 0, 0
31.1678, 0, 0, 0, 1.41421, 0, 0, 0, 0, 0, 0, 0, 0, 0, 0, 0, 0, 0, 0, 0, 0, 0, 0, 0, 0, 0, 0, 0, 0, 0, 0
31.1757, 0, 0, 0, 1.41421, 0, 0, 0, 0, 0, 0, 0, 0, 0, 0, 0, 0, 0, 0, 0, 0, 0, 0, 0, 0, 0, 0, 0, 0, 0, 0
31.1836, 0, 0, 0, 1.41421, 0, 0, 0, 0, 0, 0, 0, 0, 0, 0, 0, 0, 0, 0, 0, 0, 0, 0, 0, 0, 0, 0, 0, 0, 0, 0
31.1914, 0, 0, 0, 1.41421, 0, 0, 0, 0, 0, 0, 0, 0, 0, 0, 0, 0, 0, 0, 0, 0, 0, 0, 0, 0, 0, 0, 0, 0, 0, 0
31.1993, 0, 0, 0, 1.41421, 0, 0, 0, 0, 0, 0, 0, 0, 0, 0, 0, 0, 0, 0, 0, 0, 0, 0, 0, 0, 0, 0, 0, 0, 0, 0
31.2071, 0, 0, 0, 1.41421, 0, 0, 0, 0, 0, 0, 0, 0, 0, 0, 0, 0, 0, 0, 0, 0, 0, 0, 0, 0, 0, 0, 0, 0, 0, 0
31.215, 0, 0, 0, 1.41421, 0, 0, 0, 0, 0, 0, 0, 0, 0, 0, 0, 0, 0, 0, 0, 0, 0, 0, 0, 0, 0, 0, 0, 0, 0, 0
31.2229, 0, 0, 0, 1.41421, 0, 0, 0, 0, 0, 0, 0, 0, 0, 0, 0, 0, 0, 0, 0, 0, 0, 0, 0, 0, 0, 0, 0, 0, 0, 0
31.2307, 0, 0, 0, 1.41421, 0, 0, 0, 0, 0, 0, 0, 0, 0, 0, 0, 0, 0, 0, 0, 0, 0, 0, 0, 0, 0, 0, 0, 0, 0, 0
31.2386, 0, 0, 0, 1.41421, 0, 0, 0, 0, 0, 0, 0, 0, 0, 0, 0, 0, 0, 0, 0, 0, 0, 0, 0, 0, 0, 0, 0, 0, 0, 0
31.2465, 0, 0, 0, 1.41421, 0, 0, 0, 0, 0, 0, 0, 0, 0, 0, 0, 0, 0, 0, 0, 0, 0, 0, 0, 0, 0, 0, 0, 0, 0, 0
31.2543, 0, 0, 0, 1.41421, 0, 0, 0, 0, 0, 0, 0, 0, 0, 0, 0, 0, 0, 0, 0, 0, 0, 0, 0, 0, 0, 0, 0, 0, 0, 0
31.2622, 0, 0, 0, 1.41421, 0, 0, 0, 0, 0, 0, 0, 0, 0, 0, 0, 0, 0, 0, 0, 0, 0, 0, 0, 0, 0, 0, 0, 0, 0, 0
31.2701, 0, 0, 0, 1.41421, 0, 0, 0, 0, 0, 0, 0, 0, 0, 0, 0, 0, 0, 0, 0, 0, 0, 0, 0, 0, 0, 0, 0, 0, 0, 0
31.2779, 0, 0, 0, 1.41421, 0, 0, 0, 0, 0, 0, 0, 0, 0, 0, 0, 0, 0, 0, 0, 0, 0, 0, 0, 0, 0, 0, 0, 0, 0, 0
31.2858, 0, 0, 0, 1.41421, 0, 0, 0, 0, 0, 0, 0, 0, 0, 0, 0, 0, 0, 0, 0, 0, 0, 0, 0, 0, 0, 0, 0, 0, 0, 0
31.2937, 0, 0, 0, 1.41421, 0, 0, 0, 0, 0, 0, 0, 0, 0, 0, 0, 0, 0, 0, 0, 0, 0, 0, 0, 0, 0, 0, 0, 0, 0, 0
31.3015, 0, 0, 0, 1.41421, 0, 0, 0, 0, 0, 0, 0, 0, 0, 0, 0, 0, 0, 0, 0, 0, 0, 0, 0, 0, 0, 0, 0, 0, 0, 0
31.3094, 0, 0, 0, 1.41421, 0, 0, 0, 0, 0, 0, 0, 0, 0, 0, 0, 0, 0, 0, 0, 0, 0, 0, 0, 0, 0, 0, 0, 0, 0, 0
31.3173, 0, 0, 0, 1.41421, 0, 0, 0, 0, 0, 0, 0, 0, 0, 0, 0, 0, 0, 0, 0, 0, 0, 0, 0, 0, 0, 0, 0, 0, 0, 0
31.3251, 0, 0, 0, 1.41421, 0, 0, 0, 0, 0, 0, 0, 0, 0, 0, 0, 0, 0, 0, 0, 0, 0, 0, 0, 0, 0, 0, 0, 0, 0, 0
31.333, 0, 0, 0, 1.41421, 0, 0, 0, 0, 0, 0, 0, 0, 0, 0, 0, 0, 0, 0, 0, 0, 0, 0, 0, 0, 0, 0, 0, 0, 0, 0
31.3408, 0, 0, 0, 1.41421, 0, 0, 0, 0, 0, 0, 0, 0, 0, 0, 0, 0, 0, 0, 0, 0, 0, 0, 0, 0, 0, 0, 0, 0, 0, 0
31.3487, 0, 0, 0, 1.41421, 0, 0, 0, 0, 0, 0, 0, 0, 0, 0, 0, 0, 0, 0, 0, 0, 0, 0, 0, 0, 0, 0, 0, 0, 0, 0
31.3566, 0, 0, 0, 1.41421, 0, 0, 0, 0, 0, 0, 0, 0, 0, 0, 0, 0, 0, 0, 0, 0, 0, 0, 0, 0, 0, 0, 0, 0, 0, 0
31.3644, 0, 0, 0, 1.41421, 0, 0, 0, 0, 0, 0, 0, 0, 0, 0, 0, 0, 0, 0, 0, 0, 0, 0, 0, 0, 0, 0, 0, 0, 0, 0
31.3723, 0, 0, 0, 1.41421, 0, 0, 0, 0, 0, 0, 0, 0, 0, 0, 0, 0, 0, 0, 0, 0, 0, 0, 0, 0, 0, 0, 0, 0, 0, 0
31.3802, 0, 0, 0, 1.41421, 0, 0, 0, 0, 0, 0, 0, 0, 0, 0, 0, 0, 0, 0, 0, 0, 0, 0, 0, 0, 0, 0, 0, 0, 0, 0
31.388, 0, 0, 0, 1.41421, 0, 0, 0, 0, 0, 0, 0, 0, 0, 0, 0, 0, 0, 0, 0, 0, 0, 0, 0, 0, 0, 0, 0, 0, 0, 0
31.3959, 0, 0, 0, 1.41421, 0, 0, 0, 0, 0, 0, 0, 0, 0, 0, 0, 0, 0, 0, 0, 0, 0, 0, 0, 0, 0, 0, 0, 0, 0, 0
31.4038, 0, 0, 0, 1.41421, 0, 0, 0, 0, 0, 0, 0, 0, 0, 0, 0, 0, 0, 0, 0, 0, 0, 0, 0, 0, 0, 0, 0, 0, 0, 0
31.4116, 0, 0, 0, 1.41421, 0, 0, 0, 0, 0, 0, 0, 0, 0, 0, 0, 0, 0, 0, 0, 0, 0, 0, 0, 0, 0, 0, 0, 0, 0, 0
31.4195, 0, 0, 0, 1.41421, 0, 0, 0, 0, 0, 0, 0, 0, 0, 0, 0, 0, 0, 0, 0, 0, 0, 0, 0, 0, 0, 0, 0, 0, 0, 0
31.4274, 0, 0, 0, 1.41421, 0, 0, 0, 0, 0, 0, 0, 0, 0, 0, 0, 0, 0, 0, 0, 0, 0, 0, 0, 0, 0, 0, 0, 0, 0, 0
31.4352, 0, 0, 0, 1.41421, 0, 0, 0, 0, 0, 0, 0, 0, 0, 0, 0, 0, 0, 0, 0, 0, 0, 0, 0, 0, 0, 0, 0, 0, 0, 0
31.4431, 0, 0, 0, 1.41421, 0, 0, 0, 0, 0, 0, 0, 0, 0, 0, 0, 0, 0, 0, 0, 0, 0, 0, 0, 0, 0, 0, 0, 0, 0, 0
31.451, 0, 0, 0, 1.41421, 0, 0, 0, 0, 0, 0, 0, 0, 0, 0, 0, 0, 0, 0, 0, 0, 0, 0, 0, 0, 0, 0, 0, 0, 0, 0
31.4588, 0, 0, 0, 1.41421, 0, 0, 0, 0, 0, 0, 0, 0, 0, 0, 0, 0, 0, 0, 0, 0, 0, 0, 0, 0, 0, 0, 0, 0, 0, 0
31.4667, 0, 0, 0, 1.41421, 0, 0, 0, 0, 0, 0, 0, 0, 0, 0, 0, 0, 0, 0, 0, 0, 0, 0, 0, 0, 0, 0, 0, 0, 0, 0
31.4746, 0, 0, 0, 1.41421, 0, 0, 0, 0, 0, 0, 0, 0, 0, 0, 0, 0, 0, 0, 0, 0, 0, 0, 0, 0, 0, 0, 0, 0, 0, 0
31.4824, 0, 0, 0, 1.41421, 0, 0, 0, 0, 0, 0, 0, 0, 0, 0, 0, 0, 0, 0, 0, 0, 0, 0, 0, 0, 0, 0, 0, 0, 0, 0
31.4903, 0, 0, 0, 1.41421, 0, 0, 0, 0, 0, 0, 0, 0, 0, 0, 0, 0, 0, 0, 0, 0, 0, 0, 0, 0, 0, 0, 0, 0, 0, 0
31.4981, 0, 0, 0, 1.41421, 0, 0, 0, 0, 0, 0, 0, 0, 0, 0, 0, 0, 0, 0, 0, 0, 0, 0, 0, 0, 0, 0, 0, 0, 0, 0
31.506, 0, 0, 0, 1.41421, 0, 0, 0, 0, 0, 0, 0, 0, 0, 0, 0, 0, 0, 0, 0, 0, 0, 0, 0, 0, 0, 0, 0, 0, 0, 0
31.5139, 0, 0, 0, 1.41421, 0, 0, 0, 0, 0, 0, 0, 0, 0, 0, 0, 0, 0, 0, 0, 0, 0, 0, 0, 0, 0, 0, 0, 0, 0, 0
31.5217, 0, 0, 0, 1.41421, 0, 0, 0, 0, 0, 0, 0, 0, 0, 0, 0, 0, 0, 0, 0, 0, 0, 0, 0, 0, 0, 0, 0, 0, 0, 0
31.5296, 0, 0, 0, 1.41421, 0, 0, 0, 0, 0, 0, 0, 0, 0, 0, 0, 0, 0, 0, 0, 0, 0, 0, 0, 0, 0, 0, 0, 0, 0, 0
31.5375, 0, 0, 0, 1.41421, 0, 0, 0, 0, 0, 0, 0, 0, 0, 0, 0, 0, 0, 0, 0, 0, 0, 0, 0, 0, 0, 0, 0, 0, 0, 0
31.5453, 0, 0, 0, 1.41421, 0, 0, 0, 0, 0, 0, 0, 0, 0, 0, 0, 0, 0, 0, 0, 0, 0, 0, 0, 0, 0, 0, 0, 0, 0, 0
31.5532, 0, 0, 0, 1.41421, 0, 0, 0, 0, 0, 0, 0, 0, 0, 0, 0, 0, 0, 0, 0, 0, 0, 0, 0, 0, 0, 0, 0, 0, 0, 0
31.5611, 0, 0, 0, 1.41421, 0, 0, 0, 0, 0, 0, 0, 0, 0, 0, 0, 0, 0, 0, 0, 0, 0, 0, 0, 0, 0, 0, 0, 0, 0, 0
31.5689, 0, 0, 0, 1.41421, 0, 0, 0, 0, 0, 0, 0, 0, 0, 0, 0, 0, 0, 0, 0, 0, 0, 0, 0, 0, 0, 0, 0, 0, 0, 0
31.5768, 0, 0, 0, 1.41421, 0, 0, 0, 0, 0, 0, 0, 0, 0, 0, 0, 0, 0, 0, 0, 0, 0, 0, 0, 0, 0, 0, 0, 0, 0, 0
31.5847, 0, 0, 0, 1.41421, 0, 0, 0, 0, 0, 0, 0, 0, 0, 0, 0, 0, 0, 0, 0, 0, 0, 0, 0, 0, 0, 0, 0, 0, 0, 0
31.5925, 0, 0, 0, 1.41421, 0, 0, 0, 0, 0, 0, 0, 0, 0, 0, 0, 0, 0, 0, 0, 0, 0, 0, 0, 0, 0, 0, 0, 0, 0, 0
31.6004, 0, 0, 0, 1.41421, 0, 0, 0, 0, 0, 0, 0, 0, 0, 0, 0, 0, 0, 0, 0, 0, 0, 0, 0, 0, 0, 0, 0, 0, 0, 0
31.6083, 0, 0, 0, 1.41421, 0, 0, 0, 0, 0, 0, 0, 0, 0, 0, 0, 0, 0, 0, 0, 0, 0, 0, 0, 0, 0, 0, 0, 0, 0, 0
31.6161, 0, 0, 0, 1.41421, 0, 0, 0, 0, 0, 0, 0, 0, 0, 0, 0, 0, 0, 0, 0, 0, 0, 0, 0, 0, 0, 0, 0, 0, 0, 0
31.624, 0, 0, 0, 1.41421, 0, 0, 0, 0, 0, 0, 0, 0, 0, 0, 0, 0, 0, 0, 0, 0, 0, 0, 0, 0, 0, 0, 0, 0, 0, 0
31.6318, 0, 0, 0, 1.41421, 0, 0, 0, 0, 0, 0, 0, 0, 0, 0, 0, 0, 0, 0, 0, 0, 0, 0, 0, 0, 0, 0, 0, 0, 0, 0
31.6397, 0, 0, 0, 1.41421, 0, 0, 0, 0, 0, 0, 0, 0, 0, 0, 0, 0, 0, 0, 0, 0, 0, 0, 0, 0, 0, 0, 0, 0, 0, 0
31.6476, 0, 0, 0, 1.41421, 0, 0, 0, 0, 0, 0, 0, 0, 0, 0, 0, 0, 0, 0, 0, 0, 0, 0, 0, 0, 0, 0, 0, 0, 0, 0
31.6554, 0, 0, 0, 1.41421, 0, 0, 0, 0, 0, 0, 0, 0, 0, 0, 0, 0, 0, 0, 0, 0, 0, 0, 0, 0, 0, 0, 0, 0, 0, 0
31.6633, 0, 0, 0, 1.41421, 0, 0, 0, 0, 0, 0, 0, 0, 0, 0, 0, 0, 0, 0, 0, 0, 0, 0, 0, 0, 0, 0, 0, 0, 0, 0
31.6712, 0, 0, 0, 1.41421, 0, 0, 0, 0, 0, 0, 0, 0, 0, 0, 0, 0, 0, 0, 0, 0, 0, 0, 0, 0, 0, 0, 0, 0, 0, 0
31.679, 0, 0, 0, 1.41421, 0, 0, 0, 0, 0, 0, 0, 0, 0, 0, 0, 0, 0, 0, 0, 0, 0, 0, 0, 0, 0, 0, 0, 0, 0, 0
31.6869, 0, 0, 0, 1.41421, 0, 0, 0, 0, 0, 0, 0, 0, 0, 0, 0, 0, 0, 0, 0, 0, 0, 0, 0, 0, 0, 0, 0, 0, 0, 0
31.6948, 0, 0, 0, 1.41421, 0, 0, 0, 0, 0, 0, 0, 0, 0, 0, 0, 0, 0, 0, 0, 0, 0, 0, 0, 0, 0, 0, 0, 0, 0, 0
31.7026, 0, 0, 0, 1.41421, 0, 0, 0, 0, 0, 0, 0, 0, 0, 0, 0, 0, 0, 0, 0, 0, 0, 0, 0, 0, 0, 0, 0, 0, 0, 0
31.7105, 0, 0, 0, 1.41421, 0, 0, 0, 0, 0, 0, 0, 0, 0, 0, 0, 0, 0, 0, 0, 0, 0, 0, 0, 0, 0, 0, 0, 0, 0, 0
31.7184, 0, 0, 0, 1.41421, 0, 0, 0, 0, 0, 0, 0, 0, 0, 0, 0, 0, 0, 0, 0, 0, 0, 0, 0, 0, 0, 0, 0, 0, 0, 0
31.7262, 0, 0, 0, 1.41421, 0, 0, 0, 0, 0, 0, 0, 0, 0, 0, 0, 0, 0, 0, 0, 0, 0, 0, 0, 0, 0, 0, 0, 0, 0, 0
31.7341, 0, 0, 0, 1.41421, 0, 0, 0, 0, 0, 0, 0, 0, 0, 0, 0, 0, 0, 0, 0, 0, 0, 0, 0, 0, 0, 0, 0, 0, 0, 0
31.742, 0, 0, 0, 1.41421, 0, 0, 0, 0, 0, 0, 0, 0, 0, 0, 0, 0, 0, 0, 0, 0, 0, 0, 0, 0, 0, 0, 0, 0, 0, 0
31.7498, 0, 0, 0, 1.41421, 0, 0, 0, 0, 0, 0, 0, 0, 0, 0, 0, 0, 0, 0, 0, 0, 0, 0, 0, 0, 0, 0, 0, 0, 0, 0
31.7577, 0, 0, 0, 1.41421, 0, 0, 0, 0, 0, 0, 0, 0, 0, 0, 0, 0, 0, 0, 0, 0, 0, 0, 0, 0, 0, 0, 0, 0, 0, 0
31.7655, 0, 0, 0, 1.41421, 0, 0, 0, 0, 0, 0, 0, 0, 0, 0, 0, 0, 0, 0, 0, 0, 0, 0, 0, 0, 0, 0, 0, 0, 0, 0
31.7734, 0, 0, 0, 1.41421, 0, 0, 0, 0, 0, 0, 0, 0, 0, 0, 0, 0, 0, 0, 0, 0, 0, 0, 0, 0, 0, 0, 0, 0, 0, 0
31.7813, 0, 0, 0, 1.41421, 0, 0, 0, 0, 0, 0, 0, 0, 0, 0, 0, 0, 0, 0, 0, 0, 0, 0, 0, 0, 0, 0, 0, 0, 0, 0
31.7891, 0, 0, 0, 1.41421, 0, 0, 0, 0, 0, 0, 0, 0, 0, 0, 0, 0, 0, 0, 0, 0, 0, 0, 0, 0, 0, 0, 0, 0, 0, 0
31.797, 0, 0, 0, 1.41421, 0, 0, 0, 0, 0, 0, 0, 0, 0, 0, 0, 0, 0, 0, 0, 0, 0, 0, 0, 0, 0, 0, 0, 0, 0, 0
31.8049, 0, 0, 0, 1.41421, 0, 0, 0, 0, 0, 0, 0, 0, 0, 0, 0, 0, 0, 0, 0, 0, 0, 0, 0, 0, 0, 0, 0, 0, 0, 0
31.8127, 0, 0, 0, 1.41421, 0, 0, 0, 0, 0, 0, 0, 0, 0, 0, 0, 0, 0, 0, 0, 0, 0, 0, 0, 0, 0, 0, 0, 0, 0, 0
31.8206, 0, 0, 0, 1.41421, 0, 0, 0, 0, 0, 0, 0, 0, 0, 0, 0, 0, 0, 0, 0, 0, 0, 0, 0, 0, 0, 0, 0, 0, 0, 0
31.8285, 0, 0, 0, 1.41421, 0, 0, 0, 0, 0, 0, 0, 0, 0, 0, 0, 0, 0, 0, 0, 0, 0, 0, 0, 0, 0, 0, 0, 0, 0, 0
31.8363, 0, 0, 0, 1.41421, 0, 0, 0, 0, 0, 0, 0, 0, 0, 0, 0, 0, 0, 0, 0, 0, 0, 0, 0, 0, 0, 0, 0, 0, 0, 0
31.8442, 0, 0, 0, 1.41421, 0, 0, 0, 0, 0, 0, 0, 0, 0, 0, 0, 0, 0, 0, 0, 0, 0, 0, 0, 0, 0, 0, 0, 0, 0, 0
31.8521, 0, 0, 0, 1.41421, 0, 0, 0, 0, 0, 0, 0, 0, 0, 0, 0, 0, 0, 0, 0, 0, 0, 0, 0, 0, 0, 0, 0, 0, 0, 0
31.8599, 0, 0, 0, 1.41421, 0, 0, 0, 0, 0, 0, 0, 0, 0, 0, 0, 0, 0, 0, 0, 0, 0, 0, 0, 0, 0, 0, 0, 0, 0, 0
31.8678, 0, 0, 0, 1.41421, 0, 0, 0, 0, 0, 0, 0, 0, 0, 0, 0, 0, 0, 0, 0, 0, 0, 0, 0, 0, 0, 0, 0, 0, 0, 0
31.8757, 0, 0, 0, 1.41421, 0, 0, 0, 0, 0, 0, 0, 0, 0, 0, 0, 0, 0, 0, 0, 0, 0, 0, 0, 0, 0, 0, 0, 0, 0, 0
31.8835, 0, 0, 0, 1.41421, 0, 0, 0, 0, 0, 0, 0, 0, 0, 0, 0, 0, 0, 0, 0, 0, 0, 0, 0, 0, 0, 0, 0, 0, 0, 0
31.8914, 0, 0, 0, 1.41421, 0, 0, 0, 0, 0, 0, 0, 0, 0, 0, 0, 0, 0, 0, 0, 0, 0, 0, 0, 0, 0, 0, 0, 0, 0, 0
31.8992, 0, 0, 0, 1.41421, 0, 0, 0, 0, 0, 0, 0, 0, 0, 0, 0, 0, 0, 0, 0, 0, 0, 0, 0, 0, 0, 0, 0, 0, 0, 0
31.9071, 0, 0, 0, 1.41421, 0, 0, 0, 0, 0, 0, 0, 0, 0, 0, 0, 0, 0, 0, 0, 0, 0, 0, 0, 0, 0, 0, 0, 0, 0, 0
31.915, 0, 0, 0, 1.41421, 0, 0, 0, 0, 0, 0, 0, 0, 0, 0, 0, 0, 0, 0, 0, 0, 0, 0, 0, 0, 0, 0, 0, 0, 0, 0
31.9228, 0, 0, 0, 1.41421, 0, 0, 0, 0, 0, 0, 0, 0, 0, 0, 0, 0, 0, 0, 0, 0, 0, 0, 0, 0, 0, 0, 0, 0, 0, 0
31.9307, 0, 0, 0, 1.41421, 0, 0, 0, 0, 0, 0, 0, 0, 0, 0, 0, 0, 0, 0, 0, 0, 0, 0, 0, 0, 0, 0, 0, 0, 0, 0
31.9386, 0, 0, 0, 1.41421, 0, 0, 0, 0, 0, 0, 0, 0, 0, 0, 0, 0, 0, 0, 0, 0, 0, 0, 0, 0, 0, 0, 0, 0, 0, 0
31.9464, 0, 0, 0, 1.41421, 0, 0, 0, 0, 0, 0, 0, 0, 0, 0, 0, 0, 0, 0, 0, 0, 0, 0, 0, 0, 0, 0, 0, 0, 0, 0
31.9543, 0, 0, 0, 1.41421, 0, 0, 0, 0, 0, 0, 0, 0, 0, 0, 0, 0, 0, 0, 0, 0, 0, 0, 0, 0, 0, 0, 0, 0, 0, 0
31.9622, 0, 0, 0, 1.41421, 0, 0, 0, 0, 0, 0, 0, 0, 0, 0, 0, 0, 0, 0, 0, 0, 0, 0, 0, 0, 0, 0, 0, 0, 0, 0
31.97, 0, 0, 0, 1.41421, 0, 0, 0, 0, 0, 0, 0, 0, 0, 0, 0, 0, 0, 0, 0, 0, 0, 0, 0, 0, 0, 0, 0, 0, 0, 0
31.9779, 0, 0, 0, 1.41421, 0, 0, 0, 0, 0, 0, 0, 0, 0, 0, 0, 0, 0, 0, 0, 0, 0, 0, 0, 0, 0, 0, 0, 0, 0, 0
31.9858, 0, 0, 0, 1.41421, 0, 0, 0, 0, 0, 0, 0, 0, 0, 0, 0, 0, 0, 0, 0, 0, 0, 0, 0, 0, 0, 0, 0, 0, 0, 0
31.9936, 0, 0, 0, 1.41421, 0, 0, 0, 0, 0, 0, 0, 0, 0, 0, 0, 0, 0, 0, 0, 0, 0, 0, 0, 0, 0, 0, 0, 0, 0, 0
32.0015, 0, 0, 0, 1.41421, 0, 0, 0, 0, 0, 0, 0, 0, 0, 0, 0, 0, 0, 0, 0, 0, 0, 0, 0, 0, 0, 0, 0, 0, 0, 0
32.0094, 0, 0, 0, 1.41421, 0, 0, 0, 0, 0, 0, 0, 0, 0, 0, 0, 0, 0, 0, 0, 0, 0, 0, 0, 0, 0, 0, 0, 0, 0, 0
32.0172, 0, 0, 0, 1.41421, 0, 0, 0, 0, 0, 0, 0, 0, 0, 0, 0, 0, 0, 0, 0, 0, 0, 0, 0, 0, 0, 0, 0, 0, 0, 0
32.0251, 0, 0, 0, 1.41421, 0, 0, 0, 0, 0, 0, 0, 0, 0, 0, 0, 0, 0, 0, 0, 0, 0, 0, 0, 0, 0, 0, 0, 0, 0, 0
32.0329, 0, 0, 0, 1.41421, 0, 0, 0, 0, 0, 0, 0, 0, 0, 0, 0, 0, 0, 0, 0, 0, 0, 0, 0, 0, 0, 0, 0, 0, 0, 0
32.0408, 0, 0, 0, 1.41421, 0, 0, 0, 0, 0, 0, 0, 0, 0, 0, 0, 0, 0, 0, 0, 0, 0, 0, 0, 0, 0, 0, 0, 0, 0, 0
32.0487, 0, 0, 0, 1.41421, 0, 0, 0, 0, 0, 0, 0, 0, 0, 0, 0, 0, 0, 0, 0, 0, 0, 0, 0, 0, 0, 0, 0, 0, 0, 0
32.0565, 0, 0, 0, 1.41421, 0, 0, 0, 0, 0, 0, 0, 0, 0, 0, 0, 0, 0, 0, 0, 0, 0, 0, 0, 0, 0, 0, 0, 0, 0, 0
32.0644, 0, 0, 0, 1.41421, 0, 0, 0, 0, 0, 0, 0, 0, 0, 0, 0, 0, 0, 0, 0, 0, 0, 0, 0, 0, 0, 0, 0, 0, 0, 0
32.0723, 0, 0, 0, 1.41421, 0, 0, 0, 0, 0, 0, 0, 0, 0, 0, 0, 0, 0, 0, 0, 0, 0, 0, 0, 0, 0, 0, 0, 0, 0, 0
32.0801, 0, 0, 0, 1.41421, 0, 0, 0, 0, 0, 0, 0, 0, 0, 0, 0, 0, 0, 0, 0, 0, 0, 0, 0, 0, 0, 0, 0, 0, 0, 0
32.088, 0, 0, 0, 1.41421, 0, 0, 0, 0, 0, 0, 0, 0, 0, 0, 0, 0, 0, 0, 0, 0, 0, 0, 0, 0, 0, 0, 0, 0, 0, 0
32.0959, 0, 0, 0, 1.41421, 0, 0, 0, 0, 0, 0, 0, 0, 0, 0, 0, 0, 0, 0, 0, 0, 0, 0, 0, 0, 0, 0, 0, 0, 0, 0
32.1037, 0, 0, 0, 1.41421, 0, 0, 0, 0, 0, 0, 0, 0, 0, 0, 0, 0, 0, 0, 0, 0, 0, 0, 0, 0, 0, 0, 0, 0, 0, 0
32.1116, 0, 0, 0, 1.41421, 0, 0, 0, 0, 0, 0, 0, 0, 0, 0, 0, 0, 0, 0, 0, 0, 0, 0, 0, 0, 0, 0, 0, 0, 0, 0
32.1195, 0, 0, 0, 1.41421, 0, 0, 0, 0, 0, 0, 0, 0, 0, 0, 0, 0, 0, 0, 0, 0, 0, 0, 0, 0, 0, 0, 0, 0, 0, 0
32.1273, 0, 0, 0, 1.41421, 0, 0, 0, 0, 0, 0, 0, 0, 0, 0, 0, 0, 0, 0, 0, 0, 0, 0, 0, 0, 0, 0, 0, 0, 0, 0
32.1352, 0, 0, 0, 1.41421, 0, 0, 0, 0, 0, 0, 0, 0, 0, 0, 0, 0, 0, 0, 0, 0, 0, 0, 0, 0, 0, 0, 0, 0, 0, 0
32.1431, 0, 0, 0, 1.41421, 0, 0, 0, 0, 0, 0, 0, 0, 0, 0, 0, 0, 0, 0, 0, 0, 0, 0, 0, 0, 0, 0, 0, 0, 0, 0
32.1509, 0, 0, 0, 1.41421, 0, 0, 0, 0, 0, 0, 0, 0, 0, 0, 0, 0, 0, 0, 0, 0, 0, 0, 0, 0, 0, 0, 0, 0, 0, 0
32.1588, 0, 0, 0, 1.41421, 0, 0, 0, 0, 0, 0, 0, 0, 0, 0, 0, 0, 0, 0, 0, 0, 0, 0, 0, 0, 0, 0, 0, 0, 0, 0
32.1666, 0, 0, 0, 1.41421, 0, 0, 0, 0, 0, 0, 0, 0, 0, 0, 0, 0, 0, 0, 0, 0, 0, 0, 0, 0, 0, 0, 0, 0, 0, 0
32.1745, 0, 0, 0, 1.41421, 0, 0, 0, 0, 0, 0, 0, 0, 0, 0, 0, 0, 0, 0, 0, 0, 0, 0, 0, 0, 0, 0, 0, 0, 0, 0
32.1824, 0, 0, 0, 1.41421, 0, 0, 0, 0, 0, 0, 0, 0, 0, 0, 0, 0, 0, 0, 0, 0, 0, 0, 0, 0, 0, 0, 0, 0, 0, 0
32.1902, 0, 0, 0, 1.41421, 0, 0, 0, 0, 0, 0, 0, 0, 0, 0, 0, 0, 0, 0, 0, 0, 0, 0, 0, 0, 0, 0, 0, 0, 0, 0
32.1981, 0, 0, 0, 1.41421, 0, 0, 0, 0, 0, 0, 0, 0, 0, 0, 0, 0, 0, 0, 0, 0, 0, 0, 0, 0, 0, 0, 0, 0, 0, 0
32.206, 0, 0, 0, 1.41421, 0, 0, 0, 0, 0, 0, 0, 0, 0, 0, 0, 0, 0, 0, 0, 0, 0, 0, 0, 0, 0, 0, 0, 0, 0, 0
