   PIQUANT 0.0.0-main  ps__0545_0715362334_000rfs_shot_822.msa
Energy (keV), meas, calc, bkg, sigma, residual, DetCE, Br_K, Zn_K, Fe_K, Cr_K, Ti_K, Cl_K, S_K, P_K, Si_K, Br_L, Al_K, Mg_K, Zn_L, Na_K, Rh_K_coh, Rh_L_coh, Rh_K_inc, Pileup, Rh_L_coh_Lb1
0.00686127, 0, 2.14416e-14, 0, 1.41421, -2.14416e-14, 0, 0, 0, 0, 0, 0, 0, 0, 0, 0, 1.5418e-16, 0, 0, 1.35465e-16, 0, 0, 2.11519e-14, 0, 0, 0
0.0147041, 0, 3.28925e-14, 0, 1.41421, -3.28925e-14, 0, 0, 0, 0, 0, 0, 0, 0, 0, 0, 2.36492e-16, 0, 0, 2.1172e-16, 0, 0, 3.24443e-14, 0, 0, 0
0.0225468, 0, 5.02373e-14, 0, 1.41421, -5.02373e-14, 0, 0, 0, 0, 0, 0, 0, 0, 0, 0, 3.61156e-16, 0, 0, 3.29518e-16, 0, 0, 4.95466e-14, 0, 0, 0
0.0303896, 0, 7.63939e-14, 0, 1.41421, -7.63939e-14, 0, 0, 0, 0, 0, 0, 0, 0, 0, 0, 5.49128e-16, 0, 0, 5.1074e-16, 0, 0, 7.5334e-14, 0, 0, 0
0.0382324, 0, 1.15666e-13, 0, 1.41421, -1.15666e-13, 0, 0, 0, 0, 0, 0, 0, 0, 0, 0, 8.31319e-16, 0, 0, 7.88404e-16, 0, 0, 1.14047e-13, 0, 0, 0
0.0460752, 0, 1.74374e-13, 0, 1.41421, -1.74374e-13, 0, 0, 0, 0, 0, 0, 0, 0, 0, 0, 1.25311e-15, 0, 0, 1.21212e-15, 0, 0, 1.71909e-13, 0, 0, 0
0.0539179, 0, 2.61754e-13, 0, 1.41421, -2.61754e-13, 0, 0, 0, 0, 0, 0, 0, 0, 0, 0, 1.8808e-15, 0, 0, 1.85615e-15, 0, 0, 2.58017e-13, 0, 0, 0
0.0617607, 0, 3.9125e-13, 0, 1.41421, -3.9125e-13, 0, 0, 0, 0, 0, 0, 0, 0, 0, 0, 2.81092e-15, 0, 0, 2.83124e-15, 0, 0, 3.85608e-13, 0, 0, 0
0.0696035, 0, 5.82334e-13, 0, 1.41421, -5.82334e-13, 0, 0, 0, 0, 0, 0, 0, 0, 0, 0, 4.1832e-15, 0, 0, 4.30192e-15, 0, 0, 5.73849e-13, 0, 0, 0
0.0774463, 0, 8.6309e-13, 0, 1.41421, -8.6309e-13, 0, 0, 0, 0, 0, 0, 0, 0, 0, 0, 6.19918e-15, 0, 0, 6.51175e-15, 0, 0, 8.50379e-13, 0, 0, 0
0.0852891, 0, 1.27384e-12, 0, 1.41421, -1.27384e-12, 0, 0, 0, 0, 0, 0, 0, 0, 0, 0, 9.14819e-15, 0, 0, 9.82037e-15, 0, 0, 1.25487e-12, 0, 0, 0
0.0931318, 0, 1.87222e-12, 0, 1.41421, -1.87222e-12, 0, 0, 0, 0, 0, 0, 0, 0, 0, 0, 1.34437e-14, 0, 0, 1.47567e-14, 0, 0, 1.84402e-12, 0, 0, 0
0.100975, 0, 2.74024e-12, 0, 1.41421, -2.74024e-12, 0, 0, 0, 0, 0, 0, 0, 0, 0, 0, 1.9674e-14, 0, 0, 2.20958e-14, 0, 0, 2.69847e-12, 0, 0, 0
0.108817, 0, 3.99408e-12, 0, 1.41421, -3.99408e-12, 0, 0, 0, 0, 0, 0, 0, 0, 0, 0, 2.86724e-14, 0, 0, 3.2971e-14, 0, 0, 3.93244e-12, 0, 0, 0
0.11666, 0, 5.79762e-12, 0, 1.41421, -5.79762e-12, 0, 0, 0, 0, 0, 0, 0, 0, 0, 0, 4.16142e-14, 0, 0, 4.90346e-14, 0, 0, 5.70697e-12, 0, 0, 0
0.124503, 0, 8.38097e-12, 0, 1.41421, -8.38097e-12, 0, 0, 0, 0, 0, 0, 0, 0, 0, 0, 6.01493e-14, 0, 0, 7.26897e-14, 0, 0, 8.24813e-12, 0, 0, 0
0.132346, 0, 1.20658e-11, 0, 1.41421, -1.20658e-11, 0, 0, 0, 0, 0, 0, 0, 0, 0, 0, 8.65844e-14, 0, 0, 1.07423e-13, 0, 0, 1.18718e-11, 0, 0, 0
0.140189, 0, 1.72998e-11, 0, 1.41421, -1.72998e-11, 0, 0, 0, 0, 0, 0, 0, 0, 0, 0, 1.24129e-13, 0, 0, 1.58286e-13, 0, 0, 1.70174e-11, 0, 0, 0
0.148031, 0, 2.47035e-11, 0, 1.41421, -2.47035e-11, 0, 0, 0, 0, 0, 0, 0, 0, 0, 0, 1.77232e-13, 0, 0, 2.32581e-13, 0, 0, 2.42937e-11, 0, 0, 0
0.155874, 0, 3.51327e-11, 0, 1.41421, -3.51327e-11, 0, 0, 0, 0, 0, 0, 0, 0, 0, 0, 2.52029e-13, 0, 0, 3.40852e-13, 0, 0, 3.45398e-11, 0, 0, 0
0.163717, 0, 4.97632e-11, 0, 1.41421, -4.97632e-11, 0, 0, 0, 0, 0, 0, 0, 0, 0, 0, 3.56949e-13, 0, 0, 4.9831e-13, 0, 0, 4.8908e-11, 0, 0, 0
0.17156, 0, 7.02029e-11, 0, 1.41421, -7.02029e-11, 0, 0, 0, 0, 0, 0, 0, 0, 0, 0, 5.03519e-13, 0, 0, 7.26882e-13, 0, 0, 6.89725e-11, 0, 0, 0
0.179402, 0, 9.86414e-11, 0, 1.41421, -9.86414e-11, 0, 0, 0, 0, 0, 0, 0, 0, 0, 0, 7.07436e-13, 0, 0, 1.05816e-12, 0, 0, 9.68758e-11, 0, 0, 0
0.187245, 0, 1.38047e-10, 0, 1.41421, -1.38047e-10, 0, 0, 0, 0, 0, 0, 0, 0, 0, 0, 9.89983e-13, 0, 0, 1.53767e-12, 0, 0, 1.35519e-10, 0, 0, 0
0.195088, 0, 1.92427e-10, 0, 1.41421, -1.92427e-10, 0, 0, 0, 0, 0, 0, 0, 0, 0, 0, 1.37989e-12, 0, 0, 2.23101e-12, 0, 0, 1.88816e-10, 0, 0, 0
0.202931, 0, 2.67168e-10, 0, 1.41421, -2.67168e-10, 0, 0, 0, 0, 0, 0, 0, 0, 0, 0, 1.9158e-12, 0, 0, 3.23278e-12, 0, 0, 2.62019e-10, 0, 0, 0
0.210774, 0, 3.6948e-10, 1.54143e-44, 1.41421, -3.6948e-10, 0, 1.54143e-44, 1.54143e-44, 1.54143e-44, 1.54143e-44, 1.54143e-44, 1.54143e-44, 1.54143e-44, 1.54143e-44, 1.54143e-44, 2.64941e-12, 1.54143e-44, 1.54143e-44, 4.67946e-12, 1.54143e-44, 1.54143e-44, 3.62151e-10, 1.54143e-44, 1.54143e-44, 1.54143e-44
0.218616, 0, 5.08973e-10, 2.98477e-43, 1.41421, -5.08973e-10, 0, 2.98477e-43, 2.98477e-43, 2.98477e-43, 2.98477e-43, 2.98477e-43, 2.98477e-43, 2.98477e-43, 2.98477e-43, 2.98477e-43, 3.64967e-12, 2.98477e-43, 2.98477e-43, 6.76815e-12, 2.98477e-43, 2.98477e-43, 4.98556e-10, 2.98477e-43, 2.98477e-43, 2.98477e-43
0.226459, 0, 6.98404e-10, 4.316e-42, 1.41421, -6.98404e-10, 0, 4.316e-42, 4.316e-42, 4.316e-42, 4.316e-42, 4.316e-42, 4.316e-42, 4.316e-42, 4.316e-42, 4.316e-42, 5.00809e-12, 4.316e-42, 4.316e-42, 9.78372e-12, 4.316e-42, 4.316e-42, 6.83613e-10, 4.316e-42, 4.316e-42, 4.316e-42
0.234302, 0, 9.54636e-10, 5.7365e-41, 1.41421, -9.54636e-10, 0, 5.7365e-41, 5.7365e-41, 5.7365e-41, 5.7365e-41, 5.7365e-41, 5.7365e-41, 5.7365e-41, 5.7365e-41, 5.7365e-41, 6.84567e-12, 5.7365e-41, 5.7365e-41, 1.41384e-11, 5.7365e-41, 5.7365e-41, 9.33651e-10, 5.7365e-41, 5.7365e-41, 5.7365e-41
0.242145, 0, 1.29987e-09, 6.83884e-40, 1.41421, -1.29987e-09, 0, 6.83884e-40, 6.83884e-40, 6.83884e-40, 6.83884e-40, 6.83884e-40, 6.83884e-40, 6.83884e-40, 6.83884e-40, 6.83884e-40, 9.32175e-12, 6.83884e-40, 6.83884e-40, 2.04291e-11, 6.83884e-40, 6.83884e-40, 1.27012e-09, 6.83884e-40, 6.83884e-40, 6.83884e-40
0.249987, 0, 1.76321e-09, 7.34685e-39, 1.41421, -1.76321e-09, 0, 7.34685e-39, 7.34685e-39, 7.34685e-39, 7.34685e-39, 7.34685e-39, 7.34685e-39, 7.34685e-39, 7.34685e-39, 7.34685e-39, 1.26453e-11, 7.34685e-39, 7.34685e-39, 2.95213e-11, 7.34685e-39, 7.34685e-39, 1.72104e-09, 7.34685e-39, 7.34685e-39, 7.34685e-39
0.25783, 0, 2.38269e-09, 7.14073e-38, 1.41421, -2.38269e-09, 0, 7.14073e-38, 7.14073e-38, 7.14073e-38, 7.14073e-38, 7.14073e-38, 7.14073e-38, 7.14073e-38, 7.14073e-38, 7.14073e-38, 1.70892e-11, 7.14073e-38, 7.14073e-38, 4.267e-11, 7.14073e-38, 7.14073e-38, 2.32293e-09, 7.14073e-38, 7.14073e-38, 7.14073e-38
0.265673, 0, 3.20779e-09, 6.31192e-37, 1.41421, -3.20779e-09, 0, 6.31192e-37, 6.31192e-37, 6.31192e-37, 6.31192e-37, 6.31192e-37, 6.31192e-37, 6.31192e-37, 6.31192e-37, 6.31192e-37, 2.30087e-11, 6.31192e-37, 6.31192e-37, 6.16968e-11, 6.31192e-37, 6.31192e-37, 3.12309e-09, 6.31192e-37, 6.31192e-37, 6.31192e-37
0.273516, 0, 4.30267e-09, 5.09957e-36, 1.41421, -4.30267e-09, 0, 5.09957e-36, 5.09957e-36, 5.09957e-36, 5.09957e-36, 5.09957e-36, 5.09957e-36, 5.09957e-36, 5.09957e-36, 5.09957e-36, 3.08642e-11, 5.09957e-36, 5.09957e-36, 8.92457e-11, 5.09957e-36, 5.09957e-36, 4.18256e-09, 5.09957e-36, 5.09957e-36, 5.09957e-36
0.281359, 0, 5.75018e-09, 3.78518e-35, 1.41421, -5.75018e-09, 0, 3.78518e-35, 3.78518e-35, 3.78518e-35, 3.78518e-35, 3.78518e-35, 3.78518e-35, 3.78518e-35, 3.78518e-35, 3.78518e-35, 4.12501e-11, 3.78518e-35, 3.78518e-35, 1.29153e-10, 3.78518e-35, 3.78518e-35, 5.57978e-09, 3.78518e-35, 3.78518e-35, 3.78518e-35
0.289201, 0, 7.657e-09, 2.56405e-34, 1.41421, -7.657e-09, 0, 2.56405e-34, 2.56405e-34, 2.56405e-34, 2.56405e-34, 2.56405e-34, 2.56405e-34, 2.56405e-34, 2.56405e-34, 2.56405e-34, 5.49312e-11, 2.56405e-34, 2.56405e-34, 1.86986e-10, 2.56405e-34, 2.56405e-34, 7.41509e-09, 2.56405e-34, 2.56405e-34, 2.56405e-34
0.297044, 0, 1.016e-08, 1.70944e-33, 1.41421, -1.016e-08, 0, 1.70944e-33, 1.70944e-33, 1.70944e-33, 1.70944e-33, 1.70944e-33, 1.70944e-33, 1.70944e-33, 1.70944e-33, 1.70944e-33, 7.2888e-11, 1.70944e-33, 1.70944e-33, 2.70811e-10, 1.70944e-33, 1.70944e-33, 9.81631e-09, 1.70944e-33, 1.70944e-33, 1.70944e-33
0.304887, 0, 1.34343e-08, 1.1016e-32, 1.41421, -1.34343e-08, 0, 1.1016e-32, 1.1016e-32, 1.1016e-32, 1.1016e-32, 1.1016e-32, 1.1016e-32, 1.1016e-32, 1.1016e-32, 1.1016e-32, 9.63726e-11, 1.1016e-32, 1.1016e-32, 3.92307e-10, 1.1016e-32, 1.1016e-32, 1.29456e-08, 1.1016e-32, 1.1016e-32, 1.1016e-32
0.31273, 0, 1.7703e-08, 6.66638e-32, 1.41421, -1.7703e-08, 0, 6.66638e-32, 6.66638e-32, 6.66638e-32, 6.66638e-32, 6.66638e-32, 6.66638e-32, 6.66638e-32, 6.66638e-32, 6.66638e-32, 1.26979e-10, 6.66638e-32, 6.66638e-32, 5.68355e-10, 6.66638e-32, 6.66638e-32, 1.70077e-08, 6.66638e-32, 6.66638e-32, 6.66638e-32
0.320572, 0, 2.32502e-08, 3.77575e-31, 1.41421, -2.32502e-08, 0, 3.77575e-31, 3.77575e-31, 3.77575e-31, 3.77575e-31, 3.77575e-31, 3.77575e-31, 3.77575e-31, 3.77575e-31, 3.77575e-31, 1.66728e-10, 3.77575e-31, 3.77575e-31, 8.23305e-10, 3.77575e-31, 3.77575e-31, 2.22602e-08, 3.77575e-31, 3.77575e-31, 3.77575e-31
0.328415, 0, 3.04359e-08, 2.00103e-30, 1.41421, -3.04359e-08, 0, 2.00103e-30, 2.00103e-30, 2.00103e-30, 2.00103e-30, 2.00103e-30, 2.00103e-30, 2.00103e-30, 2.00103e-30, 2.00103e-30, 2.18177e-10, 2.00103e-30, 2.00103e-30, 1.1922e-09, 2.00103e-30, 2.00103e-30, 2.90255e-08, 2.00103e-30, 2.00103e-30, 2.00103e-30
0.336258, 0, 3.9716e-08, 9.94668e-30, 1.41421, -3.9716e-08, 0, 9.94668e-30, 9.94668e-30, 9.94668e-30, 9.94668e-30, 9.94668e-30, 9.94668e-30, 9.94668e-30, 9.94668e-30, 9.94668e-30, 2.84545e-10, 9.94668e-30, 9.94668e-30, 1.72536e-09, 9.94668e-30, 9.94668e-30, 3.77061e-08, 9.94668e-30, 9.94668e-30, 9.94668e-30
0.344101, 0, 5.1666e-08, 4.65256e-29, 1.41421, -5.1666e-08, 0, 4.65256e-29, 4.65256e-29, 4.65256e-29, 4.65256e-29, 4.65256e-29, 4.65256e-29, 4.65256e-29, 4.65256e-29, 4.65256e-29, 3.69876e-10, 4.65256e-29, 4.65256e-29, 2.49478e-09, 4.65256e-29, 4.65256e-29, 4.88014e-08, 4.65256e-29, 4.65256e-29, 4.65256e-29
0.351944, 0, 6.70118e-08, 2.0556e-28, 1.41421, -6.70118e-08, 0, 2.0556e-28, 2.0556e-28, 2.0556e-28, 2.0556e-28, 2.0556e-28, 2.0556e-28, 2.0556e-28, 2.0556e-28, 2.0556e-28, 4.79235e-10, 2.0556e-28, 2.0556e-28, 3.60317e-09, 2.0556e-28, 2.0556e-28, 6.29294e-08, 2.0556e-28, 2.0556e-28, 2.0556e-28
0.359786, 0, 8.66667e-08, 8.59981e-28, 1.41421, -8.66667e-08, 0, 8.59981e-28, 8.59981e-28, 8.59981e-28, 8.59981e-28, 8.59981e-28, 8.59981e-28, 8.59981e-28, 8.59981e-28, 8.59981e-28, 6.1894e-10, 8.59981e-28, 8.59981e-28, 5.19654e-09, 8.59981e-28, 8.59981e-28, 8.08512e-08, 8.59981e-28, 8.59981e-28, 8.59981e-28
0.367629, 0, 1.11779e-07, 3.41562e-27, 1.41421, -1.11779e-07, 0, 3.41562e-27, 3.41562e-27, 3.41562e-27, 3.41562e-27, 3.41562e-27, 3.41562e-27, 3.41562e-27, 3.41562e-27, 3.41562e-27, 7.96852e-10, 3.41562e-27, 3.41562e-27, 7.48168e-09, 3.41562e-27, 3.41562e-27, 1.035e-07, 3.41562e-27, 3.41562e-27, 3.41562e-27
0.375472, 0, 1.43791e-07, 1.29125e-26, 1.41421, -1.43791e-07, 0, 1.29125e-26, 1.29125e-26, 1.29125e-26, 1.29125e-26, 1.29125e-26, 1.29125e-26, 1.29125e-26, 1.29125e-26, 1.29125e-26, 1.02272e-09, 1.29125e-26, 1.29125e-26, 1.07503e-08, 1.29125e-26, 1.29125e-26, 1.32018e-07, 1.29125e-26, 1.29125e-26, 1.29125e-26
0.383315, 0, 1.84513e-07, 4.65763e-26, 1.41421, -1.84513e-07, 0, 4.65763e-26, 4.65763e-26, 4.65763e-26, 4.65763e-26, 4.65763e-26, 3.10979e-13, 4.65763e-26, 4.65763e-26, 4.65763e-26, 1.30861e-09, 4.65763e-26, 4.65763e-26, 1.5412e-08, 4.65763e-26, 4.65763e-26, 1.67792e-07, 4.65763e-26, 4.65763e-26, 4.65763e-26
0.391157, 0, 2.36214e-07, 1.60682e-25, 1.41421, -2.36214e-07, 0, 1.60682e-25, 1.60682e-25, 1.60682e-25, 1.60682e-25, 1.60682e-25, 9.00012e-13, 1.60682e-25, 1.60682e-25, 1.60682e-25, 1.66937e-09, 1.60682e-25, 1.60682e-25, 2.20399e-08, 1.60682e-25, 1.60682e-25, 2.12504e-07, 1.60682e-25, 1.60682e-25, 1.60682e-25
0.399, 0, 3.02635e-07, 5.38025e-25, 1.41421, -3.02635e-07, 0, 7.34369e-15, 5.94962e-12, 4.9267e-12, 6.82154e-11, 4.89851e-10, 1.57005e-11, 2.29077e-11, 2.97146e-11, 1.88412e-10, 2.12332e-09, 2.71901e-12, 2.30986e-13, 3.14319e-08, 2.6905e-13, 3.39784e-16, 2.68222e-07, 5.38025e-25, 5.38025e-25, 2.8663e-11
0.406843, 0, 3.87316e-07, 7.13361e-11, 1.41421, -3.87316e-07, 7.13361e-11, 7.13573e-11, 8.84984e-11, 8.55477e-11, 2.6811e-10, 1.48436e-09, 1.14879e-10, 1.37416e-10, 1.57051e-10, 6.1483e-10, 2.76415e-09, 7.91794e-11, 7.20024e-11, 4.47668e-08, 7.42318e-11, 7.13371e-11, 3.37454e-07, 7.13361e-11, 7.13361e-11, 1.54017e-10
0.414686, 0, 4.95394e-07, 2.05656e-10, 1.41421, -4.95394e-07, 2.05656e-10, 2.05703e-10, 2.43668e-10, 2.37133e-10, 6.4149e-10, 3.33535e-09, 3.00883e-10, 3.52015e-10, 3.95505e-10, 1.40944e-09, 3.61085e-09, 2.23028e-10, 2.07132e-10, 6.35632e-08, 2.16025e-10, 2.05658e-10, 4.23148e-07, 2.05656e-10, 2.05656e-10, 3.88786e-10
0.422529, 0, 6.33783e-07, 4.54831e-10, 1.41421, -6.33783e-07, 4.54831e-10, 4.54926e-10, 5.31117e-10, 5.18001e-10, 1.32949e-09, 6.73568e-09, 6.44769e-10, 7.48553e-10, 8.35831e-10, 2.87064e-09, 4.74858e-09, 4.89695e-10, 4.57793e-10, 8.99684e-08, 4.80632e-10, 4.54836e-10, 5.28969e-07, 4.54831e-10, 4.54831e-10, 8.22347e-10
0.430371, 0, 8.11678e-07, 9.11744e-10, 1.41421, -8.11678e-07, 9.11744e-10, 9.11923e-10, 1.0574e-09, 1.03236e-09, 2.58174e-09, 1.29039e-08, 1.27305e-09, 1.47255e-09, 1.63919e-09, 5.52431e-09, 6.31064e-09, 9.78309e-10, 9.17398e-10, 1.2694e-07, 9.67645e-10, 9.11752e-10, 6.5923e-07, 9.11744e-10, 9.11744e-10, 1.61345e-09
0.438214, 0, 1.04172e-06, 1.73921e-09, 1.41421, -1.04172e-06, 1.73921e-09, 1.73955e-09, 2.00902e-09, 1.96263e-09, 4.8327e-09, 2.39533e-08, 2.4064e-09, 2.77805e-09, 3.08673e-09, 1.02835e-08, 8.50873e-09, 1.86252e-09, 1.74969e-09, 1.78536e-07, 1.85181e-09, 1.73923e-09, 8.19208e-07, 1.73921e-09, 1.73921e-09, 3.03904e-09
0.446057, 0, 1.34175e-06, 3.21931e-09, 1.41421, -1.34175e-06, 3.21931e-09, 3.21991e-09, 3.70856e-09, 3.62444e-09, 8.82884e-09, 4.3501e-08, 4.65734e-09, 5.10307e-09, 5.66281e-09, 1.87129e-08, 1.16839e-08, 3.4429e-09, 3.2383e-09, 2.50317e-07, 3.43609e-09, 3.21933e-09, 1.01533e-06, 3.21931e-09, 3.21931e-09, 5.57634e-09
0.4539, 0, 1.73667e-06, 5.83407e-09, 1.41421, -1.73667e-06, 5.83407e-09, 5.83514e-09, 6.70638e-09, 6.5564e-09, 1.58356e-08, 7.76546e-08, 8.64998e-09, 9.19273e-09, 1.01907e-08, 3.34585e-08, 1.6389e-08, 6.23272e-09, 5.86793e-09, 3.4987e-07, 6.23876e-09, 5.83412e-09, 1.25547e-06, 5.83407e-09, 5.83407e-09, 1.00365e-08
0.461742, 0, 2.26537e-06, 1.03964e-08, 1.41421, -2.26537e-06, 1.03964e-08, 1.03983e-08, 1.19291e-08, 1.16656e-08, 2.79698e-08, 1.3659e-07, 1.85208e-08, 1.62978e-08, 1.80514e-08, 5.89345e-08, 2.3522e-08, 1.10969e-08, 1.04559e-08, 4.87548e-07, 1.11347e-08, 1.03965e-08, 1.54942e-06, 1.03964e-08, 1.03964e-08, 1.77805e-08
0.469585, 0, 2.98013e-06, 1.82589e-08, 1.41421, -2.98013e-06, 1.82589e-08, 1.82622e-08, 2.09161e-08, 2.04593e-08, 4.87251e-08, 2.37035e-07, 3.607e-08, 2.84899e-08, 3.153e-08, 1.02407e-07, 3.45369e-08, 1.94733e-08, 1.83621e-08, 6.7757e-07, 1.95808e-08, 1.82591e-08, 1.90954e-06, 1.82589e-08, 1.82589e-08, 3.10603e-08
0.477428, 0, 3.96024e-06, 3.16416e-08, 1.41421, -3.96024e-06, 3.16416e-08, 3.16472e-08, 3.61899e-08, 3.54079e-08, 8.37896e-08, 4.06113e-07, 6.68807e-08, 4.91537e-08, 5.43573e-08, 1.75675e-07, 5.17748e-08, 3.37202e-08, 3.18182e-08, 9.39198e-07, 3.39714e-08, 3.16419e-08, 2.35161e-06, 3.16416e-08, 3.16416e-08, 5.35533e-08
0.485271, 0, 5.32286e-06, 5.4139e-08, 1.41421, -5.32286e-06, 5.4139e-08, 5.41485e-08, 6.18282e-08, 6.05062e-08, 1.423e-07, 6.87215e-07, 1.20227e-07, 8.37447e-08, 9.25418e-08, 2.9764e-07, 7.89739e-08, 5.76531e-08, 5.44376e-08, 1.29816e-06, 5.81874e-08, 5.41395e-08, 2.89619e-06, 5.4139e-08, 5.4139e-08, 9.11827e-08
0.493114, 0, 7.24065e-06, 9.14927e-08, 1.41421, -7.24065e-06, 9.14927e-08, 9.15086e-08, 1.04335e-07, 1.02127e-07, 2.38732e-07, 1.14881e-06, 2.08892e-07, 1.40938e-07, 1.5563e-07, 4.9817e-07, 1.22046e-07, 9.73616e-08, 9.19913e-08, 1.78998e-06, 9.84352e-08, 9.14934e-08, 3.57073e-06, 9.14927e-08, 9.14927e-08, 1.5336e-07
0.500956, 0, 9.97535e-06, 1.52749e-07, 1.41421, -9.97535e-06, 1.52749e-07, 1.52776e-07, 1.7394e-07, 1.70297e-07, 3.95715e-07, 1.89747e-06, 3.59086e-07, 2.34341e-07, 2.58585e-07, 8.23824e-07, 1.9024e-07, 1.62434e-07, 1.53572e-07, 2.46265e-06, 1.64507e-07, 1.52751e-07, 4.41232e-06, 1.52749e-07, 1.52749e-07, 2.54839e-07
0.508799, 0, 1.39133e-05, 2.51965e-07, 1.41421, -1.39133e-05, 2.51965e-07, 2.52008e-07, 2.86517e-07, 2.80577e-07, 6.48125e-07, 3.09677e-06, 6.10748e-07, 3.85001e-07, 4.24532e-07, 1.34617e-06, 2.97849e-07, 2.67756e-07, 2.53307e-07, 3.38122e-06, 2.71637e-07, 2.51967e-07, 5.47216e-06, 2.51965e-07, 2.51965e-07, 4.18425e-07
0.516642, 0, 1.96254e-05, 4.10689e-07, 1.41421, -1.96254e-05, 4.10689e-07, 4.10757e-07, 4.66361e-07, 4.5679e-07, 1.04901e-06, 4.99441e-06, 1.02788e-06, 6.25045e-07, 6.8874e-07, 2.17373e-06, 4.66703e-07, 4.36131e-07, 4.1285e-07, 4.63387e-06, 4.43217e-07, 4.10692e-07, 6.82129e-06, 4.10689e-07, 4.10689e-07, 6.78899e-07
0.524485, 0, 2.79511e-05, 6.61479e-07, 1.41421, -2.79511e-05, 6.61479e-07, 6.61588e-07, 7.50126e-07, 7.34885e-07, 1.67787e-06, 7.96011e-06, 1.71176e-06, 1.0028e-06, 1.10422e-06, 3.46876e-06, 7.29692e-07, 7.01991e-07, 6.6492e-07, 6.33982e-06, 7.14643e-07, 6.61484e-07, 8.56155e-06, 6.61479e-07, 6.61479e-07, 1.08855e-06
0.532328, 0, 4.01089e-05, 1.05287e-06, 1.41421, -4.01089e-05, 1.05287e-06, 1.05304e-06, 1.19237e-06, 1.16838e-06, 2.65229e-06, 1.25382e-05, 2.82082e-06, 1.58998e-06, 1.74957e-06, 5.47048e-06, 1.13574e-06, 1.11662e-06, 1.05829e-06, 8.66022e-06, 1.13877e-06, 1.05288e-06, 1.08322e-05, 1.05287e-06, 1.05287e-06, 1.72492e-06
0.54017, 0, 5.78578e-05, 1.65619e-06, 1.41421, -5.78578e-05, 1.65619e-06, 1.65645e-06, 1.87314e-06, 1.83584e-06, 4.14366e-06, 1.95186e-05, 4.59983e-06, 2.49152e-06, 2.73973e-06, 8.52663e-06, 1.75663e-06, 1.75533e-06, 1.66461e-06, 1.18122e-05, 1.7934e-06, 1.6562e-06, 1.38316e-05, 1.65619e-06, 1.65619e-06, 2.70138e-06
0.548013, 0, 8.37121e-05, 2.57477e-06, 1.41421, -8.37121e-05, 2.57477e-06, 2.57518e-06, 2.90826e-06, 2.85092e-06, 6.39837e-06, 3.00317e-05, 7.42231e-06, 3.85879e-06, 4.24033e-06, 1.31356e-05, 2.69626e-06, 2.72717e-06, 2.58772e-06, 1.60881e-05, 2.79153e-06, 2.57479e-06, 1.784e-05, 2.57477e-06, 2.57477e-06, 4.18143e-06
0.555856, 0, 0.000121214, 3.9561e-06, 1.41421, -0.000121214, 3.9561e-06, 3.95673e-06, 4.46276e-06, 4.37565e-06, 9.7652e-06, 4.56709e-05, 1.18511e-05, 5.90688e-06, 6.48654e-06, 2.00009e-05, 4.10273e-06, 4.18764e-06, 3.97578e-06, 2.18778e-05, 4.29464e-06, 3.95613e-06, 2.3243e-05, 3.9561e-06, 3.9561e-06, 6.39711e-06
0.563699, 0, 0.000175319, 6.00787e-06, 1.41421, -0.000175319, 6.00787e-06, 6.00881e-06, 6.76872e-06, 6.63791e-06, 1.47314e-05, 6.86512e-05, 1.87239e-05, 8.93737e-06, 9.80785e-06, 3.01025e-05, 6.18449e-06, 6.35557e-06, 6.03743e-06, 2.97025e-05, 6.53075e-06, 6.00792e-06, 3.05827e-05, 6.00787e-06, 6.00787e-06, 9.67365e-06
0.571541, 0, 0.000252862, 9.01813e-06, 1.41421, -0.000252862, 9.01813e-06, 9.01952e-06, 1.01475e-05, 9.95335e-06, 2.19674e-05, 0.000102006, 2.92716e-05, 1.33667e-05, 1.46588e-05, 4.47841e-05, 9.23049e-06, 9.53424e-06, 9.062e-06, 4.02529e-05, 9.81683e-06, 9.01819e-06, 4.0603e-05, 9.01813e-06, 9.01813e-06, 1.44598e-05
0.579384, 0, 0.00036316, 1.33804e-05, 1.41421, -0.00036316, 1.33804e-05, 1.33825e-05, 1.50377e-05, 1.47528e-05, 3.23816e-05, 0.000149826, 4.52788e-05, 1.97613e-05, 2.16573e-05, 6.58619e-05, 1.36354e-05, 1.41377e-05, 1.34448e-05, 5.44388e-05, 1.45871e-05, 1.33805e-05, 5.43171e-05, 1.33804e-05, 1.33804e-05, 2.13655e-05
0.587227, 0, 0.000518755, 1.96247e-05, 1.41421, -0.000518755, 1.96247e-05, 1.96277e-05, 2.20287e-05, 2.16153e-05, 4.71873e-05, 0.00021755, 6.92998e-05, 2.88806e-05, 3.16309e-05, 9.57529e-05, 1.99302e-05, 2.07232e-05, 1.97181e-05, 7.34512e-05, 2.1428e-05, 1.96248e-05, 7.30941e-05, 1.96247e-05, 1.96247e-05, 3.12081e-05
0.59507, 0, 0.000736333, 2.84533e-05, 1.41421, -0.000736333, 2.84533e-05, 2.84576e-05, 3.19007e-05, 3.1308e-05, 6.79795e-05, 0.000312288, 0.00010494, 4.17268e-05, 4.56709e-05, 0.000137625, 2.88189e-05, 3.00286e-05, 2.85874e-05, 9.88554e-05, 3.11191e-05, 2.84535e-05, 9.87611e-05, 2.84533e-05, 2.84533e-05, 4.50654e-05
0.602913, 0, 0.00103773, 4.0783e-05, 1.41421, -0.00103773, 4.0783e-05, 4.07891e-05, 4.56707e-05, 4.48304e-05, 9.68229e-05, 0.000443202, 0.000157221, 5.9602e-05, 6.5194e-05, 0.000195566, 4.122e-05, 4.30164e-05, 4.09732e-05, 0.000132621, 4.46816e-05, 4.07833e-05, 0.00013373, 4.0783e-05, 4.0783e-05, 6.43369e-05
0.610755, 0, 0.00145126, 5.77918e-05, 1.41421, -0.00145126, 5.77918e-05, 5.78003e-05, 6.46434e-05, 6.34654e-05, 0.000136348, 0.0006219, 0.000233036, 8.41722e-05, 9.20109e-05, 0.000274766, 5.83134e-05, 6.09223e-05, 5.80585e-05, 0.000177306, 6.34337e-05, 5.77922e-05, 0.000181148, 5.77918e-05, 5.77918e-05, 9.0812e-05
0.618598, 0, 0.00201305, 8.09685e-05, 1.41421, -0.00201305, 8.09685e-05, 8.09803e-05, 9.04651e-05, 8.88324e-05, 0.000189852, 0.000862853, 0.000341713, 0.000117533, 0.000128398, 0.000381706, 8.15902e-05, 8.53074e-05, 8.13384e-05, 0.000236133, 8.90525e-05, 8.09691e-05, 0.000245079, 8.09685e-05, 8.09685e-05, 0.000126741
0.626441, 0, 0.00276862, 0.000112163, 1.41421, -0.00276862, 0.000112163, 0.000112179, 0.000125179, 0.000122941, 0.000261395, 0.00118379, 0.000495689, 0.000162277, 0.000177169, 0.000524344, 0.000112903, 0.000118109, 0.000112671, 0.00031314, 0.000123669, 0.000112164, 0.000330709, 0.000112163, 0.000112163, 0.000174905
0.634284, 0, 0.00377441, 0.000153637, 1.41421, -0.00377441, 0.000153637, 0.000153659, 0.000171278, 0.000168245, 0.000355898, 0.00160606, 0.000711292, 0.00022156, 0.000241742, 0.000712285, 0.000154517, 0.000161696, 0.000154326, 0.000413333, 0.000169801, 0.000153638, 0.000444589, 0.000153637, 0.000153637, 0.000238687
0.642126, 0, 0.00509956, 0.000208105, 1.41421, -0.00509956, 0.000208105, 0.000208134, 0.000231751, 0.000227685, 0.000479212, 0.00215491, 0.00100963, 0.000299147, 0.000326199, 0.000956908, 0.000209149, 0.000218906, 0.000209029, 0.000542858, 0.000230593, 0.000208106, 0.000594905, 0.000208105, 0.000208105, 0.000322125
0.649969, 0, 0.00682745, 0.000278764, 1.41421, -0.00682745, 0.000278764, 0.000278803, 0.00031011, 0.000304721, 0.000638166, 0.00285961, 0.00141752, 0.000399456, 0.000435319, 0.00127144, 0.000280001, 0.00029308, 0.000279991, 0.000709177, 0.00030976, 0.000278766, 0.000791796, 0.000278764, 0.000278764, 0.000429956
0.657812, 0, 0.00905708, 0.000369309, 1.41421, -0.00905708, 0.000369309, 0.00036936, 0.000410412, 0.000403345, 0.000840572, 0.00375342, 0.00196851, 0.000527566, 0.000574591, 0.00167094, 0.000370771, 0.000388078, 0.000370921, 0.000921256, 0.000411651, 0.000369311, 0.0010477, 0.000369309, 0.000369309, 0.00056762
0.665655, 0, 0.0119043, 0.000483922, 1.41421, -0.0119043, 0.000483922, 0.000483987, 0.000537234, 0.000528068, 0.00109518, 0.00487334, 0.00270375, 0.000689192, 0.000750186, 0.00217223, 0.000485646, 0.000508261, 0.000486018, 0.00118975, 0.000541274, 0.000483925, 0.00137775, 0.000483922, 0.000483922, 0.000741244
0.673498, 0, 0.0155024, 0.000627231, 1.41421, -0.0155024, 0.000627231, 0.000627316, 0.00069564, 0.000683879, 0.00141158, 0.00625956, 0.00367281, 0.000890625, 0.000968891, 0.0027936, 0.00062926, 0.000658455, 0.000629931, 0.00152721, 0.000704301, 0.000627235, 0.00180024, 0.000627231, 0.000627231, 0.000957577
0.68134, 0, 0.0200023, 0.000804241, 1.41421, -0.0200023, 0.000804241, 0.000804348, 0.000891087, 0.000876155, 0.00179998, 0.00795458, 0.00493422, 0.00113862, 0.00123798, 0.00355449, 0.00080662, 0.000843868, 0.000807683, 0.00194824, 0.000907061, 0.000804245, 0.00233713, 0.000804241, 0.000804241, 0.00122388
0.689183, 0, 0.0255721, 0.00102021, 1.41421, -0.0255721, 0.00102021, 0.00102035, 0.0011293, 0.00111055, 0.00227101, 0.0100021, 0.00655557, 0.00144025, 0.00156506, 0.00447493, 0.00102299, 0.00106997, 0.00102456, 0.00246973, 0.00115651, 0.00102022, 0.00301465, 0.00102021, 0.00102021, 0.00154774
0.697026, 0, 0.0323952, 0.00128051, 1.41421, -0.0323952, 0.00128051, 0.00128068, 0.00141612, 0.00139281, 0.00283532, 0.0124455, 0.00861307, 0.00180264, 0.00195779, 0.00557491, 0.00128375, 0.00134234, 0.00128595, 0.00311099, 0.00146021, 0.00128052, 0.00386397, 0.00128051, 0.00128051, 0.00193689
0.704869, 0, 0.0406687, 0.00159043, 1.41421, -0.0406687, 0.00159043, 0.00159064, 0.00175726, 0.00172858, 0.00350321, 0.015326, 0.0111905, 0.00223277, 0.00242364, 0.00687357, 0.00159419, 0.00166645, 0.00159718, 0.00389404, 0.00182633, 0.00159044, 0.00492195, 0.00159043, 0.00159043, 0.0023989
0.712712, 0, 0.0505995, 0.00195493, 1.41421, -0.0505995, 0.00195493, 0.00195518, 0.00215808, 0.00212315, 0.00428413, 0.0186808, 0.014377, 0.00273711, 0.00296953, 0.00838822, 0.00195927, 0.00204744, 0.00196324, 0.00484381, 0.00226369, 0.00195494, 0.00623202, 0.00195493, 0.00195493, 0.00294088
0.720554, 0, 0.0624007, 0.00237843, 1.41421, -0.0624007, 0.00237843, 0.00237873, 0.00262331, 0.00258121, 0.00518617, 0.0225407, 0.0182642, 0.00332131, 0.00360148, 0.0101335, 0.0023834, 0.00248985, 0.00238858, 0.00598847, 0.00278189, 0.00237844, 0.00784511, 0.00237843, 0.00237843, 0.00356918
0.728397, 0, 0.0762866, 0.00286449, 1.41421, -0.0762866, 0.00286449, 0.00286485, 0.00315676, 0.00310651, 0.00621554, 0.0269282, 0.0229424, 0.00398982, 0.00432421, 0.0121201, 0.00287018, 0.00299733, 0.0028768, 0.00735989, 0.00339167, 0.00286451, 0.00982062, 0.00286449, 0.00286449, 0.00428901
0.73624, 0, 0.0924679, 0.0034156, 1.41421, -0.0924679, 0.0034156, 0.00341603, 0.00376102, 0.00370164, 0.00737603, 0.0318552, 0.0284952, 0.00474557, 0.00514076, 0.0143544, 0.00342206, 0.00357241, 0.00343045, 0.00899418, 0.00410543, 0.00341562, 0.0122274, 0.0034156, 0.0034156, 0.00510414
0.744083, 0, 0.111146, 0.00403291, 1.41421, -0.111146, 0.00403291, 0.0040334, 0.00443722, 0.00436771, 0.00866857, 0.0373213, 0.0349937, 0.00558963, 0.0060522, 0.0168367, 0.0040402, 0.00421617, 0.00405073, 0.0109325, 0.00493813, 0.00403293, 0.0151446, 0.00403291, 0.00403291, 0.00601665
0.751925, 0, 0.132508, 0.00471599, 1.41421, -0.132508, 0.00471599, 0.00471657, 0.00518477, 0.00510418, 0.0100909, 0.0433125, 0.0424897, 0.00652095, 0.00705728, 0.0195615, 0.00472418, 0.0049281, 0.00473729, 0.0132222, 0.00590863, 0.00471602, 0.0186622, 0.00471599, 0.00471599, 0.00702671
0.759768, 1, 0.156723, 0.00546275, 1.73205, 0.843277, 0.00546275, 0.00546342, 0.00600127, 0.00590868, 0.0116371, 0.0498003, 0.0510092, 0.00753618, 0.00815229, 0.0225164, 0.00547189, 0.00570587, 0.00548814, 0.015918, 0.00704169, 0.00546278, 0.0228814, 0.00546275, 0.00546275, 0.00813257
0.767611, 0.954648, 0.18394, 0.00626931, 1.71891, 0.770708, 0.00626931, 0.00627006, 0.00688232, 0.00677693, 0.0132979, 0.0567411, 0.0605449, 0.0086296, 0.00933095, 0.0256823, 0.00627944, 0.00654533, 0.00629951, 0.0190839, 0.00837057, 0.00626934, 0.027914, 0.00626931, 0.00626931, 0.00933055
0.775454, 0.0453525, 0.214285, 0.00713, 1.43016, -0.168932, 0.00713, 0.00713085, 0.00782167, 0.00770275, 0.0150604, 0.0640774, 0.0710505, 0.00979312, 0.0105845, 0.0290338, 0.00714116, 0.00744044, 0.00716591, 0.0227949, 0.00994061, 0.00713003, 0.0338814, 0.00713, 0.00713, 0.0106153
0.783297, 0, 0.247865, 0.00803751, 1.41421, -0.247865, 0.00803751, 0.00803846, 0.00881121, 0.00867819, 0.0169084, 0.0717388, 0.082436, 0.0110165, 0.0119017, 0.0325391, 0.00804973, 0.00838344, 0.00808024, 0.0271397, 0.0118137, 0.00803755, 0.0409121, 0.00803751, 0.00803751, 0.0119804
0.791139, 0, 0.284771, 0.00898304, 1.41421, -0.284771, 0.00898304, 0.0089841, 0.00984127, 0.00969371, 0.0188231, 0.0796437, 0.0945637, 0.0122875, 0.0132694, 0.0361614, 0.00899632, 0.00936501, 0.00903397, 0.0322228, 0.0140739, 0.00898309, 0.049138, 0.00898304, 0.00898304, 0.0134185
0.798982, 0, 0.325084, 0.00995659, 1.41421, -0.325084, 0.00995659, 0.00995775, 0.0109009, 0.0107385, 0.0207833, 0.0877023, 0.107249, 0.0135923, 0.0146727, 0.03986, 0.00997093, 0.0103746, 0.0100174, 0.0381674, 0.0168338, 0.00995664, 0.0586895, 0.00995659, 0.00995659, 0.0149227
0.806825, 0.942581, 0.368888, 0.0109473, 1.7154, 0.573694, 0.0109473, 0.0109486, 0.0119782, 0.0118009, 0.0227664, 0.0958193, 0.120261, 0.0149164, 0.0160957, 0.0435918, 0.0109627, 0.0114007, 0.0110203, 0.0451172, 0.0202423, 0.0109474, 0.069689, 0.0109473, 0.0109473, 0.0164871
0.814668, 0.0574186, 0.416276, 0.011944, 1.43437, -0.358857, 0.011944, 0.0119454, 0.0130609, 0.0128689, 0.0247493, 0.103898, 0.13333, 0.0162442, 0.017522, 0.0473124, 0.0119604, 0.0124314, 0.0120317, 0.0532378, 0.0244926, 0.0119441, 0.0822424, 0.011944, 0.011944, 0.0181083
0.82251, 0, 0.467367, 0.0129354, 1.41421, -0.467367, 0.0129354, 0.0129369, 0.0141367, 0.0139302, 0.026709, 0.111843, 0.146155, 0.0175608, 0.0189352, 0.0509783, 0.0129527, 0.0134549, 0.0130412, 0.0627178, 0.0298308, 0.0129355, 0.0964299, 0.0129354, 0.0129354, 0.0197866
0.830353, 0.935356, 0.52232, 0.0139107, 1.71329, 0.413036, 0.0139107, 0.0139123, 0.0151939, 0.0149733, 0.0286237, 0.119564, 0.158413, 0.0188515, 0.0203196, 0.0545481, 0.0139289, 0.0144597, 0.0140387, 0.0737669, 0.0365637, 0.0139108, 0.112296, 0.0139107, 0.0139107, 0.0215273
0.838196, 1.06464, 0.581339, 0.01486, 1.75061, 0.483304, 0.01486, 0.0148617, 0.0162217, 0.0159876, 0.0304733, 0.126978, 0.169778, 0.0201032, 0.0216611, 0.0579843, 0.014879, 0.0154353, 0.0150155, 0.0866133, 0.0450663, 0.0148601, 0.129838, 0.01486, 0.01486, 0.0233426
0.846039, 0, 0.644687, 0.0157746, 1.41421, -0.644687, 0.0157746, 0.0157764, 0.0172107, 0.0169638, 0.0322406, 0.134016, 0.17993, 0.0213041, 0.0229472, 0.061254, 0.0157943, 0.0163726, 0.0159637, 0.101497, 0.0557859, 0.0157747, 0.148997, 0.0157746, 0.0157746, 0.0252532
0.853881, 1, 0.712685, 0.0166475, 1.73205, 0.287315, 0.0166475, 0.0166494, 0.0181532, 0.0178943, 0.0339114, 0.140618, 0.188576, 0.022445, 0.0241676, 0.0643305, 0.0166679, 0.017264, 0.0168776, 0.118663, 0.0692435, 0.0166476, 0.169646, 0.0166475, 0.0166475, 0.0272897
0.861724, 0, 0.78571, 0.0174733, 1.41421, -0.78571, 0.0174733, 0.0174753, 0.0190434, 0.0187735, 0.0354748, 0.146741, 0.195464, 0.0235185, 0.0253148, 0.0671937, 0.0174942, 0.0181037, 0.0177535, 0.138347, 0.0860303, 0.0174734, 0.191589, 0.0174733, 0.0174733, 0.0294943
0.869567, 1, 0.864182, 0.0182487, 1.73205, 0.135818, 0.0182487, 0.0182507, 0.0198775, 0.0195975, 0.036924, 0.152355, 0.200396, 0.0245201, 0.0263836, 0.06983, 0.0182699, 0.0188882, 0.0185896, 0.16076, 0.106798, 0.0182488, 0.21455, 0.0182487, 0.0182487, 0.0319223
0.87741, 1.9209, 0.948537, 0.018972, 1.98013, 0.97236, 0.018972, 0.0189741, 0.0206539, 0.0203647, 0.0382554, 0.157445, 0.20324, 0.0254476, 0.0273718, 0.0722331, 0.0189935, 0.0196156, 0.0193864, 0.186074, 0.13224, 0.0189721, 0.238178, 0.018972, 0.018972, 0.0346435
0.885253, 2.91605, 1.0392, 0.0196436, 2.21722, 1.87685, 0.0196436, 0.0196457, 0.0213727, 0.0210754, 0.0394694, 0.162011, 0.203936, 0.0263014, 0.0282797, 0.0744027, 0.0196653, 0.0202863, 0.0201465, 0.214397, 0.16307, 0.0196437, 0.262052, 0.0196436, 0.0196436, 0.0377428
0.893095, 1.16305, 1.13654, 0.0202654, 1.7785, 0.0265118, 0.0202653, 0.0202675, 0.0220362, 0.0217317, 0.0405691, 0.166065, 0.202502, 0.0270836, 0.0291096, 0.0763445, 0.0202872, 0.0209024, 0.0208746, 0.245758, 0.199981, 0.0202655, 0.285689, 0.0202654, 0.0202654, 0.0413204
0.900938, 1, 1.24082, 0.0208407, 1.73205, -0.240822, 0.0208407, 0.020843, 0.0226479, 0.0223372, 0.0415606, 0.169629, 0.199032, 0.0277988, 0.0298663, 0.0780692, 0.0208626, 0.0214675, 0.0215777, 0.28008, 0.24361, 0.0208408, 0.30856, 0.0208407, 0.0208407, 0.0454918
0.908781, 2, 1.35214, 0.0213742, 2, 0.647863, 0.0213742, 0.0213765, 0.0232126, 0.0228965, 0.0424521, 0.172733, 0.19369, 0.0284525, 0.0305557, 0.0795914, 0.021396, 0.0219864, 0.0222644, 0.317167, 0.29448, 0.0213743, 0.33011, 0.0213742, 0.0213742, 0.0503864
0.916624, 0, 1.47036, 0.0218711, 1.41421, -1.47036, 0.0218711, 0.0218734, 0.0237361, 0.0234154, 0.0432534, 0.175416, 0.186702, 0.0290516, 0.0311852, 0.0809288, 0.0218929, 0.022465, 0.0229458, 0.356685, 0.352952, 0.0218713, 0.34978, 0.0218711, 0.0218711, 0.0561448
0.924466, 1, 1.59508, 0.0223374, 1.73205, -0.595079, 0.0223373, 0.0223397, 0.0242246, 0.0239001, 0.0439753, 0.177718, 0.178339, 0.0296037, 0.0317628, 0.0821009, 0.022359, 0.0229098, 0.0236355, 0.398159, 0.419163, 0.0223375, 0.367034, 0.0223374, 0.0223374, 0.0629155
0.932309, 0.904013, 1.72555, 0.022779, 1.70412, -0.82154, 0.0227789, 0.0227813, 0.0246847, 0.0243571, 0.0446291, 0.179683, 0.16891, 0.0301166, 0.0322969, 0.0831282, 0.0228006, 0.0233276, 0.0243504, 0.440968, 0.49297, 0.0227791, 0.381385, 0.022779, 0.022779, 0.0708496
0.940152, 1.8992, 1.86067, 0.023202, 1.97464, 0.038528, 0.0232018, 0.0232043, 0.0251229, 0.0247926, 0.0452261, 0.181356, 0.158739, 0.030598, 0.0327956, 0.0840313, 0.0232236, 0.0237254, 0.0251117, 0.484357, 0.573905, 0.0232021, 0.392416, 0.023202, 0.023202, 0.080094
0.947995, 2.19679, 1.99893, 0.023612, 2.04861, 0.197862, 0.0236118, 0.0236143, 0.0255452, 0.0252128, 0.0457771, 0.182779, 0.148152, 0.0310553, 0.0332671, 0.0848301, 0.0236337, 0.0241098, 0.0259472, 0.52745, 0.661137, 0.0236121, 0.399812, 0.023612, 0.023612, 0.0907836
0.955838, 1.79356, 2.13843, 0.0240141, 1.94771, -0.344873, 0.0240139, 0.0240165, 0.0259572, 0.0256231, 0.0462923, 0.183992, 0.137461, 0.0314955, 0.0337185, 0.0855431, 0.0240362, 0.0244871, 0.0268935, 0.569282, 0.753449, 0.0240143, 0.403368, 0.0240141, 0.0240141, 0.103031
0.96368, 1.99517, 2.27695, 0.024413, 1.99879, -0.281784, 0.0244127, 0.0244154, 0.0263639, 0.0260285, 0.0467805, 0.185033, 0.126952, 0.0319244, 0.0341563, 0.0861871, 0.0244357, 0.0248631, 0.0280006, 0.608836, 0.849244, 0.0244131, 0.403006, 0.024413, 0.024413, 0.116919
0.971523, 3.88716, 2.41193, 0.0248124, 2.42635, 1.47523, 0.0248119, 0.0248148, 0.0267693, 0.0264328, 0.0472498, 0.185934, 0.116873, 0.0323472, 0.0345861, 0.086777, 0.0248359, 0.025243, 0.0293366, 0.645082, 0.946569, 0.0248125, 0.398781, 0.0248124, 0.0248124, 0.132484
0.979366, 3.1032, 2.54062, 0.0252151, 2.25903, 0.562581, 0.0252145, 0.0252175, 0.0271767, 0.0268395, 0.0477065, 0.186724, 0.107428, 0.032768, 0.0350123, 0.0873253, 0.0252399, 0.0256312, 0.0309955, 0.677026, 1.04317, 0.0252152, 0.390878, 0.0252151, 0.0252151, 0.149712
0.987209, 3.10805, 2.66018, 0.0256234, 2.2601, 0.447869, 0.0256226, 0.0256258, 0.0275886, 0.0272507, 0.048156, 0.187429, 0.0987691, 0.0331901, 0.0354386, 0.0878424, 0.02565, 0.0260318, 0.0331057, 0.703761, 1.13656, 0.0256235, 0.379601, 0.0256234, 0.0256234, 0.168524
0.995052, 5.99758, 2.76778, 0.0260386, 2.828, 3.22981, 0.0260376, 0.026041, 0.0280065, 0.0276682, 0.0486023, 0.188068, 0.0910019, 0.0336158, 0.0358673, 0.0883365, 0.0260678, 0.026448, 0.0358417, 0.72451, 1.22415, 0.0260387, 0.365361, 0.0260386, 0.0260386, 0.188772
1.00289, 0.997591, 2.86079, 0.0264614, 1.73136, -1.8632, 0.0264601, 0.0264638, 0.0284313, 0.0280926, 0.0490483, 0.188657, 0.0841812, 0.0340464, 0.0363002, 0.0888136, 0.0264939, 0.0268825, 0.0394384, 0.738672, 1.30331, 0.0264615, 0.348652, 0.0264614, 0.0264614, 0.210228
1.01074, 3.75742, 2.93693, 0.0268917, 2.39946, 0.820488, 0.02689, 0.0268942, 0.0288632, 0.0285243, 0.0494958, 0.18921, 0.0783176, 0.0344825, 0.0367381, 0.089278, 0.0269286, 0.0273379, 0.0442068, 0.745848, 1.37156, 0.0268918, 0.330028, 0.0268917, 0.0268917, 0.232591
1.01858, 2.36027, 2.9944, 0.0273291, 2.08813, -0.634134, 0.027327, 0.0273316, 0.0293017, 0.0289626, 0.0499457, 0.189737, 0.0733828, 0.0349241, 0.0371809, 0.0897323, 0.0273717, 0.0278162, 0.0505534, 0.745868, 1.42667, 0.0273293, 0.310076, 0.0273291, 0.0273291, 0.255483
1.02642, 5.87507, 3.03203, 0.0277725, 2.80625, 2.84304, 0.0277697, 0.0277749, 0.0297458, 0.0294066, 0.050398, 0.190245, 0.0693171, 0.0353705, 0.0376281, 0.090177, 0.0278222, 0.0283192, 0.0589998, 0.738794, 1.46677, 0.0277726, 0.289388, 0.0277725, 0.0277725, 0.278457
1.03427, 3.61564, 3.04938, 0.0282203, 2.36973, 0.566258, 0.0282166, 0.0282227, 0.0301942, 0.0298548, 0.0508521, 0.190738, 0.0660367, 0.0358204, 0.0380787, 0.0906119, 0.0282791, 0.0288486, 0.0702037, 0.72492, 1.49048, 0.0282204, 0.268537, 0.0282203, 0.0282203, 0.301013
1.04211, 7.86061, 3.04688, 0.0286706, 3.14016, 4.81374, 0.0286659, 0.0286731, 0.0306449, 0.0303055, 0.051307, 0.191221, 0.0634414, 0.0362722, 0.038531, 0.0910354, 0.028741, 0.0294061, 0.0849804, 0.704748, 1.49697, 0.0286707, 0.248048, 0.0286706, 0.0286706, 0.322613
1.04995, 4.51654, 3.02579, 0.0291214, 2.55275, 1.49075, 0.0291154, 0.0291238, 0.0310959, 0.0307564, 0.0517608, 0.191694, 0.0614226, 0.036724, 0.0389831, 0.0914448, 0.0292061, 0.0299933, 0.104318, 0.678965, 1.48603, 0.0291215, 0.228391, 0.0291214, 0.0291214, 0.3427
1.05779, 5.863, 2.98827, 0.02957, 2.8041, 2.87473, 0.0295624, 0.0295725, 0.0315448, 0.0312053, 0.0522116, 0.192158, 0.0598691, 0.0371734, 0.0394327, 0.0918366, 0.0296728, 0.0306117, 0.12939, 0.648398, 1.45806, 0.0295702, 0.209956, 0.02957, 0.02957, 0.360725
1.06564, 4.85826, 2.93731, 0.0300139, 2.61883, 1.92095, 0.0300043, 0.0300164, 0.0319888, 0.0316493, 0.052657, 0.192612, 0.0586735, 0.0376178, 0.0398772, 0.0922068, 0.0301391, 0.031263, 0.161559, 0.613974, 1.41407, 0.030014, 0.193052, 0.0300139, 0.0300139, 0.376167
1.07348, 3.41087, 2.87665, 0.0304501, 2.32613, 0.534222, 0.0304379, 0.0304526, 0.0324251, 0.0320855, 0.0530941, 0.193055, 0.0577364, 0.0380543, 0.0403138, 0.0925509, 0.0306029, 0.031949, 0.202368, 0.576671, 1.35558, 0.0304502, 0.177897, 0.0304501, 0.0304501, 0.388567
1.08132, 2.7164, 2.81063, 0.0308754, 2.17173, -0.0942373, 0.03086, 0.0308778, 0.0328504, 0.0325108, 0.05352, 0.193485, 0.0569695, 0.0384798, 0.0407394, 0.0928638, 0.0310623, 0.0326707, 0.253512, 0.537473, 1.28459, 0.0308755, 0.164626, 0.0308754, 0.0308754, 0.397539
1.08916, 1.1394, 2.74405, 0.0312863, 1.77183, -1.60465, 0.0312671, 0.0312888, 0.0332614, 0.0329218, 0.0539314, 0.193899, 0.0562982, 0.0388909, 0.0411505, 0.0931407, 0.0315151, 0.0334298, 0.3168, 0.497325, 1.2034, 0.0312864, 0.153293, 0.0312863, 0.0312863, 0.402801
1.09701, 2.85097, 2.68194, 0.0316793, 2.20249, 0.169029, 0.0316552, 0.0316817, 0.0336543, 0.0333148, 0.0543246, 0.194294, 0.0556623, 0.0392839, 0.0415436, 0.0933767, 0.0319591, 0.0342274, 0.394087, 0.457102, 1.11455, 0.0316794, 0.14388, 0.0316793, 0.0316793, 0.404185
1.10485, 0.293238, 2.62935, 0.0320503, 1.51434, -2.33612, 0.0320204, 0.0320527, 0.0340254, 0.0336858, 0.0546958, 0.194666, 0.0550161, 0.039655, 0.0419146, 0.0935675, 0.0323922, 0.0350645, 0.487189, 0.417573, 1.02066, 0.0320504, 0.136307, 0.0320503, 0.0320503, 0.401647
1.11269, 1, 2.59113, 0.0323952, 1.73205, -1.59113, 0.0323581, 0.0323976, 0.0343703, 0.0340307, 0.0550408, 0.195012, 0.0543275, 0.0399999, 0.0422596, 0.0937094, 0.0328121, 0.0359418, 0.597769, 0.379388, 0.924284, 0.0323953, 0.130445, 0.0323952, 0.0323952, 0.395268
1.12054, 1.84615, 2.57162, 0.0327095, 1.96116, -0.725479, 0.0326637, 0.0327119, 0.0346846, 0.034345, 0.0553552, 0.195327, 0.053577, 0.0403142, 0.0425739, 0.0938003, 0.0332165, 0.03686, 0.727216, 0.343064, 0.827844, 0.0327096, 0.126127, 0.0327095, 0.0327095, 0.385251
1.12838, 3.68509, 2.57451, 0.0329887, 2.38434, 1.11058, 0.0329323, 0.0329911, 0.0349638, 0.0346242, 0.0556344, 0.195606, 0.0527555, 0.0405934, 0.0428531, 0.0938394, 0.0336031, 0.0378196, 0.876496, 0.308987, 0.733502, 0.0329888, 0.123161, 0.0329887, 0.0329887, 0.371911
1.13622, 4.15143, 2.60253, 0.0332278, 2.48021, 1.5489, 0.0331587, 0.0332303, 0.035203, 0.0348634, 0.0558736, 0.195846, 0.0518624, 0.0408326, 0.0430923, 0.0938285, 0.0339694, 0.0388217, 1.04601, 0.277411, 0.643102, 0.033228, 0.121343, 0.0332278, 0.0332278, 0.355657
1.14406, 1.99519, 2.6573, 0.0334221, 1.9988, -0.662112, 0.0333376, 0.0334246, 0.0353973, 0.0350577, 0.0560679, 0.19604, 0.0509034, 0.0410269, 0.0432866, 0.0937718, 0.0343131, 0.0398683, 1.23544, 0.248475, 0.558128, 0.0334222, 0.120458, 0.0334221, 0.0334221, 0.336973
1.15191, 4.99515, 2.7392, 0.0335667, 2.64483, 2.25595, 0.0334638, 0.0335691, 0.0355418, 0.0352022, 0.0562125, 0.196185, 0.0498884, 0.0411715, 0.0434312, 0.0936774, 0.0346318, 0.0409631, 1.44364, 0.222217, 0.479678, 0.0335668, 0.120299, 0.0335667, 0.0335667, 0.316389
1.15975, 1.327, 2.84723, 0.0336567, 1.82401, -1.52022, 0.0335318, 0.0336592, 0.0356319, 0.0352923, 0.0563025, 0.196275, 0.0488297, 0.0412615, 0.0435212, 0.0935574, 0.0349232, 0.0421131, 1.66851, 0.198591, 0.408483, 0.0336569, 0.120665, 0.0336567, 0.0336567, 0.294461
1.16759, 0, 2.97902, 0.0336878, 1.41421, -2.97902, 0.0335365, 0.0336902, 0.0356629, 0.0353233, 0.0563335, 0.196306, 0.0477402, 0.0412925, 0.0435522, 0.0934288, 0.0351852, 0.0433302, 1.90698, 0.177484, 0.344912, 0.0336879, 0.121368, 0.0336878, 0.0336878, 0.271744
1.17544, 4, 3.13084, 0.0336557, 2.44949, 0.869162, 0.0334733, 0.0336582, 0.0356309, 0.0352913, 0.0563015, 0.196273, 0.0466326, 0.0412605, 0.0435202, 0.0933139, 0.035416, 0.0446342, 2.15496, 0.158739, 0.289033, 0.0336559, 0.122238, 0.0336557, 0.0336557, 0.24877
1.18328, 4.13431, 3.29773, 0.0335572, 2.47675, 0.836574, 0.0333378, 0.0335597, 0.0355323, 0.0351928, 0.056203, 0.196175, 0.0455177, 0.041162, 0.0434217, 0.0932418, 0.0356142, 0.0460564, 2.40746, 0.142168, 0.240645, 0.0335573, 0.123122, 0.0335572, 0.0335572, 0.226025
1.19112, 3.51459, 3.47369, 0.0333896, 2.34832, 0.0408998, 0.0331266, 0.033392, 0.0353647, 0.0350251, 0.0560353, 0.196007, 0.0444047, 0.0409943, 0.043254, 0.0932481, 0.0357793, 0.047645, 2.65865, 0.127565, 0.199347, 0.0333897, 0.123889, 0.0333896, 0.0333896, 0.203937
1.19896, 4.63933, 3.65192, 0.0331511, 2.57669, 0.987408, 0.0328368, 0.0331536, 0.0351262, 0.0347867, 0.0557968, 0.195768, 0.0433004, 0.0407559, 0.0430155, 0.0933758, 0.0359116, 0.049472, 2.90213, 0.114722, 0.164585, 0.0331512, 0.124425, 0.0331511, 0.0331511, 0.182862
1.20681, 2.35103, 3.82517, 0.0328415, 2.08591, -1.47414, 0.0324669, 0.0328439, 0.0348165, 0.034477, 0.055487, 0.195458, 0.0422095, 0.0404461, 0.0427058, 0.0936761, 0.0360131, 0.0516422, 3.13115, 0.103437, 0.135713, 0.0328416, 0.12464, 0.0328415, 0.0328415, 0.163084
1.21465, 2.99519, 3.98609, 0.0324614, 2.23499, -0.990907, 0.0320163, 0.0324638, 0.0344364, 0.0340969, 0.0551068, 0.195077, 0.041135, 0.040066, 0.0423256, 0.0942078, 0.0360876, 0.0543053, 3.33889, 0.093517, 0.112033, 0.0324615, 0.12446, 0.0324614, 0.0324614, 0.144804
1.22249, 7.43962, 4.12762, 0.0320132, 3.0724, 3.312, 0.0314858, 0.0320157, 0.0339883, 0.0336487, 0.0546584, 0.194627, 0.0400783, 0.0396178, 0.0418773, 0.0950383, 0.0361414, 0.0576704, 3.51884, 0.084788, 0.0928417, 0.0320133, 0.123833, 0.0320132, 0.0320132, 0.128152
1.23033, 5.73833, 4.24338, 0.0315009, 2.78179, 1.49495, 0.0308777, 0.0315033, 0.0334759, 0.0331364, 0.0541458, 0.194113, 0.0390403, 0.0391053, 0.0413648, 0.0962429, 0.0361842, 0.0620248, 3.66509, 0.0770924, 0.077456, 0.031501, 0.122727, 0.0315009, 0.0315009, 0.113188
1.23818, 11.2376, 4.32808, 0.0309299, 3.63835, 6.90948, 0.0301956, 0.0309324, 0.0329049, 0.0325654, 0.0535743, 0.193538, 0.0380214, 0.0385342, 0.0407935, 0.0979043, 0.0362297, 0.0677553, 3.7727, 0.0702927, 0.0652422, 0.03093, 0.121124, 0.0309299, 0.0309299, 0.099912
1.24602, 6.18031, 4.3778, 0.0303074, 2.86012, 1.8025, 0.0294444, 0.0303099, 0.0322823, 0.0319428, 0.0529511, 0.192911, 0.0370223, 0.0379114, 0.0401706, 0.100112, 0.0362962, 0.0753745, 3.83793, 0.06427, 0.0556269, 0.0303075, 0.119027, 0.0303074, 0.0303074, 0.0882751
1.25386, 5.57491, 4.3903, 0.0296421, 2.75226, 1.18461, 0.0286306, 0.0296446, 0.0316169, 0.0312774, 0.0522848, 0.192239, 0.0360445, 0.0372458, 0.0395047, 0.102963, 0.036408, 0.0855482, 3.85848, 0.0589231, 0.0481073, 0.0296422, 0.116454, 0.0296421, 0.0296421, 0.0781897
1.26171, 2.99759, 4.36514, 0.0289441, 2.23553, -1.36755, 0.0277615, 0.0289465, 0.0309188, 0.0305793, 0.0515854, 0.191532, 0.0350905, 0.0365472, 0.0388059, 0.106556, 0.0365958, 0.0991272, 3.83362, 0.0541669, 0.0422532, 0.0289442, 0.113437, 0.0289441, 0.0289441, 0.0695413
1.26955, 6.79795, 4.30381, 0.0282249, 2.96613, 2.49414, 0.0268457, 0.0282274, 0.0301994, 0.02986, 0.0508643, 0.190799, 0.0341641, 0.0358273, 0.0380855, 0.110996, 0.0368978, 0.117178, 3.76423, 0.0499306, 0.0377056, 0.028225, 0.110022, 0.0282249, 0.0282249, 0.0621979
1.27739, 2.99515, 4.20968, 0.0274971, 2.23498, -1.21454, 0.0258927, 0.0274995, 0.0294713, 0.0291319, 0.0501337, 0.190052, 0.0332704, 0.0350985, 0.0373561, 0.116387, 0.0373598, 0.14101, 3.65276, 0.046156, 0.0341719, 0.0274972, 0.106266, 0.0274971, 0.0274971, 0.0560199
1.28523, 4.79068, 4.08789, 0.0267741, 2.60589, 0.702795, 0.0249122, 0.0267766, 0.0287479, 0.0284087, 0.0494069, 0.189304, 0.0324162, 0.0343741, 0.0366311, 0.122836, 0.0380359, 0.172203, 3.50304, 0.0427952, 0.0314186, 0.0267742, 0.102235, 0.0267741, 0.0267741, 0.0508673
1.29308, 2.99282, 3.94511, 0.02607, 2.23446, -0.952288, 0.0239146, 0.0260725, 0.0280432, 0.0277042, 0.0486977, 0.188565, 0.0316092, 0.0336681, 0.0359242, 0.130444, 0.0389883, 0.212619, 3.32015, 0.0398093, 0.0292641, 0.0260701, 0.0980021, 0.02607, 0.02607, 0.0466056
1.30092, 7.41133, 3.7893, 0.0253993, 3.06779, 3.62203, 0.0229099, 0.0254017, 0.0273718, 0.0270329, 0.0480201, 0.187848, 0.0308583, 0.0329948, 0.0352499, 0.13931, 0.0402865, 0.264402, 3.11002, 0.0371665, 0.0275703, 0.0253994, 0.0936441, 0.0253993, 0.0253993, 0.0431101
1.30876, 5.78588, 3.6293, 0.0247763, 2.79032, 2.15658, 0.0219079, 0.0247787, 0.0267478, 0.0264092, 0.0473881, 0.187163, 0.0301731, 0.0323685, 0.0346223, 0.149527, 0.0420063, 0.329961, 2.87922, 0.0348414, 0.0262348, 0.0247764, 0.089239, 0.0247763, 0.0247763, 0.0402688
1.31661, 5.78106, 3.47449, 0.0242154, 2.78946, 2.30658, 0.020918, 0.0242179, 0.0261857, 0.0258474, 0.0468154, 0.186521, 0.0295641, 0.0318033, 0.0340556, 0.161179, 0.0442279, 0.411924, 2.63453, 0.0328132, 0.0251838, 0.0242155, 0.0848642, 0.0242154, 0.0242154, 0.0379839
1.32445, 1.42584, 3.33434, 0.0237305, 1.8509, -1.9085, 0.0199486, 0.023733, 0.0256992, 0.0253614, 0.0463152, 0.185932, 0.0290415, 0.0313127, 0.0335636, 0.174349, 0.0470331, 0.513072, 2.38269, 0.0310652, 0.0243661, 0.0237307, 0.0805929, 0.0237305, 0.0237305, 0.0361719
1.33229, 2.99758, 3.21803, 0.023335, 2.23553, -0.220448, 0.0190071, 0.0233374, 0.0253016, 0.0249643, 0.0459001, 0.185404, 0.0286159, 0.03091, 0.0331593, 0.189091, 0.050502, 0.636222, 2.13006, 0.0295838, 0.0237472, 0.0233351, 0.0764932, 0.023335, 0.023335, 0.0347635
1.34013, 3.7762, 3.13403, 0.0230413, 2.40337, 0.642177, 0.0180996, 0.0230437, 0.0250053, 0.0246687, 0.0455818, 0.184942, 0.0282974, 0.0306072, 0.0328552, 0.205465, 0.0547089, 0.784109, 1.88237, 0.0283581, 0.0233056, 0.0230414, 0.0726252, 0.0230413, 0.0230413, 0.0337023
1.34798, 4.54769, 3.08973, 0.0228612, 2.55885, 1.45797, 0.0172311, 0.0228636, 0.024822, 0.0244862, 0.0453709, 0.184553, 0.0280961, 0.0304157, 0.0326631, 0.223514, 0.0597173, 0.95919, 1.64456, 0.0273791, 0.0230287, 0.0228613, 0.0690404, 0.0228612, 0.0228612, 0.0329435
1.35582, 3.66887, 3.09113, 0.0228056, 2.38094, 0.577743, 0.0164051, 0.022808, 0.0247623, 0.0244277, 0.0452774, 0.18424, 0.028021, 0.0303461, 0.0325937, 0.243273, 0.0655754, 1.16348, 1.42063, 0.0266396, 0.0229105, 0.0228057, 0.0657808, 0.0228056, 0.0228056, 0.0324525
1.36366, 1.22617, 3.14255, 0.0228844, 1.79615, -1.91638, 0.0156239, 0.0228868, 0.0248362, 0.0245029, 0.0453102, 0.184006, 0.0280811, 0.0304079, 0.0326574, 0.264771, 0.0723101, 1.3983, 1.21359, 0.0261337, 0.0229493, 0.0228845, 0.0628785, 0.0228844, 0.0228844, 0.0322031
1.37151, 0, 3.24642, 0.0231068, 1.41421, -3.24642, 0.0148883, 0.0231092, 0.0250528, 0.024721, 0.0454773, 0.183851, 0.0282844, 0.0306099, 0.0328639, 0.288032, 0.0799229, 1.66408, 1.02548, 0.025857, 0.0231465, 0.0231069, 0.0603561, 0.0231068, 0.0231068, 0.0321763
1.37935, 2.76659, 3.40309, 0.0234813, 2.18325, -0.636493, 0.0141982, 0.0234837, 0.0254204, 0.0250905, 0.0457861, 0.183779, 0.0286388, 0.0309601, 0.0332223, 0.313086, 0.0883847, 1.96014, 0.857418, 0.025806, 0.0235054, 0.0234815, 0.0582274, 0.0234813, 0.0234813, 0.0323587
1.38719, 4.52598, 3.6108, 0.0240161, 2.5546, 0.915184, 0.0135522, 0.0240185, 0.025947, 0.0256192, 0.0462436, 0.183788, 0.0291514, 0.0314663, 0.0337418, 0.339975, 0.0976335, 2.28452, 0.709685, 0.0259782, 0.0240304, 0.0240162, 0.0564978, 0.0240161, 0.0240161, 0.0327418
1.39503, 5.27801, 3.86565, 0.0247186, 2.69778, 1.41236, 0.0129483, 0.024721, 0.02664, 0.0263148, 0.0468566, 0.183881, 0.0298295, 0.0321358, 0.0344316, 0.368769, 0.107572, 2.63381, 0.581881, 0.0263723, 0.0247271, 0.0247187, 0.0551668, 0.0247186, 0.0247186, 0.0333206
1.40288, 8.22619, 4.16171, 0.0255964, 3.19784, 4.06448, 0.0123834, 0.0255987, 0.0275069, 0.0271847, 0.0476317, 0.184061, 0.0306801, 0.0329756, 0.0353011, 0.399589, 0.118068, 3.00312, 0.473034, 0.0269879, 0.0256013, 0.0255965, 0.0542283, 0.0255964, 0.0255964, 0.0340932
1.41072, 5.71712, 4.49121, 0.0266569, 2.77797, 1.2259, 0.0118544, 0.0266592, 0.0285552, 0.0282362, 0.048576, 0.18433, 0.0317104, 0.0339932, 0.0363605, 0.432635, 0.128956, 3.38606, 0.381776, 0.0278259, 0.0266598, 0.026657, 0.0536726, 0.0266569, 0.0266569, 0.0350604
1.41856, 7.01343, 4.84483, 0.027908, 3.00224, 2.1686, 0.0113577, 0.0279103, 0.0297925, 0.0294772, 0.0496969, 0.184696, 0.032928, 0.0351962, 0.0376208, 0.468229, 0.140043, 3.77488, 0.306461, 0.0288884, 0.0279096, 0.0279081, 0.0534882, 0.027908, 0.027908, 0.0362249
1.4264, 10.7376, 5.2121, 0.0293577, 3.56898, 5.52549, 0.0108896, 0.02936, 0.031227, 0.0309158, 0.0510028, 0.185166, 0.0343412, 0.0365928, 0.0390939, 0.506881, 0.151116, 4.16068, 0.2453, 0.0301784, 0.0293587, 0.0293579, 0.0536627, 0.0293577, 0.0293577, 0.0375916
1.43425, 4.73393, 5.58193, 0.0310151, 2.59498, -0.847997, 0.0104464, 0.0310174, 0.0328678, 0.032561, 0.0525029, 0.185753, 0.0359586, 0.0381921, 0.0407933, 0.54937, 0.161946, 4.53366, 0.196465, 0.0317007, 0.0310156, 0.0310152, 0.0541842, 0.0310151, 0.0310151, 0.0391668
1.44209, 6.9904, 5.94321, 0.0328896, 2.9984, 1.04719, 0.0100246, 0.0328918, 0.0347243, 0.0344223, 0.0542075, 0.186472, 0.0377901, 0.0400038, 0.0427338, 0.596864, 0.172303, 4.88361, 0.158174, 0.0334611, 0.0328899, 0.0328897, 0.0550424, 0.0328896, 0.0328896, 0.0409586
1.44993, 4.99035, 6.28548, 0.0349917, 2.64393, -1.29513, 0.0096212, 0.0349939, 0.0368072, 0.0365104, 0.0561283, 0.18734, 0.0398465, 0.0420389, 0.0449317, 0.65108, 0.181965, 5.20029, 0.128755, 0.0354672, 0.0349919, 0.0349918, 0.0562297, 0.0349917, 0.0349917, 0.0429768
1.45778, 8.73285, 6.59971, 0.037333, 3.2761, 2.13315, 0.00923333, 0.0373352, 0.0391283, 0.0388369, 0.0582783, 0.18838, 0.0421396, 0.0443096, 0.047405, 0.714489, 0.190732, 5.47395, 0.106688, 0.0377276, 0.0373331, 0.0373331, 0.0577411, 0.037333, 0.037333, 0.0452326
1.46562, 5.24782, 6.87911, 0.0399262, 2.69218, -1.63129, 0.00885864, 0.0399283, 0.0417004, 0.0414146, 0.0606721, 0.189616, 0.0446826, 0.0468291, 0.0501734, 0.790592, 0.19843, 5.69584, 0.0906291, 0.0402528, 0.0399262, 0.0399263, 0.059575, 0.0399262, 0.0399262, 0.0477386
1.47346, 4.99043, 7.11994, 0.0427849, 2.64394, -2.12952, 0.00849518, 0.042787, 0.0445374, 0.0442575, 0.0633253, 0.191077, 0.0474896, 0.049612, 0.0532579, 0.88426, 0.204929, 5.85868, 0.0794205, 0.0430546, 0.0427849, 0.042785, 0.0617334, 0.0427849, 0.0427849, 0.050509
1.4813, 8.19615, 7.32238, 0.0459243, 3.19314, 0.873773, 0.00814144, 0.0459264, 0.0476546, 0.0473806, 0.0662555, 0.192793, 0.0505764, 0.0526741, 0.0566812, 1.00216, 0.210146, 5.95705, 0.0720875, 0.0461463, 0.0459243, 0.0459243, 0.0642219, 0.0459243, 0.0459243, 0.0535595
1.48915, 10.5173, 7.49129, 0.0493602, 3.53798, 3.02603, 0.0077963, 0.0493623, 0.0510683, 0.0508003, 0.0694808, 0.194795, 0.0539594, 0.0560323, 0.060467, 1.15328, 0.214047, 5.98772, 0.0678275, 0.0495426, 0.0493602, 0.0493603, 0.0670489, 0.0493602, 0.0493602, 0.0569067
1.49699, 9.98795, 7.63702, 0.0531105, 3.46236, 2.35094, 0.00745893, 0.0531125, 0.0547964, 0.0545343, 0.0730214, 0.197119, 0.0576569, 0.0597052, 0.0646406, 1.34948, 0.216657, 5.94979, 0.0659941, 0.0532598, 0.0531105, 0.0531106, 0.0702267, 0.0531105, 0.0531105, 0.060569
1.50483, 12.444, 7.77607, 0.0571933, 3.80052, 4.66792, 0.00712887, 0.0571953, 0.0588573, 0.0586011, 0.0768978, 0.199797, 0.0616879, 0.063712, 0.0692277, 1.60623, 0.218052, 5.84479, 0.0660771, 0.0573151, 0.0571933, 0.0571933, 0.0737694, 0.0571933, 0.0571933, 0.0645656
1.51268, 11.532, 7.93175, 0.0616285, 3.67859, 3.60025, 0.00680583, 0.0616305, 0.0632713, 0.0630208, 0.081132, 0.202865, 0.0660726, 0.0680733, 0.0742552, 1.9433, 0.218356, 5.67655, 0.0676832, 0.0617277, 0.0616285, 0.0616286, 0.0776945, 0.0616285, 0.0616285, 0.0689172
1.52052, 11.9879, 8.13459, 0.0664367, 3.74004, 3.85329, 0.00648973, 0.0664387, 0.0680591, 0.0678141, 0.0857466, 0.206356, 0.0708322, 0.0728104, 0.07975, 2.38544, 0.217737, 5.45103, 0.0705154, 0.0665172, 0.0664367, 0.0664368, 0.0820208, 0.0664367, 0.0664367, 0.0736449
1.52836, 21.3127, 8.42276, 0.07164, 4.82832, 12.8899, 0.00618059, 0.0716419, 0.0732428, 0.073003, 0.090765, 0.210301, 0.075989, 0.077946, 0.08574, 2.96322, 0.216398, 5.17587, 0.0743557, 0.071705, 0.07164, 0.0716401, 0.0867692, 0.07164, 0.07164, 0.0787715
1.5362, 13.3816, 8.8421, 0.0772606, 3.92194, 4.53953, 0.00587855, 0.0772625, 0.0788449, 0.07861, 0.0962108, 0.214732, 0.0815657, 0.0835029, 0.0922523, 3.71344, 0.214565, 4.86012, 0.0790479, 0.077313, 0.0772606, 0.0772607, 0.0919614, 0.0772606, 0.0772606, 0.0843196
1.54405, 9.70147, 9.44607, 0.0833224, 3.42074, 0.255399, 0.00558376, 0.0833243, 0.0848894, 0.0846592, 0.102109, 0.219678, 0.0875863, 0.0895054, 0.0993149, 4.67964, 0.212478, 4.51361, 0.084485, 0.0833645, 0.0833224, 0.0833225, 0.0976209, 0.0833224, 0.0833224, 0.0903135
1.55189, 10.2696, 10.2952, 0.0898494, 3.5028, -0.0256071, 0.00529644, 0.0898513, 0.0914001, 0.0911743, 0.108482, 0.225162, 0.0940748, 0.0959777, 0.106955, 5.912, 0.210378, 4.14659, 0.0905969, 0.0898831, 0.0898494, 0.0898495, 0.103771, 0.0898494, 0.0898494, 0.0967771
1.55973, 13.6966, 11.4562, 0.0968667, 3.96189, 2.24035, 0.00501677, 0.0968685, 0.0984024, 0.0981806, 0.115357, 0.23121, 0.101056, 0.102945, 0.115199, 7.46712, 0.208503, 3.76913, 0.0973418, 0.0968936, 0.0968667, 0.0968668, 0.110437, 0.0968667, 0.0968667, 0.103735
1.56757, 11.5658, 13.0007, 0.104399, 3.68317, -1.43495, 0.00474499, 0.104401, 0.105921, 0.105703, 0.122757, 0.237841, 0.108556, 0.110432, 0.124073, 9.40682, 0.207073, 3.39076, 0.104698, 0.104421, 0.104399, 0.104399, 0.117641, 0.104399, 0.104399, 0.111213
1.57542, 12.6943, 15.0029, 0.112473, 3.83331, -2.30861, 0.00448129, 0.112474, 0.113981, 0.113767, 0.130707, 0.245073, 0.116598, 0.118465, 0.133603, 11.7967, 0.206287, 3.02009, 0.112658, 0.11249, 0.112473, 0.112473, 0.12541, 0.112473, 0.112473, 0.119236
1.58326, 9.68938, 17.5371, 0.121112, 3.41897, -7.84774, 0.00422588, 0.121114, 0.122609, 0.122397, 0.13923, 0.25292, 0.125208, 0.127068, 0.143813, 14.7036, 0.20632, 2.66451, 0.121226, 0.121126, 0.121112, 0.121112, 0.133766, 0.121112, 0.121112, 0.127827
1.5911, 15.0876, 20.6744, 0.130343, 4.13371, -5.58689, 0.00397898, 0.130345, 0.131828, 0.13162, 0.14835, 0.261396, 0.134411, 0.136267, 0.154728, 18.1924, 0.207316, 2.33004, 0.130412, 0.130354, 0.130343, 0.130343, 0.142733, 0.130343, 0.130343, 0.137012
1.59895, 13.4805, 24.4786, 0.14019, 3.93452, -10.9981, 0.00374081, 0.140192, 0.141663, 0.141458, 0.158089, 0.27051, 0.144231, 0.146086, 0.166368, 22.3224, 0.209388, 2.02126, 0.140232, 0.140198, 0.14019, 0.14019, 0.152334, 0.14019, 0.14019, 0.146814
1.60679, 8.98803, 29.0013, 0.150676, 3.31482, -20.0133, 0.00351158, 0.150678, 0.152138, 0.151936, 0.168469, 0.28027, 0.15469, 0.156549, 0.178756, 27.1422, 0.212624, 1.74127, 0.150701, 0.150683, 0.150676, 0.150676, 0.162589, 0.150676, 0.150676, 0.157256
1.61463, 22.0133, 34.2775, 0.161824, 4.90034, -12.2642, 0.00329152, 0.161826, 0.163275, 0.163076, 0.179509, 0.290682, 0.16581, 0.167678, 0.191909, 32.6849, 0.217081, 1.49181, 0.161839, 0.161829, 0.161824, 0.161824, 0.173518, 0.161824, 0.161824, 0.168359
1.62247, 30.7996, 40.3201, 0.173653, 5.72709, -9.52052, 0.00308085, 0.173655, 0.175092, 0.174896, 0.191226, 0.30175, 0.177611, 0.179492, 0.205845, 38.9629, 0.222794, 1.2734, 0.173662, 0.173657, 0.173653, 0.173654, 0.18514, 0.173653, 0.173653, 0.180142
1.63032, 33.3559, 47.1151, 0.186182, 5.94608, -13.7592, 0.00287976, 0.186184, 0.187609, 0.187416, 0.203637, 0.313475, 0.190109, 0.192011, 0.220578, 45.9629, 0.229775, 1.08552, 0.186187, 0.186185, 0.186182, 0.186182, 0.197468, 0.186182, 0.186182, 0.192621
1.63816, 20.5922, 54.6177, 0.199424, 4.75313, -34.0255, 0.00268844, 0.199426, 0.200838, 0.200648, 0.216754, 0.325859, 0.203319, 0.20525, 0.23612, 53.6414, 0.238021, 0.926807, 0.199427, 0.199427, 0.199424, 0.199424, 0.210515, 0.199424, 0.199424, 0.205811
1.646, 25.7634, 62.7488, 0.213391, 5.2691, -36.9854, 0.00250703, 0.213392, 0.214791, 0.214605, 0.230586, 0.338901, 0.21725, 0.219221, 0.25248, 61.9214, 0.247513, 0.795286, 0.213392, 0.213393, 0.213391, 0.213391, 0.22429, 0.213391, 0.213391, 0.21972
1.65385, 38.5046, 71.3938, 0.228088, 6.36433, -32.8891, 0.00233562, 0.22809, 0.229473, 0.229291, 0.245138, 0.352599, 0.231909, 0.233931, 0.269665, 70.6908, 0.25822, 0.688555, 0.228089, 0.228089, 0.228088, 0.228088, 0.238797, 0.228088, 0.228088, 0.234355
1.66169, 52.6402, 80.4022, 0.243517, 7.3919, -27.7621, 0.00217428, 0.243518, 0.244886, 0.244707, 0.260411, 0.366948, 0.247296, 0.249384, 0.287678, 79.8018, 0.270103, 0.603981, 0.243517, 0.243518, 0.243517, 0.243517, 0.254035, 0.243517, 0.243517, 0.249715
1.66953, 42.1048, 89.592, 0.259672, 6.64115, -47.4871, 0.00202295, 0.259674, 0.261025, 0.260851, 0.276399, 0.381944, 0.263406, 0.265577, 0.306522, 89.0749, 0.283117, 0.538841, 0.259673, 0.259673, 0.259672, 0.259672, 0.269999, 0.259672, 0.259672, 0.265797
1.67737, 65.7918, 98.7515, 0.276543, 8.23358, -32.9598, 0.00188156, 0.276545, 0.277879, 0.277708, 0.293093, 0.39758, 0.280227, 0.282502, 0.326198, 98.3014, 0.297208, 0.490465, 0.276543, 0.276544, 0.276543, 0.276543, 0.286674, 0.276543, 0.276543, 0.282589
1.68522, 92.3576, 107.65, 0.294112, 9.71378, -15.2925, 0.00174991, 0.294114, 0.295431, 0.295263, 0.310477, 0.413847, 0.297744, 0.300146, 0.346713, 107.253, 0.312321, 0.456317, 0.294112, 0.294113, 0.294112, 0.294113, 0.304046, 0.294112, 0.294112, 0.300073
1.69306, 91.1318, 116.044, 0.312354, 9.65048, -24.9118, 0.00162775, 0.312356, 0.313655, 0.313491, 0.328528, 0.430733, 0.31593, 0.318487, 0.368075, 115.688, 0.328393, 0.434068, 0.312354, 0.312354, 0.312354, 0.312354, 0.322088, 0.312354, 0.312354, 0.318225
1.7009, 95.8652, 123.689, 0.331238, 9.89268, -27.8234, 0.00151474, 0.331239, 0.332521, 0.33236, 0.347217, 0.448228, 0.334755, 0.337498, 0.390308, 123.365, 0.345362, 0.421628, 0.331238, 0.331238, 0.331238, 0.331238, 0.340769, 0.331238, 0.331238, 0.337015
1.70874, 105.177, 130.351, 0.350724, 10.3526, -25.1737, 0.00141049, 0.350725, 0.351992, 0.351833, 0.366511, 0.466316, 0.354181, 0.357145, 0.413458, 130.051, 0.363159, 0.41717, 0.350724, 0.350724, 0.350724, 0.350724, 0.360052, 0.350724, 0.350724, 0.356405
1.71659, 105.823, 135.82, 0.370771, 10.3838, -29.9968, 0.0013145, 0.370772, 0.372024, 0.371866, 0.38637, 0.484982, 0.374166, 0.377391, 0.437601, 135.537, 0.381716, 0.419122, 0.370771, 0.370771, 0.370771, 0.370771, 0.379897, 0.370771, 0.370771, 0.376354
1.72443, 134.344, 139.918, 0.391328, 11.6767, -5.57333, 0.00122627, 0.39133, 0.392569, 0.392411, 0.406751, 0.504207, 0.394662, 0.39819, 0.462863, 139.647, 0.40096, 0.426163, 0.391328, 0.391328, 0.391328, 0.391328, 0.400254, 0.391328, 0.391328, 0.396813
1.73227, 168.166, 142.51, 0.412347, 13.0448, 25.6555, 0.0011452, 0.412349, 0.413579, 0.41342, 0.427609, 0.523974, 0.41562, 0.4195, 0.489439, 142.246, 0.420822, 0.437197, 0.412347, 0.412347, 0.412347, 0.412347, 0.421077, 0.412347, 0.412347, 0.417735
1.74012, 141.263, 143.513, 0.433775, 11.9692, -2.25006, 0.0010707, 0.433777, 0.435001, 0.434839, 0.448897, 0.544264, 0.436988, 0.441272, 0.51762, 143.252, 0.441232, 0.45133, 0.433775, 0.433776, 0.433775, 0.433776, 0.442316, 0.433775, 0.433775, 0.439069
1.74796, 174.456, 142.898, 0.455563, 13.2837, 31.558, 0.00100215, 0.455565, 0.456787, 0.456621, 0.47057, 0.56506, 0.458719, 0.463461, 0.547825, 142.635, 0.462125, 0.467845, 0.455563, 0.455563, 0.455563, 0.455563, 0.463924, 0.455563, 0.455563, 0.460768
1.7558, 162.945, 140.692, 0.477665, 12.8431, 22.2531, 0.000938914, 0.477666, 0.478892, 0.478719, 0.492589, 0.586346, 0.480767, 0.486027, 0.580638, 140.424, 0.48344, 0.486176, 0.477665, 0.477665, 0.477665, 0.477665, 0.485856, 0.477665, 0.477665, 0.482787
1.76364, 152.244, 136.979, 0.500042, 12.4195, 15.2656, 0.000880379, 0.500044, 0.501278, 0.501096, 0.514917, 0.608111, 0.503096, 0.508935, 0.616858, 136.701, 0.505129, 0.505885, 0.500042, 0.500042, 0.500042, 0.500042, 0.508078, 0.500042, 0.500042, 0.505089
1.77149, 156.862, 131.89, 0.522666, 12.604, 24.9721, 0.000825947, 0.522668, 0.523916, 0.523722, 0.537531, 0.630347, 0.525676, 0.53216, 0.657545, 131.596, 0.52715, 0.52664, 0.522666, 0.522666, 0.522666, 0.522666, 0.530561, 0.522666, 0.522666, 0.527647
1.77933, 180.69, 125.599, 0.54552, 13.5163, 55.0902, 0.000775057, 0.545522, 0.546791, 0.546583, 0.560415, 0.653055, 0.548493, 0.555688, 0.704077, 125.284, 0.549477, 0.548198, 0.54552, 0.54552, 0.54552, 0.54552, 0.553291, 0.54552, 0.54552, 0.550445
1.78717, 206.75, 118.315, 0.568602, 14.4482, 88.4345, 0.000727193, 0.568604, 0.5699, 0.569675, 0.58357, 0.676241, 0.571544, 0.579519, 0.758207, 117.969, 0.5721, 0.570391, 0.568602, 0.568602, 0.568602, 0.568603, 0.576267, 0.568602, 0.568602, 0.573482
1.79501, 200.843, 110.265, 0.591928, 14.2423, 90.5784, 0.000681891, 0.591929, 0.593257, 0.593014, 0.607009, 0.699922, 0.594846, 0.603669, 0.822115, 109.878, 0.595024, 0.593111, 0.591928, 0.591928, 0.591928, 0.591928, 0.599505, 0.591928, 0.591928, 0.596773
1.80286, 187.855, 101.686, 0.615526, 13.7788, 86.1686, 0.000638748, 0.615528, 0.616894, 0.61663, 0.630761, 0.724123, 0.618428, 0.628169, 0.898455, 101.246, 0.618273, 0.616302, 0.615526, 0.615526, 0.615526, 0.615526, 0.623034, 0.615526, 0.615526, 0.620348
1.8107, 175.192, 92.8172, 0.639447, 13.3113, 82.3744, 0.000597425, 0.639448, 0.640858, 0.640571, 0.654875, 0.748881, 0.642339, 0.65307, 0.990386, 92.3072, 0.64189, 0.639951, 0.639447, 0.639447, 0.639447, 0.639447, 0.646906, 0.639447, 0.639447, 0.644257
1.81854, 176.671, 83.8832, 0.663753, 13.3668, 92.7881, 0.000557654, 0.663755, 0.665213, 0.664901, 0.679409, 0.774241, 0.666644, 0.678433, 1.10157, 83.2843, 0.665932, 0.664078, 0.663753, 0.663753, 0.663753, 0.663753, 0.671182, 0.663753, 0.663753, 0.668562
1.82639, 161.122, 75.0894, 0.688528, 12.7719, 86.0321, 0.000519228, 0.68853, 0.690039, 0.689701, 0.704441, 0.80026, 0.691425, 0.70434, 1.23618, 74.3784, 0.690476, 0.688736, 0.688528, 0.688528, 0.688528, 0.688528, 0.695944, 0.688528, 0.688528, 0.693344
1.83423, 186.962, 66.6156, 0.713862, 13.7463, 120.346, 0.00048201, 0.713865, 0.715429, 0.715064, 0.730059, 0.826999, 0.716772, 0.730881, 1.39878, 65.7646, 0.715608, 0.713994, 0.713862, 0.713862, 0.713862, 0.713862, 0.721282, 0.713862, 0.713862, 0.718695
1.84207, 161.931, 58.6096, 0.739861, 12.8035, 103.321, 0.000445919, 0.739863, 0.741485, 0.741092, 0.756359, 0.854531, 0.742791, 0.758159, 1.59429, 57.5859, 0.74143, 0.739943, 0.739861, 0.739861, 0.739861, 0.739861, 0.747301, 0.739861, 0.739861, 0.744717
1.84991, 173.081, 51.187, 0.766632, 13.2318, 121.894, 0.000410932, 0.766634, 0.768314, 0.767893, 0.783446, 0.882928, 0.769589, 0.786278, 1.82774, 49.9534, 0.768045, 0.766683, 0.766632, 0.766632, 0.766632, 0.766632, 0.774106, 0.766632, 0.766632, 0.771517
1.85776, 143.392, 44.4296, 0.79429, 12.0579, 98.9625, 0.000377064, 0.794292, 0.796031, 0.795582, 0.811427, 0.912271, 0.797282, 0.815353, 2.10412, 42.9438, 0.795566, 0.794321, 0.79429, 0.79429, 0.79429, 0.79429, 0.801811, 0.79429, 0.79429, 0.799209
1.8656, 134.004, 38.388, 0.822944, 11.6621, 95.6159, 0.000344375, 0.822947, 0.824745, 0.824268, 0.840405, 0.942633, 0.825978, 0.845488, 2.42802, 36.6034, 0.8241, 0.822964, 0.822944, 0.822944, 0.822944, 0.822945, 0.830524, 0.822944, 0.822944, 0.827901
1.87344, 120.1, 33.0835, 0.852706, 11.0499, 87.0169, 0.000312942, 0.852709, 0.854563, 0.85406, 0.870487, 0.974093, 0.855789, 0.876793, 2.8034, 30.9496, 0.853753, 0.852718, 0.852706, 0.852706, 0.852706, 0.852706, 0.860355, 0.852706, 0.852706, 0.857703
1.88129, 115.89, 28.513, 0.883672, 10.8577, 87.3767, 0.000282864, 0.883675, 0.885584, 0.885055, 0.901763, 1.00672, 0.886813, 0.909361, 3.23312, 25.9766, 0.884623, 0.883679, 0.883672, 0.883672, 0.883672, 0.883672, 0.8914, 0.883672, 0.883672, 0.888709
1.88913, 116.62, 24.6519, 0.915935, 10.8913, 91.9683, 0.000254243, 0.915938, 0.917899, 0.917345, 0.934323, 1.04057, 0.919142, 0.943282, 3.71865, 21.6585, 0.916798, 0.915939, 0.915935, 0.915935, 0.915935, 0.915935, 0.92375, 0.915935, 0.915935, 0.921012
1.89697, 91.0084, 21.4597, 0.949569, 9.64409, 69.5487, 0.00022718, 0.949572, 0.951582, 0.951006, 0.968237, 1.07572, 0.952852, 0.978631, 4.25959, 17.9553, 0.950354, 0.949571, 0.949569, 0.949569, 0.949569, 0.949569, 0.95748, 0.949569, 0.949569, 0.954686
1.90481, 86.5422, 18.8837, 0.984639, 9.40969, 67.6586, 0.000201763, 0.984642, 0.986697, 0.9861, 1.00357, 1.11219, 0.988009, 1.01547, 4.85343, 14.8168, 0.985353, 0.98464, 0.984639, 0.984639, 0.984639, 0.984639, 0.992655, 0.984639, 0.984639, 0.989793
1.91266, 79.5376, 16.8626, 1.02119, 9.02982, 62.6749, 0.000178067, 1.0212, 1.02329, 1.02268, 1.04036, 1.15004, 1.02466, 1.05384, 5.49523, 12.1869, 1.02184, 1.02119, 1.02119, 1.02119, 1.02119, 1.02119, 1.02932, 1.02119, 1.02119, 1.02638
1.9205, 81.5319, 15.3306, 1.05927, 9.13958, 66.2012, 0.000156142, 1.05927, 1.0614, 1.06077, 1.07865, 1.18928, 1.06285, 1.09377, 6.17747, 10.0072, 1.05986, 1.05927, 1.05927, 1.05927, 1.05927, 1.05927, 1.06752, 1.05927, 1.05927, 1.06449
1.92834, 55.3441, 14.2195, 1.09888, 7.57259, 41.1246, 0.000136015, 1.09888, 1.10105, 1.1004, 1.11845, 1.22994, 1.10259, 1.1353, 6.88999, 8.21975, 1.09941, 1.09888, 1.09888, 1.09888, 1.09888, 1.09888, 1.10727, 1.09888, 1.09888, 1.10413
1.93619, 56.372, 13.4612, 1.14003, 7.64016, 42.9108, 0.000117687, 1.14004, 1.14223, 1.14157, 1.15977, 1.27201, 1.14389, 1.17842, 7.62017, 6.76905, 1.14052, 1.14003, 1.14003, 1.14003, 1.14003, 1.14003, 1.14857, 1.14003, 1.14003, 1.14531
1.94403, 50.9242, 12.9896, 1.18273, 7.2749, 37.9346, 0.000101135, 1.18274, 1.18496, 1.18428, 1.20262, 1.31552, 1.18675, 1.22313, 8.35319, 5.60381, 1.18317, 1.18273, 1.18273, 1.18273, 1.18273, 1.18273, 1.19144, 1.18273, 1.18273, 1.18804
1.95187, 44.6315, 12.7418, 1.22696, 6.82872, 31.8897, 8.63101e-05, 1.22697, 1.22921, 1.22852, 1.24697, 1.36043, 1.23117, 1.26942, 9.07254, 4.67764, 1.22736, 1.22696, 1.22696, 1.22696, 1.22696, 1.22696, 1.23585, 1.22696, 1.22696, 1.23229
1.95971, 44.4977, 12.6593, 1.2727, 6.81892, 31.8384, 7.31436e-05, 1.2727, 1.27496, 1.27427, 1.29282, 1.40676, 1.27711, 1.31728, 9.76058, 3.94957, 1.27306, 1.2727, 1.2727, 1.2727, 1.2727, 1.2727, 1.28179, 1.2727, 1.2727, 1.27805
1.96756, 38.2679, 12.6886, 1.31992, 6.3457, 25.5794, 6.15481e-05, 1.31992, 1.32219, 1.3215, 1.34013, 1.45447, 1.32456, 1.3667, 10.3994, 3.38405, 1.32024, 1.31992, 1.31992, 1.31992, 1.31992, 1.31992, 1.32924, 1.31992, 1.31992, 1.32528
1.9754, 36.3071, 12.782, 1.36859, 6.18927, 23.5251, 5.1422e-05, 1.36859, 1.37088, 1.37017, 1.38887, 1.50354, 1.37349, 1.41765, 10.9715, 2.95073, 1.36888, 1.36859, 1.36859, 1.36859, 1.36859, 1.36859, 1.37816, 1.36859, 1.36859, 1.37397
1.98324, 35.8972, 12.898, 1.41868, 6.15607, 22.9992, 4.26534e-05, 1.41868, 1.42098, 1.42027, 1.43902, 1.55396, 1.42387, 1.47014, 11.4609, 2.6241, 1.41894, 1.41868, 1.41868, 1.41868, 1.41868, 1.41868, 1.42854, 1.41868, 1.41868, 1.42408
1.99108, 24.6665, 13.0017, 1.47015, 5.16396, 11.6648, 3.51244e-05, 1.47015, 1.47246, 1.47175, 1.49054, 1.60571, 1.47565, 1.52418, 11.8537, 2.38297, 1.47038, 1.47015, 1.47015, 1.47015, 1.47015, 1.47015, 1.48033, 1.47015, 1.47015, 1.47557
1.99893, 23.7187, 13.065, 1.52297, 5.07136, 10.6538, 2.87136e-05, 1.52298, 1.52529, 1.52458, 1.54341, 1.65875, 1.52883, 1.57979, 12.139, 2.20991, 1.52318, 1.52297, 1.52297, 1.52297, 1.52297, 1.52297, 1.53352, 1.52297, 1.52297, 1.52842
2.00677, 14.4094, 13.0664, 1.57712, 4.05086, 1.34305, 2.33009e-05, 1.57712, 1.57944, 1.57872, 1.59758, 1.71306, 1.58335, 1.63704, 12.3097, 2.09074, 1.5773, 1.57712, 1.57712, 1.57712, 1.57712, 1.57712, 1.58806, 1.57712, 1.57712, 1.58259
2.01461, 12.7003, 12.9914, 1.63255, 3.8341, -0.291114, 1.87687e-05, 1.63255, 1.63487, 1.63415, 1.65303, 1.76862, 1.63918, 1.69603, 12.3623, 2.01402, 1.63271, 1.63255, 1.63255, 1.63255, 1.63255, 1.63255, 1.64394, 1.63255, 1.63255, 1.63805
2.02246, 5.56409, 12.832, 1.68923, 2.75029, -7.26795, 1.50056e-05, 1.68924, 1.69156, 1.69084, 1.70974, 1.82541, 1.69631, 1.75695, 12.2977, 1.9706, 1.68938, 1.68923, 1.68923, 1.68923, 1.68923, 1.68923, 1.70112, 1.68923, 1.68923, 1.69478
2.0303, 14.4263, 12.5862, 1.74715, 4.05293, 1.84007, 1.1907e-05, 1.74715, 1.74948, 1.74876, 1.76767, 1.8834, 1.7547, 1.82003, 12.1208, 1.95318, 1.74727, 1.74715, 1.74715, 1.74715, 1.74715, 1.74715, 1.75959, 1.74715, 1.74715, 1.75274
2.03814, 8.99514, 12.2572, 1.80627, 3.31589, -3.2621, 9.3767e-06, 1.80627, 1.8086, 1.80788, 1.8268, 1.94258, 1.81433, 1.88566, 11.8405, 1.95601, 1.80638, 1.80627, 1.80627, 1.80627, 1.80627, 1.80627, 1.81932, 1.80627, 1.80627, 1.81191
2.04598, 5.43353, 11.8532, 1.86657, 2.72645, -6.41969, 7.32768e-06, 1.86657, 1.8689, 1.86818, 1.88711, 2.00293, 1.87517, 1.95434, 11.4685, 1.97454, 1.86667, 1.86657, 1.86657, 1.86657, 1.86657, 1.86657, 1.88028, 1.86657, 1.86657, 1.87228
2.05383, 7.79381, 11.386, 1.92803, 3.12951, -3.59214, 5.68231e-06, 1.92803, 1.93036, 1.92964, 1.94857, 2.06442, 1.93721, 2.02678, 11.0196, 2.00525, 1.92811, 1.92803, 1.92803, 1.92803, 1.92803, 1.92803, 1.94248, 1.92803, 1.92803, 1.93382
2.06167, 6.64453, 10.87, 1.99064, 2.94016, -4.22542, 4.37197e-06, 1.99064, 1.99297, 1.99225, 2.01118, 2.12705, 2.00042, 2.10392, 10.51, 2.0454, 1.99071, 1.99064, 1.99064, 1.99064, 1.99064, 1.99064, 2.00588, 1.99064, 1.99064, 1.99653
2.06951, 5.55446, 10.3217, 2.05437, 2.74854, -4.76721, 3.33731e-06, 2.05437, 2.0567, 2.05598, 2.07492, 2.19079, 2.06479, 2.187, 9.957, 2.09286, 2.05443, 2.05437, 2.05437, 2.05437, 2.05437, 2.05437, 2.07048, 2.05437, 2.05437, 2.06037
2.07736, 2.99755, 9.75842, 2.11921, 2.23552, -6.76087, 2.52719e-06, 2.11921, 2.12155, 2.12082, 2.13976, 2.25565, 2.1303, 2.2776, 9.3779, 2.14603, 2.11927, 2.11921, 2.11921, 2.11921, 2.11921, 2.11921, 2.13628, 2.11921, 2.11921, 2.12536
2.0852, 6.99756, 9.19759, 2.18515, 2.99959, -2.20003, 1.8983e-06, 2.18515, 2.18749, 2.18676, 2.2057, 2.3216, 2.19695, 2.37774, 8.78927, 2.20366, 2.1852, 2.18515, 2.18515, 2.18515, 2.18515, 2.18515, 2.20327, 2.18515, 2.18515, 2.19146
2.09304, 1.54486, 8.65588, 2.25219, 1.88278, -7.11103, 1.41423e-06, 2.25219, 2.25453, 2.2538, 2.27275, 2.38864, 2.26472, 2.48991, 8.20622, 2.26485, 2.25223, 2.25219, 2.25219, 2.25219, 2.25219, 2.25219, 2.27145, 2.25219, 2.25219, 2.25869
2.10088, 4.99513, 8.14893, 2.32031, 2.64483, -3.1538, 1.0449e-06, 2.32032, 2.32265, 2.32193, 2.34087, 2.45677, 2.33361, 2.61712, 7.64203, 2.32888, 2.32035, 2.32031, 2.32031, 2.32031, 2.32031, 2.32031, 2.34083, 2.32031, 2.32031, 2.32704
2.10873, 4.45281, 7.69075, 2.38952, 2.54024, -3.23795, 7.65548e-07, 2.38952, 2.39185, 2.39113, 2.41007, 2.52598, 2.4036, 2.76297, 7.10758, 2.39526, 2.38955, 2.38952, 2.38952, 2.38952, 2.38952, 2.38952, 2.41142, 2.38952, 2.38952, 2.39649
2.11657, 2.53756, 7.29362, 2.4598, 2.13016, -4.75606, 5.56129e-07, 2.4598, 2.46213, 2.46141, 2.48036, 2.59626, 2.47471, 2.93163, 6.61134, 2.46361, 2.45982, 2.4598, 2.4598, 2.4598, 2.4598, 2.4598, 2.48326, 2.4598, 2.4598, 2.46706
2.12441, 2.99517, 6.96794, 2.53116, 2.23499, -3.97278, 4.00518e-07, 2.53117, 2.5335, 2.53277, 2.55172, 2.66762, 2.54692, 3.12786, 6.15919, 2.53367, 2.53118, 2.53116, 2.53116, 2.53116, 2.53116, 2.53116, 2.55637, 2.53116, 2.53116, 2.53875
2.13225, 5.53038, 6.7224, 2.6036, 2.74415, -1.19201, 2.85943e-07, 2.60361, 2.60594, 2.60522, 2.62416, 2.74007, 2.62024, 3.35688, 5.75471, 2.60523, 2.60362, 2.6036, 2.6036, 2.6036, 2.6036, 2.6036, 2.6308, 2.6036, 2.6036, 2.61156
2.1401, 2.92724, 6.56392, 2.67712, 2.21974, -3.63669, 2.02346e-07, 2.67713, 2.67946, 2.67874, 2.69768, 2.81359, 2.69467, 3.6243, 5.39931, 2.67817, 2.67714, 2.67712, 2.67712, 2.67712, 2.67712, 2.67712, 2.7066, 2.67712, 2.67712, 2.68549
2.14794, 2.52788, 6.49791, 2.75173, 2.12788, -3.97003, 1.41914e-07, 2.75173, 2.75406, 2.75334, 2.77228, 2.88819, 2.7702, 3.93595, 5.09259, 2.75239, 2.75174, 2.75173, 2.75173, 2.75173, 2.75173, 2.75173, 2.78386, 2.75173, 2.75173, 2.76055
2.15578, 2.99526, 6.52828, 2.82742, 2.23501, -3.53302, 9.86333e-08, 2.82742, 2.82975, 2.82903, 2.84797, 2.96388, 2.84685, 4.2976, 4.83269, 2.82784, 2.82743, 2.82742, 2.82742, 2.82742, 2.82742, 2.82742, 2.86266, 2.82742, 2.82742, 2.83674
2.16363, 5.09702, 6.65757, 2.90419, 2.66402, -1.56055, 6.79277e-08, 2.9042, 2.90653, 2.90581, 2.92475, 3.04066, 2.92461, 4.71463, 4.61668, 2.90446, 2.9042, 2.90419, 2.90419, 2.90419, 2.90419, 2.90419, 2.94311, 2.90419, 2.90419, 2.91407
2.17147, 4.93944, 6.88692, 2.98206, 2.63428, -1.94748, 4.63504e-08, 2.98207, 2.9844, 2.98368, 3.00262, 3.11853, 3.00349, 5.19172, 4.44095, 2.98222, 2.98207, 2.98206, 2.98206, 2.98206, 2.98206, 2.98206, 3.02534, 2.98206, 2.98206, 2.99254
2.17931, 5.94907, 7.21594, 3.06102, 2.81941, -1.26687, 3.13329e-08, 3.06103, 3.06336, 3.06263, 3.08158, 3.19749, 3.08348, 5.73237, 4.30147, 3.06112, 3.06103, 3.06102, 3.06102, 3.06102, 3.06102, 3.06102, 3.10949, 3.06102, 3.06102, 3.07214
2.18715, 7.54984, 7.64257, 3.14107, 3.09028, -0.0927339, 2.09822e-08, 3.14108, 3.14341, 3.14269, 3.16163, 3.27754, 3.16458, 6.33847, 4.19415, 3.14113, 3.14108, 3.14107, 3.14107, 3.14107, 3.14107, 3.14107, 3.19574, 3.14107, 3.14107, 3.15289
2.195, 5.95636, 8.16285, 3.22221, 2.8207, -2.20649, 1.39176e-08, 3.22221, 3.22455, 3.22382, 3.24277, 3.35868, 3.2468, 7.00987, 4.11498, 3.22225, 3.22221, 3.22221, 3.22221, 3.22221, 3.22221, 3.22221, 3.28427, 3.22221, 3.22221, 3.23477
2.20284, 9.53308, 8.77063, 3.30443, 3.39604, 0.76246, 9.14339e-09, 3.30444, 3.30677, 3.30604, 3.32499, 3.4409, 3.33012, 7.74397, 4.06022, 3.30445, 3.30444, 3.30443, 3.30443, 3.30443, 3.30443, 3.30443, 3.37527, 3.30443, 3.30443, 3.31778
2.21068, 8.98541, 9.45735, 3.38773, 3.31442, -0.471946, 5.94897e-09, 3.38773, 3.39007, 3.38934, 3.40829, 3.5242, 3.41454, 8.53538, 4.0265, 3.38774, 3.38773, 3.38773, 3.38773, 3.38773, 3.38773, 3.38773, 3.46895, 3.38773, 3.38773, 3.40192
2.21853, 11.5116, 10.2119, 3.4721, 3.67581, 1.29967, 3.83293e-09, 3.4721, 3.47443, 3.47371, 3.49266, 3.60856, 3.50006, 9.37571, 4.01086, 3.47211, 3.4721, 3.4721, 3.4721, 3.4721, 3.4721, 3.4721, 3.56551, 3.4721, 3.4721, 3.48717
2.22637, 7.96572, 11.0205, 3.55752, 3.15685, -3.05475, 2.44536e-09, 3.55753, 3.55986, 3.55913, 3.57808, 3.69399, 3.58665, 10.2535, 4.01075, 3.55753, 3.55752, 3.55752, 3.55752, 3.55752, 3.55752, 3.55752, 3.66514, 3.55752, 3.55752, 3.57353
2.23421, 13.5173, 11.8667, 3.64399, 3.93921, 1.6506, 1.54464e-09, 3.644, 3.64633, 3.64561, 3.66455, 3.78046, 3.67431, 11.1544, 4.02401, 3.644, 3.64399, 3.64399, 3.64399, 3.64399, 3.64399, 3.64399, 3.76802, 3.64399, 3.64399, 3.66098
2.24205, 15.9503, 12.732, 3.73149, 4.23678, 3.21835, 9.65966e-10, 3.73149, 3.73383, 3.7331, 3.75205, 3.86795, 3.76301, 12.0613, 4.04884, 3.73149, 3.73149, 3.73149, 3.73149, 3.73149, 3.73149, 3.73149, 3.87428, 3.73149, 3.73149, 3.7495
2.2499, 15.9763, 13.5956, 3.82, 4.23985, 2.38069, 5.97957e-10, 3.82, 3.82233, 3.82161, 3.84056, 3.95646, 3.85276, 12.9551, 4.08375, 3.82, 3.82, 3.82, 3.82, 3.82, 3.82, 3.82, 3.98401, 3.82, 3.82, 3.83908
2.25774, 22.4683, 14.436, 3.9095, 4.94655, 8.03234, 3.66338e-10, 3.90951, 3.91184, 3.91112, 3.93006, 4.04597, 3.94353, 13.8151, 4.12749, 3.9095, 3.9095, 3.9095, 3.9095, 3.9095, 3.9095, 3.9095, 4.09722, 3.9095, 3.9095, 3.92969
2.26558, 16.0034, 15.2308, 3.99998, 4.24304, 0.772593, 2.22068e-10, 3.99999, 4.00232, 4.0016, 4.02054, 4.13645, 4.03531, 14.6203, 4.17901, 3.99998, 3.99998, 3.99998, 3.99998, 3.99998, 3.99998, 3.99998, 4.21386, 3.99998, 3.99998, 4.02132
2.27342, 12.5077, 15.9583, 4.09141, 3.8089, -3.4506, 1.33155e-10, 4.09141, 4.09375, 4.09302, 4.11197, 4.22788, 4.12807, 15.3498, 4.23741, 4.09141, 4.09141, 4.09141, 4.09141, 4.09141, 4.09141, 4.09141, 4.33377, 4.09141, 4.09141, 4.11394
2.28127, 13.4372, 16.5983, 4.18377, 3.92902, -3.16105, 7.89516e-11, 4.18377, 4.18611, 4.18538, 4.20433, 4.32023, 4.22183, 15.9844, 4.30194, 4.18377, 4.18377, 4.18377, 4.18377, 4.18377, 4.18377, 4.18377, 4.45669, 4.18377, 4.18377, 4.20752
2.28911, 23.3865, 17.1328, 4.27703, 5.0385, 6.25367, 4.62806e-11, 4.27704, 4.27937, 4.27865, 4.29759, 4.4135, 4.31657, 16.5072, 4.37189, 4.27703, 4.27703, 4.27703, 4.27703, 4.27703, 4.27703, 4.27703, 4.58227, 4.27703, 4.27703, 4.30205
2.29695, 27.0854, 17.5474, 4.37118, 5.39309, 9.53793, 2.68331e-11, 4.37119, 4.37352, 4.3728, 4.39174, 4.50765, 4.4123, 16.9047, 4.44667, 4.37118, 4.37118, 4.37118, 4.37118, 4.37118, 4.37118, 4.37119, 4.71006, 4.37118, 4.37118, 4.39751
2.3048, 16.9092, 17.8317, 4.46619, 4.34847, -0.922504, 1.53876e-11, 4.46619, 4.46852, 4.4678, 4.48674, 4.60265, 4.50905, 17.1674, 4.5257, 4.46619, 4.46619, 4.46619, 4.46619, 4.46619, 4.46619, 4.46619, 4.83947, 4.46619, 4.46619, 4.49385
2.31264, 20.0523, 17.9797, 4.56202, 4.69599, 2.07257, 8.72493e-12, 4.56202, 4.56435, 4.56363, 4.58257, 4.69848, 4.60686, 17.2905, 4.60851, 4.56202, 4.56202, 4.56202, 4.56202, 4.56202, 4.56202, 4.56202, 4.96989, 4.56202, 4.56202, 4.59105
2.32048, 24.4584, 17.9907, 4.65865, 5.14377, 6.46765, 4.8864e-12, 4.65866, 4.66099, 4.66027, 4.67921, 4.79512, 4.70583, 17.2742, 4.69461, 4.65865, 4.65865, 4.65865, 4.65865, 4.65865, 4.65865, 4.65866, 5.1006, 4.65865, 4.65865, 4.6891
2.32832, 23.4026, 17.8687, 4.75606, 5.0401, 5.53386, 2.692e-12, 4.75607, 4.7584, 4.75768, 4.77662, 4.89254, 4.80608, 17.1235, 4.78359, 4.75606, 4.75606, 4.75606, 4.75606, 4.75606, 4.75606, 4.75606, 5.23087, 4.75606, 4.75606, 4.78795
2.33617, 16.6638, 17.6225, 4.85422, 4.32016, -0.958679, 1.44936e-12, 4.85422, 4.85655, 4.85583, 4.87477, 4.99069, 4.90781, 16.848, 4.87508, 4.85422, 4.85422, 4.85422, 4.85422, 4.85422, 4.85422, 4.85422, 5.35994, 4.85422, 4.85422, 4.88757
2.34401, 18.9283, 17.265, 4.95309, 4.57474, 1.66324, 7.54471e-13, 4.95309, 4.95542, 4.9547, 4.97365, 5.08957, 5.0113, 16.4613, 4.96873, 4.95309, 4.95309, 4.95309, 4.95309, 4.95309, 4.95309, 4.95309, 5.48714, 4.95309, 4.95309, 4.98795
2.35185, 15.5153, 16.8128, 5.05265, 4.18512, -1.29754, 3.72893e-13, 5.05265, 5.05499, 5.05426, 5.07321, 5.18915, 5.11698, 15.9803, 5.06426, 5.05265, 5.05265, 5.05265, 5.05265, 5.05265, 5.05265, 5.05265, 5.6118, 5.05265, 5.05265, 5.08905
2.3597, 17.5204, 16.2849, 5.15286, 4.41819, 1.23548, 1.70412e-13, 5.15287, 5.1552, 5.15448, 5.17342, 5.28938, 5.22539, 15.4243, 5.16139, 5.15286, 5.15286, 5.15286, 5.15286, 5.15286, 5.15286, 5.15286, 5.7334, 5.15286, 5.15286, 5.19083
2.36754, 17.9137, 15.7021, 5.25371, 4.46248, 2.2116, 6.94019e-14, 5.25371, 5.25604, 5.25532, 5.27426, 5.39025, 5.33731, 14.8139, 5.25989, 5.25371, 5.25371, 5.25371, 5.25371, 5.25371, 5.25371, 5.25371, 5.85153, 5.25371, 5.25371, 5.29328
2.37538, 16.6018, 15.0859, 5.35515, 4.31298, 1.51589, 2.52111e-14, 5.35516, 5.35749, 5.35677, 5.37571, 5.49174, 5.45376, 14.1697, 5.3596, 5.35515, 5.35515, 5.35515, 5.35515, 5.35515, 5.35515, 5.35515, 5.966, 5.35515, 5.35515, 5.39635
2.38322, 12.9065, 14.4575, 5.45717, 3.86089, -1.55106, 7.76414e-15, 5.45717, 5.45951, 5.45878, 5.47773, 5.59382, 5.57606, 13.5119, 5.46033, 5.45717, 5.45717, 5.45717, 5.45717, 5.45717, 5.45717, 5.45717, 6.07675, 5.45717, 5.45717, 5.50003
2.39107, 11.5298, 13.8374, 5.55973, 3.67829, -2.30755, 1.94256e-15, 5.55974, 5.56207, 5.56135, 5.58029, 5.69648, 5.70592, 12.8589, 5.56195, 5.55973, 5.55973, 5.55973, 5.55973, 5.55973, 5.55973, 5.55973, 6.184, 5.55973, 5.55973, 5.60428
2.39891, 14.441, 13.2442, 5.66282, 4.05475, 1.19682, 3.56708e-16, 5.66282, 5.66515, 5.66443, 5.68338, 5.79971, 5.84546, 12.227, 5.66436, 5.66282, 5.66282, 5.66282, 5.66282, 5.66282, 5.66282, 5.66282, 6.28817, 5.66282, 5.66282, 5.70908
2.40675, 14.6334, 12.6946, 5.7664, 4.07841, 1.93882, 6.13808e-17, 5.76641, 5.76874, 5.76802, 5.78696, 5.90351, 5.99732, 11.6294, 5.76746, 5.7664, 5.7664, 5.7664, 5.7664, 5.7664, 5.7664, 5.76641, 6.38996, 5.7664, 5.7664, 5.8144
2.41459, 9.88935, 12.2032, 5.87047, 3.44809, -2.31382, 8.5388e-18, 5.87047, 5.87281, 5.87208, 5.89103, 6.00787, 6.16465, 11.0767, 5.87119, 5.87047, 5.87047, 5.87047, 5.87047, 5.87047, 5.87047, 5.87047, 6.49035, 5.87047, 5.87047, 5.92024
2.42244, 13.88, 11.7822, 5.975, 3.98497, 2.09774, 9.50829e-19, 5.975, 5.97734, 5.97661, 5.99556, 6.11284, 6.35118, 10.576, 5.97548, 5.975, 5.975, 5.975, 5.975, 5.975, 5.975, 5.975, 6.59064, 5.975, 5.975, 6.02657
2.43028, 12.209, 11.4419, 6.07998, 3.76949, 0.767112, 8.14272e-20, 6.07998, 6.08232, 6.08159, 6.10054, 6.21843, 6.56121, 10.1315, 6.0803, 6.07998, 6.07998, 6.07998, 6.07998, 6.07998, 6.07998, 6.07998, 6.69248, 6.07998, 6.07998, 6.13337
2.43812, 8.43375, 11.1907, 6.18541, 3.23013, -2.75693, 3.55459e-21, 6.18542, 6.18775, 6.18703, 6.20597, 6.32473, 6.79962, 9.74469, 6.18562, 6.18541, 6.18541, 6.18541, 6.18541, 6.18541, 6.18541, 6.18541, 6.79792, 6.18541, 6.18541, 6.24066
2.44597, 9.99051, 11.0355, 6.29128, 3.46273, -1.04503, 1.10418e-22, 6.29128, 6.29361, 6.29289, 6.31184, 6.4318, 7.07169, 9.41466, 6.29142, 6.29128, 6.29128, 6.29128, 6.29128, 6.29128, 6.29128, 6.29128, 6.90947, 6.29128, 6.29128, 6.3484
2.45381, 5.55399, 10.9826, 6.39758, 2.74845, -5.42858, 1.5298e-24, 6.39758, 6.39992, 6.39919, 6.41814, 6.53977, 7.38304, 9.13865, 6.39767, 6.39758, 6.39758, 6.39758, 6.39758, 6.39758, 6.39758, 6.39758, 7.0302, 6.39758, 6.39758, 6.45662
2.46165, 10.1619, 11.0372, 6.50431, 3.48739, -0.875326, 3.14733e-27, 6.50431, 6.50665, 6.50592, 6.52487, 6.6488, 7.73942, 8.91252, 6.50437, 6.50431, 6.50431, 6.50431, 6.50431, 6.50431, 6.50431, 6.50431, 7.16385, 6.50431, 6.50431, 6.5653
2.46949, 9.6866, 11.2048, 6.61148, 3.41857, -1.51818, 0, 6.61149, 6.61382, 6.6131, 6.63204, 6.75912, 8.14648, 8.73121, 6.61152, 6.61148, 6.61148, 6.61148, 6.61148, 6.61148, 6.61148, 6.61148, 7.3149, 6.61148, 6.61148, 6.67446
2.47734, 7.55886, 11.4906, 6.7191, 3.09174, -3.93171, 0, 6.7191, 6.72143, 6.72071, 6.73965, 6.87099, 8.60932, 8.58926, 6.71912, 6.7191, 6.7191, 6.7191, 6.7191, 6.7191, 6.7191, 6.7191, 7.48873, 6.7191, 6.7191, 6.78413
2.48518, 12.5637, 11.9001, 6.82715, 3.81624, 0.663642, 0, 6.82715, 6.82948, 6.82876, 6.84771, 6.98478, 9.13223, 8.48113, 6.82716, 6.82715, 6.82715, 6.82715, 6.82715, 6.82715, 6.82715, 6.82715, 7.69168, 6.82715, 6.82715, 6.89431
2.49302, 14.9927, 12.4389, 6.93565, 4.12222, 2.5538, 0, 6.93565, 6.93799, 6.93726, 6.95621, 7.10095, 9.71823, 8.40157, 6.93566, 6.93565, 6.93565, 6.93565, 6.93565, 6.93565, 6.93565, 6.93565, 7.93121, 6.93565, 6.93565, 7.00505
2.50087, 6.67999, 13.1129, 7.0446, 2.94618, -6.43289, 0, 7.04461, 7.04694, 7.04622, 7.06516, 7.22009, 10.3686, 8.3458, 7.04461, 7.0446, 7.0446, 7.0446, 7.0446, 7.0446, 7.0446, 7.0446, 8.21587, 7.0446, 7.0446, 7.11641
2.50871, 7.7251, 13.9274, 7.15401, 3.11851, -6.2023, 0, 7.15401, 7.15635, 7.15562, 7.17457, 7.34295, 11.0825, 8.30966, 7.15401, 7.15401, 7.15401, 7.15401, 7.15401, 7.15401, 7.15401, 7.15401, 8.55532, 7.15401, 7.15401, 7.22846
2.51655, 10.4072, 14.8874, 7.26387, 3.52239, -4.48018, 0, 7.26387, 7.2662, 7.26548, 7.28443, 7.47045, 11.8566, 8.28972, 7.26387, 7.26387, 7.26387, 7.26387, 7.26387, 7.26387, 7.26387, 7.26387, 8.96025, 7.26387, 7.26387, 7.34131
2.52439, 9.98783, 15.9967, 7.37418, 3.46234, -6.00887, 0, 7.37418, 7.37652, 7.37579, 7.39474, 7.60374, 12.6847, 8.28322, 7.37418, 7.37418, 7.37418, 7.37418, 7.37418, 7.37418, 7.37418, 7.37418, 9.44214, 7.37418, 7.37418, 7.45515
2.53224, 12.6371, 17.2577, 7.48494, 3.82584, -4.62066, 0, 7.48494, 7.48727, 7.48655, 7.5055, 7.74423, 13.5575, 8.28806, 7.48494, 7.48494, 7.48494, 7.48494, 7.48494, 7.48494, 7.48494, 7.48494, 10.013, 7.48494, 7.48494, 7.57022
2.54008, 12.7976, 18.6707, 7.59613, 3.84676, -5.8732, 0, 7.59614, 7.59847, 7.59775, 7.61669, 7.89365, 14.4629, 8.30271, 7.59613, 7.59613, 7.59613, 7.59613, 7.59613, 7.59613, 7.59613, 7.59613, 10.6847, 7.59613, 7.59613, 7.68686
2.54792, 13.9366, 20.2337, 7.70776, 3.99207, -6.29705, 0, 7.70776, 7.7101, 7.70937, 7.72832, 8.05404, 15.3858, 8.3261, 7.70776, 7.70776, 7.70776, 7.70776, 7.70776, 7.70776, 7.70776, 7.70776, 11.4687, 7.70776, 7.70776, 7.80559
2.55576, 21.6303, 21.9416, 7.8198, 4.8611, -0.31127, 0, 7.8198, 7.82214, 7.82141, 7.84036, 8.22784, 16.3087, 8.35751, 7.8198, 7.8198, 7.8198, 7.8198, 7.8198, 7.8198, 7.8198, 7.8198, 12.3751, 7.8198, 7.8198, 7.92711
2.56361, 23.1459, 23.7862, 7.93223, 5.01457, -0.64031, 0, 7.93224, 7.93457, 7.93385, 7.95279, 8.41788, 17.2122, 8.39647, 7.93223, 7.93223, 7.93223, 7.93223, 7.93223, 7.93223, 7.93223, 7.93223, 13.4117, 7.93223, 7.93223, 8.05237
2.57145, 15.5815, 25.756, 8.04505, 4.19303, -10.1746, 0, 8.04505, 8.04739, 8.04666, 8.06561, 8.6274, 18.0755, 8.44268, 8.04505, 8.04505, 8.04505, 8.04505, 8.04505, 8.04505, 8.04505, 8.04505, 14.5835, 8.04505, 8.04505, 8.18271
2.57929, 20.3685, 27.8363, 8.15823, 4.72953, -7.46783, 0, 8.15823, 8.16056, 8.15984, 8.17879, 8.86004, 18.8777, 8.4959, 8.15823, 8.15823, 8.15823, 8.15823, 8.15823, 8.15823, 8.15823, 8.15823, 15.8912, 8.15823, 8.15823, 8.31988
2.58714, 24.5262, 30.0086, 8.27173, 5.15036, -5.48241, 0, 8.27174, 8.27407, 8.27335, 8.29229, 9.11977, 19.5984, 8.55588, 8.27173, 8.27173, 8.27173, 8.27173, 8.27173, 8.27173, 8.27173, 8.27173, 17.3308, 8.27173, 8.27173, 8.46618
2.59498, 37.7335, 32.2519, 8.38555, 6.30345, 5.48154, 0, 8.38555, 8.38788, 8.38716, 8.40611, 9.41085, 20.219, 8.62239, 8.38555, 8.38555, 8.38555, 8.38555, 8.38555, 8.38555, 8.38555, 8.38555, 18.8928, 8.38555, 8.38555, 8.62461
2.60282, 32.5506, 34.5425, 8.49965, 5.87798, -1.99187, 0, 8.49965, 8.50198, 8.50126, 8.5202, 9.73769, 20.7235, 8.69511, 8.49965, 8.49965, 8.49965, 8.49965, 8.49965, 8.49965, 8.49965, 8.49965, 20.5613, 8.49965, 8.49965, 8.79898
2.61066, 39.2736, 36.8546, 8.614, 6.42445, 2.41893, 0, 8.61401, 8.61634, 8.61562, 8.63456, 10.1047, 21.0993, 8.77368, 8.614, 8.614, 8.614, 8.614, 8.614, 8.614, 8.614, 8.614, 22.3145, 8.614, 8.614, 8.99404
2.61851, 44.7018, 39.1611, 8.72858, 6.83387, 5.54074, 0, 8.72858, 8.73091, 8.73019, 8.74913, 10.5159, 21.3381, 8.85767, 8.72858, 8.72858, 8.72858, 8.72858, 8.72858, 8.72858, 8.72858, 8.72858, 24.1236, 8.72858, 8.72858, 9.21559
2.62635, 57.99, 41.4347, 8.84335, 7.74532, 16.5553, 0, 8.84335, 8.84569, 8.84496, 8.86391, 10.975, 21.4364, 8.94662, 8.84335, 8.84335, 8.84335, 8.84335, 8.84335, 8.84335, 8.84335, 8.84335, 25.955, 8.84335, 8.84335, 9.47065
2.63419, 57.3372, 43.6485, 8.95829, 7.70306, 13.6887, 0, 8.95829, 8.96062, 8.9599, 8.97884, 11.4847, 21.3954, 9.04002, 8.95829, 8.95829, 8.95829, 8.95829, 8.95829, 8.95829, 8.95829, 8.95829, 27.7696, 8.95829, 8.95829, 9.76745
2.64204, 59.0701, 45.777, 9.07335, 7.81473, 13.2931, 0, 9.07335, 9.07568, 9.07496, 9.0939, 12.0468, 21.2212, 9.13733, 9.07335, 9.07335, 9.07335, 9.07335, 9.07335, 9.07335, 9.07335, 9.07335, 29.5251, 9.07335, 9.07335, 10.1155
2.64988, 56.6788, 47.7971, 9.18851, 7.66021, 8.88174, 0, 9.18851, 9.19084, 9.19012, 9.20906, 12.6613, 20.9247, 9.23805, 9.18851, 9.18851, 9.18851, 9.18851, 9.18851, 9.18851, 9.18851, 9.18851, 31.1772, 9.18851, 9.18851, 10.5253
2.65772, 54.5498, 49.6892, 9.30372, 7.51996, 4.86058, 0, 9.30372, 9.30605, 9.30533, 9.32428, 13.3267, 20.5204, 9.34167, 9.30372, 9.30372, 9.30372, 9.30372, 9.30372, 9.30372, 9.30372, 9.30372, 32.6822, 9.30372, 9.30372, 11.0087
2.66556, 61.4099, 51.4378, 9.41896, 7.96303, 9.9721, 0, 9.41897, 9.4213, 9.42057, 9.43952, 14.0391, 20.026, 9.44771, 9.41896, 9.41896, 9.41896, 9.41896, 9.41896, 9.41896, 9.41896, 9.41896, 33.9983, 9.41896, 9.41896, 11.5779
2.67341, 80.4409, 53.0315, 9.53418, 9.0797, 27.4095, 0, 9.53419, 9.53652, 9.5358, 9.55474, 14.7926, 19.4616, 9.55571, 9.53418, 9.53418, 9.53418, 9.53418, 9.53418, 9.53418, 9.53418, 9.53418, 35.0882, 9.53418, 9.53418, 12.2455
2.68125, 70.4897, 54.4641, 9.64934, 8.51409, 16.0256, 0, 9.64934, 9.65167, 9.65095, 9.6699, 15.5787, 18.8484, 9.66529, 9.64934, 9.64934, 9.64934, 9.64934, 9.64934, 9.64934, 9.64934, 9.64934, 35.9208, 9.64934, 9.64934, 13.0238
2.68909, 67.4517, 55.7346, 9.7644, 8.33377, 11.7171, 0, 9.7644, 9.76674, 9.76601, 9.78496, 16.3866, 18.2075, 9.77608, 9.7644, 9.7644, 9.7644, 9.7644, 9.7644, 9.7644, 9.7644, 9.7644, 36.4733, 9.7644, 9.7644, 13.9242
2.69693, 60.8122, 56.846, 9.87931, 7.92541, 3.96616, 0, 9.87932, 9.88165, 9.88093, 9.89987, 17.2033, 17.5596, 9.88778, 9.87931, 9.87931, 9.87931, 9.87931, 9.87931, 9.87931, 9.87931, 9.87931, 36.7321, 9.87931, 9.87931, 14.956
2.70478, 72.0242, 57.8053, 9.99403, 8.60373, 14.2188, 0, 9.99404, 9.99637, 9.99564, 10.0146, 18.0137, 16.9234, 10.0001, 9.99403, 9.99403, 9.99403, 9.99403, 9.99403, 9.99403, 9.99403, 9.99403, 36.694, 9.99403, 9.99403, 16.1258
2.71262, 73.1337, 58.6226, 10.1085, 8.66797, 14.5111, 0, 10.1085, 10.1108, 10.1101, 10.1291, 18.8014, 16.3155, 10.1128, 10.1085, 10.1085, 10.1085, 10.1085, 10.1085, 10.1085, 10.1085, 10.1085, 36.3659, 10.1085, 10.1085, 17.4366
2.72046, 75.3491, 59.3095, 10.2227, 8.79483, 16.0395, 0, 10.2227, 10.225, 10.2243, 10.2433, 19.5492, 15.7493, 10.2257, 10.2227, 10.2227, 10.2227, 10.2227, 10.2227, 10.2227, 10.2227, 10.2227, 35.765, 10.2227, 10.2227, 18.8867
2.72831, 70.9756, 59.8781, 10.3366, 8.54258, 11.0975, 0, 10.3366, 10.3389, 10.3382, 10.3571, 20.2396, 15.2352, 10.3386, 10.3366, 10.3366, 10.3366, 10.3366, 10.3366, 10.3366, 10.3366, 10.3366, 34.9175, 10.3366, 10.3366, 20.4688
2.73615, 82.01, 60.3394, 10.45, 9.1657, 21.6706, 0, 10.45, 10.4524, 10.4516, 10.4706, 20.8559, 14.7804, 10.4514, 10.45, 10.45, 10.45, 10.45, 10.45, 10.45, 10.45, 10.45, 33.8576, 10.45, 10.45, 22.1697
2.74399, 75.8164, 60.7022, 10.563, 8.82136, 15.1143, 0, 10.563, 10.5654, 10.5646, 10.5836, 21.3826, 14.3885, 10.564, 10.563, 10.563, 10.563, 10.563, 10.563, 10.563, 10.563, 10.563, 32.6253, 10.563, 10.563, 23.9693
2.75183, 76.1553, 60.9718, 10.6755, 8.84055, 15.1836, 0, 10.6755, 10.6779, 10.6771, 10.6961, 21.8068, 14.0605, 10.6762, 10.6755, 10.6755, 10.6755, 10.6755, 10.6755, 10.6755, 10.6755, 10.6755, 31.2645, 10.6755, 10.6755, 25.8413
2.75968, 57.96, 61.1494, 10.7874, 7.74339, -3.18937, 0, 10.7874, 10.7898, 10.7891, 10.808, 22.1181, 13.7947, 10.7879, 10.7874, 10.7874, 10.7874, 10.7874, 10.7874, 10.7874, 10.7874, 10.7874, 29.8212, 10.7874, 10.7874, 27.7528
2.76752, 62.944, 61.2317, 10.8987, 8.05878, 1.71224, 0, 10.8987, 10.901, 10.9003, 10.9192, 22.3097, 13.5871, 10.899, 10.8987, 10.8987, 10.8987, 10.8987, 10.8987, 10.8987, 10.8987, 10.8987, 28.3408, 10.8987, 10.8987, 29.6655
2.77536, 75.9056, 61.2111, 11.0091, 8.82641, 14.6945, 0, 11.0091, 11.0115, 11.0107, 11.0297, 22.3786, 13.432, 11.0093, 11.0091, 11.0091, 11.0091, 11.0091, 11.0091, 11.0091, 11.0091, 11.0091, 26.8666, 11.0091, 11.0091, 31.5366
2.78321, 72.9163, 61.0758, 11.1187, 8.65542, 11.8405, 0, 11.1187, 11.121, 11.1203, 11.1392, 22.3257, 13.3228, 11.1188, 11.1187, 11.1187, 11.1187, 11.1187, 11.1187, 11.1187, 11.1187, 11.1187, 25.438, 11.1187, 11.1187, 33.3207
2.79105, 66.5954, 60.8115, 11.2271, 8.28223, 5.78388, 0, 11.2271, 11.2295, 11.2288, 11.2477, 22.1559, 13.252, 11.2272, 11.2271, 11.2271, 11.2271, 11.2271, 11.2271, 11.2271, 11.2271, 11.2271, 24.0891, 11.2271, 11.2271, 34.9713
2.79889, 66.9625, 60.4022, 11.3343, 8.30437, 6.56028, 0, 11.3343, 11.3366, 11.3359, 11.3549, 21.8776, 13.212, 11.3344, 11.3343, 11.3343, 11.3343, 11.3343, 11.3343, 11.3343, 11.3343, 11.3343, 22.848, 11.3343, 11.3343, 36.443
2.80673, 47.8834, 59.832, 11.4399, 7.06282, -11.9486, 0, 11.4399, 11.4423, 11.4415, 11.4605, 21.5025, 13.1954, 11.44, 11.4399, 11.4399, 11.4399, 11.4399, 11.4399, 11.4399, 11.4399, 11.4399, 21.7357, 11.4399, 11.4399, 37.6937
2.81458, 77.6417, 59.0867, 11.5436, 8.92422, 18.555, 0, 11.5436, 11.546, 11.5453, 11.5642, 21.0447, 13.1951, 11.5437, 11.5436, 11.5436, 11.5436, 11.5436, 11.5436, 11.5436, 11.5436, 11.5436, 20.7666, 11.5436, 11.5436, 38.6866
2.82242, 58.4911, 58.1554, 11.6451, 7.7776, 0.335724, 0, 11.6451, 11.6474, 11.6467, 11.6656, 20.5202, 13.205, 11.6451, 11.6451, 11.6451, 11.6451, 11.6451, 11.6451, 11.6451, 11.6451, 11.6451, 19.9482, 11.6451, 11.6451, 39.3925
2.83026, 64.4609, 57.0319, 11.7436, 8.15236, 7.42902, 0, 11.7436, 11.746, 11.7452, 11.7642, 19.9459, 13.2196, 11.7436, 11.7436, 11.7436, 11.7436, 11.7436, 11.7436, 11.7436, 11.7436, 11.7436, 19.282, 11.7436, 11.7436, 39.7907
2.8381, 53.3608, 55.7159, 11.8388, 7.44048, -2.35511, 0, 11.8388, 11.8411, 11.8404, 11.8594, 19.3388, 13.2345, 11.8388, 11.8388, 11.8388, 11.8388, 11.8388, 11.8388, 11.8388, 11.8388, 11.8388, 18.7637, 11.8388, 11.8388, 39.8707
2.84595, 45.1218, 54.2133, 11.9298, 6.86453, -9.09151, 0, 11.9298, 11.9322, 11.9314, 11.9504, 18.7154, 13.2461, 11.9298, 11.9298, 11.9298, 11.9298, 11.9298, 11.9298, 11.9298, 11.9298, 11.9298, 18.3845, 11.9298, 11.9298, 39.6322
2.85379, 52.4925, 52.5368, 12.0159, 7.38191, -0.0443153, 0, 12.0159, 12.0182, 12.0175, 12.0364, 18.0908, 13.2518, 12.0159, 12.0159, 12.0159, 12.0159, 12.0159, 12.0159, 12.0159, 12.0159, 12.0159, 18.1317, 12.0159, 12.0159, 39.0857
2.86163, 48.6555, 50.7053, 12.0961, 7.11727, -2.04976, 0, 12.0961, 12.0984, 12.0977, 12.1166, 17.4784, 13.2495, 12.0961, 12.0961, 12.0961, 12.0961, 12.0961, 12.0961, 12.0961, 12.0961, 12.0961, 17.9898, 12.0961, 12.0961, 38.2512
2.86948, 42.8196, 48.743, 12.1693, 6.69475, -5.92334, 0, 12.1693, 12.1717, 12.1709, 12.1899, 16.8893, 13.2382, 12.1693, 12.1693, 12.1693, 12.1693, 12.1693, 12.1693, 12.1693, 12.1693, 12.1693, 17.9415, 12.1693, 12.1693, 37.1576
2.87732, 50.5658, 46.6785, 12.2346, 7.25023, 3.88736, 0, 12.2346, 12.2369, 12.2362, 12.2551, 16.332, 13.217, 12.2346, 12.2346, 12.2346, 12.2346, 12.2346, 12.2346, 12.2346, 12.2346, 12.2346, 17.9681, 12.2346, 12.2346, 35.8406
2.88516, 43.0394, 44.5432, 12.2906, 6.71114, -1.50378, 0, 12.2906, 12.293, 12.2923, 12.3112, 15.8128, 13.1856, 12.2906, 12.2906, 12.2906, 12.2906, 12.2906, 12.2906, 12.2906, 12.2906, 12.2906, 18.0511, 12.2906, 12.2906, 34.3412
2.893, 39.1486, 42.3698, 12.3363, 6.41472, -3.22121, 0, 12.3363, 12.3387, 12.338, 12.3569, 15.3351, 13.1439, 12.3363, 12.3363, 12.3363, 12.3363, 12.3363, 12.3363, 12.3363, 12.3363, 12.3363, 18.1719, 12.3363, 12.3363, 32.7034
2.90085, 32.166, 40.1909, 12.3705, 5.84517, -8.02492, 0, 12.3705, 12.3729, 12.3721, 12.3911, 14.9005, 13.092, 12.3705, 12.3705, 12.3705, 12.3705, 12.3705, 12.3705, 12.3705, 12.3705, 12.3705, 18.313, 12.3705, 12.3705, 30.9724
2.90869, 37.7761, 38.037, 12.3921, 6.30683, -0.260872, 0, 12.3921, 12.3944, 12.3937, 12.4126, 14.5084, 13.0301, 12.3921, 12.3921, 12.3921, 12.3921, 12.3921, 12.3921, 12.3921, 12.3921, 12.3921, 18.4584, 12.3921, 12.3921, 29.1917
2.91653, 37.0292, 35.9356, 12.4, 6.24733, 1.09364, 0, 12.4, 12.4023, 12.4016, 12.4205, 14.1565, 12.9583, 12.4, 12.4, 12.4, 12.4, 12.4, 12.4, 12.4, 12.4, 12.4, 18.5936, 12.4, 12.4, 27.4026
2.92438, 42.9127, 33.9101, 12.3935, 6.70169, 9.0026, 0, 12.3935, 12.3958, 12.3951, 12.414, 13.8415, 12.8768, 12.3935, 12.3935, 12.3935, 12.3935, 12.3935, 12.3935, 12.3935, 12.3935, 12.3935, 18.7061, 12.3935, 12.3935, 25.6416
2.93222, 28.2603, 31.9796, 12.3719, 5.50094, -3.71929, 0, 12.3719, 12.3742, 12.3735, 12.3925, 13.5593, 12.7858, 12.3719, 12.3719, 12.3719, 12.3719, 12.3719, 12.3719, 12.3719, 12.3719, 12.3719, 18.7854, 12.3719, 12.3719, 23.9403
2.94006, 23.5346, 30.1577, 12.335, 5.05317, -6.62317, 0, 12.335, 12.3373, 12.3366, 12.3555, 13.3054, 12.6855, 12.335, 12.335, 12.335, 12.335, 12.335, 12.335, 12.335, 12.335, 12.335, 18.8233, 12.335, 12.335, 22.3239
2.9479, 18.981, 28.4534, 12.2827, 4.5805, -9.47235, 0, 12.2827, 12.285, 12.2843, 12.3032, 13.0751, 12.5763, 12.2827, 12.2827, 12.2827, 12.2827, 12.2827, 12.2827, 12.2827, 12.2827, 12.2827, 18.8137, 12.2827, 12.2827, 20.8117
2.95575, 18.2623, 26.8707, 12.2153, 4.50136, -8.60845, 0, 12.2153, 12.2176, 12.2169, 12.2358, 12.8643, 12.4585, 12.2153, 12.2153, 12.2153, 12.2153, 12.2153, 12.2153, 12.2153, 12.2153, 12.2153, 18.7526, 12.2153, 12.2153, 19.4166
2.96359, 23.9783, 25.4101, 12.1334, 5.09689, -1.43188, 0, 12.1334, 12.1358, 12.135, 12.154, 12.6691, 12.3327, 12.1334, 12.1334, 12.1334, 12.1334, 12.1334, 12.1334, 12.1334, 12.1334, 12.1334, 18.638, 12.1334, 12.1334, 18.1461
2.97143, 20.4244, 24.0683, 12.0382, 4.73544, -3.64395, 0, 12.0382, 12.0405, 12.0398, 12.0587, 12.4863, 12.1996, 12.0382, 12.0382, 12.0382, 12.0382, 12.0382, 12.0382, 12.0382, 12.0382, 12.0382, 18.4699, 12.0382, 12.0382, 17.0025
2.97927, 16.9829, 22.8396, 11.9308, 4.35693, -5.85671, 0, 11.9308, 11.9332, 11.9325, 11.9514, 12.3135, 12.0602, 11.9308, 11.9308, 11.9308, 11.9308, 11.9308, 11.9308, 11.9308, 11.9308, 11.9308, 18.2499, 11.9308, 11.9308, 15.9841
2.98712, 14.4385, 21.7167, 11.813, 4.05444, -7.2782, 0, 11.8131, 11.8154, 11.8147, 11.8336, 12.149, 11.9155, 11.813, 11.813, 11.813, 11.813, 11.813, 11.813, 11.813, 11.813, 11.813, 17.9812, 11.813, 11.813, 15.0856
2.99496, 17.7181, 20.6913, 11.6867, 4.44051, -2.97321, 0, 11.6867, 11.689, 11.6883, 11.7072, 11.992, 11.7669, 11.6867, 11.6867, 11.6867, 11.6867, 11.6867, 11.6867, 11.6867, 11.6867, 11.6867, 17.6683, 11.6867, 11.6867, 14.2996
3.0028, 10.3279, 19.755, 11.5537, 3.5111, -9.42711, 0, 11.5537, 11.5561, 11.5554, 11.5743, 11.8422, 11.6159, 11.5537, 11.5537, 11.5537, 11.5537, 11.5537, 11.5537, 11.5537, 11.5537, 11.5537, 17.3167, 11.5537, 11.5537, 13.6169
3.01065, 18.3877, 18.8994, 11.4164, 4.51527, -0.511726, 0, 11.4164, 11.4187, 11.418, 11.437, 11.7, 11.464, 11.4164, 11.4164, 11.4164, 11.4164, 11.4164, 11.4164, 11.4164, 11.4164, 11.4164, 16.9328, 11.4164, 11.4164, 13.0273
3.01849, 12.5182, 18.1173, 11.2768, 3.81027, -5.59914, 0, 11.2768, 11.2792, 11.2784, 11.2974, 11.5663, 11.3129, 11.2768, 11.2768, 11.2768, 11.2768, 11.2768, 11.2768, 11.2768, 11.2768, 11.2768, 16.5233, 11.2768, 11.2768, 12.5207
3.02633, 12.988, 17.4021, 11.1371, 3.87144, -4.41404, 0, 11.1371, 11.1395, 11.1387, 11.1577, 11.4422, 11.1641, 11.1371, 11.1371, 11.1371, 11.1371, 11.1371, 11.1371, 11.1371, 11.1371, 11.1371, 16.0956, 11.1371, 11.1371, 12.087
3.03417, 10.9564, 16.7484, 10.9993, 3.59949, -5.79205, 0, 10.9993, 11.0016, 11.0009, 11.0198, 11.329, 11.0193, 10.9993, 10.9993, 10.9993, 10.9993, 10.9993, 10.9993, 10.9993, 10.9993, 10.9993, 15.6568, 10.9993, 10.9993, 11.7166
3.04202, 7.50847, 16.1519, 10.8651, 3.08358, -8.64342, 0, 10.8651, 10.8674, 10.8667, 10.8856, 11.2281, 10.8797, 10.8651, 10.8651, 10.8651, 10.8651, 10.8651, 10.8651, 10.8651, 10.8651, 10.8651, 15.214, 10.8651, 10.8651, 11.4008
3.04986, 6.75223, 15.6092, 10.736, 2.95842, -8.85697, 0, 10.736, 10.7384, 10.7376, 10.7566, 11.1406, 10.7466, 10.736, 10.736, 10.736, 10.736, 10.736, 10.736, 10.736, 10.736, 10.736, 14.7738, 10.736, 10.736, 11.1317
3.0577, 10.2334, 15.1177, 10.6135, 3.49763, -4.88429, 0, 10.6135, 10.6158, 10.6151, 10.634, 11.0676, 10.621, 10.6135, 10.6135, 10.6135, 10.6135, 10.6135, 10.6135, 10.6135, 10.6135, 10.6135, 14.3424, 10.6135, 10.6135, 10.9025
3.06555, 8.74441, 14.6753, 10.4983, 3.27787, -5.93087, 0, 10.4983, 10.5007, 10.4999, 10.5189, 11.0098, 10.5037, 10.4983, 10.4983, 10.4983, 10.4983, 10.4983, 10.4983, 10.4983, 10.4983, 10.4983, 13.9251, 10.4983, 10.4983, 10.7071
3.07339, 6.22454, 14.2801, 10.3913, 2.86785, -8.05558, 0, 10.3913, 10.3937, 10.393, 10.4119, 10.9675, 10.3951, 10.3913, 10.3913, 10.3913, 10.3913, 10.3913, 10.3913, 10.3913, 10.3913, 10.3913, 13.5265, 10.3913, 10.3913, 10.5405
3.08123, 9.25276, 13.9304, 10.2929, 3.35451, -4.67767, 0, 10.2929, 10.2952, 10.2945, 10.3135, 10.9406, 10.2955, 10.2929, 10.2929, 10.2929, 10.2929, 10.2929, 10.2929, 10.2929, 10.2929, 10.2929, 13.1502, 10.2929, 10.2929, 10.3983
3.08907, 8.99033, 13.6243, 10.2032, 3.31517, -4.63397, 0, 10.2032, 10.2055, 10.2048, 10.2238, 10.9286, 10.205, 10.2032, 10.2032, 10.2032, 10.2032, 10.2032, 10.2032, 10.2032, 10.2032, 10.2032, 12.799, 10.2032, 10.2032, 10.2768
3.09692, 6.51316, 13.3595, 10.1222, 2.91773, -6.84636, 0, 10.1222, 10.1245, 10.1238, 10.1428, 10.9303, 10.1234, 10.1222, 10.1222, 10.1222, 10.1222, 10.1222, 10.1222, 10.1222, 10.1222, 10.1222, 12.4748, 10.1222, 10.1222, 10.1731
3.10476, 5.23135, 13.1334, 10.0498, 2.68912, -7.9021, 0, 10.0498, 10.0521, 10.0514, 10.0703, 10.9445, 10.0506, 10.0498, 10.0498, 10.0498, 10.0498, 10.0498, 10.0498, 10.0498, 10.0498, 10.0498, 12.1787, 10.0498, 10.0498, 10.0846
3.1126, 6.22671, 12.943, 9.98564, 2.86822, -6.71629, 0, 9.98565, 9.98798, 9.98725, 10.0062, 10.9693, 9.98618, 9.98564, 9.98564, 9.98564, 9.98564, 9.98564, 9.98564, 9.98564, 9.98564, 9.98564, 11.9108, 9.98564, 9.98564, 10.0091
3.12044, 8.22149, 12.7847, 9.92947, 3.19711, -4.5632, 0, 9.92947, 9.9318, 9.93108, 9.95003, 11.0026, 9.92982, 9.92947, 9.92947, 9.92947, 9.92947, 9.92947, 9.92947, 9.92947, 9.92947, 9.92947, 11.671, 9.92947, 9.92947, 9.94518
3.12829, 12.759, 12.6546, 9.88091, 3.84174, 0.104346, 0, 9.88092, 9.88325, 9.88253, 9.90147, 11.0422, 9.88114, 9.88091, 9.88091, 9.88091, 9.88091, 9.88091, 9.88091, 9.88091, 9.88091, 9.88091, 11.4582, 9.88091, 9.88091, 9.8913
3.13613, 8.76398, 12.5487, 9.83968, 3.28085, -3.78471, 0, 9.83968, 9.84201, 9.84129, 9.86023, 11.0857, 9.83982, 9.83968, 9.83968, 9.83968, 9.83968, 9.83968, 9.83968, 9.83968, 9.83968, 9.83968, 11.2712, 9.83968, 9.83968, 9.84647
3.14397, 7.76853, 12.4625, 9.80547, 3.12547, -4.69401, 0, 9.80548, 9.80781, 9.80709, 9.82603, 11.1305, 9.80557, 9.80547, 9.80547, 9.80547, 9.80547, 9.80547, 9.80547, 9.80547, 9.80547, 9.80547, 11.1086, 9.80547, 9.80547, 9.80987
3.15182, 3.77347, 12.3919, 9.77809, 2.4028, -8.61846, 0, 9.77809, 9.78042, 9.7797, 9.79865, 11.1743, 9.77814, 9.77809, 9.77809, 9.77809, 9.77809, 9.77809, 9.77809, 9.77809, 9.77809, 9.77809, 10.9684, 9.77809, 9.77809, 9.7809
3.15966, 4.43626, 12.3327, 9.75737, 2.53698, -7.89645, 0, 9.75737, 9.7597, 9.75898, 9.77792, 11.2148, 9.7574, 9.75737, 9.75737, 9.75737, 9.75737, 9.75737, 9.75737, 9.75737, 9.75737, 9.75737, 10.8489, 9.75737, 9.75737, 9.75914
3.1675, 5.20954, 12.281, 9.7432, 2.68506, -7.0715, 0, 9.7432, 9.74553, 9.74481, 9.76375, 11.2503, 9.74322, 9.7432, 9.7432, 9.7432, 9.7432, 9.7432, 9.7432, 9.7432, 9.7432, 9.7432, 10.7483, 9.7432, 9.7432, 9.74431
3.17534, 6.56149, 12.2335, 9.73552, 2.926, -5.67201, 0, 9.73552, 9.73785, 9.73713, 9.75607, 11.2789, 9.73553, 9.73552, 9.73552, 9.73552, 9.73552, 9.73552, 9.73552, 9.73552, 9.73552, 9.73552, 10.6649, 9.73552, 9.73552, 9.73621
3.18319, 7.20725, 12.1872, 9.73428, 3.03434, -4.97996, 0, 9.73428, 9.73661, 9.73589, 9.75483, 11.2995, 9.73428, 9.73428, 9.73428, 9.73428, 9.73428, 9.73428, 9.73428, 9.73428, 9.73428, 9.73428, 10.597, 9.73428, 9.73428, 9.7347
3.19103, 5.20239, 12.1399, 9.73944, 2.68373, -6.93751, 0, 9.73944, 9.74178, 9.74105, 9.76, 11.3114, 9.73944, 9.73944, 9.73944, 9.73944, 9.73944, 9.73944, 9.73944, 9.73944, 9.73944, 9.73944, 10.5432, 9.73944, 9.73944, 9.7397
3.19887, 6.57591, 12.0899, 9.75095, 2.92847, -5.51401, 0, 9.75096, 9.75329, 9.75257, 9.77151, 11.3142, 9.75096, 9.75095, 9.75095, 9.75095, 9.75095, 9.75095, 9.75095, 9.75095, 9.75095, 9.75095, 10.502, 9.75095, 9.75096, 9.75111
3.20672, 2.99512, 12.0363, 9.76871, 2.23498, -9.04115, 0, 9.76872, 9.77105, 9.77032, 9.78927, 11.3081, 9.76871, 9.76871, 9.76871, 9.76871, 9.76871, 9.76871, 9.76871, 9.76871, 9.76871, 9.76871, 10.4722, 9.76871, 9.76872, 9.7688
3.21456, 3.99522, 11.9786, 9.79257, 2.44851, -7.98335, 0, 9.79258, 9.79491, 9.79419, 9.81313, 11.2937, 9.79257, 9.79257, 9.79257, 9.79257, 9.79257, 9.79257, 9.79257, 9.79257, 9.79257, 9.79257, 10.4528, 9.79257, 9.79258, 9.79263
3.2224, 3.99517, 11.917, 9.82232, 2.4485, -7.92181, 0, 9.82232, 9.82465, 9.82393, 9.84288, 11.2719, 9.82232, 9.82232, 9.82232, 9.82232, 9.82232, 9.82232, 9.82232, 9.82232, 9.82232, 9.82232, 10.4428, 9.82232, 9.82232, 9.82235
3.23024, 3.79753, 11.8522, 9.85767, 2.40781, -8.05466, 0, 9.85767, 9.86, 9.85928, 9.87823, 11.244, 9.85767, 9.85767, 9.85767, 9.85767, 9.85767, 9.85767, 9.85767, 9.85767, 9.85767, 9.85767, 10.4413, 9.85767, 9.85768, 9.85768
3.23809, 3.99765, 11.7852, 9.89827, 2.44901, -7.78757, 0, 9.89827, 9.9006, 9.89988, 9.91883, 11.2115, 9.89827, 9.89827, 9.89827, 9.89827, 9.89827, 9.89827, 9.89827, 9.89827, 9.89827, 9.89827, 10.4475, 9.89827, 9.89828, 9.89828
3.24593, 6.576, 11.7174, 9.94369, 2.92848, -5.14139, 0, 9.9437, 9.94603, 9.94531, 9.96426, 11.176, 9.94369, 9.94369, 9.94369, 9.94369, 9.94369, 9.94369, 9.94369, 9.94369, 9.94369, 9.94369, 10.4605, 9.94369, 9.94372, 9.9437
3.25377, 12.6095, 11.6501, 9.99345, 3.82224, 0.959352, 0, 9.99346, 9.99579, 9.99506, 10.014, 11.1393, 9.99345, 9.99345, 9.99345, 9.99345, 9.99345, 9.99345, 9.99345, 9.99345, 9.99345, 9.99345, 10.4798, 9.99345, 9.99349, 9.99345
3.26161, 3.99524, 11.585, 10.047, 2.44852, -7.58974, 0, 10.047, 10.0493, 10.0486, 10.0676, 11.1029, 10.047, 10.047, 10.047, 10.047, 10.047, 10.047, 10.047, 10.047, 10.047, 10.047, 10.5045, 10.047, 10.0471, 10.047
3.26946, 3.99516, 11.5234, 10.1038, 2.4485, -7.52823, 0, 10.1038, 10.1061, 10.1054, 10.1244, 11.0685, 10.1038, 10.1038, 10.1038, 10.1038, 10.1038, 10.1038, 10.1038, 10.1038, 10.1038, 10.1038, 10.534, 10.1038, 10.1038, 10.1038
3.2773, 3.81203, 11.4666, 10.1632, 2.41081, -7.65461, 0, 10.1632, 10.1655, 10.1648, 10.1838, 11.0375, 10.1632, 10.1632, 10.1632, 10.1632, 10.1632, 10.1632, 10.1632, 10.1632, 10.1632, 10.1632, 10.5677, 10.1632, 10.1633, 10.1632
3.28514, 5.35905, 11.4159, 10.2245, 2.71276, -6.05681, 0, 10.2245, 10.2269, 10.2261, 10.2451, 11.0109, 10.2245, 10.2245, 10.2245, 10.2245, 10.2245, 10.2245, 10.2245, 10.2245, 10.2245, 10.2245, 10.6048, 10.2245, 10.2246, 10.2245
3.29299, 5.81444, 11.3719, 10.2873, 2.79543, -5.55748, 0, 10.2873, 10.2896, 10.2889, 10.3079, 10.9897, 10.2873, 10.2873, 10.2873, 10.2873, 10.2873, 10.2873, 10.2873, 10.2873, 10.2873, 10.2873, 10.6448, 10.2873, 10.2874, 10.2873
3.30083, 7.34719, 11.3354, 10.3508, 3.05732, -3.98819, 0, 10.3508, 10.3531, 10.3524, 10.3715, 10.9744, 10.3508, 10.3508, 10.3508, 10.3508, 10.3508, 10.3508, 10.3508, 10.3508, 10.3508, 10.3508, 10.6869, 10.3508, 10.351, 10.3508
3.30867, 3.6432, 11.3066, 10.4145, 2.37554, -7.66336, 0, 10.4145, 10.4169, 10.4161, 10.4352, 10.9654, 10.4145, 10.4145, 10.4145, 10.4145, 10.4145, 10.4145, 10.4145, 10.4145, 10.4145, 10.4145, 10.7307, 10.4145, 10.4148, 10.4145
3.31651, 5.33725, 11.2855, 10.4779, 2.70874, -5.94826, 0, 10.4779, 10.4803, 10.4796, 10.4987, 10.9628, 10.4779, 10.4779, 10.4779, 10.4779, 10.4779, 10.4779, 10.4779, 10.4779, 10.4779, 10.4779, 10.7756, 10.4779, 10.4783, 10.4779
3.32436, 6.82186, 11.272, 10.5406, 2.97016, -4.45017, 0, 10.5406, 10.5429, 10.5422, 10.5615, 10.9663, 10.5406, 10.5406, 10.5406, 10.5406, 10.5406, 10.5406, 10.5406, 10.5406, 10.5406, 10.5406, 10.821, 10.5406, 10.541, 10.5406
3.3322, 4.66014, 11.2657, 10.6021, 2.58072, -6.60561, 0, 10.6021, 10.6044, 10.6037, 10.6231, 10.9757, 10.6021, 10.6021, 10.6021, 10.6021, 10.6021, 10.6021, 10.6021, 10.6021, 10.6021, 10.6021, 10.8666, 10.6021, 10.6026, 10.6021
3.34004, 4.16144, 11.2662, 10.6621, 2.48222, -7.10472, 0, 10.6621, 10.6644, 10.6637, 10.6833, 10.9906, 10.6621, 10.6621, 10.6621, 10.6621, 10.6621, 10.6621, 10.6621, 10.6621, 10.6621, 10.6621, 10.9118, 10.6621, 10.6627, 10.6621
3.34789, 8.15669, 11.2726, 10.7203, 3.18696, -3.11596, 0, 10.7203, 10.7227, 10.7219, 10.7418, 11.0103, 10.7203, 10.7203, 10.7203, 10.7203, 10.7203, 10.7203, 10.7203, 10.7203, 10.7203, 10.7203, 10.9565, 10.7203, 10.7211, 10.7203
3.35573, 5.67465, 11.2846, 10.7767, 2.77032, -5.6099, 0, 10.7767, 10.7791, 10.7783, 10.7985, 11.0342, 10.7767, 10.7767, 10.7767, 10.7767, 10.7767, 10.7767, 10.7767, 10.7767, 10.7767, 10.7767, 11.0003, 10.7767, 10.7777, 10.7767
3.36357, 3.99761, 11.3013, 10.8312, 2.449, -7.30364, 0, 10.8312, 10.8335, 10.8328, 10.8535, 11.0618, 10.8312, 10.8312, 10.8312, 10.8312, 10.8312, 10.8312, 10.8312, 10.8312, 10.8312, 10.8312, 11.0432, 10.8312, 10.8323, 10.8312
3.37141, 3.84334, 11.3221, 10.8838, 2.4173, -7.4788, 0, 10.8838, 10.8861, 10.8854, 10.9068, 11.0926, 10.8838, 10.8838, 10.8838, 10.8838, 10.8838, 10.8838, 10.8838, 10.8838, 10.8838, 10.8838, 11.085, 10.8838, 10.8851, 10.8838
3.37926, 2.15179, 11.3467, 10.9346, 2.03759, -9.19493, 0, 10.9346, 10.9369, 10.9362, 10.9585, 11.1261, 10.9346, 10.9346, 10.9346, 10.9346, 10.9346, 10.9346, 10.9346, 10.9346, 10.9346, 10.9346, 11.1258, 10.9346, 10.9362, 10.9346
3.3871, 4.14702, 11.3746, 10.9838, 2.47932, -7.22757, 0, 10.9838, 10.9862, 10.9855, 11.0089, 11.1619, 10.9838, 10.9838, 10.9838, 10.9838, 10.9838, 10.9838, 10.9838, 10.9838, 10.9838, 10.9838, 11.1657, 10.9838, 10.9857, 10.9838
3.39494, 6.14208, 11.4055, 11.0318, 2.85343, -5.26338, 0, 11.0318, 11.0341, 11.0334, 11.0585, 11.1997, 11.0318, 11.0318, 11.0318, 11.0318, 11.0318, 11.0318, 11.0318, 11.0318, 11.0318, 11.0318, 11.2049, 11.0318, 11.0339, 11.0318
3.40278, 3.282, 11.4392, 11.0788, 2.29826, -8.1572, 0, 11.0788, 11.0811, 11.0804, 11.1076, 11.2393, 11.0788, 11.0788, 11.0788, 11.0788, 11.0788, 11.0788, 11.0788, 11.0788, 11.0788, 11.0788, 11.2436, 11.0788, 11.0812, 11.0788
3.41063, 7.70366, 11.4758, 11.1252, 3.11507, -3.77213, 0, 11.1252, 11.1276, 11.1268, 11.1568, 11.2808, 11.1252, 11.1252, 11.1252, 11.1252, 11.1252, 11.1252, 11.1252, 11.1252, 11.1252, 11.1252, 11.2821, 11.1252, 11.1279, 11.1252
3.41847, 6.57345, 11.5154, 11.1715, 2.92804, -4.94193, 0, 11.1715, 11.1738, 11.1731, 11.2066, 11.324, 11.1715, 11.1715, 11.1715, 11.1715, 11.1715, 11.1715, 11.1715, 11.1715, 11.1715, 11.1715, 11.3208, 11.1715, 11.1744, 11.1715
3.42631, 2.41208, 11.5582, 11.218, 2.1005, -9.1461, 0, 11.218, 11.2203, 11.2196, 11.2578, 11.3692, 11.218, 11.218, 11.218, 11.218, 11.218, 11.218, 11.218, 11.218, 11.218, 11.218, 11.3601, 11.218, 11.2212, 11.218
3.43416, 7.8578, 11.6046, 11.2652, 3.13971, -3.74675, 0, 11.2652, 11.2676, 11.2668, 11.311, 11.4163, 11.2652, 11.2652, 11.2652, 11.2652, 11.2652, 11.2652, 11.2652, 11.2652, 11.2652, 11.2652, 11.4002, 11.2652, 11.2687, 11.2652
3.442, 2.1276, 11.6549, 11.3135, 2.03165, -9.52735, 0, 11.3135, 11.3159, 11.3151, 11.3669, 11.4657, 11.3135, 11.3135, 11.3135, 11.3135, 11.3135, 11.3135, 11.3135, 11.3135, 11.3135, 11.3135, 11.4417, 11.3135, 11.3172, 11.3135
3.44984, 7.12297, 11.7099, 11.3633, 3.02043, -4.58693, 0, 11.3633, 11.3656, 11.3649, 11.4264, 11.5174, 11.3633, 11.3633, 11.3633, 11.3633, 11.3633, 11.3633, 11.3633, 11.3633, 11.3633, 11.3633, 11.4848, 11.3633, 11.3672, 11.3633
3.45768, 6.60725, 11.77, 11.4149, 2.93381, -5.16275, 0, 11.4149, 11.4172, 11.4165, 11.4901, 11.5717, 11.4149, 11.4149, 11.4149, 11.4149, 11.4149, 11.4149, 11.4149, 11.4149, 11.4149, 11.4149, 11.5299, 11.4149, 11.419, 11.4149
3.46553, 4.99761, 11.8359, 11.4685, 2.6453, -6.8383, 0, 11.4685, 11.4708, 11.4701, 11.5589, 11.6287, 11.4685, 11.4685, 11.4685, 11.4685, 11.4685, 11.4685, 11.4685, 11.4685, 11.4685, 11.4685, 11.5772, 11.4685, 11.4727, 11.4685
3.47337, 2.99756, 11.9083, 11.5245, 2.23552, -8.91075, 0, 11.5245, 11.5268, 11.5261, 11.6337, 11.6885, 11.5245, 11.5245, 11.5245, 11.5245, 11.5245, 11.5245, 11.5245, 11.5245, 11.5245, 11.5245, 11.6269, 11.5245, 11.5288, 11.5245
3.48121, 4.23848, 11.9879, 11.5829, 2.49769, -7.74947, 0, 11.5829, 11.5852, 11.5845, 11.7151, 11.7512, 11.5829, 11.5829, 11.5829, 11.5829, 11.5829, 11.5829, 11.5829, 11.5829, 11.5829, 11.5829, 11.6792, 11.5829, 11.5873, 11.5829
3.48906, 3.87484, 12.0755, 11.6439, 2.42381, -8.2007, 0, 11.6439, 11.6462, 11.6455, 11.804, 11.8168, 11.6439, 11.6439, 11.6439, 11.6439, 11.6439, 11.6439, 11.6439, 11.6439, 11.6439, 11.6439, 11.7342, 11.6439, 11.6483, 11.6439
3.4969, 5.87946, 12.1718, 11.7075, 2.80704, -6.29234, 0, 11.7075, 11.7098, 11.7091, 11.9011, 11.8854, 11.7075, 11.7075, 11.7075, 11.7075, 11.7075, 11.7075, 11.7075, 11.7075, 11.7075, 11.7075, 11.792, 11.7075, 11.7118, 11.7075
3.50474, 2.22395, 12.2774, 11.7737, 2.05523, -10.0535, 0, 11.7737, 11.776, 11.7753, 12.0072, 11.9569, 11.7737, 11.7737, 11.7737, 11.7737, 11.7737, 11.7737, 11.7737, 11.7737, 11.7737, 11.7737, 11.8524, 11.7737, 11.7779, 11.7737
3.51258, 3.88209, 12.3931, 11.8423, 2.4253, -8.51097, 0, 11.8423, 11.8447, 11.8439, 12.1229, 12.0312, 11.8423, 11.8423, 11.8423, 11.8423, 11.8423, 11.8423, 11.8423, 11.8423, 11.8423, 11.8423, 11.9156, 11.8423, 11.8464, 11.8423
3.52043, 3.21199, 12.5192, 11.9134, 2.28298, -9.30723, 0, 11.9134, 11.9157, 11.915, 12.2488, 12.1081, 11.9134, 11.9134, 11.9134, 11.9134, 11.9134, 11.9134, 11.9134, 11.9134, 11.9134, 11.9134, 11.9813, 11.9134, 11.9173, 11.9134
3.52827, 6.09622, 12.6563, 11.9867, 2.84539, -6.56009, 0, 11.9867, 11.9891, 11.9883, 12.3851, 12.1875, 11.9867, 11.9867, 11.9867, 11.9867, 11.9867, 11.9867, 11.9867, 11.9867, 11.9867, 11.9867, 12.0495, 11.9867, 11.9904, 11.9867
3.53611, 7.78089, 12.8045, 12.0621, 3.12744, -5.02362, 0, 12.0621, 12.0645, 12.0637, 12.5322, 12.2692, 12.0621, 12.0621, 12.0621, 12.0621, 12.0621, 12.0621, 12.0621, 12.0621, 12.0621, 12.0621, 12.1199, 12.0621, 12.0656, 12.0621
3.54395, 5.79039, 12.9638, 12.1395, 2.79113, -7.17343, 0, 12.1395, 12.1418, 12.1411, 12.69, 12.3531, 12.1395, 12.1395, 12.1395, 12.1395, 12.1395, 12.1395, 12.1395, 12.1395, 12.1395, 12.1395, 12.1925, 12.1395, 12.1426, 12.1395
3.5518, 4.49156, 13.134, 12.2185, 2.54785, -8.64243, 0, 12.2185, 12.2208, 12.2201, 12.8583, 12.4388, 12.2185, 12.2185, 12.2185, 12.2185, 12.2185, 12.2185, 12.2185, 12.2185, 12.2185, 12.2185, 12.2671, 12.2185, 12.2214, 12.2185
3.55964, 9.6963, 13.3144, 12.2991, 3.41999, -3.61805, 0, 12.2991, 12.3014, 12.3007, 13.0363, 12.5263, 12.2991, 12.2991, 12.2991, 12.2991, 12.2991, 12.2991, 12.2991, 12.2991, 12.2991, 12.2991, 12.3433, 12.2991, 12.3017, 12.2991
3.56748, 6.08668, 13.504, 12.381, 2.84371, -7.4173, 0, 12.381, 12.3834, 12.3826, 13.2231, 12.6153, 12.381, 12.381, 12.381, 12.381, 12.381, 12.381, 12.381, 12.381, 12.381, 12.381, 12.4212, 12.381, 12.3834, 12.381
3.57533, 6.08213, 13.7015, 12.4641, 2.84291, -7.6194, 0, 12.4641, 12.4665, 12.4657, 13.4175, 12.7057, 12.4641, 12.4641, 12.4641, 12.4641, 12.4641, 12.4641, 12.4641, 12.4641, 12.4641, 12.4641, 12.5005, 12.4641, 12.4662, 12.4641
3.58317, 8.07673, 13.9053, 12.5483, 3.17439, -5.82854, 0, 12.5483, 12.5506, 12.5499, 13.6176, 12.7973, 12.5483, 12.5483, 12.5483, 12.5483, 12.5483, 12.5483, 12.5483, 12.5483, 12.5483, 12.5483, 12.5811, 12.5483, 12.5501, 12.5483
3.59101, 12.2458, 14.1132, 12.6333, 3.77436, -1.86734, 0, 12.6333, 12.6356, 12.6349, 13.8214, 12.89, 12.6333, 12.6333, 12.6333, 12.6333, 12.6333, 12.6333, 12.6333, 12.6333, 12.6333, 12.6333, 12.6628, 12.6333, 12.6349, 12.6333
3.59885, 15.8942, 14.3227, 12.7191, 4.23015, 1.57146, 0, 12.7191, 12.7214, 12.7207, 14.0265, 12.9836, 12.7191, 12.7191, 12.7191, 12.7191, 12.7191, 12.7191, 12.7191, 12.7191, 12.7191, 12.7191, 12.7456, 12.7191, 12.7204, 12.7191
3.6067, 13.9804, 14.5313, 12.8055, 3.99755, -0.550907, 0, 12.8055, 12.8079, 12.8072, 14.2302, 13.078, 12.8055, 12.8055, 12.8055, 12.8055, 12.8055, 12.8055, 12.8055, 12.8055, 12.8055, 12.8055, 12.8292, 12.8055, 12.8067, 12.8055
3.61454, 16.822, 14.7361, 12.8926, 4.33843, 2.08585, 0, 12.8926, 12.8949, 12.8942, 14.4297, 13.1731, 12.8926, 12.8926, 12.8926, 12.8926, 12.8926, 12.8926, 12.8926, 12.8926, 12.8926, 12.8926, 12.9136, 12.8926, 12.8935, 12.8926
3.62238, 16.1397, 14.9341, 12.9801, 4.25907, 1.20559, 0, 12.9801, 12.9824, 12.9817, 14.6219, 13.2688, 12.9801, 12.9801, 12.9801, 12.9801, 12.9801, 12.9801, 12.9801, 12.9801, 12.9801, 12.9801, 12.9987, 12.9801, 12.9808, 12.9801
3.63023, 14.2793, 15.1223, 13.068, 4.03476, -0.84306, 0, 13.068, 13.0703, 13.0696, 14.8041, 13.3652, 13.068, 13.068, 13.068, 13.068, 13.068, 13.068, 13.068, 13.068, 13.068, 13.068, 13.0844, 13.068, 13.0686, 13.068
3.63807, 18.6821, 15.2981, 13.1563, 4.54776, 3.38399, 0, 13.1563, 13.1587, 13.1579, 14.9734, 13.4621, 13.1563, 13.1563, 13.1563, 13.1563, 13.1563, 13.1563, 13.1563, 13.1563, 13.1563, 13.1563, 13.1708, 13.1563, 13.1568, 13.1563
3.64591, 17.1203, 15.4589, 13.245, 4.37268, 1.66139, 0, 13.245, 13.2473, 13.2466, 15.1274, 13.5595, 13.245, 13.245, 13.245, 13.245, 13.245, 13.245, 13.245, 13.245, 13.245, 13.245, 13.2576, 13.245, 13.2454, 13.245
3.65375, 17.7738, 15.6028, 13.3339, 4.44677, 2.17105, 0, 13.3339, 13.3363, 13.3356, 15.264, 13.6573, 13.3339, 13.3339, 13.3339, 13.3339, 13.3339, 13.3339, 13.3339, 13.3339, 13.3339, 13.3339, 13.345, 13.3339, 13.3343, 13.3339
3.6616, 20.5033, 15.728, 13.4232, 4.74376, 4.77528, 0, 13.4232, 13.4255, 13.4248, 15.3818, 13.7556, 13.4232, 13.4232, 13.4232, 13.4232, 13.4232, 13.4232, 13.4232, 13.4232, 13.4232, 13.4232, 13.4328, 13.4232, 13.4234, 13.4232
3.66944, 28.7756, 15.8337, 13.5127, 5.54757, 12.9419, 0, 13.5127, 13.5151, 13.5143, 15.4796, 13.8543, 13.5127, 13.5127, 13.5127, 13.5127, 13.5127, 13.5127, 13.5127, 13.5127, 13.5127, 13.5127, 13.5211, 13.5127, 13.5129, 13.5127
3.67728, 25.1524, 15.9195, 13.6025, 5.2108, 9.2329, 0, 13.6025, 13.6049, 13.6041, 15.5573, 13.9534, 13.6025, 13.6025, 13.6025, 13.6025, 13.6025, 13.6025, 13.6025, 13.6025, 13.6025, 13.6025, 13.6097, 13.6025, 13.6027, 13.6025
3.68513, 21.7322, 15.9857, 13.6926, 4.87157, 5.74648, 0, 13.6926, 13.6949, 13.6942, 15.6151, 14.0529, 13.6926, 13.6926, 13.6926, 13.6926, 13.6926, 13.6926, 13.6926, 13.6926, 13.6926, 13.6926, 13.6988, 13.6926, 13.6927, 13.6926
3.69297, 31.8624, 16.0333, 13.7829, 5.81914, 15.8291, 0, 13.7829, 13.7852, 13.7845, 15.654, 14.1528, 13.7829, 13.7829, 13.7829, 13.7829, 13.7829, 13.7829, 13.7829, 13.7829, 13.7829, 13.7829, 13.7882, 13.7829, 13.783, 13.7829
3.70081, 24.9788, 16.0638, 13.8734, 5.19411, 8.91496, 0, 13.8734, 13.8758, 13.8751, 15.6756, 14.2532, 13.8734, 13.8734, 13.8734, 13.8734, 13.8734, 13.8734, 13.8734, 13.8734, 13.8734, 13.8734, 13.878, 13.8734, 13.8735, 13.8734
3.70865, 23.3827, 16.0793, 13.9642, 5.03812, 7.30334, 0, 13.9642, 13.9666, 13.9659, 15.6819, 14.3539, 13.9642, 13.9642, 13.9642, 13.9642, 13.9642, 13.9642, 13.9642, 13.9642, 13.9642, 13.9642, 13.9681, 13.9642, 13.9643, 13.9642
3.7165, 32.6219, 16.0822, 14.0553, 5.88404, 16.5397, 0, 14.0553, 14.0576, 14.0569, 15.6753, 14.4549, 14.0553, 14.0553, 14.0553, 14.0553, 14.0553, 14.0553, 14.0553, 14.0553, 14.0553, 14.0553, 14.0586, 14.0553, 14.0553, 14.0553
3.72434, 25.8387, 16.0753, 14.1466, 5.27624, 9.76337, 0, 14.1466, 14.1489, 14.1482, 15.6587, 14.5564, 14.1466, 14.1466, 14.1466, 14.1466, 14.1466, 14.1466, 14.1466, 14.1466, 14.1466, 14.1466, 14.1494, 14.1466, 14.1466, 14.1466
3.73218, 20.9398, 16.0614, 14.2382, 4.78955, 4.87838, 0, 14.2382, 14.2405, 14.2398, 15.6349, 14.6583, 14.2382, 14.2382, 14.2382, 14.2382, 14.2382, 14.2382, 14.2382, 14.2382, 14.2382, 14.2382, 14.2405, 14.2382, 14.2382, 14.2382
3.74002, 22.1085, 16.0434, 14.33, 4.91004, 6.06504, 0, 14.33, 14.3323, 14.3316, 15.6069, 14.7606, 14.33, 14.33, 14.33, 14.33, 14.33, 14.33, 14.33, 14.33, 14.33, 14.33, 14.3319, 14.33, 14.33, 14.33
3.74787, 21.901, 16.0242, 14.422, 4.88887, 5.87686, 0, 14.422, 14.4244, 14.4237, 15.5773, 14.8633, 14.422, 14.422, 14.422, 14.422, 14.422, 14.422, 14.422, 14.422, 14.422, 14.422, 14.4237, 14.422, 14.4221, 14.422
3.75571, 15.0191, 16.0063, 14.5144, 4.12543, -0.987139, 0, 14.5144, 14.5167, 14.516, 15.549, 14.9663, 14.5144, 14.5144, 14.5144, 14.5144, 14.5144, 14.5144, 14.5144, 14.5144, 14.5144, 14.5144, 14.5157, 14.5144, 14.5144, 14.5144
3.76355, 16.0149, 15.9921, 14.607, 4.24439, 0.022788, 0, 14.607, 14.6093, 14.6086, 15.5241, 15.0698, 14.607, 14.607, 14.607, 14.607, 14.607, 14.607, 14.607, 14.607, 14.607, 14.607, 14.6081, 14.607, 14.607, 14.607
3.7714, 19.7592, 15.9835, 14.6998, 4.66467, 3.7757, 0, 14.6998, 14.7022, 14.7014, 15.5047, 15.1737, 14.6998, 14.6998, 14.6998, 14.6998, 14.6998, 14.6998, 14.6998, 14.6998, 14.6998, 14.6998, 14.7008, 14.6998, 14.6998, 14.6998
3.77924, 14.1394, 15.9821, 14.793, 4.01738, -1.84272, 0, 14.793, 14.7953, 14.7946, 15.4924, 15.278, 14.793, 14.793, 14.793, 14.793, 14.793, 14.793, 14.793, 14.793, 14.793, 14.793, 14.7937, 14.793, 14.793, 14.793
3.78708, 13.9304, 15.9891, 14.8864, 3.99129, -2.05871, 0, 14.8864, 14.8887, 14.888, 15.4882, 15.3826, 14.8864, 14.8864, 14.8864, 14.8864, 14.8864, 14.8864, 14.8864, 14.8864, 14.8864, 14.8864, 14.887, 14.8864, 14.8864, 14.8864
3.79492, 13.0358, 16.0052, 14.98, 3.8776, -2.96946, 0, 14.98, 14.9824, 14.9816, 15.4931, 15.4877, 14.98, 14.98, 14.98, 14.98, 14.98, 14.98, 14.98, 14.98, 14.98, 14.98, 14.9805, 14.98, 14.98, 14.98
3.80277, 17.9401, 16.0309, 15.074, 4.46543, 1.90913, 0, 15.074, 15.0763, 15.0756, 15.5073, 15.5932, 15.074, 15.074, 15.074, 15.074, 15.074, 15.074, 15.074, 15.074, 15.074, 15.074, 15.0744, 15.074, 15.074, 15.074
3.81061, 9.96871, 16.0662, 15.1682, 3.45958, -6.09753, 0, 15.1682, 15.1705, 15.1698, 15.5311, 15.6991, 15.1682, 15.1682, 15.1682, 15.1682, 15.1682, 15.1682, 15.1682, 15.1682, 15.1682, 15.1682, 15.1685, 15.1682, 15.1682, 15.1682
3.81845, 8.95675, 16.111, 15.2627, 3.3101, -7.1542, 0, 15.2627, 15.265, 15.2643, 15.5641, 15.8054, 15.2627, 15.2627, 15.2627, 15.2627, 15.2627, 15.2627, 15.2627, 15.2627, 15.2627, 15.2627, 15.263, 15.2627, 15.2627, 15.2627
3.82629, 9.05285, 16.1646, 15.3575, 3.32458, -7.1118, 0, 15.3575, 15.3598, 15.3591, 15.6059, 15.912, 15.3575, 15.3575, 15.3575, 15.3575, 15.3575, 15.3575, 15.3575, 15.3575, 15.3575, 15.3575, 15.3577, 15.3575, 15.3575, 15.3575
3.83414, 9.94944, 16.2267, 15.4525, 3.4568, -6.27725, 0, 15.4525, 15.4548, 15.4541, 15.656, 16.0191, 15.4525, 15.4525, 15.4525, 15.4525, 15.4525, 15.4525, 15.4525, 15.4525, 15.4525, 15.4525, 15.4527, 15.4525, 15.4525, 15.4525
3.84198, 8.02156, 16.2964, 15.5478, 3.16568, -8.27484, 0, 15.5478, 15.5501, 15.5494, 15.7136, 16.1265, 15.5478, 15.5478, 15.5478, 15.5478, 15.5478, 15.5478, 15.5478, 15.5478, 15.5478, 15.5478, 15.548, 15.5478, 15.5478, 15.5478
3.84982, 9.99266, 16.373, 15.6434, 3.46304, -6.3803, 0, 15.6434, 15.6457, 15.645, 15.7779, 16.2343, 15.6434, 15.6434, 15.6434, 15.6434, 15.6434, 15.6434, 15.6434, 15.6434, 15.6434, 15.6434, 15.6435, 15.6434, 15.6434, 15.6434
3.85767, 8.96404, 16.4556, 15.7392, 3.3112, -7.49155, 0, 15.7392, 15.7415, 15.7408, 15.8482, 16.3425, 15.7392, 15.7392, 15.7392, 15.7392, 15.7392, 15.7392, 15.7392, 15.7392, 15.7392, 15.7392, 15.7393, 15.7392, 15.7392, 15.7392
3.86551, 9.99058, 16.5435, 15.8352, 3.46274, -6.55287, 0, 15.8352, 15.8376, 15.8368, 15.9237, 16.451, 15.8352, 15.8352, 15.8352, 15.8352, 15.8352, 15.8352, 15.8352, 15.8352, 15.8352, 15.8352, 15.8353, 15.8352, 15.8352, 15.8352
3.87335, 3.99517, 16.6358, 15.9315, 2.4485, -12.6407, 0, 15.9315, 15.9338, 15.9331, 16.0035, 16.5598, 15.9315, 15.9315, 15.9315, 15.9315, 15.9315, 15.9315, 15.9315, 15.9315, 15.9315, 15.9315, 15.9316, 15.9315, 15.9315, 15.9315
3.88119, 6.98742, 16.732, 16.028, 2.9979, -9.74456, 0, 16.028, 16.0303, 16.0296, 16.087, 16.6689, 16.028, 16.028, 16.028, 16.028, 16.028, 16.028, 16.028, 16.028, 16.028, 16.028, 16.028, 16.028, 16.028, 16.028
3.88904, 6.99802, 16.8313, 16.1246, 2.99967, -9.83328, 0, 16.1246, 16.127, 16.1262, 16.1736, 16.7783, 16.1246, 16.1246, 16.1246, 16.1246, 16.1246, 16.1246, 16.1246, 16.1246, 16.1246, 16.1246, 16.1247, 16.1246, 16.1246, 16.1246
3.89688, 8.97813, 16.9332, 16.2215, 3.31333, -7.95508, 0, 16.2215, 16.2238, 16.2231, 16.2627, 16.888, 16.2215, 16.2215, 16.2215, 16.2215, 16.2215, 16.2215, 16.2215, 16.2215, 16.2215, 16.2215, 16.2215, 16.2215, 16.2215, 16.2215
3.90472, 11.9782, 17.0372, 16.3184, 3.73874, -5.05903, 0, 16.3184, 16.3207, 16.32, 16.3538, 16.9979, 16.3184, 16.3184, 16.3184, 16.3184, 16.3184, 16.3184, 16.3184, 16.3184, 16.3184, 16.3184, 16.3184, 16.3184, 16.3184, 16.3184
3.91257, 7.99765, 17.1429, 16.4155, 3.16191, -9.14528, 0, 16.4155, 16.4178, 16.4171, 16.4464, 17.108, 16.4155, 16.4155, 16.4155, 16.4155, 16.4155, 16.4155, 16.4155, 16.4155, 16.4155, 16.4155, 16.4155, 16.4155, 16.4155, 16.4155
3.92041, 9.00248, 17.25, 16.5126, 3.317, -8.2475, 0, 16.5126, 16.5149, 16.5142, 16.5404, 17.2182, 16.5126, 16.5126, 16.5126, 16.5126, 16.5126, 16.5126, 16.5126, 16.5126, 16.5126, 16.5126, 16.5126, 16.5126, 16.5126, 16.5126
3.92825, 7.0075, 17.3581, 16.6097, 3.00125, -10.3506, 0, 16.6098, 16.6121, 16.6114, 16.6352, 17.3286, 16.6097, 16.6097, 16.6097, 16.6097, 16.6097, 16.6097, 16.6097, 16.6097, 16.6097, 16.6097, 16.6098, 16.6097, 16.6097, 16.6097
3.93609, 6.03135, 17.467, 16.7069, 2.83396, -11.4356, 0, 16.7069, 16.7093, 16.7085, 16.7309, 17.4391, 16.7069, 16.7069, 16.7069, 16.7069, 16.7069, 16.7069, 16.7069, 16.7069, 16.7069, 16.7069, 16.7069, 16.7069, 16.7069, 16.7069
3.94394, 6.93215, 17.5766, 16.8041, 2.98867, -10.6444, 0, 16.8041, 16.8064, 16.8057, 16.827, 17.5496, 16.8041, 16.8041, 16.8041, 16.8041, 16.8041, 16.8041, 16.8041, 16.8041, 16.8041, 16.8041, 16.8041, 16.8041, 16.8041, 16.8041
3.95178, 5.06307, 17.6866, 16.9011, 2.65764, -12.6236, 0, 16.9011, 16.9035, 16.9027, 16.9236, 17.6602, 16.9011, 16.9011, 16.9011, 16.9011, 16.9011, 16.9011, 16.9011, 16.9011, 16.9011, 16.9011, 16.9011, 16.9011, 16.9011, 16.9011
3.95962, 12.8113, 17.7971, 16.9981, 3.84854, -4.98583, 0, 16.9981, 17.0004, 16.9997, 17.0205, 17.7708, 16.9981, 16.9981, 16.9981, 16.9981, 16.9981, 16.9981, 16.9981, 16.9981, 16.9981, 16.9981, 16.9981, 16.9981, 16.9981, 16.9981
3.96747, 3.18385, 17.9079, 17.0949, 2.27681, -14.7241, 0, 17.0949, 17.0973, 17.0966, 17.1176, 17.8813, 17.0949, 17.0949, 17.0949, 17.0949, 17.0949, 17.0949, 17.0949, 17.0949, 17.0949, 17.0949, 17.0949, 17.0949, 17.0949, 17.0949
3.97531, 8.99761, 18.019, 17.1916, 3.31627, -9.02139, 0, 17.1916, 17.194, 17.1932, 17.2149, 17.9918, 17.1916, 17.1916, 17.1916, 17.1916, 17.1916, 17.1916, 17.1916, 17.1916, 17.1916, 17.1916, 17.1916, 17.1916, 17.1916, 17.1916
3.98315, 10.8623, 18.1304, 17.2881, 3.5864, -7.26811, 0, 17.2881, 17.2905, 17.2898, 17.3123, 18.1022, 17.2881, 17.2881, 17.2881, 17.2881, 17.2881, 17.2881, 17.2881, 17.2881, 17.2881, 17.2881, 17.2881, 17.2881, 17.2881, 17.2881
3.99099, 7.09666, 18.242, 17.3844, 3.01607, -11.1454, 0, 17.3844, 17.3868, 17.3861, 17.41, 18.2125, 17.3844, 17.3844, 17.3844, 17.3844, 17.3844, 17.3844, 17.3844, 17.3844, 17.3844, 17.3844, 17.3844, 17.3844, 17.3844, 17.3844
3.99884, 2.99516, 18.354, 17.4805, 2.23499, -15.3588, 0, 17.4805, 17.4829, 17.4822, 17.5078, 18.3228, 17.4805, 17.4805, 17.4805, 17.4805, 17.4805, 17.4805, 17.4805, 17.4805, 17.4805, 17.4805, 17.4805, 17.4805, 17.4805, 17.4805
4.00668, 7.87193, 18.4663, 17.5764, 3.14196, -10.5944, 0, 17.5764, 17.5788, 17.578, 17.6059, 18.4329, 17.5764, 17.5764, 17.5764, 17.5764, 17.5764, 17.5764, 17.5764, 17.5764, 17.5764, 17.5764, 17.5764, 17.5764, 17.5764, 17.5764
4.01452, 8.98808, 18.5791, 17.6721, 3.31483, -9.591, 0, 17.6721, 17.6744, 17.6737, 17.7044, 18.5429, 17.6721, 17.6721, 17.6721, 17.6721, 17.6721, 17.6721, 17.6721, 17.6721, 17.6721, 17.6721, 17.6721, 17.6721, 17.6721, 17.6721
4.02236, 5.21731, 18.6924, 17.7675, 2.68651, -13.4751, 0, 17.7675, 17.7699, 17.7692, 17.8032, 18.6528, 17.7675, 17.7675, 17.7675, 17.7675, 17.7675, 17.7675, 17.7675, 17.7675, 17.7675, 17.7675, 17.7675, 17.7675, 17.7675, 17.7675
4.03021, 6.8552, 18.8063, 17.8628, 2.97577, -11.9511, 0, 17.8628, 17.8651, 17.8644, 17.9026, 18.7625, 17.8628, 17.8628, 17.8628, 17.8628, 17.8628, 17.8628, 17.8628, 17.8628, 17.8628, 17.8628, 17.8628, 17.8628, 17.8628, 17.8628
4.03805, 9.84071, 18.9209, 17.9578, 3.44103, -9.08021, 0, 17.9578, 17.9602, 17.9595, 18.0025, 18.8723, 17.9578, 17.9578, 17.9578, 17.9578, 17.9578, 17.9578, 17.9578, 17.9578, 17.9578, 17.9578, 17.9578, 17.9578, 17.9578, 17.9578
4.04589, 8.03831, 19.0364, 18.0527, 3.16833, -10.9981, 0, 18.0527, 18.0551, 18.0543, 18.1032, 18.9819, 18.0527, 18.0527, 18.0527, 18.0527, 18.0527, 18.0527, 18.0527, 18.0527, 18.0527, 18.0527, 18.0527, 18.0527, 18.0527, 18.0527
4.05374, 3.21027, 19.1528, 18.1475, 2.2826, -15.9426, 0, 18.1475, 18.1498, 18.1491, 18.2048, 19.0916, 18.1475, 18.1475, 18.1475, 18.1475, 18.1475, 18.1475, 18.1475, 18.1475, 18.1475, 18.1475, 18.1475, 18.1475, 18.1475, 18.1475
4.06158, 8.93965, 19.2703, 18.2421, 3.30751, -10.3307, 0, 18.2421, 18.2444, 18.2437, 18.3073, 19.2012, 18.2421, 18.2421, 18.2421, 18.2421, 18.2421, 18.2421, 18.2421, 18.2421, 18.2421, 18.2421, 18.2421, 18.2421, 18.2421, 18.2421
4.06942, 4.99517, 19.3889, 18.3366, 2.64484, -14.3938, 0, 18.3366, 18.339, 18.3382, 18.4108, 19.3109, 18.3366, 18.3366, 18.3366, 18.3366, 18.3366, 18.3366, 18.3366, 18.3366, 18.3366, 18.3366, 18.3366, 18.3366, 18.3366, 18.3366
4.07726, 6.99517, 19.5089, 18.4311, 2.99919, -12.5137, 0, 18.4311, 18.4334, 18.4327, 18.5154, 19.4206, 18.4311, 18.4311, 18.4311, 18.4311, 18.4311, 18.4311, 18.4311, 18.4311, 18.4311, 18.4311, 18.4311, 18.4311, 18.4311, 18.4311
4.08511, 4.99516, 19.63, 18.5256, 2.64484, -14.6349, 0, 18.5256, 18.5279, 18.5272, 18.6211, 19.5305, 18.5256, 18.5256, 18.5256, 18.5256, 18.5256, 18.5256, 18.5256, 18.5256, 18.5256, 18.5256, 18.5256, 18.5256, 18.5256, 18.5256
4.09295, 12.6576, 19.7525, 18.62, 3.82853, -7.0949, 0, 18.62, 18.6223, 18.6216, 18.728, 19.6405, 18.62, 18.62, 18.62, 18.62, 18.62, 18.62, 18.62, 18.62, 18.62, 18.62, 18.62, 18.62, 18.62, 18.62
4.10079, 4.26271, 19.8763, 18.7145, 2.50254, -15.6136, 0, 18.7145, 18.7168, 18.7161, 18.836, 19.7508, 18.7145, 18.7145, 18.7145, 18.7145, 18.7145, 18.7145, 18.7145, 18.7145, 18.7145, 18.7145, 18.7145, 18.7145, 18.7145, 18.7145
4.10864, 5.92031, 20.0014, 18.8091, 2.8143, -14.0811, 0, 18.8091, 18.8114, 18.8107, 18.9451, 19.8615, 18.8091, 18.8091, 18.8091, 18.8091, 18.8091, 18.8091, 18.8091, 18.8091, 18.8091, 18.8091, 18.8091, 18.8091, 18.8091, 18.8091
4.11648, 7.99058, 20.1278, 18.9037, 3.16079, -12.1372, 0, 18.9037, 18.906, 18.9053, 19.0549, 19.9726, 18.9037, 18.9037, 18.9037, 18.9037, 18.9037, 18.9037, 18.9037, 18.9037, 18.9037, 18.9037, 18.9037, 18.9037, 18.9037, 18.9037
4.12432, 4.06736, 20.2555, 18.9985, 2.4632, -16.1882, 0, 18.9985, 19.0008, 19.0001, 19.1655, 20.0845, 18.9985, 18.9985, 18.9985, 18.9985, 18.9985, 18.9985, 18.9985, 18.9985, 18.9985, 18.9985, 18.9985, 18.9985, 18.9985, 18.9985
4.13216, 6.07241, 20.3846, 19.0934, 2.8412, -14.3122, 0, 19.0934, 19.0957, 19.095, 19.2765, 20.1975, 19.0934, 19.0934, 19.0934, 19.0934, 19.0934, 19.0934, 19.0934, 19.0934, 19.0934, 19.0934, 19.0934, 19.0934, 19.0934, 19.0934
4.14001, 8.66716, 20.5153, 19.1884, 3.26606, -11.8482, 0, 19.1884, 19.1908, 19.1901, 19.3877, 20.3121, 19.1884, 19.1884, 19.1884, 19.1884, 19.1884, 19.1884, 19.1884, 19.1884, 19.1884, 19.1884, 19.1884, 19.1884, 19.1884, 19.1884
4.14785, 3.32342, 20.6482, 19.2837, 2.30725, -17.3248, 0, 19.2837, 19.286, 19.2853, 19.4987, 20.4292, 19.2837, 19.2837, 19.2837, 19.2837, 19.2837, 19.2837, 19.2837, 19.2837, 19.2837, 19.2837, 19.2837, 19.2837, 19.2837, 19.2837
4.15569, 4.90801, 20.7841, 19.3791, 2.62831, -15.8761, 0, 19.3792, 19.3815, 19.3808, 19.6092, 20.5501, 19.3791, 19.3791, 19.3791, 19.3791, 19.3791, 19.3791, 19.3791, 19.3791, 19.3791, 19.3791, 19.3791, 19.3791, 19.3792, 19.3791
4.16353, 4.99292, 20.9248, 19.4748, 2.64441, -15.9319, 0, 19.4748, 19.4771, 19.4764, 19.7188, 20.6769, 19.4748, 19.4748, 19.4748, 19.4748, 19.4748, 19.4748, 19.4748, 19.4748, 19.4748, 19.4748, 19.4748, 19.4748, 19.4748, 19.4748
4.17138, 9.71803, 21.0729, 19.5707, 3.42316, -11.3549, 0, 19.5707, 19.573, 19.5723, 19.8272, 20.8124, 19.5707, 19.5707, 19.5707, 19.5707, 19.5707, 19.5707, 19.5707, 19.5707, 19.5707, 19.5707, 19.5707, 19.5707, 19.5707, 19.5707
4.17922, 14.4198, 21.2326, 19.6668, 4.05213, -6.81285, 0, 19.6668, 19.6692, 19.6684, 19.9341, 20.9614, 19.6668, 19.6668, 19.6668, 19.6668, 19.6668, 19.6668, 19.6668, 19.6668, 19.6668, 19.6668, 19.6668, 19.6668, 19.6668, 19.6668
4.18706, 12.0682, 21.4103, 19.7632, 3.75076, -9.34214, 0, 19.7632, 19.7655, 19.7648, 20.0391, 21.1305, 19.7632, 19.7632, 19.7632, 19.7632, 19.7632, 19.7632, 19.7632, 19.7632, 19.7632, 19.7632, 19.7632, 19.7632, 19.7632, 19.7632
4.19491, 6.76518, 21.6157, 19.8598, 2.9606, -14.8505, 0, 19.8598, 19.8621, 19.8614, 20.142, 21.3295, 19.8598, 19.8598, 19.8598, 19.8598, 19.8598, 19.8598, 19.8598, 19.8598, 19.8598, 19.8598, 19.8598, 19.8598, 19.8598, 19.8598
4.20275, 11.4862, 21.8627, 19.9567, 3.67236, -10.3765, 0, 19.9567, 19.959, 19.9583, 20.2427, 21.5727, 19.9567, 19.9567, 19.9567, 19.9567, 19.9567, 19.9567, 19.9567, 19.9567, 19.9567, 19.9567, 19.9567, 19.9567, 19.9567, 19.9567
4.21059, 10.8765, 22.1713, 20.0538, 3.58838, -11.2949, 0, 20.0538, 20.0561, 20.0554, 20.341, 21.8802, 20.0538, 20.0538, 20.0538, 20.0538, 20.0538, 20.0538, 20.0538, 20.0538, 20.0538, 20.0538, 20.0538, 20.0538, 20.0538, 20.0538
4.21843, 13.0849, 22.5699, 20.1512, 3.88393, -9.48503, 0, 20.1512, 20.1535, 20.1528, 20.4369, 22.2802, 20.1512, 20.1512, 20.1512, 20.1512, 20.1512, 20.1512, 20.1512, 20.1512, 20.1512, 20.1512, 20.1512, 20.1512, 20.1512, 20.1512
4.22628, 12.0892, 23.0977, 20.2488, 3.75356, -11.0084, 0, 20.2488, 20.2512, 20.2505, 20.5305, 22.812, 20.2488, 20.2488, 20.2488, 20.2488, 20.2488, 20.2488, 20.2488, 20.2488, 20.2488, 20.2488, 20.2488, 20.2488, 20.2489, 20.2488
4.23412, 17.4276, 23.8082, 20.3468, 4.40767, -6.38061, 0, 20.3468, 20.3491, 20.3484, 20.6219, 23.529, 20.3468, 20.3468, 20.3468, 20.3468, 20.3468, 20.3468, 20.3468, 20.3468, 20.3468, 20.3468, 20.3468, 20.3468, 20.3469, 20.3468
4.24196, 13.3118, 24.7736, 20.4449, 3.91303, -11.4618, 0, 20.445, 20.4473, 20.4466, 20.7114, 24.5031, 20.4449, 20.4449, 20.4449, 20.4449, 20.4449, 20.4449, 20.4449, 20.4449, 20.4449, 20.4449, 20.4449, 20.4449, 20.4451, 20.4449
4.2498, 16.5151, 26.0895, 20.5434, 4.30291, -9.57445, 0, 20.5434, 20.5457, 20.545, 20.7991, 25.8296, 20.5434, 20.5434, 20.5434, 20.5434, 20.5434, 20.5434, 20.5434, 20.5434, 20.5434, 20.5434, 20.5434, 20.5434, 20.5436, 20.5434
4.25765, 19.5597, 27.8808, 20.6421, 4.64324, -8.32118, 0, 20.6421, 20.6445, 20.6437, 20.8855, 27.6333, 20.6421, 20.6421, 20.6421, 20.6421, 20.6421, 20.6421, 20.6421, 20.6421, 20.6421, 20.6421, 20.6421, 20.6421, 20.6424, 20.6421
4.26549, 26.1364, 30.3077, 20.7411, 5.30437, -4.17134, 0, 20.7411, 20.7434, 20.7427, 20.9708, 30.0737, 20.7411, 20.7411, 20.7411, 20.7411, 20.7411, 20.7411, 20.7411, 20.7411, 20.7411, 20.7411, 20.7411, 20.7411, 20.7414, 20.7411
4.27333, 16.0876, 33.5728, 20.8404, 4.25295, -17.4852, 0, 20.8404, 20.8427, 20.842, 21.0555, 33.3532, 20.8404, 20.8404, 20.8404, 20.8404, 20.8404, 20.8404, 20.8404, 20.8404, 20.8404, 20.8404, 20.8404, 20.8404, 20.8407, 20.8404
4.28118, 28.5889, 37.9278, 20.9399, 5.53072, -9.33893, 0, 20.9399, 20.9422, 20.9415, 21.1399, 37.7233, 20.9399, 20.9399, 20.9399, 20.9399, 20.9399, 20.9399, 20.9399, 20.9399, 20.9399, 20.9399, 20.9399, 20.9399, 20.9404, 20.9399
4.28902, 24.3427, 43.6806, 21.0396, 5.13251, -19.3379, 0, 21.0396, 21.042, 21.0413, 21.2244, 43.4912, 21.0396, 21.0396, 21.0396, 21.0396, 21.0396, 21.0396, 21.0396, 21.0396, 21.0396, 21.0396, 21.0396, 21.0396, 21.0402, 21.0396
4.29686, 43.4041, 51.1999, 21.1397, 6.73826, -7.79576, 0, 21.1397, 21.142, 21.1413, 21.3093, 51.0255, 21.1397, 21.1397, 21.1397, 21.1397, 21.1397, 21.1397, 21.1397, 21.1397, 21.1397, 21.1397, 21.1397, 21.1397, 21.1404, 21.1397
4.3047, 52.8121, 60.9194, 21.2399, 7.40352, -8.10722, 0, 21.24, 21.2423, 21.2416, 21.3949, 60.7595, 21.2399, 21.2399, 21.2399, 21.2399, 21.2399, 21.2399, 21.2399, 21.2399, 21.2399, 21.2399, 21.2399, 21.2399, 21.2409, 21.2399
4.31255, 70.6855, 73.3385, 21.3405, 8.52558, -2.65302, 0, 21.3405, 21.3428, 21.3421, 21.4815, 73.1924, 21.3405, 21.3405, 21.3405, 21.3405, 21.3405, 21.3405, 21.3405, 21.3405, 21.3405, 21.3405, 21.3405, 21.3405, 21.3416, 21.3405
4.32039, 73.0147, 89.0194, 21.4413, 8.6611, -16.0048, 0, 21.4413, 21.4436, 21.4429, 21.5692, 88.8862, 21.4413, 21.4413, 21.4413, 21.4413, 21.4413, 21.4413, 21.4413, 21.4413, 21.4413, 21.4413, 21.4413, 21.4413, 21.4426, 21.4413
4.32823, 87.06, 108.579, 21.5423, 9.43716, -21.519, 0, 21.5423, 21.5447, 21.544, 21.6582, 108.458, 21.5423, 21.5423, 21.5423, 21.5423, 21.5423, 21.5423, 21.5423, 21.5423, 21.5423, 21.5423, 21.5423, 21.5423, 21.5439, 21.5423
4.33608, 113.282, 132.675, 21.6436, 10.737, -19.3927, 0, 21.6436, 21.646, 21.6453, 21.7486, 132.564, 21.6436, 21.6436, 21.6436, 21.6436, 21.6436, 21.6436, 21.6436, 21.6436, 21.6436, 21.6436, 21.6436, 21.6436, 21.6455, 21.6436
4.34392, 172.007, 161.985, 21.7452, 13.1912, 10.0213, 0, 21.7452, 21.7475, 21.7469, 21.8404, 161.884, 21.7452, 21.7452, 21.7452, 21.7452, 21.7452, 21.7452, 21.7452, 21.7452, 21.7452, 21.7452, 21.7452, 21.7452, 21.7473, 21.7452
4.35176, 200.864, 197.181, 21.8469, 14.243, 3.68243, 0, 21.8469, 21.8493, 21.8487, 21.9337, 197.088, 21.8469, 21.8469, 21.8469, 21.8469, 21.8469, 21.8469, 21.8469, 21.8469, 21.8469, 21.8469, 21.8469, 21.8469, 21.8494, 21.8469
4.3596, 247.59, 238.891, 21.949, 15.7984, 8.69839, 0, 21.949, 21.9513, 21.9508, 22.0285, 238.805, 21.949, 21.949, 21.949, 21.949, 21.949, 21.949, 21.949, 21.949, 21.949, 21.949, 21.949, 21.949, 21.9518, 21.949
4.36745, 263.207, 287.661, 22.0512, 16.2852, -24.4547, 0, 22.0512, 22.0536, 22.0532, 22.1246, 287.581, 22.0512, 22.0512, 22.0512, 22.0512, 22.0512, 22.0512, 22.0512, 22.0512, 22.0512, 22.0512, 22.0512, 22.0512, 22.0544, 22.0512
4.37529, 312.282, 343.908, 22.1537, 17.728, -31.6265, 0, 22.1537, 22.1561, 22.1558, 22.222, 343.832, 22.1537, 22.1537, 22.1537, 22.1537, 22.1537, 22.1537, 22.1537, 22.1537, 22.1537, 22.1537, 22.1537, 22.1537, 22.1573, 22.1537
4.38313, 393.773, 407.871, 22.2565, 19.894, -14.098, 0, 22.2565, 22.2588, 22.2587, 22.3206, 407.798, 22.2565, 22.2565, 22.2565, 22.2565, 22.2565, 22.2565, 22.2565, 22.2565, 22.2565, 22.2565, 22.2565, 22.2565, 22.2603, 22.2565
4.39097, 460.945, 479.56, 22.3595, 21.5162, -18.615, 0, 22.3595, 22.3618, 22.3619, 22.4203, 479.491, 22.3595, 22.3595, 22.3595, 22.3595, 22.3595, 22.3595, 22.3595, 22.3595, 22.3595, 22.3595, 22.3595, 22.3595, 22.3636, 22.3595
4.39882, 543.213, 558.722, 22.4627, 23.3498, -15.5092, 0, 22.4627, 22.465, 22.4653, 22.521, 558.654, 22.4627, 22.4627, 22.4627, 22.4627, 22.4627, 22.4627, 22.4627, 22.4627, 22.4627, 22.4627, 22.4627, 22.4627, 22.4672, 22.4627
4.40666, 629.534, 644.769, 22.5661, 25.1303, -15.2353, 0, 22.5661, 22.5685, 22.5691, 22.6226, 644.703, 22.5661, 22.5661, 22.5661, 22.5661, 22.5661, 22.5661, 22.5661, 22.5661, 22.5661, 22.5661, 22.5661, 22.5661, 22.5709, 22.5661
4.4145, 730.564, 736.81, 22.6698, 27.0659, -6.24609, 0, 22.6698, 22.6721, 22.6732, 22.725, 736.744, 22.6698, 22.6698, 22.6698, 22.6698, 22.6698, 22.6698, 22.6698, 22.6698, 22.6698, 22.6698, 22.6698, 22.6698, 22.6748, 22.6698
4.42235, 791.467, 833.583, 22.7737, 28.1685, -42.1157, 0, 22.7737, 22.7761, 22.7777, 22.8281, 833.517, 22.7737, 22.7737, 22.7737, 22.7737, 22.7737, 22.7737, 22.7737, 22.7737, 22.7737, 22.7737, 22.7737, 22.7737, 22.7789, 22.7737
4.43019, 922.87, 933.491, 22.8778, 30.4117, -10.6205, 0, 22.8778, 22.8802, 22.8825, 22.9318, 933.425, 22.8778, 22.8778, 22.8778, 22.8778, 22.8778, 22.8778, 22.8778, 22.8778, 22.8778, 22.8778, 22.8778, 22.8778, 22.8831, 22.8778
4.43803, 1046.72, 1034.62, 22.9822, 32.3839, 12.0916, 0, 22.9822, 22.9845, 22.9877, 23.0361, 1034.56, 22.9822, 22.9822, 22.9822, 22.9822, 22.9822, 22.9822, 22.9822, 22.9822, 22.9822, 22.9822, 22.9822, 22.9822, 22.9876, 22.9822
4.44587, 1077.51, 1134.81, 23.0868, 32.8559, -57.3013, 0, 23.0868, 23.0891, 23.0934, 23.1409, 1134.74, 23.0868, 23.0868, 23.0868, 23.0868, 23.0868, 23.0868, 23.0868, 23.0868, 23.0868, 23.0868, 23.0868, 23.0868, 23.0922, 23.0868
4.45372, 1221.48, 1231.68, 23.1916, 34.9783, -10.2026, 0, 23.1916, 23.1939, 23.1995, 23.2461, 1231.61, 23.1916, 23.1916, 23.1916, 23.1916, 23.1916, 23.1916, 23.1916, 23.1916, 23.1916, 23.1916, 23.1916, 23.1916, 23.1969, 23.1916
4.46156, 1286.42, 1322.77, 23.2966, 35.8946, -36.3464, 0, 23.2966, 23.2989, 23.3062, 23.3517, 1322.7, 23.2966, 23.2966, 23.2966, 23.2966, 23.2966, 23.2966, 23.2966, 23.2966, 23.2966, 23.2966, 23.2966, 23.2966, 23.3018, 23.2966
4.4694, 1398.99, 1405.58, 23.4018, 37.4298, -6.59387, 0, 23.4018, 23.4041, 23.4134, 23.4576, 1405.51, 23.4018, 23.4018, 23.4018, 23.4018, 23.4018, 23.4018, 23.4018, 23.4018, 23.4018, 23.4018, 23.4018, 23.4018, 23.4069, 23.4018
4.47725, 1464.48, 1477.77, 23.5072, 38.2946, -13.2944, 0, 23.5072, 23.5095, 23.5213, 23.5638, 1477.69, 23.5072, 23.5072, 23.5072, 23.5072, 23.5072, 23.5072, 23.5072, 23.5072, 23.5072, 23.5072, 23.5072, 23.5072, 23.5121, 23.5072
4.48509, 1509.92, 1537.18, 23.6128, 38.8834, -27.2623, 0, 23.6128, 23.6151, 23.6299, 23.6703, 1537.1, 23.6128, 23.6128, 23.6128, 23.6128, 23.6128, 23.6128, 23.6128, 23.6128, 23.6128, 23.6128, 23.6128, 23.6128, 23.6175, 23.6128
4.49293, 1499.09, 1581.98, 23.7186, 38.744, -82.8898, 0, 23.7186, 23.7209, 23.7392, 23.7771, 1581.9, 23.7186, 23.7186, 23.7186, 23.7186, 23.7186, 23.7186, 23.7186, 23.7186, 23.7186, 23.7186, 23.7186, 23.7186, 23.723, 23.7186
4.50077, 1566.95, 1610.78, 23.8246, 39.61, -43.8257, 0, 23.8246, 23.827, 23.8493, 23.8841, 1610.69, 23.8246, 23.8246, 23.8246, 23.8246, 23.8246, 23.8246, 23.8246, 23.8246, 23.8246, 23.8246, 23.8246, 23.8246, 23.8287, 23.8246
4.50862, 1599.72, 1622.66, 23.9308, 40.0215, -22.9321, 0, 23.9308, 23.9332, 23.9603, 23.9913, 1622.56, 23.9308, 23.9308, 23.9308, 23.9308, 23.9308, 23.9308, 23.9308, 23.9308, 23.9308, 23.9308, 23.9308, 23.9308, 23.9346, 23.9308
4.51646, 1642.88, 1617.24, 24.0372, 40.5571, 25.64, 0, 24.0372, 24.0396, 24.0721, 24.0988, 1617.14, 24.0372, 24.0372, 24.0372, 24.0372, 24.0372, 24.0372, 24.0372, 24.0372, 24.0372, 24.0372, 24.0372, 24.0372, 24.0406, 24.0372
4.5243, 1600.56, 1594.71, 24.1438, 40.032, 5.84961, 0, 24.1438, 24.1461, 24.1848, 24.2065, 1594.6, 24.1438, 24.1438, 24.1438, 24.1438, 24.1438, 24.1438, 24.1438, 24.1438, 24.1438, 24.1438, 24.1438, 24.1438, 24.1469, 24.1438
4.53215, 1570.49, 1555.82, 24.2506, 39.6546, 14.6661, 0, 24.2506, 24.2529, 24.2985, 24.3144, 1555.71, 24.2506, 24.2506, 24.2506, 24.2506, 24.2506, 24.2506, 24.2506, 24.2506, 24.2506, 24.2506, 24.2506, 24.2506, 24.2533, 24.2506
4.53999, 1481.13, 1501.81, 24.3575, 38.5114, -20.6794, 0, 24.3575, 24.3598, 24.413, 24.4224, 1501.68, 24.3575, 24.3575, 24.3575, 24.3575, 24.3575, 24.3575, 24.3575, 24.3575, 24.3575, 24.3575, 24.3575, 24.3575, 24.3599, 24.3575
4.54783, 1403.27, 1434.36, 24.4646, 37.487, -31.0808, 0, 24.4646, 24.467, 24.5284, 24.5307, 1434.22, 24.4646, 24.4646, 24.4646, 24.4646, 24.4646, 24.4646, 24.4646, 24.4646, 24.4646, 24.4646, 24.4646, 24.4646, 24.4667, 24.4646
4.55567, 1278.14, 1355.52, 24.5719, 35.779, -77.3844, 0, 24.5719, 24.5742, 24.6446, 24.6392, 1355.38, 24.5719, 24.5719, 24.5719, 24.5719, 24.5719, 24.5719, 24.5719, 24.5719, 24.5719, 24.5719, 24.5719, 24.5719, 24.5737, 24.5719
4.56352, 1278.9, 1267.59, 24.6793, 35.7897, 11.3127, 0, 24.6793, 24.6817, 24.7614, 24.7478, 1267.44, 24.6793, 24.6793, 24.6793, 24.6793, 24.6793, 24.6793, 24.6793, 24.6793, 24.6793, 24.6793, 24.6793, 24.6793, 24.6809, 24.6793
4.57136, 1167.77, 1173, 24.7869, 34.2019, -5.22998, 0, 24.7869, 24.7893, 24.8788, 24.8566, 1172.84, 24.7869, 24.7869, 24.7869, 24.7869, 24.7869, 24.7869, 24.7869, 24.7869, 24.7869, 24.7869, 24.7869, 24.7869, 24.7882, 24.7869
4.5792, 963.63, 1074.25, 24.8947, 31.0746, -110.618, 0, 24.8947, 24.897, 24.9965, 24.9656, 1074.07, 24.8947, 24.8947, 24.8947, 24.8947, 24.8947, 24.8947, 24.8947, 24.8947, 24.8947, 24.8947, 24.8947, 24.8947, 24.8958, 24.8947
4.58704, 960.194, 973.704, 25.0026, 31.0192, -13.5098, 0, 25.0026, 25.0049, 25.1145, 25.0747, 973.516, 25.0026, 25.0026, 25.0026, 25.0026, 25.0026, 25.0026, 25.0026, 25.0026, 25.0026, 25.0026, 25.0026, 25.0026, 25.0035, 25.0026
4.59489, 827.72, 873.627, 25.1107, 28.8049, -45.9069, 0, 25.1107, 25.113, 25.2325, 25.184, 873.429, 25.1107, 25.1107, 25.1107, 25.1107, 25.1107, 25.1107, 25.1107, 25.1107, 25.1107, 25.1107, 25.1107, 25.1107, 25.1114, 25.1107
4.60273, 718.323, 775.996, 25.2189, 26.8388, -57.6735, 0, 25.2189, 25.2212, 25.3502, 25.2935, 775.787, 25.2189, 25.2189, 25.2189, 25.2189, 25.2189, 25.2189, 25.2189, 25.2189, 25.2189, 25.2189, 25.2189, 25.2189, 25.2195, 25.2189
4.61057, 689.016, 682.51, 25.3272, 26.2872, 6.50629, 0, 25.3272, 25.3296, 25.4674, 25.4031, 682.291, 25.3272, 25.3272, 25.3272, 25.3272, 25.3272, 25.3272, 25.3272, 25.3272, 25.3272, 25.3272, 25.3272, 25.3272, 25.3277, 25.3272
4.61842, 617.801, 594.556, 25.4357, 24.8958, 23.2443, 0, 25.4357, 25.4381, 25.5839, 25.5129, 594.328, 25.4357, 25.4357, 25.4357, 25.4357, 25.4357, 25.4357, 25.4357, 25.4357, 25.4357, 25.4357, 25.4357, 25.4357, 25.4361, 25.4357
4.62626, 491.607, 513.145, 25.5444, 22.2173, -21.5375, 0, 25.5444, 25.5467, 25.6995, 25.6228, 512.908, 25.5444, 25.5444, 25.5444, 25.5444, 25.5444, 25.5444, 25.5444, 25.5444, 25.5444, 25.5444, 25.5444, 25.5444, 25.5447, 25.5444
4.6341, 419.988, 438.965, 25.6531, 20.5423, -18.977, 0, 25.6531, 25.6555, 25.814, 25.7329, 438.722, 25.6531, 25.6531, 25.6531, 25.6531, 25.6531, 25.6531, 25.6531, 25.6531, 25.6531, 25.6531, 25.6531, 25.6531, 25.6533, 25.6531
4.64194, 374.161, 372.406, 25.762, 19.3949, 1.75571, 0, 25.762, 25.7643, 25.9271, 25.843, 372.157, 25.762, 25.762, 25.762, 25.762, 25.762, 25.762, 25.762, 25.762, 25.762, 25.762, 25.762, 25.762, 25.7621, 25.762
4.64979, 320.811, 313.541, 25.8709, 17.9669, 7.26968, 0, 25.8709, 25.8733, 26.0387, 25.9533, 313.288, 25.8709, 25.8709, 25.8709, 25.8709, 25.8709, 25.8709, 25.8709, 25.8709, 25.8709, 25.8709, 25.8709, 25.8709, 25.8711, 25.8709
4.65763, 242.504, 262.238, 25.98, 15.6366, -19.7344, 0, 25.98, 25.9823, 26.1488, 26.0637, 261.983, 25.98, 25.98, 25.98, 25.98, 25.98, 25.98, 25.98, 25.98, 25.98, 25.98, 25.98, 25.98, 25.9801, 25.98
4.66547, 208.652, 218.16, 26.089, 14.5139, -9.50752, 0, 26.089, 26.0914, 26.2573, 26.1741, 217.904, 26.089, 26.089, 26.089, 26.089, 26.089, 26.089, 26.089, 26.089, 26.089, 26.089, 26.089, 26.089, 26.0891, 26.089
4.67332, 138.304, 180.82, 26.1981, 11.845, -42.5166, 0, 26.1981, 26.2005, 26.364, 26.2845, 180.566, 26.1981, 26.1981, 26.1981, 26.1981, 26.1981, 26.1981, 26.1981, 26.1981, 26.1981, 26.1981, 26.1981, 26.1981, 26.1982, 26.1981
4.68116, 135.87, 149.658, 26.3072, 11.7418, -13.7884, 0, 26.3072, 26.3095, 26.4692, 26.3949, 149.406, 26.3072, 26.3072, 26.3072, 26.3072, 26.3072, 26.3072, 26.3072, 26.3072, 26.3072, 26.3072, 26.3072, 26.3072, 26.3072, 26.3072
4.689, 126.424, 124.045, 26.4161, 11.3324, 2.37905, 0, 26.4161, 26.4184, 26.5727, 26.5052, 123.797, 26.4161, 26.4161, 26.4161, 26.4161, 26.4161, 26.4161, 26.4161, 26.4161, 26.4161, 26.4161, 26.4161, 26.4161, 26.4161, 26.4161
4.69684, 95.2055, 103.345, 26.5248, 9.85928, -8.14001, 0, 26.5248, 26.5272, 26.6747, 26.6153, 103.103, 26.5248, 26.5248, 26.5248, 26.5248, 26.5248, 26.5248, 26.5248, 26.5248, 26.5248, 26.5248, 26.5248, 26.5248, 26.5248, 26.5248
4.70469, 74.2239, 86.9455, 26.6332, 8.73063, -12.7216, 0, 26.6332, 26.6355, 26.7752, 26.725, 86.7093, 26.6332, 26.6332, 26.6332, 26.6332, 26.6332, 26.6332, 26.6332, 26.6332, 26.6332, 26.6332, 26.6332, 26.6332, 26.6332, 26.6332
4.71253, 62.4103, 74.2637, 26.741, 8.0256, -11.8534, 0, 26.741, 26.7433, 26.8742, 26.8342, 74.0349, 26.741, 26.741, 26.741, 26.741, 26.741, 26.741, 26.741, 26.741, 26.741, 26.741, 26.741, 26.741, 26.741, 26.741
4.72037, 61.4657, 64.7835, 26.848, 7.96654, -3.31777, 0, 26.848, 26.8504, 26.9717, 26.9426, 64.5628, 26.848, 26.848, 26.848, 26.848, 26.848, 26.848, 26.848, 26.848, 26.848, 26.848, 26.848, 26.848, 26.848, 26.848
4.72821, 63.7376, 58.0535, 26.9539, 8.10787, 5.68406, 0, 26.9539, 26.9563, 27.0677, 27.05, 57.8414, 26.9539, 26.9539, 26.9539, 26.9539, 26.9539, 26.9539, 26.9539, 26.9539, 26.9539, 26.9539, 26.9539, 26.9539, 26.9539, 26.9539
4.73606, 78.5892, 53.6951, 27.0583, 8.97715, 24.8941, 0, 27.0583, 27.0606, 27.1618, 27.1557, 53.4918, 27.0583, 27.0583, 27.0583, 27.0583, 27.0583, 27.0583, 27.0583, 27.0583, 27.0583, 27.0583, 27.0583, 27.0583, 27.0583, 27.0583
4.7439, 45.5926, 51.4049, 27.1606, 6.89874, -5.81238, 0, 27.1606, 27.1629, 27.2539, 27.2594, 51.2104, 27.1606, 27.1606, 27.1606, 27.1606, 27.1606, 27.1606, 27.1606, 27.1606, 27.1606, 27.1606, 27.1606, 27.1606, 27.1606, 27.1606
4.75174, 49.2582, 50.9478, 27.26, 7.15948, -1.6896, 0, 27.26, 27.2624, 27.3433, 27.3603, 50.7618, 27.26, 27.26, 27.26, 27.26, 27.26, 27.26, 27.26, 27.26, 27.26, 27.26, 27.26, 27.26, 27.26, 27.26
4.75959, 58.6631, 52.1512, 27.3558, 7.78865, 6.51187, 0, 27.3558, 27.3581, 27.4294, 27.4575, 51.9735, 27.3558, 27.3558, 27.3558, 27.3558, 27.3558, 27.3558, 27.3558, 27.3558, 27.3558, 27.3558, 27.3558, 27.3558, 27.3558, 27.3558
4.76743, 50.9315, 54.8959, 27.4468, 7.2754, -3.96443, 0, 27.4468, 27.4491, 27.5112, 27.5499, 54.7259, 27.4468, 27.4468, 27.4468, 27.4468, 27.4468, 27.4468, 27.4468, 27.4468, 27.4468, 27.4468, 27.4468, 27.4468, 27.4468, 27.4468
4.77527, 67.7732, 59.1047, 27.5315, 8.35304, 8.66856, 0, 27.5315, 27.5339, 27.5875, 27.6362, 58.9418, 27.5315, 27.5315, 27.5315, 27.5315, 27.5315, 27.5315, 27.5315, 27.5315, 27.5315, 27.5315, 27.5315, 27.5315, 27.5315, 27.5315
4.78311, 84.0533, 64.7302, 27.6086, 9.27649, 19.3231, 0, 27.6086, 27.6109, 27.6566, 27.7146, 64.5737, 27.6086, 27.6086, 27.6086, 27.6086, 27.6086, 27.6086, 27.6086, 27.6086, 27.6086, 27.6086, 27.6086, 27.6086, 27.6086, 27.6086
4.79096, 68.3274, 71.7417, 27.6758, 8.38614, -3.41428, 0, 27.6759, 27.6782, 27.7168, 27.7834, 71.5909, 27.6758, 27.6758, 27.6758, 27.6758, 27.6758, 27.6758, 27.6758, 27.6758, 27.6758, 27.6758, 27.6758, 27.6758, 27.6758, 27.6758
4.7988, 85.7658, 80.1145, 27.7312, 9.36834, 5.65134, 0, 27.7312, 27.7335, 27.7658, 27.8402, 79.9686, 27.7312, 27.7312, 27.7312, 27.7312, 27.7312, 27.7312, 27.7312, 27.7312, 27.7312, 27.7312, 27.7312, 27.7312, 27.7312, 27.7312
4.80664, 114.671, 89.8124, 27.772, 10.8014, 24.8582, 0, 27.772, 27.7744, 27.801, 27.8825, 89.6707, 27.772, 27.772, 27.772, 27.772, 27.772, 27.772, 27.772, 27.772, 27.772, 27.772, 27.772, 27.772, 27.772, 27.772
4.81449, 118.454, 100.78, 27.7954, 10.9752, 17.6741, 0, 27.7954, 27.7978, 27.8195, 27.9074, 100.642, 27.7954, 27.7954, 27.7954, 27.7954, 27.7954, 27.7954, 27.7954, 27.7954, 27.7954, 27.7954, 27.7954, 27.7954, 27.7954, 27.7954
4.82233, 146.227, 112.935, 27.7982, 12.1749, 33.2925, 0, 27.7982, 27.8006, 27.8181, 27.9117, 112.799, 27.7982, 27.7982, 27.7982, 27.7982, 27.7982, 27.7982, 27.7982, 27.7982, 27.7982, 27.7982, 27.7982, 27.7982, 27.7982, 27.7982
4.83017, 136.534, 126.149, 27.7769, 11.7701, 10.3852, 0, 27.7769, 27.7793, 27.7933, 27.8919, 126.015, 27.7769, 27.7769, 27.7769, 27.7769, 27.7769, 27.7769, 27.7769, 27.7769, 27.7769, 27.7769, 27.7769, 27.7769, 27.7769, 27.7769
4.83801, 163.896, 140.254, 27.7279, 12.8801, 23.6421, 0, 27.7279, 27.7302, 27.7413, 27.8444, 140.122, 27.7279, 27.7279, 27.7279, 27.7279, 27.7279, 27.7279, 27.7279, 27.7279, 27.7279, 27.7279, 27.7279, 27.7279, 27.7279, 27.7279
4.84586, 182.722, 155.032, 27.6474, 13.5913, 27.6906, 0, 27.6474, 27.6498, 27.6583, 27.7654, 154.901, 27.6474, 27.6474, 27.6474, 27.6474, 27.6474, 27.6474, 27.6474, 27.6474, 27.6474, 27.6474, 27.6474, 27.6474, 27.6474, 27.6474
4.8537, 209.212, 170.218, 27.5317, 14.5331, 38.9938, 0, 27.5317, 27.534, 27.5406, 27.6512, 170.088, 27.5317, 27.5317, 27.5317, 27.5317, 27.5317, 27.5317, 27.5317, 27.5317, 27.5317, 27.5317, 27.5317, 27.5317, 27.5317, 27.5317
4.86154, 200.081, 185.504, 27.3772, 14.2155, 14.5765, 0, 27.3772, 27.3795, 27.3844, 27.4982, 185.374, 27.3772, 27.3772, 27.3772, 27.3772, 27.3772, 27.3772, 27.3772, 27.3772, 27.3772, 27.3772, 27.3772, 27.3772, 27.3772, 27.3772
4.86938, 243.982, 200.545, 27.1804, 15.6838, 43.4365, 0, 27.1805, 27.1828, 27.1864, 27.303, 200.415, 27.1804, 27.1804, 27.1804, 27.1804, 27.1804, 27.1804, 27.1804, 27.1804, 27.1804, 27.1804, 27.1804, 27.1804, 27.1804, 27.1804
4.87723, 256.932, 214.971, 26.9387, 16.0914, 41.9611, 0, 26.9387, 26.941, 26.9437, 27.0628, 214.839, 26.9387, 26.9387, 26.9387, 26.9387, 26.9387, 26.9387, 26.9387, 26.9387, 26.9387, 26.9387, 26.9387, 26.9387, 26.9387, 26.9387
4.88507, 274.019, 228.401, 26.6496, 16.6138, 45.6179, 0, 26.6496, 26.6519, 26.6538, 26.7753, 228.269, 26.6496, 26.6496, 26.6496, 26.6496, 26.6496, 26.6496, 26.6496, 26.6496, 26.6496, 26.6496, 26.6496, 26.6496, 26.6496, 26.6496
4.89291, 324.125, 240.455, 26.3117, 18.0589, 83.6692, 0, 26.3117, 26.314, 26.3153, 26.4389, 240.322, 26.3117, 26.3117, 26.3117, 26.3117, 26.3117, 26.3117, 26.3117, 26.3117, 26.3117, 26.3117, 26.3117, 26.3117, 26.3117, 26.3117
4.90076, 309.07, 250.778, 25.9244, 17.6372, 58.2917, 0, 25.9244, 25.9267, 25.9275, 26.0531, 250.644, 25.9244, 25.9244, 25.9244, 25.9244, 25.9244, 25.9244, 25.9244, 25.9244, 25.9244, 25.9244, 25.9244, 25.9244, 25.9244, 25.9244
4.9086, 334.556, 259.049, 25.488, 18.3455, 75.5073, 0, 25.488, 25.4904, 25.4909, 25.6184, 258.913, 25.488, 25.488, 25.488, 25.488, 25.488, 25.488, 25.488, 25.488, 25.488, 25.488, 25.488, 25.488, 25.488, 25.488
4.91644, 316.573, 265.002, 25.0043, 17.8486, 51.571, 0, 25.0043, 25.0067, 25.0069, 25.1363, 264.865, 25.0043, 25.0043, 25.0043, 25.0043, 25.0043, 25.0043, 25.0043, 25.0043, 25.0043, 25.0043, 25.0043, 25.0043, 25.0043, 25.0043
4.92428, 319.969, 268.438, 24.4759, 17.9435, 51.531, 0, 24.4759, 24.4782, 24.4783, 24.6094, 268.3, 24.4759, 24.4759, 24.4759, 24.4759, 24.4759, 24.4759, 24.4759, 24.4759, 24.4759, 24.4759, 24.4759, 24.4759, 24.4759, 24.4759
4.93213, 349.336, 269.236, 23.9067, 18.744, 80.1006, 0, 23.9067, 23.909, 23.909, 24.0418, 269.096, 23.9067, 23.9067, 23.9067, 23.9067, 23.9067, 23.9067, 23.9067, 23.9067, 23.9067, 23.9067, 23.9067, 23.9067, 23.9067, 23.9067
4.93997, 338.942, 267.357, 23.3017, 18.4646, 71.5854, 0, 23.3017, 23.304, 23.3039, 23.4385, 267.215, 23.3017, 23.3017, 23.3017, 23.3017, 23.3017, 23.3017, 23.3017, 23.3017, 23.3017, 23.3017, 23.3017, 23.3017, 23.3017, 23.3017
4.94781, 352.584, 262.85, 22.6669, 18.8304, 89.7341, 0, 22.6669, 22.6693, 22.6691, 22.8053, 262.707, 22.6669, 22.6669, 22.6669, 22.6669, 22.6669, 22.6669, 22.6669, 22.6669, 22.6669, 22.6669, 22.6669, 22.6669, 22.6669, 22.6669
4.95566, 302.306, 255.848, 22.0092, 17.4444, 46.4586, 0, 22.0092, 22.0115, 22.0113, 22.1492, 255.703, 22.0092, 22.0092, 22.0092, 22.0092, 22.0092, 22.0092, 22.0092, 22.0092, 22.0092, 22.0092, 22.0092, 22.0092, 22.0092, 22.0092
4.9635, 322.33, 246.558, 21.336, 18.0092, 75.7727, 0, 21.336, 21.3384, 21.3382, 21.4777, 246.412, 21.336, 21.336, 21.336, 21.336, 21.336, 21.336, 21.336, 21.336, 21.336, 21.336, 21.336, 21.336, 21.336, 21.336
4.97134, 302.058, 235.255, 20.6553, 17.4373, 66.8031, 0, 20.6553, 20.6577, 20.6575, 20.7987, 235.107, 20.6553, 20.6553, 20.6553, 20.6553, 20.6553, 20.6553, 20.6553, 20.6553, 20.6553, 20.6553, 20.6553, 20.6553, 20.6553, 20.6553
4.97918, 263.896, 222.266, 19.9752, 16.3063, 41.6306, 0, 19.9752, 19.9775, 19.9773, 20.1202, 222.116, 19.9752, 19.9752, 19.9752, 19.9752, 19.9752, 19.9752, 19.9752, 19.9752, 19.9752, 19.9752, 19.9752, 19.9752, 19.9752, 19.9752
4.98703, 278.949, 207.952, 19.3035, 16.7615, 70.9972, 0, 19.3035, 19.3058, 19.3057, 19.4502, 207.8, 19.3035, 19.3035, 19.3035, 19.3035, 19.3035, 19.3035, 19.3035, 19.3035, 19.3035, 19.3035, 19.3035, 19.3035, 19.3035, 19.3035
4.99487, 239.628, 192.694, 18.6479, 15.5444, 46.9342, 0, 18.6479, 18.6503, 18.6501, 18.7964, 192.541, 18.6479, 18.6479, 18.6479, 18.6479, 18.6479, 18.6479, 18.6479, 18.6479, 18.6479, 18.6479, 18.6479, 18.6479, 18.6479, 18.6479
5.00271, 207.541, 176.876, 18.0155, 14.4755, 30.6651, 0, 18.0155, 18.0178, 18.0177, 18.1658, 176.721, 18.0155, 18.0155, 18.0155, 18.0155, 18.0155, 18.0155, 18.0155, 18.0155, 18.0155, 18.0155, 18.0155, 18.0155, 18.0155, 18.0155
5.01055, 183.356, 160.866, 17.4125, 13.6145, 22.4898, 0, 17.4125, 17.4148, 17.4148, 17.5647, 160.709, 17.4125, 17.4125, 17.4125, 17.4125, 17.4125, 17.4125, 17.4125, 17.4125, 17.4125, 17.4125, 17.4125, 17.4125, 17.4125, 17.4125
5.0184, 195.889, 145.005, 16.8442, 14.0673, 50.8841, 0, 16.8442, 16.8465, 16.8465, 16.9983, 144.846, 16.8442, 16.8442, 16.8442, 16.8442, 16.8442, 16.8442, 16.8442, 16.8442, 16.8442, 16.8442, 16.8442, 16.8442, 16.8442, 16.8442
5.02624, 162.799, 129.594, 16.3147, 12.8374, 33.2054, 0, 16.3147, 16.3171, 16.3171, 16.4711, 129.433, 16.3147, 16.3147, 16.3147, 16.3147, 16.3147, 16.3147, 16.3147, 16.3147, 16.3147, 16.3147, 16.3147, 16.3147, 16.3147, 16.3147
5.03408, 146.007, 114.891, 15.8274, 12.1658, 31.1153, 0, 15.8274, 15.8297, 15.8298, 15.9863, 114.728, 15.8274, 15.8274, 15.8274, 15.8274, 15.8274, 15.8274, 15.8274, 15.8274, 15.8274, 15.8274, 15.8274, 15.8274, 15.8274, 15.8274
5.04193, 137.683, 101.098, 15.3841, 11.8188, 36.5859, 0, 15.3841, 15.3864, 15.3866, 15.5459, 100.931, 15.3841, 15.3841, 15.3841, 15.3841, 15.3841, 15.3841, 15.3841, 15.3841, 15.3841, 15.3841, 15.3841, 15.3841, 15.3841, 15.3841
5.04977, 104.131, 88.364, 14.9856, 10.302, 15.7668, 0, 14.9856, 14.988, 14.9882, 15.1512, 88.1935, 14.9856, 14.9856, 14.9856, 14.9856, 14.9856, 14.9856, 14.9856, 14.9856, 14.9856, 14.9856, 14.9856, 14.9856, 14.9856, 14.9856
5.05761, 89.8515, 76.7889, 14.632, 9.58392, 13.0626, 0, 14.632, 14.6343, 14.6346, 14.8024, 76.6135, 14.632, 14.632, 14.632, 14.632, 14.632, 14.632, 14.632, 14.632, 14.632, 14.632, 14.632, 14.632, 14.632, 14.632
5.06545, 69.2361, 66.4218, 14.322, 8.44015, 2.81423, 0, 14.322, 14.3243, 14.3247, 14.4991, 66.2396, 14.322, 14.322, 14.322, 14.322, 14.322, 14.322, 14.322, 14.322, 14.322, 14.322, 14.322, 14.322, 14.322, 14.322
5.0733, 81.3777, 57.2719, 14.0539, 9.13114, 24.1058, 0, 14.0539, 14.0563, 14.0567, 14.2405, 57.0802, 14.0539, 14.0539, 14.0539, 14.0539, 14.0539, 14.0539, 14.0539, 14.0539, 14.0539, 14.0539, 14.0539, 14.0539, 14.0539, 14.0539
5.08114, 61.8827, 49.3087, 13.8253, 7.99267, 12.574, 0, 13.8253, 13.8276, 13.8282, 14.0253, 49.1034, 13.8253, 13.8253, 13.8253, 13.8253, 13.8253, 13.8253, 13.8253, 13.8253, 13.8253, 13.8253, 13.8253, 13.8253, 13.8253, 13.8253
5.08898, 53.495, 42.4758, 13.6332, 7.4495, 11.0192, 0, 13.6332, 13.6355, 13.6362, 13.8528, 42.2508, 13.6332, 13.6332, 13.6332, 13.6332, 13.6332, 13.6332, 13.6332, 13.6332, 13.6332, 13.6332, 13.6332, 13.6332, 13.6332, 13.6332
5.09683, 55.4575, 36.6969, 13.4744, 7.58007, 18.7606, 0, 13.4744, 13.4767, 13.4776, 13.7226, 36.4432, 13.4744, 13.4744, 13.4744, 13.4744, 13.4744, 13.4744, 13.4744, 13.4744, 13.4744, 13.4744, 13.4744, 13.4744, 13.4744, 13.4744
5.10467, 48.6109, 31.8802, 13.3455, 7.11414, 16.7307, 0, 13.3456, 13.3479, 13.349, 13.6354, 31.5847, 13.3455, 13.3455, 13.3455, 13.3455, 13.3455, 13.3455, 13.3455, 13.3455, 13.3455, 13.3455, 13.3455, 13.3455, 13.3456, 13.3455
5.11251, 30.216, 27.9291, 13.2432, 5.67591, 2.28687, 0, 13.2432, 13.2455, 13.2468, 13.5936, 27.5727, 13.2432, 13.2432, 13.2432, 13.2432, 13.2432, 13.2432, 13.2432, 13.2432, 13.2432, 13.2432, 13.2432, 13.2432, 13.2432, 13.2432
5.12035, 32.7409, 24.7471, 13.164, 5.89414, 7.9938, 0, 13.164, 13.1664, 13.1679, 13.6018, 24.3031, 13.164, 13.164, 13.164, 13.164, 13.164, 13.164, 13.164, 13.164, 13.164, 13.164, 13.164, 13.164, 13.164, 13.164
5.1282, 30.3646, 22.2414, 13.1048, 5.68899, 8.12321, 0, 13.1048, 13.1071, 13.109, 13.6679, 21.6717, 13.1048, 13.1048, 13.1048, 13.1048, 13.1048, 13.1048, 13.1048, 13.1048, 13.1048, 13.1048, 13.1048, 13.1048, 13.1048, 13.1048
5.13604, 20.7564, 20.3297, 13.0626, 4.77037, 0.426746, 0, 13.0626, 13.0649, 13.0672, 13.8035, 19.5818, 13.0626, 13.0626, 13.0626, 13.0626, 13.0626, 13.0626, 13.0626, 13.0626, 13.0626, 13.0626, 13.0626, 13.0626, 13.0626, 13.0626
5.14388, 25.5951, 18.9415, 13.0346, 5.2531, 6.65363, 0, 13.0346, 13.0369, 13.0396, 14.0257, 17.943, 13.0346, 13.0346, 13.0346, 13.0346, 13.0346, 13.0346, 13.0346, 13.0346, 13.0346, 13.0346, 13.0346, 13.0346, 13.0346, 13.0346
5.15173, 19.9835, 18.0221, 13.0185, 4.68866, 1.96145, 0, 13.0185, 13.0208, 13.024, 14.3578, 16.6749, 13.0185, 13.0185, 13.0185, 13.0185, 13.0185, 13.0185, 13.0185, 13.0185, 13.0185, 13.0185, 13.0185, 13.0185, 13.0185, 13.0185
5.15957, 17.1914, 17.5343, 13.0121, 4.38079, -0.342957, 0, 13.0121, 13.0144, 13.0182, 14.8307, 15.7072, 13.0121, 13.0121, 13.0121, 13.0121, 13.0121, 13.0121, 13.0121, 13.0121, 13.0121, 13.0121, 13.0121, 13.0121, 13.0121, 13.0121
5.16741, 20.1723, 17.4597, 13.0136, 4.70874, 2.71253, 0, 13.0136, 13.0159, 13.0204, 15.485, 14.9791, 13.0136, 13.0136, 13.0136, 13.0136, 13.0136, 13.0136, 13.0136, 13.0136, 13.0136, 13.0136, 13.0136, 13.0136, 13.0136, 13.0136
5.17525, 15.1854, 17.8003, 13.0214, 4.14552, -2.61489, 0, 13.0214, 13.0237, 13.0289, 16.372, 14.4397, 13.0214, 13.0214, 13.0214, 13.0214, 13.0214, 13.0214, 13.0214, 13.0214, 13.0214, 13.0214, 13.0214, 13.0214, 13.0214, 13.0214
5.1831, 22.7727, 18.5787, 13.0343, 4.97722, 4.19399, 0, 13.0343, 13.0366, 13.0427, 17.5552, 14.0469, 13.0343, 13.0343, 13.0343, 13.0343, 13.0343, 13.0343, 13.0343, 13.0343, 13.0343, 13.0343, 13.0343, 13.0343, 13.0343, 13.0343
5.19094, 18.7832, 19.8395, 13.0511, 4.55887, -1.05626, 0, 13.0511, 13.0534, 13.0604, 19.1124, 13.7665, 13.0511, 13.0511, 13.0511, 13.0511, 13.0511, 13.0511, 13.0511, 13.0511, 13.0511, 13.0511, 13.0511, 13.0511, 13.0511, 13.0511
5.19878, 23.1636, 21.6485, 13.071, 5.01633, 1.51513, 0, 13.071, 13.0734, 13.0814, 21.1356, 13.5711, 13.071, 13.071, 13.071, 13.071, 13.071, 13.071, 13.071, 13.071, 13.071, 13.071, 13.071, 13.071, 13.0711, 13.071
5.20662, 30.2842, 24.0924, 13.0934, 5.68192, 6.1918, 0, 13.0934, 13.0957, 13.1049, 23.7326, 13.4393, 13.0934, 13.0934, 13.0934, 13.0934, 13.0934, 13.0934, 13.0934, 13.0934, 13.0934, 13.0934, 13.0934, 13.0934, 13.0935, 13.0934
5.21447, 26.4251, 27.2788, 13.1176, 5.33152, -0.853645, 0, 13.1176, 13.12, 13.1303, 27.0269, 13.3543, 13.1176, 13.1176, 13.1176, 13.1176, 13.1176, 13.1176, 13.1176, 13.1176, 13.1176, 13.1176, 13.1176, 13.1176, 13.1177, 13.1176
5.22231, 26.4782, 31.3317, 13.1433, 5.3365, -4.85349, 0, 13.1433, 13.1456, 13.1573, 31.1549, 13.3036, 13.1433, 13.1433, 13.1433, 13.1433, 13.1433, 13.1433, 13.1433, 13.1433, 13.1433, 13.1433, 13.1433, 13.1433, 13.1434, 13.1433
5.23015, 36.6144, 36.3915, 13.1701, 6.21405, 0.222885, 0, 13.1701, 13.1724, 13.1854, 36.2663, 13.2775, 13.1701, 13.1701, 13.1701, 13.1701, 13.1701, 13.1701, 13.1701, 13.1701, 13.1701, 13.1701, 13.1701, 13.1701, 13.1703, 13.1701
5.238, 44.5128, 42.6084, 13.1978, 6.82003, 1.90435, 0, 13.1978, 13.2001, 13.2144, 42.518, 13.269, 13.1978, 13.1978, 13.1978, 13.1978, 13.1978, 13.1978, 13.1978, 13.1978, 13.1978, 13.1978, 13.1978, 13.1978, 13.198, 13.1978
5.24584, 47.5549, 50.1358, 13.2261, 7.03953, -2.58089, 0, 13.2261, 13.2285, 13.2441, 50.0685, 13.2729, 13.2261, 13.2261, 13.2261, 13.2261, 13.2261, 13.2261, 13.2261, 13.2261, 13.2261, 13.2261, 13.2261, 13.2261, 13.2264, 13.2261
5.25368, 53.9119, 59.1273, 13.255, 7.47743, -5.21543, 0, 13.255, 13.2574, 13.2743, 59.075, 13.2854, 13.255, 13.255, 13.255, 13.255, 13.255, 13.255, 13.255, 13.255, 13.255, 13.255, 13.255, 13.255, 13.2554, 13.255
5.26152, 78.3717, 69.7215, 13.2844, 8.96503, 8.65025, 0, 13.2844, 13.2867, 13.305, 69.6787, 13.3039, 13.2844, 13.2844, 13.2844, 13.2844, 13.2844, 13.2844, 13.2844, 13.2844, 13.2844, 13.2844, 13.2844, 13.2844, 13.2848, 13.2844
5.26937, 92.5716, 82.0361, 13.3141, 9.72479, 10.5355, 0, 13.3141, 13.3164, 13.3359, 81.9991, 13.3265, 13.3141, 13.3141, 13.3141, 13.3141, 13.3141, 13.3141, 13.3141, 13.3141, 13.3141, 13.3141, 13.3141, 13.3141, 13.3146, 13.3141
5.27721, 92.5881, 96.1592, 13.3441, 9.72564, -3.5711, 0, 13.3441, 13.3465, 13.367, 96.1256, 13.3519, 13.3441, 13.3441, 13.3441, 13.3441, 13.3441, 13.3441, 13.3441, 13.3441, 13.3441, 13.3441, 13.3441, 13.3441, 13.3447, 13.3441
5.28505, 102.575, 112.129, 13.3744, 10.2262, -9.55383, 0, 13.3744, 13.3768, 13.3983, 112.097, 13.3793, 13.3744, 13.3744, 13.3744, 13.3744, 13.3744, 13.3744, 13.3744, 13.3744, 13.3744, 13.3744, 13.3744, 13.3744, 13.3751, 13.3744
5.29289, 120.989, 129.931, 13.405, 11.09, -8.94183, 0, 13.405, 13.4073, 13.4297, 129.9, 13.408, 13.405, 13.405, 13.405, 13.405, 13.405, 13.405, 13.405, 13.405, 13.405, 13.405, 13.405, 13.405, 13.4057, 13.405
5.30074, 142.846, 149.488, 13.4357, 12.0352, -6.6425, 0, 13.4357, 13.4381, 13.4611, 149.458, 13.4376, 13.4357, 13.4357, 13.4357, 13.4357, 13.4357, 13.4357, 13.4357, 13.4357, 13.4357, 13.4357, 13.4357, 13.4357, 13.4366, 13.4357
5.30858, 190.043, 170.642, 13.4667, 13.858, 19.4014, 0, 13.4667, 13.469, 13.4925, 170.611, 13.4678, 13.4667, 13.4667, 13.4667, 13.4667, 13.4667, 13.4667, 13.4667, 13.4667, 13.4667, 13.4667, 13.4667, 13.4667, 13.4676, 13.4667
5.31642, 187.369, 193.163, 13.4978, 13.7612, -5.79413, 0, 13.4979, 13.5002, 13.5238, 193.133, 13.4985, 13.4978, 13.4978, 13.4978, 13.4978, 13.4978, 13.4978, 13.4978, 13.4978, 13.4978, 13.4978, 13.4978, 13.4978, 13.4989, 13.4978
5.32427, 226.56, 216.736, 13.5292, 15.1182, 9.82397, 0, 13.5292, 13.5315, 13.5551, 216.706, 13.5295, 13.5292, 13.5292, 13.5292, 13.5292, 13.5292, 13.5292, 13.5292, 13.5292, 13.5292, 13.5292, 13.5292, 13.5292, 13.5303, 13.5292
5.33211, 274.68, 240.966, 13.5606, 16.6337, 33.7147, 0, 13.5606, 13.563, 13.5864, 240.936, 13.5609, 13.5606, 13.5606, 13.5606, 13.5606, 13.5606, 13.5606, 13.5606, 13.5606, 13.5606, 13.5606, 13.5606, 13.5606, 13.5619, 13.5606
5.33995, 295.195, 265.395, 13.5923, 17.2393, 29.8, 0, 13.5923, 13.5946, 13.6176, 265.366, 13.5924, 13.5923, 13.5923, 13.5923, 13.5923, 13.5923, 13.5923, 13.5923, 13.5923, 13.5923, 13.5923, 13.5923, 13.5923, 13.5936, 13.5923
5.34779, 298.522, 289.498, 13.624, 17.3356, 9.02444, 0, 13.624, 13.6264, 13.6488, 289.469, 13.6241, 13.624, 13.624, 13.624, 13.624, 13.624, 13.624, 13.624, 13.624, 13.624, 13.624, 13.624, 13.624, 13.6254, 13.624
5.35564, 326.155, 312.711, 13.6559, 18.115, 13.4438, 0, 13.6559, 13.6582, 13.6799, 312.683, 13.6559, 13.6559, 13.6559, 13.6559, 13.6559, 13.6559, 13.6559, 13.6559, 13.6559, 13.6559, 13.6559, 13.6559, 13.6559, 13.6574, 13.6559
5.36348, 348.472, 334.456, 13.6879, 18.7209, 14.0167, 0, 13.6879, 13.6903, 13.711, 334.429, 13.6879, 13.6879, 13.6879, 13.6879, 13.6879, 13.6879, 13.6879, 13.6879, 13.6879, 13.6879, 13.6879, 13.6879, 13.6879, 13.6895, 13.6879
5.37132, 375.512, 354.146, 13.7201, 19.4297, 21.3654, 0, 13.7201, 13.7224, 13.7421, 354.12, 13.7201, 13.7201, 13.7201, 13.7201, 13.7201, 13.7201, 13.7201, 13.7201, 13.7201, 13.7201, 13.7201, 13.7201, 13.7201, 13.7217, 13.7201
5.37917, 355.759, 371.233, 13.7523, 18.9145, -15.4732, 0, 13.7523, 13.7546, 13.7732, 371.208, 13.7523, 13.7523, 13.7523, 13.7523, 13.7523, 13.7523, 13.7523, 13.7523, 13.7523, 13.7523, 13.7523, 13.7523, 13.7523, 13.7539, 13.7523
5.38701, 397.098, 385.217, 13.7846, 19.9774, 11.8807, 0, 13.7846, 13.787, 13.8043, 385.194, 13.7846, 13.7846, 13.7846, 13.7846, 13.7846, 13.7846, 13.7846, 13.7846, 13.7846, 13.7846, 13.7846, 13.7846, 13.7846, 13.7863, 13.7846
5.39485, 412.854, 395.68, 13.817, 20.368, 17.1743, 0, 13.8171, 13.8194, 13.8355, 395.658, 13.817, 13.817, 13.817, 13.817, 13.817, 13.817, 13.817, 13.817, 13.817, 13.817, 13.817, 13.817, 13.817, 13.8187, 13.817
5.40269, 435.58, 402.303, 13.8496, 20.9184, 33.2768, 0, 13.8496, 13.8519, 13.8668, 402.282, 13.8496, 13.8496, 13.8496, 13.8496, 13.8496, 13.8496, 13.8496, 13.8496, 13.8496, 13.8496, 13.8496, 13.8496, 13.8496, 13.8512, 13.8496
5.41054, 435.43, 404.88, 13.8821, 20.9148, 30.5502, 0, 13.8822, 13.8845, 13.8981, 404.86, 13.8821, 13.8821, 13.8821, 13.8821, 13.8821, 13.8821, 13.8821, 13.8821, 13.8821, 13.8821, 13.8821, 13.8821, 13.8821, 13.8837, 13.8821
5.41838, 398.874, 403.334, 13.9148, 20.0218, -4.45963, 0, 13.9148, 13.9171, 13.9296, 403.315, 13.9148, 13.9148, 13.9148, 13.9148, 13.9148, 13.9148, 13.9148, 13.9148, 13.9148, 13.9148, 13.9148, 13.9148, 13.9148, 13.9163, 13.9148
5.42622, 397.469, 397.715, 13.9475, 19.9867, -0.246521, 0, 13.9475, 13.9498, 13.9612, 397.698, 13.9475, 13.9475, 13.9475, 13.9475, 13.9475, 13.9475, 13.9475, 13.9475, 13.9475, 13.9475, 13.9475, 13.9475, 13.9475, 13.949, 13.9475
5.43406, 421.533, 388.204, 13.9803, 20.5799, 33.329, 0, 13.9803, 13.9826, 13.9929, 388.188, 13.9803, 13.9803, 13.9803, 13.9803, 13.9803, 13.9803, 13.9803, 13.9803, 13.9803, 13.9803, 13.9803, 13.9803, 13.9803, 13.9817, 13.9803
5.44191, 400.538, 375.097, 14.0131, 20.0634, 25.4416, 0, 14.0131, 14.0154, 14.0247, 375.082, 14.0131, 14.0131, 14.0131, 14.0131, 14.0131, 14.0131, 14.0131, 14.0131, 14.0131, 14.0131, 14.0131, 14.0131, 14.0131, 14.0144, 14.0131
5.44975, 399.212, 358.793, 14.0459, 20.0303, 40.4189, 0, 14.0459, 14.0483, 14.0567, 358.779, 14.0459, 14.0459, 14.0459, 14.0459, 14.0459, 14.0459, 14.0459, 14.0459, 14.0459, 14.0459, 14.0459, 14.0459, 14.0459, 14.0471, 14.0459
5.45759, 339.918, 339.775, 14.0788, 18.491, 0.143127, 0, 14.0788, 14.0811, 14.0888, 339.762, 14.0788, 14.0788, 14.0788, 14.0788, 14.0788, 14.0788, 14.0788, 14.0788, 14.0788, 14.0788, 14.0788, 14.0788, 14.0788, 14.0799, 14.0788
5.46544, 349.35, 318.583, 14.1117, 18.7443, 30.7672, 0, 14.1117, 14.114, 14.121, 318.57, 14.1117, 14.1117, 14.1117, 14.1117, 14.1117, 14.1117, 14.1117, 14.1117, 14.1117, 14.1117, 14.1117, 14.1117, 14.1117, 14.1127, 14.1117
5.47328, 300.938, 295.79, 14.1446, 17.4051, 5.14813, 0, 14.1446, 14.1469, 14.1533, 295.778, 14.1446, 14.1446, 14.1446, 14.1446, 14.1446, 14.1446, 14.1446, 14.1446, 14.1446, 14.1446, 14.1446, 14.1446, 14.1446, 14.1455, 14.1446
5.48112, 285.837, 271.981, 14.1775, 16.9658, 13.8559, 0, 14.1775, 14.1798, 14.1857, 271.97, 14.1775, 14.1775, 14.1775, 14.1775, 14.1775, 14.1775, 14.1775, 14.1775, 14.1775, 14.1775, 14.1775, 14.1775, 14.1775, 14.1783, 14.1775
5.48896, 273.653, 247.717, 14.2104, 16.6028, 25.9357, 0, 14.2104, 14.2127, 14.2182, 247.706, 14.2104, 14.2104, 14.2104, 14.2104, 14.2104, 14.2104, 14.2104, 14.2104, 14.2104, 14.2104, 14.2104, 14.2104, 14.2104, 14.2111, 14.2104
5.49681, 253.8, 223.531, 14.2433, 15.9937, 30.2687, 0, 14.2433, 14.2456, 14.2507, 223.521, 14.2433, 14.2433, 14.2433, 14.2433, 14.2433, 14.2433, 14.2433, 14.2433, 14.2433, 14.2433, 14.2433, 14.2433, 14.2433, 14.2439, 14.2433
5.50465, 219.306, 199.895, 14.2762, 14.8764, 19.4109, 0, 14.2762, 14.2785, 14.2833, 199.885, 14.2762, 14.2762, 14.2762, 14.2762, 14.2762, 14.2762, 14.2762, 14.2762, 14.2762, 14.2762, 14.2762, 14.2762, 14.2762, 14.2767, 14.2762
5.51249, 191.855, 177.216, 14.309, 13.9232, 14.6396, 0, 14.309, 14.3113, 14.316, 177.206, 14.309, 14.309, 14.309, 14.309, 14.309, 14.309, 14.309, 14.309, 14.309, 14.309, 14.309, 14.309, 14.309, 14.3095, 14.309
5.52034, 159.941, 155.822, 14.3418, 12.7256, 4.11903, 0, 14.3418, 14.3442, 14.3486, 155.812, 14.3418, 14.3418, 14.3418, 14.3418, 14.3418, 14.3418, 14.3418, 14.3418, 14.3418, 14.3418, 14.3418, 14.3418, 14.3418, 14.3422, 14.3418
5.52818, 146.955, 135.964, 14.3746, 12.2047, 10.9913, 0, 14.3746, 14.3769, 14.3813, 135.955, 14.3746, 14.3746, 14.3746, 14.3746, 14.3746, 14.3746, 14.3746, 14.3746, 14.3746, 14.3746, 14.3746, 14.3746, 14.3746, 14.3749, 14.3746
5.53602, 126.411, 117.813, 14.4073, 11.3319, 8.59816, 0, 14.4073, 14.4096, 14.4139, 117.804, 14.4073, 14.4073, 14.4073, 14.4073, 14.4073, 14.4073, 14.4073, 14.4073, 14.4073, 14.4073, 14.4073, 14.4073, 14.4073, 14.4075, 14.4073
5.54386, 110.557, 101.464, 14.4399, 10.6093, 9.09251, 0, 14.4399, 14.4423, 14.4465, 101.455, 14.4399, 14.4399, 14.4399, 14.4399, 14.4399, 14.4399, 14.4399, 14.4399, 14.4399, 14.4399, 14.4399, 14.4399, 14.4399, 14.4401, 14.4399
5.55171, 97.4181, 86.9484, 14.4725, 9.97086, 10.4697, 0, 14.4725, 14.4748, 14.4791, 86.9394, 14.4725, 14.4725, 14.4725, 14.4725, 14.4725, 14.4725, 14.4725, 14.4725, 14.4725, 14.4725, 14.4725, 14.4725, 14.4725, 14.4727, 14.4725
5.55955, 71.2612, 74.2368, 14.505, 8.55927, -2.97562, 0, 14.505, 14.5073, 14.5116, 74.2277, 14.505, 14.505, 14.505, 14.505, 14.505, 14.505, 14.505, 14.505, 14.505, 14.505, 14.505, 14.505, 14.505, 14.5051, 14.505
5.56739, 58.3693, 63.2546, 14.5374, 7.76977, -4.88522, 0, 14.5374, 14.5397, 14.544, 63.2455, 14.5374, 14.5374, 14.5374, 14.5374, 14.5374, 14.5374, 14.5374, 14.5374, 14.5374, 14.5374, 14.5374, 14.5374, 14.5374, 14.5375, 14.5374
5.57523, 52.9619, 53.8912, 14.5697, 7.41363, -0.929325, 0, 14.5697, 14.5721, 14.5763, 53.8821, 14.5697, 14.5697, 14.5697, 14.5697, 14.5697, 14.5697, 14.5697, 14.5697, 14.5697, 14.5697, 14.5697, 14.5697, 14.5697, 14.5698, 14.5697
5.58308, 41.1147, 46.0112, 14.6019, 6.56618, -4.89648, 0, 14.6019, 14.6043, 14.6086, 46.0021, 14.6019, 14.6019, 14.6019, 14.6019, 14.6019, 14.6019, 14.6019, 14.6019, 14.6019, 14.6019, 14.6019, 14.6019, 14.6019, 14.602, 14.6019
5.59092, 35.0879, 39.4642, 14.634, 6.08999, -4.37622, 0, 14.634, 14.6364, 14.6408, 39.455, 14.634, 14.634, 14.634, 14.634, 14.634, 14.634, 14.634, 14.634, 14.634, 14.634, 14.634, 14.634, 14.634, 14.6341, 14.634
5.59876, 26.2723, 34.0933, 14.666, 5.31717, -7.82098, 0, 14.666, 14.6683, 14.6728, 34.0841, 14.666, 14.666, 14.666, 14.666, 14.666, 14.666, 14.666, 14.666, 14.666, 14.666, 14.666, 14.666, 14.666, 14.666, 14.666
5.60661, 34.6989, 29.7426, 14.6978, 6.05796, 4.9563, 0, 14.6979, 14.7002, 14.7047, 29.7334, 14.6978, 14.6978, 14.6978, 14.6978, 14.6978, 14.6978, 14.6978, 14.6978, 14.6978, 14.6978, 14.6978, 14.6978, 14.6978, 14.6979, 14.6978
5.61445, 19.8442, 26.2627, 14.7296, 4.67378, -6.41842, 0, 14.7296, 14.7319, 14.7365, 26.2534, 14.7296, 14.7296, 14.7296, 14.7296, 14.7296, 14.7296, 14.7296, 14.7296, 14.7296, 14.7296, 14.7296, 14.7296, 14.7296, 14.7296, 14.7296
5.62229, 14.2025, 23.5146, 14.7611, 4.02523, -9.3121, 0, 14.7611, 14.7635, 14.7681, 23.5052, 14.7611, 14.7611, 14.7611, 14.7611, 14.7611, 14.7611, 14.7611, 14.7611, 14.7611, 14.7611, 14.7611, 14.7611, 14.7611, 14.7611, 14.7611
5.63013, 19.9104, 21.3726, 14.7925, 4.68085, -1.46223, 0, 14.7925, 14.7949, 14.7996, 21.3632, 14.7925, 14.7925, 14.7925, 14.7925, 14.7925, 14.7925, 14.7925, 14.7925, 14.7925, 14.7925, 14.7925, 14.7925, 14.7925, 14.7925, 14.7925
5.63798, 17.9849, 19.7261, 14.8238, 4.47045, -1.7412, 0, 14.8238, 14.8261, 14.8309, 19.7166, 14.8238, 14.8238, 14.8238, 14.8238, 14.8238, 14.8238, 14.8238, 14.8238, 14.8238, 14.8238, 14.8238, 14.8238, 14.8238, 14.8238, 14.8238
5.64582, 10.0756, 18.4791, 14.8548, 3.475, -8.40352, 0, 14.8548, 14.8572, 14.8621, 18.4695, 14.8548, 14.8548, 14.8548, 14.8548, 14.8548, 14.8548, 14.8548, 14.8548, 14.8548, 14.8548, 14.8548, 14.8548, 14.8548, 14.8548, 14.8548
5.65366, 10.8958, 17.5509, 14.8857, 3.59107, -6.65514, 0, 14.8857, 14.8881, 14.8931, 17.5412, 14.8857, 14.8857, 14.8857, 14.8857, 14.8857, 14.8857, 14.8857, 14.8857, 14.8857, 14.8857, 14.8857, 14.8857, 14.8857, 14.8857, 14.8857
5.66151, 9.53494, 16.8748, 14.9164, 3.39631, -7.33987, 0, 14.9164, 14.9188, 14.9238, 16.8651, 14.9164, 14.9164, 14.9164, 14.9164, 14.9164, 14.9164, 14.9164, 14.9164, 14.9164, 14.9164, 14.9164, 14.9164, 14.9164, 14.9164, 14.9164
5.66935, 15.8839, 16.3972, 14.9469, 4.22894, -0.513293, 0, 14.9469, 14.9492, 14.9544, 16.3874, 14.9469, 14.9469, 14.9469, 14.9469, 14.9469, 14.9469, 14.9469, 14.9469, 14.9469, 14.9469, 14.9469, 14.9469, 14.9469, 14.9469, 14.9469
5.67719, 9.64709, 16.076, 14.9772, 3.41278, -6.42892, 0, 14.9772, 14.9795, 14.9848, 16.0661, 14.9772, 14.9772, 14.9772, 14.9772, 14.9772, 14.9772, 14.9772, 14.9772, 14.9772, 14.9772, 14.9772, 14.9772, 14.9772, 14.9772, 14.9772
5.68503, 8.76236, 15.8796, 15.0072, 3.2806, -7.11725, 0, 15.0072, 15.0096, 15.0149, 15.8696, 15.0072, 15.0072, 15.0072, 15.0072, 15.0072, 15.0072, 15.0072, 15.0072, 15.0072, 15.0072, 15.0072, 15.0072, 15.0072, 15.0072, 15.0072
5.69288, 13.5398, 15.7854, 15.037, 3.94206, -2.24559, 0, 15.037, 15.0394, 15.0448, 15.7753, 15.037, 15.037, 15.037, 15.037, 15.037, 15.037, 15.037, 15.037, 15.037, 15.037, 15.037, 15.037, 15.037, 15.037, 15.037
5.70072, 12.2305, 15.7787, 15.0665, 3.77234, -3.54816, 0, 15.0665, 15.0689, 15.0744, 15.7685, 15.0665, 15.0665, 15.0665, 15.0665, 15.0665, 15.0665, 15.0665, 15.0665, 15.0665, 15.0665, 15.0665, 15.0665, 15.0665, 15.0665, 15.0665
5.70856, 7.86415, 15.8517, 15.0958, 3.14072, -7.98753, 0, 15.0958, 15.0981, 15.1037, 15.8414, 15.0958, 15.0958, 15.0958, 15.0958, 15.0958, 15.0958, 15.0958, 15.0958, 15.0958, 15.0958, 15.0958, 15.0958, 15.0958, 15.0958, 15.0958
5.71641, 10.5546, 16.0027, 15.1247, 3.54324, -5.44811, 0, 15.1247, 15.1271, 15.1327, 15.9924, 15.1247, 15.1247, 15.1247, 15.1247, 15.1247, 15.1247, 15.1247, 15.1247, 15.1247, 15.1247, 15.1247, 15.1247, 15.1247, 15.1247, 15.1247
5.72425, 11.7145, 16.2354, 15.1533, 3.70331, -4.5209, 0, 15.1533, 15.1556, 15.1614, 16.225, 15.1533, 15.1533, 15.1533, 15.1533, 15.1533, 15.1533, 15.1533, 15.1533, 15.1533, 15.1533, 15.1533, 15.1533, 15.1533, 15.1533, 15.1533
5.73209, 17.2664, 16.5584, 15.1815, 4.38935, 0.708, 0, 15.1815, 15.1838, 15.1897, 16.5478, 15.1815, 15.1815, 15.1815, 15.1815, 15.1815, 15.1815, 15.1815, 15.1815, 15.1815, 15.1815, 15.1815, 15.1815, 15.1815, 15.1815, 15.1815
5.73993, 13.8425, 16.9844, 15.2092, 3.98027, -3.14184, 0, 15.2092, 15.2116, 15.2175, 16.9738, 15.2092, 15.2092, 15.2092, 15.2092, 15.2092, 15.2092, 15.2092, 15.2092, 15.2092, 15.2092, 15.2092, 15.2092, 15.2092, 15.2092, 15.2092
5.74778, 10.8331, 17.5301, 15.2365, 3.58233, -6.69695, 0, 15.2365, 15.2388, 15.2448, 17.5194, 15.2365, 15.2365, 15.2365, 15.2365, 15.2365, 15.2365, 15.2365, 15.2365, 15.2365, 15.2365, 15.2365, 15.2365, 15.2365, 15.2365, 15.2365
5.75562, 14.5596, 18.2154, 15.2631, 4.06935, -3.65579, 0, 15.2631, 15.2655, 15.2716, 18.2046, 15.2631, 15.2631, 15.2631, 15.2631, 15.2631, 15.2631, 15.2631, 15.2631, 15.2631, 15.2631, 15.2631, 15.2631, 15.2631, 15.2631, 15.2631
5.76346, 11.8201, 19.0627, 15.2891, 3.71754, -7.24259, 0, 15.2891, 15.2914, 15.2976, 19.0518, 15.2891, 15.2891, 15.2891, 15.2891, 15.2891, 15.2891, 15.2891, 15.2891, 15.2891, 15.2891, 15.2891, 15.2891, 15.2891, 15.2891, 15.2891
5.7713, 15.6447, 20.0963, 15.3142, 4.20056, -4.45155, 0, 15.3142, 15.3165, 15.3228, 20.0853, 15.3142, 15.3142, 15.3142, 15.3142, 15.3142, 15.3142, 15.3142, 15.3142, 15.3142, 15.3142, 15.3142, 15.3142, 15.3142, 15.3142, 15.3142
5.77915, 19.1411, 21.3414, 15.3384, 4.59795, -2.20021, 0, 15.3384, 15.3407, 15.347, 21.3303, 15.3384, 15.3384, 15.3384, 15.3384, 15.3384, 15.3384, 15.3384, 15.3384, 15.3384, 15.3384, 15.3384, 15.3384, 15.3384, 15.3384, 15.3384
5.78699, 15.9727, 22.8222, 15.3613, 4.23943, -6.84946, 0, 15.3613, 15.3637, 15.3701, 22.8111, 15.3613, 15.3613, 15.3613, 15.3613, 15.3613, 15.3613, 15.3613, 15.3613, 15.3613, 15.3613, 15.3613, 15.3613, 15.3613, 15.3613, 15.3613
5.79483, 20.8387, 24.5618, 15.3829, 4.77899, -3.72311, 0, 15.3829, 15.3852, 15.3917, 24.5506, 15.3829, 15.3829, 15.3829, 15.3829, 15.3829, 15.3829, 15.3829, 15.3829, 15.3829, 15.3829, 15.3829, 15.3829, 15.3829, 15.3829, 15.3829
5.80268, 23.5157, 26.5795, 15.4028, 5.05131, -3.06378, 0, 15.4028, 15.4051, 15.4117, 26.5682, 15.4028, 15.4028, 15.4028, 15.4028, 15.4028, 15.4028, 15.4028, 15.4028, 15.4028, 15.4028, 15.4028, 15.4028, 15.4028, 15.4028, 15.4028
5.81052, 26.0151, 28.8887, 15.4206, 5.29293, -2.87363, 0, 15.4206, 15.423, 15.4297, 28.8773, 15.4206, 15.4206, 15.4206, 15.4206, 15.4206, 15.4206, 15.4206, 15.4206, 15.4206, 15.4206, 15.4206, 15.4206, 15.4206, 15.4206, 15.4206
5.81836, 31.9361, 31.4968, 15.4361, 5.82547, 0.439272, 0, 15.4361, 15.4385, 15.4453, 31.4854, 15.4361, 15.4361, 15.4361, 15.4361, 15.4361, 15.4361, 15.4361, 15.4361, 15.4361, 15.4361, 15.4361, 15.4361, 15.4361, 15.4361, 15.4361
5.8262, 37.3596, 34.4011, 15.4489, 6.27372, 2.95847, 0, 15.4489, 15.4512, 15.4581, 34.3896, 15.4489, 15.4489, 15.4489, 15.4489, 15.4489, 15.4489, 15.4489, 15.4489, 15.4489, 15.4489, 15.4489, 15.4489, 15.4489, 15.4489, 15.4489
5.83405, 26.9704, 37.5894, 15.4584, 5.38242, -10.6189, 0, 15.4584, 15.4607, 15.4677, 37.5777, 15.4584, 15.4584, 15.4584, 15.4584, 15.4584, 15.4584, 15.4584, 15.4584, 15.4584, 15.4584, 15.4584, 15.4584, 15.4584, 15.4584, 15.4584
5.84189, 33.7322, 41.037, 15.4641, 5.97764, -7.30481, 0, 15.4641, 15.4664, 15.4735, 41.0252, 15.4641, 15.4641, 15.4641, 15.4641, 15.4641, 15.4641, 15.4641, 15.4641, 15.4641, 15.4641, 15.4641, 15.4641, 15.4641, 15.4641, 15.4641
5.84973, 33.3069, 44.7059, 15.4655, 5.94196, -11.399, 0, 15.4655, 15.4679, 15.475, 44.6941, 15.4655, 15.4655, 15.4655, 15.4655, 15.4655, 15.4655, 15.4655, 15.4655, 15.4655, 15.4655, 15.4655, 15.4655, 15.4655, 15.4655, 15.4655
5.85757, 44.7663, 48.5463, 15.4622, 6.83859, -3.78001, 0, 15.4622, 15.4645, 15.4717, 48.5344, 15.4622, 15.4622, 15.4622, 15.4622, 15.4622, 15.4622, 15.4622, 15.4622, 15.4622, 15.4622, 15.4622, 15.4622, 15.4622, 15.4622, 15.4622
5.86542, 42.1688, 52.4951, 15.4533, 6.64596, -10.3263, 0, 15.4534, 15.4557, 15.463, 52.4831, 15.4533, 15.4533, 15.4533, 15.4533, 15.4533, 15.4533, 15.4533, 15.4533, 15.4533, 15.4533, 15.4533, 15.4533, 15.4533, 15.4533, 15.4533
5.87326, 46.4159, 56.4768, 15.4386, 6.95816, -10.0609, 0, 15.4386, 15.4409, 15.4483, 56.4647, 15.4386, 15.4386, 15.4386, 15.4386, 15.4386, 15.4386, 15.4386, 15.4386, 15.4386, 15.4386, 15.4386, 15.4386, 15.4386, 15.4386, 15.4386
5.8811, 44.7188, 60.4081, 15.4173, 6.83512, -15.6893, 0, 15.4173, 15.4196, 15.4271, 60.396, 15.4173, 15.4173, 15.4173, 15.4173, 15.4173, 15.4173, 15.4173, 15.4173, 15.4173, 15.4173, 15.4173, 15.4173, 15.4173, 15.4173, 15.4173
5.88895, 58.8406, 64.197, 15.389, 7.80004, -5.35636, 0, 15.389, 15.3913, 15.3989, 64.1847, 15.389, 15.389, 15.389, 15.389, 15.389, 15.389, 15.389, 15.389, 15.389, 15.389, 15.389, 15.389, 15.389, 15.389, 15.389
5.89679, 64.1138, 67.7486, 15.3533, 8.13104, -3.63477, 0, 15.3533, 15.3557, 15.3634, 67.7362, 15.3533, 15.3533, 15.3533, 15.3533, 15.3533, 15.3533, 15.3533, 15.3533, 15.3533, 15.3533, 15.3533, 15.3533, 15.3533, 15.3533, 15.3533
5.90463, 64.5365, 70.9688, 15.31, 8.15699, -6.43232, 0, 15.31, 15.3123, 15.3201, 70.9564, 15.31, 15.31, 15.31, 15.31, 15.31, 15.31, 15.31, 15.31, 15.31, 15.31, 15.31, 15.31, 15.31, 15.31, 15.31
5.91247, 58.9356, 73.7666, 15.2588, 7.80612, -14.831, 0, 15.2588, 15.2611, 15.269, 73.754, 15.2588, 15.2588, 15.2588, 15.2588, 15.2588, 15.2588, 15.2588, 15.2588, 15.2588, 15.2588, 15.2588, 15.2588, 15.2588, 15.2588, 15.2588
5.92032, 56.7915, 76.0604, 15.1997, 7.66756, -19.2689, 0, 15.1997, 15.2021, 15.21, 76.0478, 15.1997, 15.1997, 15.1997, 15.1997, 15.1997, 15.1997, 15.1997, 15.1997, 15.1997, 15.1997, 15.1997, 15.1997, 15.1997, 15.1997, 15.1997
5.92816, 67.5575, 77.7807, 15.1329, 8.34012, -10.2232, 0, 15.1329, 15.1352, 15.1433, 77.7679, 15.1329, 15.1329, 15.1329, 15.1329, 15.1329, 15.1329, 15.1329, 15.1329, 15.1329, 15.1329, 15.1329, 15.1329, 15.1329, 15.1329, 15.1329
5.936, 57.9275, 78.8735, 15.0587, 7.74129, -20.9459, 0, 15.0587, 15.061, 15.0692, 78.8606, 15.0587, 15.0587, 15.0587, 15.0587, 15.0587, 15.0587, 15.0587, 15.0587, 15.0587, 15.0587, 15.0587, 15.0587, 15.0587, 15.0587, 15.0587
5.94385, 59.4737, 79.3037, 14.9775, 7.84052, -19.83, 0, 14.9775, 14.9798, 14.9881, 79.2907, 14.9775, 14.9775, 14.9775, 14.9775, 14.9775, 14.9775, 14.9775, 14.9775, 14.9775, 14.9775, 14.9775, 14.9775, 14.9775, 14.9775, 14.9775
5.95169, 56.6603, 79.0564, 14.8901, 7.659, -22.3961, 0, 14.8901, 14.8924, 14.9008, 79.0434, 14.8901, 14.8901, 14.8901, 14.8901, 14.8901, 14.8901, 14.8901, 14.8901, 14.8901, 14.8901, 14.8901, 14.8901, 14.8901, 14.8901, 14.8901
5.95953, 68.8001, 78.1381, 14.7973, 8.41428, -9.33792, 0, 14.7973, 14.7996, 14.8081, 78.1249, 14.7973, 14.7973, 14.7973, 14.7973, 14.7973, 14.7973, 14.7973, 14.7973, 14.7973, 14.7973, 14.7973, 14.7973, 14.7973, 14.7973, 14.7973
5.96737, 69.4882, 76.5754, 14.7001, 8.45507, -7.08717, 0, 14.7001, 14.7024, 14.711, 76.5621, 14.7001, 14.7001, 14.7001, 14.7001, 14.7001, 14.7001, 14.7001, 14.7001, 14.7001, 14.7001, 14.7001, 14.7001, 14.7001, 14.7001, 14.7001
5.97522, 69.6316, 74.4152, 14.5995, 8.46354, -4.78357, 0, 14.5995, 14.6019, 14.6105, 74.4017, 14.5995, 14.5995, 14.5995, 14.5995, 14.5995, 14.5995, 14.5995, 14.5995, 14.5995, 14.5995, 14.5995, 14.5995, 14.5995, 14.5997, 14.5995
5.98306, 66.0515, 71.721, 14.497, 8.24933, -5.66948, 0, 14.497, 14.4993, 14.5081, 71.7073, 14.497, 14.497, 14.497, 14.497, 14.497, 14.497, 14.497, 14.497, 14.497, 14.497, 14.497, 14.497, 14.497, 14.4971, 14.497
5.9909, 47.8507, 68.5697, 14.3936, 7.06051, -20.719, 0, 14.3936, 14.3959, 14.4048, 68.5559, 14.3936, 14.3936, 14.3936, 14.3936, 14.3936, 14.3936, 14.3936, 14.3936, 14.3936, 14.3936, 14.3936, 14.3936, 14.3936, 14.3938, 14.3936
5.99874, 40.96, 65.0497, 14.2907, 6.55439, -24.0898, 0, 14.2907, 14.293, 14.302, 65.0356, 14.2907, 14.2907, 14.2907, 14.2907, 14.2907, 14.2907, 14.2907, 14.2907, 14.2907, 14.2907, 14.2907, 14.2907, 14.2907, 14.291, 14.2907
6.00659, 43.6154, 61.2538, 14.1895, 6.75392, -17.6384, 0, 14.1895, 14.1918, 14.201, 61.2394, 14.1895, 14.1895, 14.1895, 14.1895, 14.1895, 14.1895, 14.1895, 14.1895, 14.1895, 14.1895, 14.1895, 14.1895, 14.1895, 14.19, 14.1895
6.01443, 41.3516, 57.2781, 14.0913, 6.58419, -15.9265, 0, 14.0913, 14.0936, 14.103, 57.2633, 14.0913, 14.0913, 14.0913, 14.0913, 14.0913, 14.0913, 14.0913, 14.0913, 14.0913, 14.0913, 14.0913, 14.0913, 14.0913, 14.092, 14.0913
6.02227, 45.8918, 53.2163, 13.9971, 6.92039, -7.32451, 0, 13.9971, 13.9995, 14.0091, 53.201, 13.9971, 13.9971, 13.9971, 13.9971, 13.9971, 13.9971, 13.9971, 13.9971, 13.9971, 13.9971, 13.9971, 13.9971, 13.9971, 13.9981, 13.9971
6.03012, 44.3037, 49.1556, 13.908, 6.80468, -4.85185, 0, 13.908, 13.9103, 13.9202, 49.1396, 13.908, 13.908, 13.908, 13.908, 13.908, 13.908, 13.908, 13.908, 13.908, 13.908, 13.908, 13.908, 13.908, 13.9093, 13.908
6.03796, 33.2941, 45.1762, 13.8247, 5.94089, -11.8821, 0, 13.8247, 13.827, 13.8373, 45.1594, 13.8247, 13.8247, 13.8247, 13.8247, 13.8247, 13.8247, 13.8247, 13.8247, 13.8247, 13.8247, 13.8247, 13.8247, 13.8247, 13.8265, 13.8247
6.0458, 29.9686, 41.3468, 13.7479, 5.65408, -11.3783, 0, 13.7479, 13.7502, 13.7611, 41.3288, 13.7479, 13.7479, 13.7479, 13.7479, 13.7479, 13.7479, 13.7479, 13.7479, 13.7479, 13.7479, 13.7479, 13.7479, 13.7479, 13.7503, 13.7479
6.05364, 46.2991, 37.7239, 13.6781, 6.94976, 8.57524, 0, 13.6781, 13.6804, 13.6922, 37.7042, 13.6781, 13.6781, 13.6781, 13.6781, 13.6781, 13.6781, 13.6781, 13.6781, 13.6781, 13.6781, 13.6781, 13.6781, 13.6781, 13.6813, 13.6781
6.06149, 34.984, 34.351, 13.6155, 6.08145, 0.63295, 0, 13.6155, 13.6178, 13.6308, 34.3292, 13.6155, 13.6155, 13.6155, 13.6155, 13.6155, 13.6155, 13.6155, 13.6155, 13.6155, 13.6155, 13.6155, 13.6155, 13.6155, 13.6197, 13.6155
6.06933, 29.699, 31.259, 13.5603, 5.63019, -1.55993, 0, 13.5603, 13.5626, 13.5774, 31.2341, 13.5603, 13.5603, 13.5603, 13.5603, 13.5603, 13.5603, 13.5603, 13.5603, 13.5603, 13.5603, 13.5603, 13.5603, 13.5603, 13.5657, 13.5603
6.07717, 14.6356, 28.4662, 13.5124, 4.07867, -13.8306, 0, 13.5124, 13.5147, 13.5322, 28.4371, 13.5124, 13.5124, 13.5124, 13.5124, 13.5124, 13.5124, 13.5124, 13.5124, 13.5124, 13.5124, 13.5124, 13.5124, 13.5124, 13.5192, 13.5124
6.08502, 20.0252, 25.98, 13.4716, 4.6931, -5.95474, 0, 13.4716, 13.4739, 13.4954, 25.9452, 13.4716, 13.4716, 13.4716, 13.4716, 13.4716, 13.4716, 13.4716, 13.4716, 13.4716, 13.4716, 13.4716, 13.4716, 13.4716, 13.4803, 13.4716
6.09286, 21.8982, 23.7981, 13.4376, 4.88858, -1.89988, 0, 13.4376, 13.44, 13.4672, 23.7554, 13.4376, 13.4376, 13.4376, 13.4376, 13.4376, 13.4376, 13.4376, 13.4376, 13.4376, 13.4376, 13.4376, 13.4376, 13.4376, 13.4485, 13.4376
6.1007, 17.3483, 21.9105, 13.4101, 4.39867, -4.56213, 0, 13.4101, 13.4124, 13.4479, 21.8569, 13.4101, 13.4101, 13.4101, 13.4101, 13.4101, 13.4101, 13.4101, 13.4101, 13.4101, 13.4101, 13.4101, 13.4101, 13.4101, 13.4234, 13.4101
6.10854, 9.35775, 20.301, 13.3884, 3.37013, -10.9433, 0, 13.3884, 13.3907, 13.4381, 20.2326, 13.3884, 13.3884, 13.3884, 13.3884, 13.3884, 13.3884, 13.3884, 13.3884, 13.3884, 13.3884, 13.3884, 13.3884, 13.3884, 13.4047, 13.3884
6.11639, 11.9875, 18.9497, 13.3721, 3.73999, -6.96218, 0, 13.3721, 13.3744, 13.4388, 18.8608, 13.3721, 13.3721, 13.3721, 13.3721, 13.3721, 13.3721, 13.3721, 13.3721, 13.3721, 13.3721, 13.3721, 13.3721, 13.3721, 13.3918, 13.3721
6.12423, 8.75604, 17.8339, 13.3606, 3.27964, -9.07787, 0, 13.3606, 13.3629, 13.4513, 17.7172, 13.3606, 13.3606, 13.3606, 13.3606, 13.3606, 13.3606, 13.3606, 13.3606, 13.3606, 13.3606, 13.3606, 13.3606, 13.3606, 13.3842, 13.3606
6.13207, 7.91456, 16.9304, 13.3532, 3.14874, -9.01588, 0, 13.3533, 13.3556, 13.4775, 16.7759, 13.3532, 13.3532, 13.3532, 13.3532, 13.3532, 13.3532, 13.3532, 13.3532, 13.3532, 13.3532, 13.3532, 13.3532, 13.3532, 13.3813, 13.3532
6.13991, 8.59629, 16.2166, 13.3496, 3.25519, -7.62033, 0, 13.3496, 13.3519, 13.5201, 16.0109, 13.3496, 13.3496, 13.3496, 13.3496, 13.3496, 13.3496, 13.3496, 13.3496, 13.3496, 13.3496, 13.3496, 13.3496, 13.3496, 13.3824, 13.3496
6.14776, 9.68487, 15.6716, 13.3491, 3.41831, -5.98669, 0, 13.3491, 13.3514, 13.5829, 15.3973, 13.3491, 13.3491, 13.3491, 13.3491, 13.3491, 13.3491, 13.3491, 13.3491, 13.3491, 13.3491, 13.3491, 13.3491, 13.3491, 13.3871, 13.3491
6.1556, 8.68984, 15.277, 13.3512, 3.26953, -6.58717, 0, 13.3512, 13.3535, 13.6707, 14.9114, 13.3512, 13.3512, 13.3512, 13.3512, 13.3512, 13.3512, 13.3512, 13.3512, 13.3512, 13.3512, 13.3512, 13.3512, 13.3512, 13.3948, 13.3512
6.16344, 8.39839, 15.018, 13.3554, 3.22465, -6.61965, 0, 13.3554, 13.3577, 13.7897, 14.5319, 13.3554, 13.3554, 13.3554, 13.3554, 13.3554, 13.3554, 13.3554, 13.3554, 13.3554, 13.3554, 13.3554, 13.3554, 13.3554, 13.405, 13.3554
6.17129, 13.7564, 14.8835, 13.3614, 3.96943, -1.12716, 0, 13.3614, 13.3637, 13.9475, 14.2394, 13.3614, 13.3614, 13.3614, 13.3614, 13.3614, 13.3614, 13.3614, 13.3614, 13.3614, 13.3614, 13.3614, 13.3614, 13.3614, 13.4171, 13.3614
6.17913, 12.3985, 14.8664, 13.3688, 3.79454, -2.46788, 0, 13.3688, 13.3711, 14.1536, 14.0174, 13.3688, 13.3688, 13.3688, 13.3688, 13.3688, 13.3688, 13.3688, 13.3688, 13.3688, 13.3688, 13.3688, 13.3688, 13.3688, 13.4307, 13.3688
6.18697, 10.6968, 14.9638, 13.3772, 3.56325, -4.26703, 0, 13.3772, 13.3795, 14.4191, 13.8515, 13.3772, 13.3772, 13.3772, 13.3772, 13.3772, 13.3772, 13.3772, 13.3772, 13.3772, 13.3772, 13.3772, 13.3772, 13.3772, 13.4453, 13.3772
6.19481, 8.12896, 15.1769, 13.3865, 3.1826, -7.04796, 0, 13.3865, 13.3888, 14.7572, 13.7297, 13.3865, 13.3865, 13.3865, 13.3865, 13.3865, 13.3865, 13.3865, 13.3865, 13.3865, 13.3865, 13.3865, 13.3865, 13.3865, 13.4606, 13.3865
6.20266, 7.56298, 15.5108, 13.3963, 3.09241, -7.94783, 0, 13.3963, 13.3986, 15.1827, 13.6422, 13.3963, 13.3963, 13.3963, 13.3963, 13.3963, 13.3963, 13.3963, 13.3963, 13.3963, 13.3963, 13.3963, 13.3963, 13.3963, 13.4762, 13.3963
6.2105, 10.3977, 15.9741, 13.4065, 3.52104, -5.57637, 0, 13.4065, 13.4089, 15.7122, 13.5809, 13.4065, 13.4065, 13.4065, 13.4065, 13.4065, 13.4065, 13.4065, 13.4065, 13.4065, 13.4065, 13.4065, 13.4065, 13.4065, 13.4916, 13.4065
6.21834, 16.4898, 16.5782, 13.417, 4.29997, -0.088459, 0, 13.417, 13.4193, 16.3637, 13.5394, 13.417, 13.417, 13.417, 13.417, 13.417, 13.417, 13.417, 13.417, 13.417, 13.417, 13.417, 13.417, 13.417, 13.5068, 13.417
6.22619, 21.1904, 17.3371, 13.4276, 4.81565, 3.85334, 0, 13.4276, 13.4299, 17.156, 13.5127, 13.4276, 13.4276, 13.4276, 13.4276, 13.4276, 13.4276, 13.4276, 13.4276, 13.4276, 13.4276, 13.4276, 13.4276, 13.4276, 13.5213, 13.4276
6.23403, 16.2551, 18.266, 13.4382, 4.2726, -2.01086, 0, 13.4382, 13.4406, 18.1083, 13.4968, 13.4382, 13.4382, 13.4382, 13.4382, 13.4382, 13.4382, 13.4382, 13.4382, 13.4382, 13.4382, 13.4382, 13.4382, 13.4382, 13.535, 13.4382
6.24187, 14.5213, 19.3801, 13.4488, 4.06464, -4.85883, 0, 13.4488, 13.4512, 19.239, 13.4887, 13.4488, 13.4488, 13.4488, 13.4488, 13.4488, 13.4488, 13.4488, 13.4488, 13.4488, 13.4488, 13.4488, 13.4488, 13.4488, 13.5478, 13.4488
6.24971, 18.5905, 20.6946, 13.4593, 4.53768, -2.10404, 0, 13.4593, 13.4617, 20.5653, 13.4862, 13.4593, 13.4593, 13.4593, 13.4593, 13.4593, 13.4593, 13.4593, 13.4593, 13.4593, 13.4593, 13.4593, 13.4593, 13.4593, 13.5594, 13.4593
6.25756, 23.6922, 22.2219, 13.4697, 5.06874, 1.47027, 0, 13.4697, 13.472, 22.1015, 13.4876, 13.4697, 13.4697, 13.4697, 13.4697, 13.4697, 13.4697, 13.4697, 13.4697, 13.4697, 13.4697, 13.4697, 13.4697, 13.4697, 13.5699, 13.4697
6.2654, 27.373, 23.9708, 13.4799, 5.41968, 3.40221, 0, 13.4799, 13.4822, 23.8574, 13.4917, 13.4799, 13.4799, 13.4799, 13.4799, 13.4799, 13.4799, 13.4799, 13.4799, 13.4799, 13.4799, 13.4799, 13.4799, 13.4799, 13.5791, 13.4799
6.27324, 21.5497, 25.9455, 13.4898, 4.8528, -4.39585, 0, 13.4898, 13.4922, 25.8382, 13.4976, 13.4898, 13.4898, 13.4898, 13.4898, 13.4898, 13.4898, 13.4898, 13.4898, 13.4898, 13.4898, 13.4898, 13.4898, 13.4898, 13.5871, 13.4898
6.28109, 28.0014, 28.1437, 13.4996, 5.47735, -0.142286, 0, 13.4996, 13.5019, 28.042, 13.5046, 13.4996, 13.4996, 13.4996, 13.4996, 13.4996, 13.4996, 13.4996, 13.4996, 13.4996, 13.4996, 13.4996, 13.4996, 13.4996, 13.594, 13.4996
6.28893, 36.7819, 30.5552, 13.5091, 6.22751, 6.22662, 0, 13.5091, 13.5115, 30.4591, 13.5124, 13.5091, 13.5091, 13.5091, 13.5091, 13.5091, 13.5091, 13.5091, 13.5091, 13.5091, 13.5091, 13.5091, 13.5091, 13.5091, 13.5998, 13.5091
6.29677, 41.3954, 33.1617, 13.5184, 6.58751, 8.23367, 0, 13.5185, 13.5208, 33.0712, 13.5205, 13.5184, 13.5184, 13.5184, 13.5184, 13.5184, 13.5184, 13.5184, 13.5184, 13.5184, 13.5184, 13.5184, 13.5184, 13.5184, 13.6045, 13.5184
6.30461, 44.183, 35.9345, 13.5275, 6.79581, 8.24845, 0, 13.5275, 13.5299, 35.85, 13.5288, 13.5275, 13.5275, 13.5275, 13.5275, 13.5275, 13.5275, 13.5275, 13.5275, 13.5275, 13.5275, 13.5275, 13.5275, 13.5275, 13.6085, 13.5275
6.31246, 42.9468, 38.8368, 13.5363, 6.70424, 4.11, 0, 13.5364, 13.5387, 38.7584, 13.5371, 13.5363, 13.5363, 13.5363, 13.5363, 13.5363, 13.5363, 13.5363, 13.5363, 13.5363, 13.5363, 13.5363, 13.5363, 13.5363, 13.6117, 13.5363
6.3203, 58.689, 41.8217, 13.5449, 7.79031, 16.8673, 0, 13.5449, 13.5473, 41.7495, 13.5454, 13.5449, 13.5449, 13.5449, 13.5449, 13.5449, 13.5449, 13.5449, 13.5449, 13.5449, 13.5449, 13.5449, 13.5449, 13.5449, 13.6143, 13.5449
6.32814, 53.1307, 44.8334, 13.5533, 7.42501, 8.29732, 0, 13.5533, 13.5556, 44.7676, 13.5536, 13.5533, 13.5533, 13.5533, 13.5533, 13.5533, 13.5533, 13.5533, 13.5533, 13.5533, 13.5533, 13.5533, 13.5533, 13.5533, 13.6165, 13.5533
6.33598, 65.7213, 47.8102, 13.5614, 8.2293, 17.9111, 0, 13.5614, 13.5637, 47.7507, 13.5616, 13.5614, 13.5614, 13.5614, 13.5614, 13.5614, 13.5614, 13.5614, 13.5614, 13.5614, 13.5614, 13.5614, 13.5614, 13.5614, 13.6184, 13.5614
6.34383, 55.3713, 50.6846, 13.5692, 7.57439, 4.68668, 0, 13.5692, 13.5716, 50.6313, 13.5693, 13.5692, 13.5692, 13.5692, 13.5692, 13.5692, 13.5692, 13.5692, 13.5692, 13.5692, 13.5692, 13.5692, 13.5692, 13.5692, 13.6201, 13.5692
6.35167, 60.7266, 53.3861, 13.5769, 7.92001, 7.34053, 0, 13.5769, 13.5792, 53.3388, 13.5769, 13.5769, 13.5769, 13.5769, 13.5769, 13.5769, 13.5769, 13.5769, 13.5769, 13.5769, 13.5769, 13.5769, 13.5769, 13.5769, 13.6218, 13.5769
6.35951, 67.1703, 55.8452, 13.5842, 8.31687, 11.3251, 0, 13.5842, 13.5866, 55.8035, 13.5843, 13.5842, 13.5842, 13.5842, 13.5842, 13.5842, 13.5842, 13.5842, 13.5842, 13.5842, 13.5842, 13.5842, 13.5842, 13.5842, 13.6235, 13.5842
6.36736, 73.7822, 57.9944, 13.5914, 8.70529, 15.7878, 0, 13.5914, 13.5937, 57.958, 13.5914, 13.5914, 13.5914, 13.5914, 13.5914, 13.5914, 13.5914, 13.5914, 13.5914, 13.5914, 13.5914, 13.5914, 13.5914, 13.5914, 13.6254, 13.5914
6.3752, 67.6007, 59.7732, 13.5983, 8.34271, 7.82758, 0, 13.5983, 13.6006, 59.7417, 13.5983, 13.5983, 13.5983, 13.5983, 13.5983, 13.5983, 13.5983, 13.5983, 13.5983, 13.5983, 13.5983, 13.5983, 13.5983, 13.5983, 13.6274, 13.5983
6.38304, 64.4171, 61.1295, 13.6049, 8.14967, 3.28757, 0, 13.6049, 13.6073, 61.1025, 13.605, 13.6049, 13.6049, 13.6049, 13.6049, 13.6049, 13.6049, 13.6049, 13.6049, 13.6049, 13.6049, 13.6049, 13.6049, 13.6049, 13.6296, 13.6049
6.39088, 50.8592, 62.0228, 13.6114, 7.27043, -11.1636, 0, 13.6114, 13.6137, 61.9998, 13.6114, 13.6114, 13.6114, 13.6114, 13.6114, 13.6114, 13.6114, 13.6114, 13.6114, 13.6114, 13.6114, 13.6114, 13.6114, 13.6114, 13.6321, 13.6114
6.39873, 65.9721, 62.4263, 13.6176, 8.24452, 3.5458, 0, 13.6176, 13.6199, 62.4067, 13.6176, 13.6176, 13.6176, 13.6176, 13.6176, 13.6176, 13.6176, 13.6176, 13.6176, 13.6176, 13.6176, 13.6176, 13.6176, 13.6176, 13.6348, 13.6176
6.40657, 79.4539, 62.3276, 13.6236, 9.02518, 17.1263, 0, 13.6236, 13.6259, 62.3111, 13.6236, 13.6236, 13.6236, 13.6236, 13.6236, 13.6236, 13.6236, 13.6236, 13.6236, 13.6236, 13.6236, 13.6236, 13.6236, 13.6236, 13.6377, 13.6236
6.41441, 84.3838, 61.7303, 13.6293, 9.29429, 22.6535, 0, 13.6293, 13.6317, 61.7164, 13.6293, 13.6293, 13.6293, 13.6293, 13.6293, 13.6293, 13.6293, 13.6293, 13.6293, 13.6293, 13.6293, 13.6293, 13.6293, 13.6293, 13.6409, 13.6293
6.42226, 73.8433, 60.6528, 13.6349, 8.70881, 13.1905, 0, 13.6349, 13.6372, 60.6411, 13.6349, 13.6349, 13.6349, 13.6349, 13.6349, 13.6349, 13.6349, 13.6349, 13.6349, 13.6349, 13.6349, 13.6349, 13.6349, 13.6349, 13.6442, 13.6349
6.4301, 72.4408, 59.1281, 13.6402, 8.62791, 13.3127, 0, 13.6402, 13.6425, 59.1183, 13.6402, 13.6402, 13.6402, 13.6402, 13.6402, 13.6402, 13.6402, 13.6402, 13.6402, 13.6402, 13.6402, 13.6402, 13.6402, 13.6402, 13.6476, 13.6402
6.43794, 47.012, 57.2019, 13.6453, 7.00086, -10.1899, 0, 13.6453, 13.6476, 57.1936, 13.6453, 13.6453, 13.6453, 13.6453, 13.6453, 13.6453, 13.6453, 13.6453, 13.6453, 13.6453, 13.6453, 13.6453, 13.6453, 13.6453, 13.6512, 13.6453
6.44578, 56.4776, 54.9298, 13.6502, 7.64706, 1.5478, 0, 13.6502, 13.6525, 54.9228, 13.6502, 13.6502, 13.6502, 13.6502, 13.6502, 13.6502, 13.6502, 13.6502, 13.6502, 13.6502, 13.6502, 13.6502, 13.6502, 13.6502, 13.6548, 13.6502
6.45363, 56.8199, 52.376, 13.6548, 7.66941, 4.44391, 0, 13.6548, 13.6572, 52.3699, 13.6548, 13.6548, 13.6548, 13.6548, 13.6548, 13.6548, 13.6548, 13.6548, 13.6548, 13.6548, 13.6548, 13.6548, 13.6548, 13.6548, 13.6585, 13.6548
6.46147, 59.3022, 49.6085, 13.6593, 7.82958, 9.69373, 0, 13.6593, 13.6616, 49.6032, 13.6593, 13.6593, 13.6593, 13.6593, 13.6593, 13.6593, 13.6593, 13.6593, 13.6593, 13.6593, 13.6593, 13.6593, 13.6593, 13.6593, 13.6622, 13.6593
6.46931, 45.9556, 46.6974, 13.6635, 6.925, -0.741829, 0, 13.6635, 13.6659, 46.6927, 13.6635, 13.6635, 13.6635, 13.6635, 13.6635, 13.6635, 13.6635, 13.6635, 13.6635, 13.6635, 13.6635, 13.6635, 13.6635, 13.6635, 13.6659, 13.6635
6.47715, 43.1596, 43.7124, 13.6675, 6.72009, -0.552784, 0, 13.6675, 13.6699, 43.708, 13.6675, 13.6675, 13.6675, 13.6675, 13.6675, 13.6675, 13.6675, 13.6675, 13.6675, 13.6675, 13.6675, 13.6675, 13.6675, 13.6675, 13.6695, 13.6675
6.485, 28.7699, 40.7178, 13.6713, 5.54706, -11.948, 0, 13.6713, 13.6737, 40.7137, 13.6713, 13.6713, 13.6713, 13.6713, 13.6713, 13.6713, 13.6713, 13.6713, 13.6713, 13.6713, 13.6713, 13.6713, 13.6713, 13.6713, 13.6731, 13.6713
6.49284, 37.7731, 37.7737, 13.6749, 6.30659, -0.000564575, 0, 13.6749, 13.6773, 37.7696, 13.6749, 13.6749, 13.6749, 13.6749, 13.6749, 13.6749, 13.6749, 13.6749, 13.6749, 13.6749, 13.6749, 13.6749, 13.6749, 13.6749, 13.6766, 13.6749
6.50068, 38.7408, 34.9315, 13.6783, 6.38285, 3.80935, 0, 13.6783, 13.6807, 34.9274, 13.6783, 13.6783, 13.6783, 13.6783, 13.6783, 13.6783, 13.6783, 13.6783, 13.6783, 13.6783, 13.6783, 13.6783, 13.6783, 13.6783, 13.68, 13.6783
6.50853, 43.6322, 32.2335, 13.6815, 6.75516, 11.3987, 0, 13.6815, 13.6839, 32.2293, 13.6815, 13.6815, 13.6815, 13.6815, 13.6815, 13.6815, 13.6815, 13.6815, 13.6815, 13.6815, 13.6815, 13.6815, 13.6815, 13.6815, 13.6833, 13.6815
6.51637, 35.3524, 29.7137, 13.6845, 6.11166, 5.63872, 0, 13.6845, 13.6869, 29.7092, 13.6845, 13.6845, 13.6845, 13.6845, 13.6845, 13.6845, 13.6845, 13.6845, 13.6845, 13.6845, 13.6845, 13.6845, 13.6845, 13.6845, 13.6865, 13.6845
6.52421, 31.4185, 27.3958, 13.6873, 5.78088, 4.02271, 0, 13.6873, 13.6897, 27.3911, 13.6873, 13.6873, 13.6873, 13.6873, 13.6873, 13.6873, 13.6873, 13.6873, 13.6873, 13.6873, 13.6873, 13.6873, 13.6873, 13.6873, 13.6896, 13.6873
6.53205, 26.2506, 25.2942, 13.6898, 5.31513, 0.95631, 0, 13.6898, 13.6923, 25.2891, 13.6898, 13.6898, 13.6898, 13.6898, 13.6898, 13.6898, 13.6898, 13.6898, 13.6898, 13.6898, 13.6898, 13.6898, 13.6898, 13.6898, 13.6925, 13.6898
6.5399, 17.3508, 23.4159, 13.6922, 4.39895, -6.06511, 0, 13.6922, 13.6947, 23.4102, 13.6922, 13.6922, 13.6922, 13.6922, 13.6922, 13.6922, 13.6922, 13.6922, 13.6922, 13.6922, 13.6922, 13.6922, 13.6922, 13.6922, 13.6954, 13.6922
6.54774, 14.8077, 21.7595, 13.6944, 4.09972, -6.95177, 0, 13.6944, 13.697, 21.7531, 13.6944, 13.6944, 13.6944, 13.6944, 13.6944, 13.6944, 13.6944, 13.6944, 13.6944, 13.6944, 13.6944, 13.6944, 13.6944, 13.6944, 13.6981, 13.6944
6.55558, 23.6373, 20.3182, 13.6964, 5.06333, 3.31903, 0, 13.6964, 13.699, 20.3112, 13.6964, 13.6964, 13.6964, 13.6964, 13.6964, 13.6964, 13.6964, 13.6964, 13.6964, 13.6964, 13.6964, 13.6964, 13.6964, 13.6964, 13.7007, 13.6964
6.56342, 20.6845, 19.0804, 13.6981, 4.76283, 1.6041, 0, 13.6982, 13.7008, 19.0726, 13.6981, 13.6981, 13.6981, 13.6981, 13.6981, 13.6981, 13.6981, 13.6981, 13.6981, 13.6981, 13.6981, 13.6981, 13.6981, 13.6981, 13.7032, 13.6981
6.57127, 15.983, 18.0306, 13.6997, 4.24064, -2.0476, 0, 13.6997, 13.7025, 18.0219, 13.6997, 13.6997, 13.6997, 13.6997, 13.6997, 13.6997, 13.6997, 13.6997, 13.6997, 13.6997, 13.6997, 13.6997, 13.6997, 13.6997, 13.7056, 13.6997
6.57911, 16.9832, 17.1515, 13.7011, 4.35697, -0.168293, 0, 13.7011, 13.704, 17.1418, 13.7011, 13.7011, 13.7011, 13.7011, 13.7011, 13.7011, 13.7011, 13.7011, 13.7011, 13.7011, 13.7011, 13.7011, 13.7011, 13.7011, 13.7078, 13.7011
6.58695, 17.3201, 16.4242, 13.7023, 4.39547, 0.895924, 0, 13.7023, 13.7053, 16.4135, 13.7023, 13.7023, 13.7023, 13.7023, 13.7023, 13.7023, 13.7023, 13.7023, 13.7023, 13.7023, 13.7023, 13.7023, 13.7023, 13.7023, 13.7099, 13.7023
6.5948, 7.80936, 15.8298, 13.7033, 3.13199, -8.02045, 0, 13.7033, 13.7065, 15.818, 13.7033, 13.7033, 13.7033, 13.7033, 13.7033, 13.7033, 13.7033, 13.7033, 13.7033, 13.7033, 13.7033, 13.7033, 13.7033, 13.7033, 13.7119, 13.7033
6.60264, 15.4983, 15.3499, 13.7041, 4.18309, 0.148393, 0, 13.7041, 13.7076, 15.3369, 13.7041, 13.7041, 13.7041, 13.7041, 13.7041, 13.7041, 13.7041, 13.7041, 13.7041, 13.7041, 13.7041, 13.7041, 13.7041, 13.7041, 13.7136, 13.7041
6.61048, 10.671, 14.9669, 13.7047, 3.55963, -4.29595, 0, 13.7047, 13.7085, 14.9527, 13.7047, 13.7047, 13.7047, 13.7047, 13.7047, 13.7047, 13.7047, 13.7047, 13.7047, 13.7047, 13.7047, 13.7047, 13.7047, 13.7047, 13.7152, 13.7047
6.61832, 7.68026, 14.6649, 13.7051, 3.11131, -6.98468, 0, 13.7051, 13.7093, 14.6494, 13.7051, 13.7051, 13.7051, 13.7051, 13.7051, 13.7051, 13.7051, 13.7051, 13.7051, 13.7051, 13.7051, 13.7051, 13.7051, 13.7051, 13.7165, 13.7051
6.62617, 2.15134, 14.4296, 13.7054, 2.03748, -12.2783, 0, 13.7054, 13.7101, 14.4127, 13.7054, 13.7054, 13.7054, 13.7054, 13.7054, 13.7054, 13.7054, 13.7054, 13.7054, 13.7054, 13.7054, 13.7054, 13.7054, 13.7054, 13.7176, 13.7054
6.63401, 6.14649, 14.2483, 13.7054, 2.85421, -8.10185, 0, 13.7054, 13.7108, 14.2299, 13.7054, 13.7054, 13.7054, 13.7054, 13.7054, 13.7054, 13.7054, 13.7054, 13.7054, 13.7054, 13.7054, 13.7054, 13.7054, 13.7054, 13.7185, 13.7054
6.64185, 4.69492, 14.1104, 13.7053, 2.58745, -9.41545, 0, 13.7053, 13.7115, 14.0904, 13.7053, 13.7053, 13.7053, 13.7053, 13.7053, 13.7053, 13.7053, 13.7053, 13.7053, 13.7053, 13.7053, 13.7053, 13.7053, 13.7053, 13.719, 13.7053
6.6497, 5.58352, 14.0066, 13.705, 2.75382, -8.42307, 0, 13.705, 13.7122, 13.985, 13.705, 13.705, 13.705, 13.705, 13.705, 13.705, 13.705, 13.705, 13.705, 13.705, 13.705, 13.705, 13.705, 13.705, 13.7193, 13.705
6.65754, 7.55589, 13.9295, 13.7045, 3.09126, -6.3736, 0, 13.7045, 13.713, 13.9061, 13.7045, 13.7045, 13.7045, 13.7045, 13.7045, 13.7045, 13.7045, 13.7045, 13.7045, 13.7045, 13.7045, 13.7045, 13.7045, 13.7045, 13.7193, 13.7045
6.66538, 6.42022, 13.873, 13.7038, 2.90176, -7.45274, 0, 13.7038, 13.7139, 13.8477, 13.7038, 13.7038, 13.7038, 13.7038, 13.7038, 13.7038, 13.7038, 13.7038, 13.7038, 13.7038, 13.7038, 13.7038, 13.7038, 13.7038, 13.7189, 13.7038
6.67322, 9.12687, 13.8321, 13.7029, 3.3357, -4.70525, 0, 13.7029, 13.715, 13.8047, 13.7029, 13.7029, 13.7029, 13.7029, 13.7029, 13.7029, 13.7029, 13.7029, 13.7029, 13.7029, 13.7029, 13.7029, 13.7029, 13.7029, 13.7182, 13.7029
6.68107, 6.4384, 13.8031, 13.7019, 2.90489, -7.36474, 0, 13.7019, 13.7164, 13.7733, 13.7019, 13.7019, 13.7019, 13.7019, 13.7019, 13.7019, 13.7019, 13.7019, 13.7019, 13.7019, 13.7019, 13.7019, 13.7019, 13.7019, 13.7172, 13.7019
6.68891, 6.12945, 13.7831, 13.7007, 2.85122, -7.65361, 0, 13.7007, 13.7181, 13.7504, 13.7007, 13.7007, 13.7007, 13.7007, 13.7007, 13.7007, 13.7007, 13.7007, 13.7007, 13.7007, 13.7007, 13.7007, 13.7007, 13.7007, 13.7159, 13.7007
6.69675, 4.12472, 13.7696, 13.6993, 2.47482, -9.64491, 0, 13.6993, 13.7202, 13.7338, 13.6993, 13.6993, 13.6993, 13.6993, 13.6993, 13.6993, 13.6993, 13.6993, 13.6993, 13.6993, 13.6993, 13.6993, 13.6993, 13.6993, 13.7142, 13.6993
6.7046, 8.73135, 13.7612, 13.6977, 3.27587, -5.02985, 0, 13.6977, 13.7228, 13.7216, 13.6977, 13.6977, 13.6977, 13.6977, 13.6977, 13.6977, 13.6977, 13.6977, 13.6977, 13.6977, 13.6977, 13.6977, 13.6977, 13.6977, 13.7122, 13.6977
6.71244, 3.86797, 13.7566, 13.696, 2.42239, -9.8886, 0, 13.696, 13.726, 13.7126, 13.696, 13.696, 13.696, 13.696, 13.696, 13.696, 13.696, 13.696, 13.696, 13.696, 13.696, 13.696, 13.696, 13.696, 13.7099, 13.696
6.72028, 4.99758, 13.7549, 13.6941, 2.64529, -8.75731, 0, 13.6941, 13.7298, 13.7059, 13.6941, 13.6941, 13.6941, 13.6941, 13.6941, 13.6941, 13.6941, 13.6941, 13.6941, 13.6941, 13.6941, 13.6941, 13.6941, 13.6941, 13.7073, 13.6941
6.72812, 4.11996, 13.7556, 13.692, 2.47385, -9.63561, 0, 13.692, 13.7344, 13.7007, 13.692, 13.692, 13.692, 13.692, 13.692, 13.692, 13.692, 13.692, 13.692, 13.692, 13.692, 13.692, 13.692, 13.692, 13.7044, 13.692
6.73597, 8.11528, 13.7582, 13.6898, 3.18045, -5.64296, 0, 13.6898, 13.7397, 13.6967, 13.6898, 13.6898, 13.6898, 13.6898, 13.6898, 13.6898, 13.6898, 13.6898, 13.6898, 13.6898, 13.6898, 13.6898, 13.6898, 13.6898, 13.7013, 13.6898
6.74381, 7.9924, 13.7627, 13.6873, 3.16108, -5.7703, 0, 13.6873, 13.7459, 13.6935, 13.6873, 13.6873, 13.6873, 13.6873, 13.6873, 13.6873, 13.6873, 13.6873, 13.6873, 13.6873, 13.6873, 13.6873, 13.6873, 13.6873, 13.698, 13.6873
6.75165, 5.87782, 13.7688, 13.6848, 2.80675, -7.89102, 0, 13.6848, 13.7529, 13.6909, 13.6848, 13.6848, 13.6848, 13.6848, 13.6848, 13.6848, 13.6848, 13.6848, 13.6848, 13.6848, 13.6848, 13.6848, 13.6848, 13.6848, 13.6945, 13.6848
6.75949, 5.10805, 13.7766, 13.682, 2.66609, -8.66857, 0, 13.682, 13.7608, 13.6891, 13.682, 13.682, 13.682, 13.682, 13.682, 13.682, 13.682, 13.682, 13.682, 13.682, 13.682, 13.682, 13.682, 13.682, 13.6908, 13.682
6.76734, 6.66171, 13.7861, 13.6791, 2.94308, -7.12442, 0, 13.6791, 13.7694, 13.6879, 13.6791, 13.6791, 13.6791, 13.6791, 13.6791, 13.6791, 13.6791, 13.6791, 13.6791, 13.6791, 13.6791, 13.6791, 13.6791, 13.6791, 13.6869, 13.6791
6.77518, 3.21585, 13.7975, 13.676, 2.28382, -10.5816, 0, 13.676, 13.7789, 13.6877, 13.676, 13.676, 13.676, 13.676, 13.676, 13.676, 13.676, 13.676, 13.676, 13.676, 13.676, 13.676, 13.676, 13.676, 13.683, 13.676
6.78302, 6.10069, 13.8109, 13.6728, 2.84617, -7.7102, 0, 13.6728, 13.7889, 13.6886, 13.6728, 13.6728, 13.6728, 13.6728, 13.6728, 13.6728, 13.6728, 13.6728, 13.6728, 13.6728, 13.6728, 13.6728, 13.6728, 13.6728, 13.6788, 13.6728
6.79087, 10.0958, 13.8266, 13.6693, 3.47791, -3.73081, 0, 13.6693, 13.7995, 13.6912, 13.6693, 13.6693, 13.6693, 13.6693, 13.6693, 13.6693, 13.6693, 13.6693, 13.6693, 13.6693, 13.6693, 13.6693, 13.6693, 13.6693, 13.6746, 13.6693
6.79871, 5.99011, 13.8451, 13.6658, 2.82668, -7.85498, 0, 13.6658, 13.8103, 13.696, 13.6658, 13.6658, 13.6658, 13.6658, 13.6658, 13.6658, 13.6658, 13.6658, 13.6658, 13.6658, 13.6658, 13.6658, 13.6658, 13.6658, 13.6703, 13.6658
6.80655, 4.79405, 13.8668, 13.662, 2.60654, -9.07273, 0, 13.662, 13.8213, 13.7037, 13.662, 13.662, 13.662, 13.662, 13.662, 13.662, 13.662, 13.662, 13.662, 13.662, 13.662, 13.662, 13.662, 13.662, 13.6659, 13.662
6.81439, 6.09102, 13.8924, 13.6581, 2.84447, -7.80137, 0, 13.6581, 13.832, 13.7153, 13.6581, 13.6581, 13.6581, 13.6581, 13.6581, 13.6581, 13.6581, 13.6581, 13.6581, 13.6581, 13.6581, 13.6581, 13.6581, 13.6581, 13.6614, 13.6581
6.82224, 8.17962, 13.9228, 13.6541, 3.19055, -5.74316, 0, 13.6541, 13.8423, 13.7319, 13.6541, 13.6541, 13.6541, 13.6541, 13.6541, 13.6541, 13.6541, 13.6541, 13.6541, 13.6541, 13.6541, 13.6541, 13.6541, 13.6541, 13.6568, 13.6541
6.83008, 12.5328, 13.959, 13.6498, 3.8122, -1.42621, 0, 13.6499, 13.8518, 13.7549, 13.6498, 13.6498, 13.6498, 13.6498, 13.6498, 13.6498, 13.6498, 13.6498, 13.6498, 13.6498, 13.6498, 13.6498, 13.6498, 13.6498, 13.6521, 13.6498
6.83792, 1.6202, 14.0026, 13.6455, 1.90268, -12.3824, 0, 13.6455, 13.8602, 13.786, 13.6455, 13.6455, 13.6455, 13.6455, 13.6455, 13.6455, 13.6455, 13.6455, 13.6455, 13.6455, 13.6455, 13.6455, 13.6455, 13.6455, 13.6473, 13.6455
6.84577, 7.63834, 14.055, 13.6409, 3.10457, -6.41668, 0, 13.6409, 13.8672, 13.8272, 13.6409, 13.6409, 13.6409, 13.6409, 13.6409, 13.6409, 13.6409, 13.6409, 13.6409, 13.6409, 13.6409, 13.6409, 13.6409, 13.6409, 13.6424, 13.6409
6.85361, 8.82523, 14.1183, 13.6362, 3.29017, -5.29312, 0, 13.6362, 13.8725, 13.8808, 13.6362, 13.6362, 13.6362, 13.6362, 13.6362, 13.6362, 13.6362, 13.6362, 13.6362, 13.6362, 13.6362, 13.6362, 13.6362, 13.6362, 13.6373, 13.6362
6.86145, 5.3233, 14.1949, 13.6313, 2.70616, -8.87156, 0, 13.6313, 13.8759, 13.9493, 13.6313, 13.6313, 13.6313, 13.6313, 13.6313, 13.6313, 13.6313, 13.6313, 13.6313, 13.6313, 13.6313, 13.6313, 13.6313, 13.6313, 13.6322, 13.6313
6.86929, 6.82974, 14.2871, 13.6262, 2.97149, -7.45737, 0, 13.6262, 13.877, 14.0355, 13.6262, 13.6262, 13.6262, 13.6262, 13.6262, 13.6262, 13.6262, 13.6262, 13.6262, 13.6262, 13.6262, 13.6262, 13.6262, 13.6262, 13.6269, 13.6262
6.87714, 4.91635, 14.3979, 13.6209, 2.62989, -9.48157, 0, 13.6209, 13.8758, 14.1424, 13.6209, 13.6209, 13.6209, 13.6209, 13.6209, 13.6209, 13.6209, 13.6209, 13.6209, 13.6209, 13.6209, 13.6209, 13.6209, 13.6209, 13.6215, 13.6209
6.88498, 10.0693, 14.5303, 13.6154, 3.4741, -4.46095, 0, 13.6154, 13.872, 14.2732, 13.6154, 13.6154, 13.6154, 13.6154, 13.6154, 13.6154, 13.6154, 13.6154, 13.6154, 13.6154, 13.6154, 13.6154, 13.6154, 13.6154, 13.6159, 13.6154
6.89282, 9.84919, 14.6873, 13.6097, 3.44227, -4.83806, 0, 13.6097, 13.8657, 14.4308, 13.6097, 13.6097, 13.6097, 13.6097, 13.6097, 13.6097, 13.6097, 13.6097, 13.6097, 13.6097, 13.6097, 13.6097, 13.6097, 13.6097, 13.6101, 13.6097
6.90066, 6.4136, 14.8718, 13.6037, 2.90062, -8.45819, 0, 13.6037, 13.8568, 14.6184, 13.6037, 13.6037, 13.6037, 13.6037, 13.6037, 13.6037, 13.6037, 13.6037, 13.6037, 13.6037, 13.6037, 13.6037, 13.6037, 13.6037, 13.6041, 13.6037
6.90851, 9.98312, 15.0866, 13.5975, 3.46166, -5.10349, 0, 13.5975, 13.8453, 14.8384, 13.5975, 13.5975, 13.5975, 13.5975, 13.5975, 13.5975, 13.5975, 13.5975, 13.5975, 13.5975, 13.5975, 13.5975, 13.5975, 13.5975, 13.5979, 13.5975
6.91635, 15.9186, 15.334, 13.591, 4.23304, 0.584624, 0, 13.591, 13.8314, 15.0931, 13.591, 13.591, 13.591, 13.591, 13.591, 13.591, 13.591, 13.591, 13.591, 13.591, 13.591, 13.591, 13.591, 13.591, 13.5914, 13.591
6.92419, 7.86134, 15.6155, 13.5841, 3.14028, -7.75414, 0, 13.5842, 13.8153, 15.3839, 13.5841, 13.5841, 13.5841, 13.5841, 13.5841, 13.5841, 13.5841, 13.5841, 13.5841, 13.5841, 13.5841, 13.5841, 13.5841, 13.5841, 13.5846, 13.5841
6.93204, 7.8114, 15.9318, 13.5769, 3.13231, -8.12039, 0, 13.5769, 13.7971, 15.711, 13.5769, 13.5769, 13.5769, 13.5769, 13.5769, 13.5769, 13.5769, 13.5769, 13.5769, 13.5769, 13.5769, 13.5769, 13.5769, 13.5769, 13.5775, 13.5769
6.93988, 6.34102, 16.2826, 13.5693, 2.88808, -9.94154, 0, 13.5693, 13.7771, 16.074, 13.5693, 13.5693, 13.5693, 13.5693, 13.5693, 13.5693, 13.5693, 13.5693, 13.5693, 13.5693, 13.5693, 13.5693, 13.5693, 13.5693, 13.57, 13.5693
6.94772, 13.9831, 16.6661, 13.5612, 3.99789, -2.68299, 0, 13.5612, 13.7555, 16.4708, 13.5612, 13.5612, 13.5612, 13.5612, 13.5612, 13.5612, 13.5612, 13.5612, 13.5612, 13.5612, 13.5612, 13.5612, 13.5612, 13.5612, 13.5622, 13.5612
6.95556, 12.8261, 17.0791, 13.5525, 3.85046, -4.25303, 0, 13.5525, 13.7326, 16.8977, 13.5525, 13.5525, 13.5525, 13.5525, 13.5525, 13.5525, 13.5525, 13.5525, 13.5525, 13.5525, 13.5525, 13.5525, 13.5525, 13.5525, 13.5538, 13.5525
6.96341, 10.3401, 17.517, 13.5433, 3.51285, -7.17691, 0, 13.5433, 13.7086, 17.35, 13.5433, 13.5433, 13.5433, 13.5433, 13.5433, 13.5433, 13.5433, 13.5433, 13.5433, 13.5433, 13.5433, 13.5433, 13.5433, 13.5433, 13.545, 13.5433
6.97125, 13.7831, 17.9735, 13.5334, 3.97279, -4.19042, 0, 13.5334, 13.6838, 17.8208, 13.5334, 13.5334, 13.5334, 13.5334, 13.5334, 13.5334, 13.5334, 13.5334, 13.5334, 13.5334, 13.5334, 13.5334, 13.5334, 13.5334, 13.5356, 13.5334
6.97909, 10.1192, 18.5802, 13.6621, 3.48127, -8.46095, 0, 13.6621, 13.7978, 18.4416, 13.6621, 13.6621, 13.6621, 13.6621, 13.6621, 13.6621, 13.6621, 13.6621, 13.6621, 13.6621, 13.6621, 13.6621, 13.6621, 13.6621, 13.6649, 13.6621
6.98694, 16.8049, 19.1887, 13.7902, 4.33647, -2.38379, 0, 13.7902, 13.9115, 19.0637, 13.7902, 13.7902, 13.7902, 13.7902, 13.7902, 13.7902, 13.7902, 13.7902, 13.7902, 13.7902, 13.7902, 13.7902, 13.7902, 13.7902, 13.7938, 13.7902
6.99478, 10.9444, 19.7879, 13.9166, 3.59784, -8.84349, 0, 13.9166, 14.0242, 19.6757, 13.9166, 13.9166, 13.9166, 13.9166, 13.9166, 13.9166, 13.9166, 13.9166, 13.9166, 13.9166, 13.9166, 13.9166, 13.9166, 13.9166, 13.9213, 13.9166
7.00262, 13.0642, 20.2491, 13.9236, 3.88126, -7.18487, 0, 13.9236, 14.0182, 20.1486, 13.9236, 13.9236, 13.9236, 13.9236, 13.9236, 13.9236, 13.9236, 13.9236, 13.9236, 13.9236, 13.9236, 13.9236, 13.9236, 13.9236, 13.9295, 13.9236
7.01046, 10.8766, 20.4443, 13.6946, 3.5884, -9.56767, 0, 13.6946, 13.777, 20.3545, 13.6946, 13.6946, 13.6946, 13.6946, 13.6946, 13.6946, 13.6946, 13.6946, 13.6946, 13.6946, 13.6946, 13.6946, 13.6946, 13.6946, 13.7019, 13.6946
7.01831, 14.0229, 20.5981, 13.4653, 4.00287, -6.57519, 0, 13.4653, 13.5366, 20.5177, 13.4653, 13.4653, 13.4653, 13.4653, 13.4653, 13.4653, 13.4653, 13.4653, 13.4653, 13.4653, 13.4653, 13.4653, 13.4653, 13.4653, 13.4743, 13.4653
7.02615, 13.2033, 20.6992, 13.235, 3.89915, -7.49589, 0, 13.235, 13.2962, 20.6269, 13.235, 13.235, 13.235, 13.235, 13.235, 13.235, 13.235, 13.235, 13.235, 13.235, 13.235, 13.235, 13.235, 13.235, 13.2461, 13.235
7.03399, 19.8582, 20.7381, 13.0036, 4.67528, -0.879816, 0, 13.0036, 13.0559, 20.6723, 13.0036, 13.0036, 13.0036, 13.0036, 13.0036, 13.0036, 13.0036, 13.0036, 13.0036, 13.0036, 13.0036, 13.0036, 13.0036, 13.0036, 13.0171, 13.0036
7.04183, 11.0585, 20.7067, 12.7714, 3.61366, -9.64816, 0, 12.7714, 12.8158, 20.6462, 12.7714, 12.7714, 12.7714, 12.7714, 12.7714, 12.7714, 12.7714, 12.7714, 12.7714, 12.7714, 12.7714, 12.7714, 12.7714, 12.7714, 12.7876, 12.7714
7.04968, 19.9728, 20.5992, 12.5386, 4.68751, -0.626488, 0, 12.5386, 12.576, 20.5427, 12.5386, 12.5386, 12.5386, 12.5386, 12.5386, 12.5386, 12.5386, 12.5386, 12.5386, 12.5386, 12.5386, 12.5386, 12.5386, 12.5386, 12.5578, 12.5386
7.05752, 14.9107, 20.4127, 12.306, 4.11226, -5.50197, 0, 12.306, 12.3375, 20.3587, 12.306, 12.306, 12.306, 12.306, 12.306, 12.306, 12.306, 12.306, 12.306, 12.306, 12.306, 12.306, 12.306, 12.306, 12.3286, 12.306
7.06536, 12.8871, 20.1447, 12.0729, 3.85838, -7.25759, 0, 12.0729, 12.0993, 20.092, 12.0729, 12.0729, 12.0729, 12.0729, 12.0729, 12.0729, 12.0729, 12.0729, 12.0729, 12.0729, 12.0729, 12.0729, 12.0729, 12.0729, 12.0992, 12.0729
7.07321, 12.0575, 19.7963, 11.8392, 3.74933, -7.73882, 0, 11.8392, 11.8613, 19.7438, 11.8392, 11.8392, 11.8392, 11.8392, 11.8392, 11.8392, 11.8392, 11.8392, 11.8392, 11.8392, 11.8392, 11.8392, 11.8392, 11.8392, 11.8696, 11.8392
7.08105, 14.9835, 19.3713, 11.6054, 4.12111, -4.38779, 0, 11.6054, 11.624, 19.3179, 11.6054, 11.6054, 11.6054, 11.6054, 11.6054, 11.6054, 11.6054, 11.6054, 11.6054, 11.6054, 11.6054, 11.6054, 11.6054, 11.6054, 11.6402, 11.6054
7.08889, 11.972, 18.8755, 11.3716, 3.73791, -6.9035, 0, 11.3716, 11.3873, 18.8204, 11.3716, 11.3716, 11.3716, 11.3716, 11.3716, 11.3716, 11.3716, 11.3716, 11.3716, 11.3716, 11.3716, 11.3716, 11.3716, 11.3716, 11.411, 11.3716
7.09673, 15.0123, 18.3173, 11.1386, 4.12459, -3.30505, 0, 11.1386, 11.152, 18.2598, 11.1386, 11.1386, 11.1386, 11.1386, 11.1386, 11.1386, 11.1386, 11.1386, 11.1386, 11.1386, 11.1386, 11.1386, 11.1386, 11.1386, 11.1829, 11.1386
7.10458, 15.9783, 17.7055, 10.906, 4.24008, -1.72725, 0, 10.906, 10.9174, 17.6449, 10.906, 10.906, 10.906, 10.906, 10.906, 10.906, 10.906, 10.906, 10.906, 10.906, 10.906, 10.906, 10.906, 10.906, 10.9552, 10.906
7.11242, 13.9703, 17.0504, 10.6738, 3.99628, -3.08018, 0, 10.6738, 10.6837, 16.9863, 10.6738, 10.6738, 10.6738, 10.6738, 10.6738, 10.6738, 10.6738, 10.6738, 10.6738, 10.6738, 10.6738, 10.6738, 10.6738, 10.6738, 10.728, 10.6738
7.12026, 11.9809, 16.3634, 10.4422, 3.7391, -4.38255, 0, 10.4422, 10.4509, 16.2956, 10.4422, 10.4422, 10.4422, 10.4422, 10.4422, 10.4422, 10.4422, 10.4422, 10.4422, 10.4422, 10.4422, 10.4422, 10.4422, 10.4422, 10.5013, 10.4422
7.12811, 10.9855, 15.6558, 10.2113, 3.60354, -4.6703, 0, 10.2113, 10.2191, 15.5841, 10.2113, 10.2113, 10.2113, 10.2113, 10.2113, 10.2113, 10.2113, 10.2113, 10.2113, 10.2113, 10.2113, 10.2113, 10.2113, 10.2113, 10.2752, 10.2113
7.13595, 11.9859, 14.9384, 9.98111, 3.73977, -2.95251, 0, 9.98112, 9.98825, 14.8629, 9.98111, 9.98111, 9.98111, 9.98111, 9.98111, 9.98111, 9.98111, 9.98111, 9.98111, 9.98111, 9.98111, 9.98111, 9.98111, 9.98111, 10.0494, 9.98111
7.14379, 12.9909, 14.2216, 9.75156, 3.87181, -1.23068, 0, 9.75157, 9.75819, 14.1425, 9.75156, 9.75156, 9.75156, 9.75156, 9.75156, 9.75156, 9.75156, 9.75156, 9.75156, 9.75156, 9.75156, 9.75156, 9.75156, 9.75156, 9.82399, 9.75156
7.15163, 7.98792, 13.5145, 9.52258, 3.16037, -5.52654, 0, 9.52259, 9.52883, 13.4322, 9.52258, 9.52258, 9.52258, 9.52258, 9.52258, 9.52258, 9.52258, 9.52258, 9.52258, 9.52258, 9.52258, 9.52258, 9.52258, 9.52258, 9.59861, 9.52258
7.15948, 7.96748, 12.8251, 9.29414, 3.15713, -4.85766, 0, 9.29415, 9.30011, 12.7401, 9.29414, 9.29414, 9.29414, 9.29414, 9.29414, 9.29414, 9.29414, 9.29414, 9.29414, 9.29414, 9.29414, 9.29414, 9.29414, 9.29414, 9.37319, 9.29414
7.16732, 10.9957, 12.1602, 9.0662, 3.60496, -1.16444, 0, 9.06621, 9.07198, 12.073, 9.0662, 9.0662, 9.0662, 9.0662, 9.0662, 9.0662, 9.0662, 9.0662, 9.0662, 9.0662, 9.0662, 9.0662, 9.0662, 9.0662, 9.14761, 9.0662
7.17516, 9.03067, 11.5244, 8.83856, 3.32125, -2.49371, 0, 8.83856, 8.84421, 11.4357, 8.83856, 8.83856, 8.83856, 8.83856, 8.83856, 8.83856, 8.83856, 8.83856, 8.83856, 8.83856, 8.83856, 8.83856, 8.83856, 8.83856, 8.92159, 8.83856
7.183, 10.9753, 10.9214, 8.61116, 3.60212, 0.0538788, 0, 8.61116, 8.61673, 10.8319, 8.61116, 8.61116, 8.61116, 8.61116, 8.61116, 8.61116, 8.61116, 8.61116, 8.61116, 8.61116, 8.61116, 8.61116, 8.61116, 8.61116, 8.69504, 8.61116
7.19085, 12.9506, 10.3533, 8.3839, 3.86659, 2.59725, 0, 8.38391, 8.38943, 10.2638, 8.3839, 8.3839, 8.3839, 8.3839, 8.3839, 8.3839, 8.3839, 8.3839, 8.3839, 8.3839, 8.3839, 8.3839, 8.3839, 8.3839, 8.46783, 8.3839
7.19869, 4.07472, 9.82077, 8.15667, 2.46469, -5.74605, 0, 8.15667, 8.16219, 9.73209, 8.15667, 8.15667, 8.15667, 8.15667, 8.15667, 8.15667, 8.15667, 8.15667, 8.15667, 8.15667, 8.15667, 8.15667, 8.15667, 8.15667, 8.23984, 8.15667
7.20653, 4.04461, 9.32353, 7.92937, 2.45858, -5.27892, 0, 7.92938, 7.93489, 9.23639, 7.92937, 7.92937, 7.92937, 7.92937, 7.92937, 7.92937, 7.92937, 7.92937, 7.92937, 7.92937, 7.92937, 7.92938, 7.92937, 7.92937, 8.01099, 7.92937
7.21438, 9.94585, 8.86029, 7.70193, 3.45628, 1.08556, 0, 7.70193, 7.70746, 8.77543, 7.70193, 7.70193, 7.70193, 7.70193, 7.70193, 7.70193, 7.70193, 7.70193, 7.70193, 7.70193, 7.70193, 7.70193, 7.70193, 7.70193, 7.78126, 7.70193
7.22222, 6.96549, 8.42904, 7.47422, 2.99424, -1.46355, 0, 7.47422, 7.47978, 8.34712, 7.47422, 7.47422, 7.47422, 7.47422, 7.47422, 7.47422, 7.47422, 7.47422, 7.47422, 7.47422, 7.47422, 7.47422, 7.47422, 7.47422, 7.55058, 7.47422
7.23006, 5.99294, 8.02733, 7.24623, 2.82718, -2.03439, 0, 7.24623, 7.25182, 7.94894, 7.24623, 7.24623, 7.24623, 7.24623, 7.24623, 7.24623, 7.24623, 7.24623, 7.24623, 7.24623, 7.24623, 7.24623, 7.24623, 7.24623, 7.31903, 7.24623
7.2379, 5.0614, 7.65224, 7.01784, 2.65733, -2.59084, 0, 7.01784, 7.02347, 7.57788, 7.01784, 7.01784, 7.01784, 7.01784, 7.01784, 7.01784, 7.01784, 7.01784, 7.01784, 7.01784, 7.01784, 7.01784, 7.01784, 7.01784, 7.08656, 7.01784
7.24575, 7.92391, 7.30088, 6.78904, 3.15022, 0.623033, 0, 6.78904, 6.79471, 7.23095, 6.78904, 6.78904, 6.78904, 6.78904, 6.78904, 6.78904, 6.78904, 6.78904, 6.78904, 6.78904, 6.78904, 6.78904, 6.78904, 6.78904, 6.85329, 6.78904
7.25359, 8.87546, 6.97023, 6.55978, 3.2978, 1.90523, 0, 6.55979, 6.5655, 6.90502, 6.55978, 6.55978, 6.55978, 6.55978, 6.55978, 6.55978, 6.55978, 6.55978, 6.55978, 6.55978, 6.55978, 6.55978, 6.55978, 6.55978, 6.61928, 6.55978
7.26143, 8.11041, 6.65728, 6.32994, 3.17969, 1.45312, 0, 6.32995, 6.33571, 6.59696, 6.32994, 6.32994, 6.32994, 6.32994, 6.32994, 6.32994, 6.32994, 6.32994, 6.32994, 6.32994, 6.32994, 6.32994, 6.32994, 6.32994, 6.3845, 6.32994
7.26928, 6.99257, 6.35939, 6.09955, 2.99876, 0.633188, 0, 6.09955, 6.10536, 6.30403, 6.09955, 6.09955, 6.09955, 6.09955, 6.09955, 6.09955, 6.09955, 6.09955, 6.09955, 6.09955, 6.09955, 6.09955, 6.09955, 6.09955, 6.14909, 6.09955
7.27712, 3.03915, 5.96908, 5.76363, 2.2448, -2.92993, 0, 5.76363, 5.76949, 5.91867, 5.76363, 5.76363, 5.76363, 5.76363, 5.76363, 5.76363, 5.76363, 5.76363, 5.76363, 5.76363, 5.76363, 5.76363, 5.76363, 5.76363, 5.80818, 5.76363
7.28496, 7.99529, 5.56949, 5.40752, 3.16153, 2.4258, 0, 5.40752, 5.41343, 5.52391, 5.40752, 5.40752, 5.40752, 5.40752, 5.40752, 5.40752, 5.40752, 5.40752, 5.40752, 5.40752, 5.40752, 5.40752, 5.40752, 5.40752, 5.44719, 5.40752
7.2928, 1.09752, 5.17935, 5.05188, 1.75998, -4.08182, 0, 5.05189, 5.05785, 5.1384, 5.05188, 5.05188, 5.05188, 5.05188, 5.05188, 5.05188, 5.05188, 5.05188, 5.05188, 5.05188, 5.05188, 5.05188, 5.05188, 5.05188, 5.08686, 5.05188
7.30065, 4.89269, 4.82446, 4.72422, 2.62539, 0.068233, 0, 4.72422, 4.73023, 4.78789, 4.72422, 4.72422, 4.72422, 4.72422, 4.72422, 4.72422, 4.72422, 4.72422, 4.72422, 4.72422, 4.72422, 4.72422, 4.72422, 4.72422, 4.75476, 4.72422
7.30849, 4.99529, 4.78179, 4.7029, 2.64486, 0.213503, 0, 4.7029, 4.70897, 4.7493, 4.7029, 4.7029, 4.7029, 4.7029, 4.7029, 4.7029, 4.7029, 4.7029, 4.7029, 4.7029, 4.7029, 4.7029, 4.7029, 4.7029, 4.72932, 4.7029
7.31633, 5.05359, 4.74368, 4.68145, 2.65586, 0.309917, 0, 4.68145, 4.68757, 4.71493, 4.68145, 4.68145, 4.68145, 4.68145, 4.68145, 4.68145, 4.68145, 4.68145, 4.68145, 4.68145, 4.68145, 4.68145, 4.68145, 4.68145, 4.70407, 4.68145
7.32417, 5.87572, 4.70917, 4.65989, 2.80637, 1.16655, 0, 4.65989, 4.66606, 4.68381, 4.65989, 4.65989, 4.65989, 4.65989, 4.65989, 4.65989, 4.65989, 4.65989, 4.65989, 4.65989, 4.65989, 4.65989, 4.65989, 4.65989, 4.67907, 4.65989
7.33202, 4.11944, 4.6775, 4.63824, 2.47375, -0.558061, 0, 4.63824, 4.64446, 4.65517, 4.63824, 4.63824, 4.63824, 4.63824, 4.63824, 4.63824, 4.63824, 4.63824, 4.63824, 4.63824, 4.63824, 4.63824, 4.63824, 4.63824, 4.65435, 4.63824
7.33986, 4.7349, 4.64802, 4.61648, 2.59517, 0.0868793, 0, 4.61649, 4.62276, 4.62834, 4.61648, 4.61648, 4.61648, 4.61648, 4.61648, 4.61648, 4.61648, 4.61648, 4.61648, 4.61648, 4.61648, 4.61648, 4.61648, 4.61648, 4.62988, 4.61648
7.3477, 6.05574, 4.62022, 4.59462, 2.83826, 1.43552, 0, 4.59462, 4.60095, 4.60285, 4.59462, 4.59462, 4.59462, 4.59462, 4.59462, 4.59462, 4.59462, 4.59462, 4.59462, 4.59462, 4.59462, 4.59462, 4.59462, 4.59462, 4.60566, 4.59462
7.35555, 7.06109, 4.59374, 4.57269, 3.01016, 2.46735, 0, 4.57269, 4.57907, 4.57834, 4.57269, 4.57269, 4.57269, 4.57269, 4.57269, 4.57269, 4.57269, 4.57269, 4.57269, 4.57269, 4.57269, 4.57269, 4.57269, 4.57269, 4.5817, 4.57269
7.36339, 7.0658, 4.56833, 4.55075, 3.01095, 2.49747, 0, 4.55076, 4.55719, 4.5546, 4.55075, 4.55075, 4.55075, 4.55075, 4.55075, 4.55075, 4.55075, 4.55075, 4.55075, 4.55075, 4.55075, 4.55075, 4.55075, 4.55075, 4.55804, 4.55075
7.37123, 3.9197, 4.54376, 4.52883, 2.43304, -0.624062, 0, 4.52883, 4.53532, 4.53142, 4.52883, 4.52883, 4.52883, 4.52883, 4.52883, 4.52883, 4.52883, 4.52883, 4.52883, 4.52883, 4.52883, 4.52883, 4.52883, 4.52883, 4.53468, 4.52883
7.37907, 4.07052, 4.51983, 4.50689, 2.46384, -0.449312, 0, 4.50689, 4.51344, 4.50862, 4.50689, 4.50689, 4.50689, 4.50689, 4.50689, 4.50689, 4.50689, 4.50689, 4.50689, 4.50689, 4.50689, 4.50689, 4.50689, 4.50689, 4.51155, 4.50689
7.38692, 6.91517, 4.49641, 4.48497, 2.98583, 2.41876, 0, 4.48497, 4.49157, 4.48611, 4.48497, 4.48497, 4.48497, 4.48497, 4.48497, 4.48497, 4.48497, 4.48497, 4.48497, 4.48497, 4.48497, 4.48497, 4.48497, 4.48497, 4.48866, 4.48497
7.39476, 4.07516, 4.47336, 4.46303, 2.46478, -0.3982, 0, 4.46304, 4.46969, 4.46378, 4.46303, 4.46303, 4.46303, 4.46303, 4.46303, 4.46303, 4.46303, 4.46303, 4.46303, 4.46303, 4.46303, 4.46303, 4.46303, 4.46303, 4.46595, 4.46303
7.4026, 1.99516, 4.45058, 4.44105, 1.99879, -2.45542, 0, 4.44106, 4.44777, 4.44154, 4.44105, 4.44105, 4.44105, 4.44105, 4.44105, 4.44105, 4.44105, 4.44105, 4.44105, 4.44105, 4.44105, 4.44105, 4.44105, 4.44105, 4.44337, 4.44105
7.41045, 2.08265, 4.42803, 4.41908, 2.02056, -2.34538, 0, 4.41908, 4.42585, 4.41939, 4.41908, 4.41908, 4.41908, 4.41908, 4.41908, 4.41908, 4.41908, 4.41908, 4.41908, 4.41908, 4.41908, 4.41908, 4.41908, 4.41908, 4.42095, 4.41908
7.41829, 7.63848, 4.40573, 4.39716, 3.10459, 3.23275, 0, 4.39717, 4.40399, 4.39736, 4.39716, 4.39716, 4.39716, 4.39716, 4.39716, 4.39716, 4.39716, 4.39716, 4.39716, 4.39716, 4.39716, 4.39716, 4.39716, 4.39716, 4.3987, 4.39716
7.42613, 6.2645, 4.38365, 4.37532, 2.8748, 1.88085, 0, 4.37532, 4.3822, 4.37544, 4.37532, 4.37532, 4.37532, 4.37532, 4.37532, 4.37532, 4.37532, 4.37532, 4.37532, 4.37532, 4.37532, 4.37532, 4.37532, 4.37532, 4.37664, 4.37532
7.43397, 3.99518, 4.36171, 4.35349, 2.44851, -0.366527, 0, 4.35349, 4.36043, 4.35356, 4.35349, 4.35349, 4.35349, 4.35349, 4.35349, 4.35349, 4.35349, 4.35349, 4.35349, 4.35349, 4.35349, 4.35349, 4.35349, 4.35349, 4.35468, 4.35349
7.44182, 4.89813, 4.33992, 4.33171, 2.62643, 0.558212, 0, 4.33171, 4.33871, 4.33176, 4.33171, 4.33171, 4.33171, 4.33171, 4.33171, 4.33171, 4.33171, 4.33171, 4.33171, 4.33171, 4.33171, 4.33171, 4.33171, 4.33171, 4.33287, 4.33171
7.44966, 6.99258, 4.31821, 4.30993, 2.99876, 2.67437, 0, 4.30993, 4.31698, 4.30996, 4.30993, 4.30993, 4.30993, 4.30993, 4.30993, 4.30993, 4.30993, 4.30993, 4.30993, 4.30993, 4.30993, 4.30993, 4.30993, 4.30993, 4.31112, 4.30993
7.4575, 5.09478, 4.29659, 4.28814, 2.6636, 0.798192, 0, 4.28815, 4.29526, 4.28816, 4.28814, 4.28814, 4.28814, 4.28814, 4.28814, 4.28814, 4.28814, 4.28814, 4.28814, 4.28814, 4.28814, 4.28815, 4.28814, 4.28814, 4.28945, 4.28814
7.46535, 1.20372, 4.27509, 4.26642, 1.78989, -3.07137, 0, 4.26642, 4.27359, 4.26643, 4.26642, 4.26642, 4.26642, 4.26642, 4.26642, 4.26642, 4.26642, 4.26642, 4.26642, 4.26642, 4.26642, 4.26642, 4.26642, 4.26642, 4.2679, 4.26642
7.47319, 3.89331, 4.25377, 4.24481, 2.42761, -0.360465, 0, 4.24481, 4.25205, 4.24482, 4.24481, 4.24481, 4.24481, 4.24481, 4.24481, 4.24481, 4.24481, 4.24481, 4.24481, 4.24481, 4.24481, 4.24481, 4.24481, 4.24481, 4.24653, 4.24481
7.48103, 8.56146, 4.23251, 4.22319, 3.24984, 4.32895, 0, 4.22319, 4.23049, 4.22319, 4.22319, 4.22319, 4.22319, 4.22319, 4.22319, 4.22319, 4.22319, 4.22319, 4.22319, 4.22319, 4.22319, 4.22319, 4.22319, 4.22319, 4.22521, 4.22319
7.48887, 6.32232, 4.21137, 4.20163, 2.88484, 2.11095, 0, 4.20163, 4.20899, 4.20163, 4.20163, 4.20163, 4.20163, 4.20163, 4.20163, 4.20163, 4.20163, 4.20163, 4.20163, 4.20163, 4.20163, 4.20163, 4.20163, 4.20163, 4.20401, 4.20163
7.49672, 4.76715, 4.19042, 4.18019, 2.60137, 0.57673, 0, 4.18019, 4.18761, 4.18019, 4.18019, 4.18019, 4.18019, 4.18019, 4.18019, 4.18019, 4.18019, 4.18019, 4.18019, 4.18019, 4.18019, 4.18019, 4.18019, 4.18019, 4.18299, 4.18019
7.50456, 5.22306, 4.16951, 4.15873, 2.68758, 1.05355, 0, 4.15873, 4.16622, 4.15873, 4.15873, 4.15873, 4.15873, 4.15873, 4.15873, 4.15873, 4.15873, 4.15873, 4.15873, 4.15873, 4.15873, 4.15873, 4.15873, 4.15873, 4.16201, 4.15873
7.5124, 2.99528, 4.14871, 4.13733, 2.23501, -1.15344, 0, 4.13733, 4.14489, 4.13733, 4.13733, 4.13733, 4.13733, 4.13733, 4.13733, 4.13733, 4.13733, 4.13733, 4.13733, 4.13733, 4.13733, 4.13733, 4.13733, 4.13733, 4.14115, 4.13733
7.52024, 2.23742, 4.12811, 4.11606, 2.0585, -1.89069, 0, 4.11607, 4.1237, 4.11606, 4.11606, 4.11606, 4.11606, 4.11606, 4.11606, 4.11606, 4.11606, 4.11606, 4.11606, 4.11606, 4.11606, 4.11606, 4.11606, 4.11606, 4.12047, 4.11606
7.52809, 6.62937, 4.10752, 4.09477, 2.93758, 2.52184, 0, 4.09477, 4.10248, 4.09477, 4.09477, 4.09477, 4.09477, 4.09477, 4.09477, 4.09477, 4.09477, 4.09477, 4.09477, 4.09477, 4.09477, 4.09477, 4.09477, 4.09477, 4.09981, 4.09477
7.53593, 4.99294, 4.08704, 4.07353, 2.64442, 0.905897, 0, 4.07353, 4.08132, 4.07353, 4.07353, 4.07353, 4.07353, 4.07353, 4.07353, 4.07353, 4.07353, 4.07353, 4.07353, 4.07353, 4.07353, 4.07353, 4.07353, 4.07353, 4.07924, 4.07353
7.54377, 7.12096, 4.07948, 4.06517, 3.02009, 3.04148, 0, 4.06517, 4.07306, 4.06517, 4.06517, 4.06517, 4.06517, 4.06517, 4.06517, 4.06517, 4.06517, 4.06517, 4.06517, 4.06517, 4.06517, 4.06517, 4.06517, 4.06517, 4.07158, 4.06517
7.55162, 2.12594, 4.07186, 4.05673, 2.03124, -1.94592, 0, 4.05673, 4.06472, 4.05673, 4.05673, 4.05673, 4.05673, 4.05673, 4.05673, 4.05673, 4.05673, 4.05673, 4.05673, 4.05673, 4.05673, 4.05673, 4.05673, 4.05673, 4.06387, 4.05673
7.55946, 1.86439, 4.06428, 4.0483, 1.96581, -2.19989, 0, 4.04831, 4.05641, 4.0483, 4.0483, 4.0483, 4.0483, 4.0483, 4.0483, 4.0483, 4.0483, 4.0483, 4.0483, 4.0483, 4.0483, 4.0483, 4.0483, 4.0483, 4.05617, 4.0483
7.5673, 1.13078, 4.05679, 4.03996, 1.7694, -2.92601, 0, 4.03996, 4.04819, 4.03996, 4.03996, 4.03996, 4.03996, 4.03996, 4.03996, 4.03996, 4.03996, 4.03996, 4.03996, 4.03996, 4.03996, 4.03996, 4.03996, 4.03996, 4.04855, 4.03996
7.57514, 5.7215, 4.04924, 4.03155, 2.77876, 1.67226, 0, 4.03156, 4.03994, 4.03155, 4.03155, 4.03155, 4.03155, 4.03155, 4.03155, 4.03155, 4.03155, 4.03155, 4.03155, 4.03155, 4.03155, 4.03155, 4.03155, 4.03155, 4.04085, 4.03155
7.58299, 5.99294, 4.04168, 4.02316, 2.82718, 1.95125, 0, 4.02316, 4.03171, 4.02316, 4.02316, 4.02316, 4.02316, 4.02316, 4.02316, 4.02316, 4.02316, 4.02316, 4.02316, 4.02316, 4.02316, 4.02316, 4.02316, 4.02316, 4.03312, 4.02316
7.59083, 8.27844, 4.03404, 4.01469, 3.206, 4.2444, 0, 4.0147, 4.02345, 4.01469, 4.01469, 4.01469, 4.01469, 4.01469, 4.01469, 4.01469, 4.01469, 4.01469, 4.01469, 4.01469, 4.01469, 4.01469, 4.01469, 4.01469, 4.02528, 4.01469
7.59867, 5.7069, 4.02595, 4.00581, 2.77613, 1.68096, 0, 4.00582, 4.0148, 4.00581, 4.00581, 4.00581, 4.00581, 4.00581, 4.00581, 4.00581, 4.00581, 4.00581, 4.00581, 4.00581, 4.00581, 4.00581, 4.00581, 4.00581, 4.01696, 4.00581
7.60651, 3.2882, 4.01725, 3.99636, 2.29961, -0.729049, 0, 3.99636, 4.00562, 3.99636, 3.99636, 3.99636, 3.99636, 3.99636, 3.99636, 3.99636, 3.99636, 3.99636, 3.99636, 3.99636, 3.99636, 3.99636, 3.99636, 3.99636, 4.00799, 3.99636
7.61436, 5.69749, 4.00796, 3.98635, 2.77443, 1.68953, 0, 3.98636, 3.99593, 3.98635, 3.98635, 3.98635, 3.98635, 3.98635, 3.98635, 3.98635, 3.98635, 3.98635, 3.98635, 3.98635, 3.98635, 3.98635, 3.98635, 3.98635, 3.99837, 3.98635
7.6222, 4.14508, 3.99817, 3.9759, 2.47893, 0.146905, 0, 3.9759, 3.98585, 3.9759, 3.9759, 3.9759, 3.9759, 3.9759, 3.9759, 3.9759, 3.9759, 3.9759, 3.9759, 3.9759, 3.9759, 3.9759, 3.9759, 3.9759, 3.98821, 3.9759
7.63004, 6.53061, 3.98801, 3.96511, 2.92072, 2.54259, 0, 3.96511, 3.9755, 3.96511, 3.96511, 3.96511, 3.96511, 3.96511, 3.96511, 3.96511, 3.96511, 3.96511, 3.96511, 3.96511, 3.96511, 3.96511, 3.96511, 3.96511, 3.97761, 3.96511
7.63789, 1.77447, 3.9774, 3.9539, 1.9428, -2.20293, 0, 3.9539, 3.96481, 3.9539, 3.9539, 3.9539, 3.9539, 3.9539, 3.9539, 3.9539, 3.9539, 3.9539, 3.9539, 3.9539, 3.9539, 3.9539, 3.9539, 3.9539, 3.96649, 3.9539
7.64573, 5.04201, 3.96634, 3.94227, 2.65368, 1.07567, 0, 3.94227, 3.95377, 3.94227, 3.94227, 3.94227, 3.94227, 3.94227, 3.94227, 3.94227, 3.94227, 3.94227, 3.94227, 3.94227, 3.94227, 3.94227, 3.94227, 3.94227, 3.95483, 3.94227
7.65357, 4.79586, 3.95494, 3.93032, 2.60689, 0.840916, 0, 3.93032, 3.94251, 3.93032, 3.93032, 3.93032, 3.93032, 3.93032, 3.93032, 3.93032, 3.93032, 3.93032, 3.93032, 3.93032, 3.93032, 3.93032, 3.93032, 3.93032, 3.94274, 3.93032
7.66141, 5.66864, 3.94339, 3.91821, 2.76923, 1.72525, 0, 3.91821, 3.93119, 3.91821, 3.91821, 3.91821, 3.91821, 3.91821, 3.91821, 3.91821, 3.91821, 3.91821, 3.91821, 3.91821, 3.91821, 3.91821, 3.91821, 3.91821, 3.9304, 3.91821
7.66926, 2.32653, 3.93163, 3.90589, 2.08003, -1.6051, 0, 3.90589, 3.91977, 3.90589, 3.90589, 3.90589, 3.90589, 3.90589, 3.90589, 3.90589, 3.90589, 3.90589, 3.90589, 3.90589, 3.90589, 3.90589, 3.90589, 3.90589, 3.91774, 3.90589
7.6771, 7.65879, 3.91973, 3.8934, 3.10786, 3.73905, 0, 3.8934, 3.9083, 3.8934, 3.8934, 3.8934, 3.8934, 3.8934, 3.8934, 3.8934, 3.8934, 3.8934, 3.8934, 3.8934, 3.8934, 3.8934, 3.8934, 3.8934, 3.90483, 3.8934
7.68494, 7.64944, 3.90781, 3.88084, 3.10636, 3.74163, 0, 3.88085, 3.89688, 3.88084, 3.88084, 3.88084, 3.88084, 3.88084, 3.88084, 3.88084, 3.88084, 3.88084, 3.88084, 3.88084, 3.88084, 3.88084, 3.88084, 3.88084, 3.89177, 3.88084
7.69279, 2.68457, 3.89596, 3.8683, 2.16439, -1.21139, 0, 3.86831, 3.8856, 3.8683, 3.8683, 3.8683, 3.8683, 3.8683, 3.8683, 3.8683, 3.8683, 3.8683, 3.8683, 3.8683, 3.8683, 3.8683, 3.8683, 3.8683, 3.87866, 3.8683
7.70063, 9.29126, 3.88419, 3.85577, 3.36025, 5.40708, 0, 3.85578, 3.87445, 3.85577, 3.85577, 3.85577, 3.85577, 3.85577, 3.85577, 3.85577, 3.85577, 3.85577, 3.85577, 3.85577, 3.85577, 3.85577, 3.85577, 3.85577, 3.86551, 3.85577
7.70847, 6.16696, 3.87246, 3.84321, 2.85779, 2.2945, 0, 3.84321, 3.86338, 3.84321, 3.84321, 3.84321, 3.84321, 3.84321, 3.84321, 3.84321, 3.84321, 3.84321, 3.84321, 3.84321, 3.84321, 3.84321, 3.84321, 3.84321, 3.85228, 3.84321
7.71631, 2.53459, 3.86079, 3.83062, 2.12946, -1.3262, 0, 3.83063, 3.8524, 3.83062, 3.83062, 3.83062, 3.83062, 3.83062, 3.83062, 3.83062, 3.83062, 3.83062, 3.83062, 3.83062, 3.83062, 3.83062, 3.83062, 3.83062, 3.83901, 3.83062
7.72416, 2.18135, 3.84907, 3.8179, 2.04484, -1.66772, 0, 3.81791, 3.84138, 3.8179, 3.8179, 3.8179, 3.8179, 3.8179, 3.8179, 3.8179, 3.8179, 3.8179, 3.8179, 3.8179, 3.8179, 3.8179, 3.8179, 3.8179, 3.82559, 3.8179
7.732, 4.25502, 3.83737, 3.80513, 2.501, 0.417647, 0, 3.80513, 3.83038, 3.80513, 3.80513, 3.80513, 3.80513, 3.80513, 3.80513, 3.80513, 3.80513, 3.80513, 3.80513, 3.80513, 3.80513, 3.80513, 3.80513, 3.80513, 3.81212, 3.80513
7.73984, 5.74498, 3.82575, 3.79237, 2.78298, 1.91923, 0, 3.79238, 3.81945, 3.79237, 3.79237, 3.79237, 3.79237, 3.79237, 3.79237, 3.79237, 3.79237, 3.79237, 3.79237, 3.79237, 3.79237, 3.79237, 3.79237, 3.79237, 3.79868, 3.79237
7.74768, 8.85353, 3.81428, 3.77972, 3.29447, 5.03925, 0, 3.77972, 3.80864, 3.77972, 3.77972, 3.77972, 3.77972, 3.77972, 3.77972, 3.77972, 3.77972, 3.77972, 3.77972, 3.77972, 3.77972, 3.77972, 3.77972, 3.77972, 3.78535, 3.77972
7.75553, 5.17931, 3.80276, 3.76699, 2.67942, 1.37655, 0, 3.76699, 3.79775, 3.76699, 3.76699, 3.76699, 3.76699, 3.76699, 3.76699, 3.76699, 3.76699, 3.76699, 3.76699, 3.76699, 3.76699, 3.76699, 3.76699, 3.76699, 3.77199, 3.76699
7.76337, 7.79214, 3.79125, 3.75428, 3.12924, 4.00089, 0, 3.75429, 3.78685, 3.75428, 3.75428, 3.75428, 3.75428, 3.75428, 3.75428, 3.75428, 3.75428, 3.75428, 3.75428, 3.75428, 3.75428, 3.75428, 3.75428, 3.75428, 3.75868, 3.75428
7.77121, 6.97676, 3.77957, 3.74144, 2.99612, 3.19718, 0, 3.74144, 3.77573, 3.74144, 3.74144, 3.74144, 3.74144, 3.74144, 3.74144, 3.74144, 3.74144, 3.74144, 3.74144, 3.74144, 3.74144, 3.74144, 3.74144, 3.74144, 3.74527, 3.74144
7.77906, 3.7968, 3.76774, 3.72851, 2.40766, 0.0290585, 0, 3.72851, 3.76442, 3.72851, 3.72851, 3.72851, 3.72851, 3.72851, 3.72851, 3.72851, 3.72851, 3.72851, 3.72851, 3.72851, 3.72851, 3.72851, 3.72851, 3.72851, 3.73183, 3.72851
7.7869, 8.38597, 3.75584, 3.7156, 3.22273, 4.63014, 0, 3.71561, 3.75298, 3.7156, 3.7156, 3.7156, 3.7156, 3.7156, 3.7156, 3.7156, 3.7156, 3.7156, 3.7156, 3.7156, 3.7156, 3.7156, 3.7156, 3.7156, 3.71845, 3.7156
7.79474, 6.60446, 3.74393, 3.70284, 2.93334, 2.86053, 0, 3.70284, 3.7415, 3.70284, 3.70284, 3.70284, 3.70284, 3.70284, 3.70284, 3.70284, 3.70284, 3.70284, 3.70284, 3.70284, 3.70284, 3.70284, 3.70284, 3.70284, 3.70527, 3.70284
7.80258, 1.2031, 3.73176, 3.68997, 1.78972, -2.52866, 0, 3.68998, 3.7297, 3.68997, 3.68997, 3.68997, 3.68997, 3.68997, 3.68997, 3.68997, 3.68997, 3.68997, 3.68997, 3.68997, 3.68997, 3.68997, 3.68997, 3.68997, 3.69202, 3.68997
7.81043, 6.36659, 3.71941, 3.67713, 2.89251, 2.64719, 0, 3.67713, 3.71768, 3.67713, 3.67713, 3.67713, 3.67713, 3.67713, 3.67713, 3.67713, 3.67713, 3.67713, 3.67713, 3.67713, 3.67713, 3.67713, 3.67713, 3.67713, 3.67885, 3.67713
7.81827, 7.99028, 3.70677, 3.66421, 3.16074, 4.28351, 0, 3.66421, 3.70533, 3.66421, 3.66421, 3.66421, 3.66421, 3.66421, 3.66421, 3.66421, 3.66421, 3.66421, 3.66421, 3.66421, 3.66421, 3.66421, 3.66421, 3.66421, 3.66565, 3.66421
7.82611, 5.63587, 3.69379, 3.65118, 2.76331, 1.94208, 0, 3.65118, 3.69259, 3.65118, 3.65118, 3.65118, 3.65118, 3.65118, 3.65118, 3.65118, 3.65118, 3.65118, 3.65118, 3.65118, 3.65118, 3.65118, 3.65118, 3.65118, 3.65237, 3.65118
7.83396, 3.9976, 3.68059, 3.63817, 2.449, 0.317005, 0, 3.63817, 3.67959, 3.63817, 3.63817, 3.63817, 3.63817, 3.63817, 3.63817, 3.63817, 3.63817, 3.63817, 3.63817, 3.63817, 3.63817, 3.63817, 3.63817, 3.63817, 3.63916, 3.63817
7.8418, 2.77768, 3.66733, 3.62533, 2.18579, -0.889644, 0, 3.62534, 3.66649, 3.62533, 3.62533, 3.62533, 3.62533, 3.62533, 3.62533, 3.62533, 3.62533, 3.62533, 3.62533, 3.62533, 3.62533, 3.62533, 3.62533, 3.62533, 3.62616, 3.62533
7.84964, 7.10533, 3.65369, 3.61236, 3.0175, 3.45164, 0, 3.61237, 3.65298, 3.61236, 3.61236, 3.61236, 3.61236, 3.61236, 3.61236, 3.61236, 3.61236, 3.61236, 3.61236, 3.61236, 3.61236, 3.61236, 3.61236, 3.61236, 3.61306, 3.61236
7.85748, 4.88501, 3.63985, 3.59941, 2.62393, 1.24516, 0, 3.59942, 3.63924, 3.59941, 3.59941, 3.59941, 3.59941, 3.59941, 3.59941, 3.59941, 3.59941, 3.59941, 3.59941, 3.59941, 3.59941, 3.59941, 3.59941, 3.59941, 3.60002, 3.59941
7.86533, 8.54082, 3.62582, 3.58648, 3.24666, 4.915, 0, 3.58648, 3.62527, 3.58648, 3.58648, 3.58648, 3.58648, 3.58648, 3.58648, 3.58648, 3.58648, 3.58648, 3.58648, 3.58648, 3.58648, 3.58648, 3.58648, 3.58648, 3.58703, 3.58648
7.87317, 4.21971, 3.61148, 3.57339, 2.49393, 0.60823, 0, 3.5734, 3.61095, 3.57339, 3.57339, 3.57339, 3.57339, 3.57339, 3.57339, 3.57339, 3.57339, 3.57339, 3.57339, 3.57339, 3.57339, 3.57339, 3.57339, 3.57339, 3.57392, 3.57339
7.88101, 2.457, 3.59702, 3.56033, 2.11116, -1.14002, 0, 3.56034, 3.59648, 3.56033, 3.56033, 3.56033, 3.56033, 3.56033, 3.56033, 3.56033, 3.56033, 3.56033, 3.56033, 3.56033, 3.56033, 3.56033, 3.56033, 3.56033, 3.56086, 3.56033
7.88885, 1.23203, 3.58266, 3.54748, 1.79779, -2.35063, 0, 3.54749, 3.58209, 3.54748, 3.54748, 3.54748, 3.54748, 3.54748, 3.54748, 3.54748, 3.54748, 3.54748, 3.54748, 3.54748, 3.54748, 3.54748, 3.54748, 3.54748, 3.54806, 3.54748
7.8967, 1.52627, 3.56808, 3.53446, 1.87784, -2.04181, 0, 3.53446, 3.56742, 3.53446, 3.53446, 3.53446, 3.53446, 3.53446, 3.53446, 3.53446, 3.53446, 3.53446, 3.53446, 3.53446, 3.53446, 3.53446, 3.53446, 3.53446, 3.53512, 3.53446
7.90454, 7.75589, 3.55349, 3.52146, 3.12344, 4.20239, 0, 3.52147, 3.55271, 3.52146, 3.52146, 3.52146, 3.52146, 3.52146, 3.52146, 3.52146, 3.52146, 3.52146, 3.52146, 3.52146, 3.52146, 3.52146, 3.52146, 3.52146, 3.52224, 3.52146
7.91238, 2.47621, 3.53903, 3.50857, 2.11571, -1.06282, 0, 3.50858, 3.53808, 3.50857, 3.50857, 3.50857, 3.50857, 3.50857, 3.50857, 3.50857, 3.50857, 3.50857, 3.50857, 3.50857, 3.50857, 3.50857, 3.50857, 3.50857, 3.50951, 3.50857
7.92023, 2.24164, 3.52444, 3.4955, 2.05952, -1.2828, 0, 3.4955, 3.52328, 3.4955, 3.4955, 3.4955, 3.4955, 3.4955, 3.4955, 3.4955, 3.4955, 3.4955, 3.4955, 3.4955, 3.4955, 3.4955, 3.4955, 3.4955, 3.49665, 3.4955
7.92807, 4.50694, 3.50996, 3.48244, 2.55087, 0.996978, 0, 3.48245, 3.50853, 3.48244, 3.48244, 3.48244, 3.48244, 3.48244, 3.48244, 3.48244, 3.48244, 3.48244, 3.48244, 3.48244, 3.48244, 3.48245, 3.48244, 3.48244, 3.48387, 3.48244
7.93591, 5.99529, 3.49585, 3.46964, 2.82759, 2.49944, 0, 3.46964, 3.49409, 3.46964, 3.46964, 3.46964, 3.46964, 3.46964, 3.46964, 3.46964, 3.46964, 3.46964, 3.46964, 3.46964, 3.46964, 3.46964, 3.46964, 3.46964, 3.4714, 3.46964
7.94375, 4.49777, 3.48169, 3.45663, 2.54907, 1.01607, 0, 3.45663, 3.47954, 3.45663, 3.45663, 3.45663, 3.45663, 3.45663, 3.45663, 3.45663, 3.45663, 3.45663, 3.45663, 3.45663, 3.45663, 3.45663, 3.45663, 3.45663, 3.45878, 3.45663
7.9516, 5.98488, 3.46773, 3.44364, 2.82575, 2.51715, 0, 3.44365, 3.46511, 3.44364, 3.44364, 3.44364, 3.44364, 3.44364, 3.44364, 3.44364, 3.44364, 3.44364, 3.44364, 3.44364, 3.44364, 3.44364, 3.44364, 3.44364, 3.44626, 3.44364
7.95944, 4.50285, 3.45416, 3.43086, 2.55007, 1.04869, 0, 3.43086, 3.451, 3.43086, 3.43086, 3.43086, 3.43086, 3.43086, 3.43086, 3.43086, 3.43086, 3.43086, 3.43086, 3.43086, 3.43086, 3.43086, 3.43086, 3.43086, 3.43402, 3.43086
7.96728, 9.96134, 3.44057, 3.41786, 3.45852, 6.52077, 0, 3.41786, 3.43679, 3.41786, 3.41786, 3.41786, 3.41786, 3.41786, 3.41786, 3.41786, 3.41786, 3.41786, 3.41786, 3.41786, 3.41786, 3.41786, 3.41786, 3.41786, 3.42164, 3.41786
7.97513, 3.0289, 3.42721, 3.40488, 2.24252, -0.398307, 0, 3.40488, 3.42273, 3.40488, 3.40488, 3.40488, 3.40488, 3.40488, 3.40488, 3.40488, 3.40488, 3.40488, 3.40488, 3.40488, 3.40488, 3.40488, 3.40488, 3.40488, 3.40936, 3.40488
7.98297, 4.73188, 3.41434, 3.39218, 2.59459, 1.31754, 0, 3.39218, 3.40908, 3.39218, 3.39218, 3.39218, 3.39218, 3.39218, 3.39218, 3.39218, 3.39218, 3.39218, 3.39218, 3.39218, 3.39218, 3.39218, 3.39218, 3.39218, 3.39743, 3.39218
7.99081, 6.25867, 3.40142, 3.37924, 2.87379, 2.85725, 0, 3.37925, 3.39531, 3.37924, 3.37924, 3.37924, 3.37924, 3.37924, 3.37924, 3.37924, 3.37924, 3.37924, 3.37924, 3.37924, 3.37924, 3.37924, 3.37924, 3.37924, 3.38535, 3.37924
7.99865, 7.45843, 3.38872, 3.36633, 3.07546, 4.06971, 0, 3.36634, 3.38169, 3.36633, 3.36633, 3.36633, 3.36633, 3.36633, 3.36633, 3.36633, 3.36633, 3.36633, 3.36633, 3.36633, 3.36633, 3.36633, 3.36633, 3.36633, 3.37336, 3.36633
8.0065, 2.07304, 3.37649, 3.35372, 2.01818, -1.30344, 0, 3.35372, 3.36847, 3.35372, 3.35372, 3.35372, 3.35372, 3.35372, 3.35372, 3.35372, 3.35372, 3.35372, 3.35372, 3.35372, 3.35372, 3.35372, 3.35372, 3.35372, 3.36173, 3.35372
8.01434, 3, 3.36415, 3.34085, 2.23607, -0.364149, 0, 3.34085, 3.35511, 3.34085, 3.34085, 3.34085, 3.34085, 3.34085, 3.34085, 3.34085, 3.34085, 3.34085, 3.34085, 3.34085, 3.34085, 3.34085, 3.34085, 3.34085, 3.34989, 3.34085
8.02218, 1.7246, 3.35196, 3.32801, 1.92992, -1.62736, 0, 3.32801, 3.34185, 3.32801, 3.32801, 3.32801, 3.32801, 3.32801, 3.32801, 3.32801, 3.32801, 3.32801, 3.32801, 3.32801, 3.32801, 3.32801, 3.32801, 3.32801, 3.33811, 3.32801
8.03002, 4.44181, 3.34017, 3.31548, 2.53807, 1.10164, 0, 3.31548, 3.32899, 3.31548, 3.31548, 3.31548, 3.31548, 3.31548, 3.31548, 3.31548, 3.31548, 3.31548, 3.31548, 3.31548, 3.31548, 3.31548, 3.31548, 3.31548, 3.32665, 3.31548
8.03787, 3.27312, 3.32819, 3.30268, 2.29633, -0.0550647, 0, 3.30268, 3.31593, 3.30268, 3.30268, 3.30268, 3.30268, 3.30268, 3.30268, 3.30268, 3.30268, 3.30268, 3.30268, 3.30268, 3.30268, 3.30268, 3.30268, 3.30268, 3.31492, 3.30268
8.04571, 3.99517, 3.31626, 3.2899, 2.4485, 0.678912, 0, 3.2899, 3.30296, 3.2899, 3.2899, 3.2899, 3.2899, 3.2899, 3.2899, 3.2899, 3.2899, 3.2899, 3.2899, 3.2899, 3.2899, 3.2899, 3.2899, 3.2899, 3.30319, 3.2899
8.05355, 2.99508, 3.35753, 3.33033, 2.23497, -0.36245, 0, 3.33033, 3.34325, 3.33033, 3.33033, 3.33033, 3.33033, 3.33033, 3.33033, 3.33033, 3.33033, 3.33033, 3.33033, 3.33033, 3.33033, 3.33033, 3.33033, 3.33033, 3.34461, 3.33033
8.0614, 3.99526, 3.3988, 3.37078, 2.44852, 0.596457, 0, 3.37079, 3.3836, 3.37078, 3.37078, 3.37078, 3.37078, 3.37078, 3.37078, 3.37078, 3.37078, 3.37078, 3.37078, 3.37078, 3.37078, 3.37078, 3.37078, 3.37078, 3.38598, 3.37078
8.06924, 2.70545, 3.44025, 3.41149, 2.16921, -0.7348, 0, 3.41149, 3.42424, 3.41149, 3.41149, 3.41149, 3.41149, 3.41149, 3.41149, 3.41149, 3.41149, 3.41149, 3.41149, 3.41149, 3.41149, 3.41149, 3.41149, 3.41149, 3.42749, 3.41149
8.07708, 4.28488, 3.48207, 3.45264, 2.50697, 0.802814, 0, 3.45264, 3.46536, 3.45264, 3.45264, 3.45264, 3.45264, 3.45264, 3.45264, 3.45264, 3.45264, 3.45264, 3.45264, 3.45264, 3.45264, 3.45264, 3.45264, 3.45264, 3.46935, 3.45264
8.08492, 3.70049, 3.52381, 3.49384, 2.38757, 0.176674, 0, 3.49384, 3.50655, 3.49384, 3.49384, 3.49384, 3.49384, 3.49384, 3.49384, 3.49384, 3.49384, 3.49384, 3.49384, 3.49384, 3.49384, 3.49384, 3.49384, 3.49384, 3.5111, 3.49384
8.09277, 4.28997, 3.56567, 3.53528, 2.50798, 0.724299, 0, 3.53528, 3.548, 3.53528, 3.53528, 3.53528, 3.53528, 3.53528, 3.53528, 3.53528, 3.53528, 3.53528, 3.53528, 3.53528, 3.53528, 3.53528, 3.53528, 3.53528, 3.55295, 3.53528
8.10061, 6.09634, 3.60781, 3.57715, 2.84541, 2.48854, 0, 3.57715, 3.58989, 3.57715, 3.57715, 3.57715, 3.57715, 3.57715, 3.57715, 3.57715, 3.57715, 3.57715, 3.57715, 3.57715, 3.57715, 3.57715, 3.57715, 3.57715, 3.59506, 3.57715
8.10845, 4.19587, 3.64986, 3.61909, 2.48915, 0.54601, 0, 3.61909, 3.63187, 3.61909, 3.61909, 3.61909, 3.61909, 3.61909, 3.61909, 3.61909, 3.61909, 3.61909, 3.61909, 3.61909, 3.61909, 3.61909, 3.61909, 3.61909, 3.63707, 3.61909
8.1163, 4.69329, 3.69199, 3.66127, 2.58714, 1.0013, 0, 3.66128, 3.67411, 3.66127, 3.66127, 3.66127, 3.66127, 3.66127, 3.66127, 3.66127, 3.66127, 3.66127, 3.66127, 3.66127, 3.66127, 3.66128, 3.66127, 3.66127, 3.67915, 3.66127
8.12414, 4.38166, 3.73436, 3.70386, 2.52619, 0.6473, 0, 3.70387, 3.71675, 3.70386, 3.70386, 3.70386, 3.70386, 3.70386, 3.70386, 3.70386, 3.70386, 3.70386, 3.70386, 3.70386, 3.70386, 3.70386, 3.70386, 3.70386, 3.72147, 3.70386
8.13198, 5.22701, 3.77668, 3.74655, 2.68831, 1.45034, 0, 3.74655, 3.7595, 3.74655, 3.74655, 3.74655, 3.74655, 3.74655, 3.74655, 3.74655, 3.74655, 3.74655, 3.74655, 3.74655, 3.74655, 3.74655, 3.74655, 3.74655, 3.76372, 3.74655
8.13982, 2.37687, 3.81909, 3.78948, 2.0921, -1.44222, 0, 3.78948, 3.8025, 3.78948, 3.78948, 3.78948, 3.78948, 3.78948, 3.78948, 3.78948, 3.78948, 3.78948, 3.78948, 3.78948, 3.78948, 3.78948, 3.78948, 3.78948, 3.80607, 3.78948
8.14767, 1.99513, 3.86174, 3.83277, 1.99878, -1.86661, 0, 3.83277, 3.84586, 3.83277, 3.83277, 3.83277, 3.83277, 3.83277, 3.83277, 3.83277, 3.83277, 3.83277, 3.83277, 3.83277, 3.83277, 3.83277, 3.83277, 3.83277, 3.84864, 3.83277
8.15551, 1.31169, 3.90443, 3.87621, 1.81981, -2.59274, 0, 3.87621, 3.88938, 3.87621, 3.87621, 3.87621, 3.87621, 3.87621, 3.87621, 3.87621, 3.87621, 3.87621, 3.87621, 3.87621, 3.87621, 3.87621, 3.87621, 3.87621, 3.89125, 3.87621
8.16335, 5.31631, 3.94728, 3.91989, 2.70487, 1.36903, 0, 3.91989, 3.93315, 3.91989, 3.91989, 3.91989, 3.91989, 3.91989, 3.91989, 3.91989, 3.91989, 3.91989, 3.91989, 3.91989, 3.91989, 3.91989, 3.91989, 3.91989, 3.93402, 3.91989
8.1712, 2.3577, 3.99038, 3.96388, 2.08751, -1.63268, 0, 3.96388, 3.97724, 3.96388, 3.96388, 3.96388, 3.96388, 3.96388, 3.96388, 3.96388, 3.96388, 3.96388, 3.96388, 3.96388, 3.96388, 3.96388, 3.96388, 3.96388, 3.97702, 3.96388
8.17904, 6.6713, 4.03365, 4.00807, 2.94471, 2.63765, 0, 4.00807, 4.02154, 4.00807, 4.00807, 4.00807, 4.00807, 4.00807, 4.00807, 4.00807, 4.00807, 4.00807, 4.00807, 4.00807, 4.00807, 4.00807, 4.00807, 4.00807, 4.02017, 4.00807
8.18688, 4.99294, 4.07698, 4.05234, 2.64442, 0.915957, 0, 4.05234, 4.06593, 4.05234, 4.05234, 4.05234, 4.05234, 4.05234, 4.05234, 4.05234, 4.05234, 4.05234, 4.05234, 4.05234, 4.05234, 4.05234, 4.05234, 4.05234, 4.06338, 4.05234
8.19472, 6.32131, 4.12028, 4.09655, 2.88467, 2.20103, 0, 4.09656, 4.11029, 4.09655, 4.09655, 4.09655, 4.09655, 4.09655, 4.09655, 4.09655, 4.09655, 4.09655, 4.09655, 4.09655, 4.09655, 4.09655, 4.09655, 4.09655, 4.10654, 4.09655
8.20257, 2.65675, 4.16355, 4.14068, 2.15795, -1.5068, 0, 4.14068, 4.15461, 4.14068, 4.14068, 4.14068, 4.14068, 4.14068, 4.14068, 4.14068, 4.14068, 4.14068, 4.14068, 4.14068, 4.14068, 4.14068, 4.14068, 4.14068, 4.14962, 4.14068
8.21041, 6.33358, 4.20685, 4.18475, 2.88679, 2.12673, 0, 4.18476, 4.19891, 4.18475, 4.18475, 4.18475, 4.18475, 4.18475, 4.18475, 4.18475, 4.18475, 4.18475, 4.18475, 4.18475, 4.18475, 4.18475, 4.18475, 4.18475, 4.19269, 4.18475
8.21825, 4.32416, 4.25029, 4.22885, 2.51479, 0.073875, 0, 4.22885, 4.24331, 4.22885, 4.22885, 4.22885, 4.22885, 4.22885, 4.22885, 4.22885, 4.22885, 4.22885, 4.22885, 4.22885, 4.22885, 4.22885, 4.22885, 4.22885, 4.23582, 4.22885
8.2261, 3.99009, 4.29388, 4.27293, 2.44747, -0.30379, 0, 4.27293, 4.2878, 4.27293, 4.27293, 4.27293, 4.27293, 4.27293, 4.27293, 4.27293, 4.27293, 4.27293, 4.27293, 4.27293, 4.27293, 4.27293, 4.27293, 4.27293, 4.279, 4.27293
8.23394, 6.01169, 4.33766, 4.31698, 2.83049, 1.67403, 0, 4.31698, 4.33241, 4.31698, 4.31698, 4.31698, 4.31698, 4.31698, 4.31698, 4.31698, 4.31698, 4.31698, 4.31698, 4.31698, 4.31698, 4.31698, 4.31698, 4.31698, 4.32222, 4.31698
8.24178, 3.65473, 4.38176, 4.36106, 2.37797, -0.727034, 0, 4.36107, 4.37728, 4.36106, 4.36106, 4.36106, 4.36106, 4.36106, 4.36106, 4.36106, 4.36106, 4.36106, 4.36106, 4.36106, 4.36106, 4.36106, 4.36106, 4.36106, 4.36554, 4.36106
8.24962, 3.30434, 4.4264, 4.40527, 2.30311, -1.12206, 0, 4.40527, 4.4226, 4.40527, 4.40527, 4.40527, 4.40527, 4.40527, 4.40527, 4.40527, 4.40527, 4.40527, 4.40527, 4.40527, 4.40527, 4.40527, 4.40527, 4.40527, 4.40906, 4.40527
8.25747, 2.38141, 4.47181, 4.4497, 2.09318, -2.0904, 0, 4.44971, 4.46862, 4.4497, 4.4497, 4.4497, 4.4497, 4.4497, 4.4497, 4.4497, 4.4497, 4.4497, 4.4497, 4.4497, 4.4497, 4.4497, 4.4497, 4.4497, 4.45288, 4.4497
8.26531, 3.64994, 4.52075, 4.49689, 2.37696, -0.870816, 0, 4.49689, 4.51811, 4.49689, 4.49689, 4.49689, 4.49689, 4.49689, 4.49689, 4.49689, 4.49689, 4.49689, 4.49689, 4.49689, 4.49689, 4.49689, 4.49689, 4.49689, 4.49954, 4.49689
8.27315, 4.9399, 4.57104, 4.54433, 2.63437, 0.368862, 0, 4.54433, 4.56886, 4.54433, 4.54433, 4.54433, 4.54433, 4.54433, 4.54433, 4.54433, 4.54433, 4.54433, 4.54433, 4.54433, 4.54433, 4.54433, 4.54433, 4.54433, 4.54651, 4.54433
8.28099, 7.99076, 4.6611, 4.63, 3.16082, 3.32966, 0, 4.63, 4.65932, 4.63, 4.63, 4.63, 4.63, 4.63, 4.63, 4.63, 4.63, 4.63, 4.63, 4.63, 4.63, 4.63, 4.63, 4.63, 4.63177, 4.63
8.28884, 5.70466, 4.75404, 4.71635, 2.77573, 0.950613, 0, 4.71636, 4.7526, 4.71635, 4.71635, 4.71635, 4.71635, 4.71635, 4.71635, 4.71635, 4.71635, 4.71635, 4.71635, 4.71635, 4.71635, 4.71635, 4.71635, 4.71635, 4.71779, 4.71635
8.29668, 2.99504, 4.85038, 4.80299, 2.23496, -1.85534, 0, 4.803, 4.84923, 4.80299, 4.80299, 4.80299, 4.80299, 4.80299, 4.80299, 4.80299, 4.80299, 4.80299, 4.80299, 4.80299, 4.80299, 4.803, 4.80299, 4.80299, 4.80415, 4.80299
8.30452, 5.63346, 4.95096, 4.88948, 2.76287, 0.682494, 0, 4.88949, 4.95004, 4.88948, 4.88948, 4.88948, 4.88948, 4.88948, 4.88948, 4.88948, 4.88948, 4.88948, 4.88948, 4.88948, 4.88948, 4.88948, 4.88948, 4.88948, 4.8904, 4.88948
8.31237, 3.72169, 5.05739, 4.97564, 2.392, -1.3357, 0, 4.97565, 5.05666, 4.97564, 4.97564, 4.97564, 4.97564, 4.97564, 4.97564, 4.97564, 4.97564, 4.97564, 4.97564, 4.97564, 4.97564, 4.97564, 4.97564, 4.97564, 4.97636, 4.97564
8.32021, 8.89641, 5.17216, 5.06154, 3.30097, 3.72424, 0, 5.06154, 5.1716, 5.06154, 5.06154, 5.06154, 5.06154, 5.06154, 5.06154, 5.06154, 5.06154, 5.06154, 5.06154, 5.06154, 5.06154, 5.06154, 5.06154, 5.06154, 5.0621, 5.06154
8.32805, 7.09888, 5.29853, 5.14712, 3.01644, 1.80036, 0, 5.14712, 5.29809, 5.14712, 5.14712, 5.14712, 5.14712, 5.14712, 5.14712, 5.14712, 5.14712, 5.14712, 5.14712, 5.14712, 5.14712, 5.14712, 5.14712, 5.14712, 5.14755, 5.14712
8.33589, 7.25403, 5.44096, 5.23244, 3.04204, 1.81307, 0, 5.23245, 5.44062, 5.23244, 5.23244, 5.23244, 5.23244, 5.23244, 5.23244, 5.23244, 5.23244, 5.23244, 5.23244, 5.23244, 5.23244, 5.23244, 5.23244, 5.23244, 5.23277, 5.23244
8.34374, 8.36664, 5.60457, 5.3168, 3.21973, 2.76206, 0, 5.31681, 5.60432, 5.3168, 5.3168, 5.3168, 5.3168, 5.3168, 5.3168, 5.3168, 5.3168, 5.3168, 5.3168, 5.3168, 5.3168, 5.3168, 5.3168, 5.3168, 5.31706, 5.3168
8.35158, 7.86571, 5.79672, 5.39992, 3.14097, 2.06899, 0, 5.39992, 5.79653, 5.39992, 5.39992, 5.39992, 5.39992, 5.39992, 5.39992, 5.39992, 5.39992, 5.39992, 5.39992, 5.39992, 5.39992, 5.39992, 5.39992, 5.39992, 5.40011, 5.39992
8.35942, 9.36667, 6.02729, 5.48193, 3.37145, 3.33938, 0, 5.48193, 6.02714, 5.48193, 5.48193, 5.48193, 5.48193, 5.48193, 5.48193, 5.48193, 5.48193, 5.48193, 5.48193, 5.48193, 5.48193, 5.48193, 5.48193, 5.48193, 5.48207, 5.48193
8.36726, 5.1347, 6.309, 5.56315, 2.67109, -1.17431, 0, 5.56316, 6.30889, 5.56315, 5.56315, 5.56315, 5.56315, 5.56315, 5.56315, 5.56315, 5.56315, 5.56315, 5.56315, 5.56315, 5.56315, 5.56315, 5.56315, 5.56315, 5.56326, 5.56315
8.37511, 7.614, 6.65712, 5.64322, 3.10065, 0.956878, 0, 5.64322, 6.65704, 5.64322, 5.64322, 5.64322, 5.64322, 5.64322, 5.64322, 5.64322, 5.64322, 5.64322, 5.64322, 5.64322, 5.64322, 5.64322, 5.64322, 5.64322, 5.6433, 5.64322
8.38295, 6.99504, 7.09065, 5.72205, 2.99917, -0.0956044, 0, 5.72206, 7.09058, 5.72205, 5.72205, 5.72205, 5.72205, 5.72205, 5.72205, 5.72205, 5.72205, 5.72205, 5.72205, 5.72205, 5.72205, 5.72205, 5.72205, 5.72205, 5.72212, 5.72205
8.39079, 4.82849, 7.63222, 5.79906, 2.61314, -2.80372, 0, 5.79906, 7.63216, 5.79906, 5.79906, 5.79906, 5.79906, 5.79906, 5.79906, 5.79906, 5.79906, 5.79906, 5.79906, 5.79906, 5.79906, 5.79906, 5.79906, 5.79906, 5.79911, 5.79906
8.39864, 8.37968, 8.30975, 5.87413, 3.22175, 0.069932, 0, 5.87414, 8.3097, 5.87413, 5.87413, 5.87413, 5.87413, 5.87413, 5.87413, 5.87413, 5.87413, 5.87413, 5.87413, 5.87413, 5.87413, 5.87413, 5.87413, 5.87413, 5.87418, 5.87413
8.40648, 13.203, 9.15604, 5.94758, 3.8991, 4.04694, 0, 5.94759, 9.15599, 5.94758, 5.94758, 5.94758, 5.94758, 5.94758, 5.94758, 5.94758, 5.94758, 5.94758, 5.94758, 5.94758, 5.94758, 5.94758, 5.94758, 5.94758, 5.94762, 5.94758
8.41432, 14.1941, 10.2092, 6.0198, 4.02418, 3.98481, 0, 6.0198, 10.2092, 6.0198, 6.0198, 6.0198, 6.0198, 6.0198, 6.0198, 6.0198, 6.0198, 6.0198, 6.0198, 6.0198, 6.0198, 6.0198, 6.0198, 6.0198, 6.01984, 6.0198
8.42216, 13.176, 11.5114, 6.09008, 3.89563, 1.66459, 0, 6.09008, 11.5113, 6.09008, 6.09008, 6.09008, 6.09008, 6.09008, 6.09008, 6.09008, 6.09008, 6.09008, 6.09008, 6.09008, 6.09008, 6.09008, 6.09008, 6.09008, 6.09013, 6.09008
8.43001, 15.7854, 13.1095, 6.1582, 4.21727, 2.67589, 0, 6.1582, 13.1094, 6.1582, 6.1582, 6.1582, 6.1582, 6.1582, 6.1582, 6.1582, 6.1582, 6.1582, 6.1582, 6.1582, 6.1582, 6.1582, 6.1582, 6.1582, 6.15826, 6.1582
8.43785, 17.3688, 15.0543, 6.2237, 4.401, 2.31443, 0, 6.22371, 15.0543, 6.2237, 6.2237, 6.2237, 6.2237, 6.2237, 6.2237, 6.2237, 6.2237, 6.2237, 6.2237, 6.2237, 6.2237, 6.2237, 6.2237, 6.2237, 6.22378, 6.2237
8.44569, 24.3772, 17.4, 6.28668, 5.13587, 6.97717, 0, 6.28668, 17.3999, 6.28668, 6.28668, 6.28668, 6.28668, 6.28668, 6.28668, 6.28668, 6.28668, 6.28668, 6.28668, 6.28668, 6.28668, 6.28668, 6.28668, 6.28668, 6.28678, 6.28668
8.45354, 26.2599, 20.2018, 6.34729, 5.316, 6.05805, 0, 6.3473, 20.2017, 6.34729, 6.34729, 6.34729, 6.34729, 6.34729, 6.34729, 6.34729, 6.34729, 6.34729, 6.34729, 6.34729, 6.34729, 6.34729, 6.34729, 6.34729, 6.34741, 6.34729
8.46138, 41.8878, 23.5144, 6.40595, 6.62479, 18.3735, 0, 6.40595, 23.5142, 6.40595, 6.40595, 6.40595, 6.40595, 6.40595, 6.40595, 6.40595, 6.40595, 6.40595, 6.40595, 6.40595, 6.40595, 6.40595, 6.40595, 6.40595, 6.4061, 6.40595
8.46922, 41.7549, 27.3876, 6.46192, 6.61475, 14.3673, 0, 6.46193, 27.3874, 6.46192, 6.46192, 6.46192, 6.46192, 6.46192, 6.46192, 6.46192, 6.46192, 6.46192, 6.46192, 6.46192, 6.46192, 6.46192, 6.46192, 6.46192, 6.46211, 6.46192
8.47706, 48.2696, 31.8657, 6.51506, 7.09011, 16.4039, 0, 6.51506, 31.8655, 6.51506, 6.51506, 6.51506, 6.51506, 6.51506, 6.51506, 6.51506, 6.51506, 6.51506, 6.51506, 6.51506, 6.51506, 6.51506, 6.51506, 6.51506, 6.5153, 6.51506
8.48491, 46.4302, 36.9827, 6.56497, 6.95918, 9.44758, 0, 6.56497, 36.9824, 6.56497, 6.56497, 6.56497, 6.56497, 6.56497, 6.56497, 6.56497, 6.56497, 6.56497, 6.56497, 6.56497, 6.56497, 6.56497, 6.56497, 6.56497, 6.56526, 6.56497
8.49275, 60.0595, 42.7598, 6.61186, 7.87778, 17.2997, 0, 6.61186, 42.7594, 6.61186, 6.61186, 6.61186, 6.61186, 6.61186, 6.61186, 6.61186, 6.61186, 6.61186, 6.61186, 6.61186, 6.61186, 6.61186, 6.61186, 6.61186, 6.61222, 6.61186
8.50059, 55.5455, 49.2014, 6.6559, 7.58588, 6.34413, 0, 6.65591, 49.2009, 6.6559, 6.6559, 6.6559, 6.6559, 6.6559, 6.6559, 6.6559, 6.6559, 6.6559, 6.6559, 6.6559, 6.6559, 6.6559, 6.6559, 6.6559, 6.65634, 6.6559
8.50843, 68.9815, 56.292, 6.69756, 8.42505, 12.6895, 0, 6.69757, 56.2914, 6.69756, 6.69756, 6.69756, 6.69756, 6.69756, 6.69756, 6.69756, 6.69756, 6.69756, 6.69756, 6.69756, 6.69756, 6.69756, 6.69756, 6.69756, 6.69808, 6.69756
8.51628, 81.1989, 63.9907, 6.73614, 9.12134, 17.2082, 0, 6.73615, 63.9901, 6.73614, 6.73614, 6.73614, 6.73614, 6.73614, 6.73614, 6.73614, 6.73614, 6.73614, 6.73614, 6.73614, 6.73614, 6.73614, 6.73614, 6.73614, 6.73676, 6.73614
8.52412, 75.8662, 72.236, 6.77154, 8.82418, 3.63019, 0, 6.77154, 72.2353, 6.77154, 6.77154, 6.77154, 6.77154, 6.77154, 6.77154, 6.77154, 6.77154, 6.77154, 6.77154, 6.77154, 6.77154, 6.77154, 6.77154, 6.77154, 6.77227, 6.77154
8.53196, 94.4476, 80.9336, 6.80341, 9.82077, 13.514, 0, 6.80342, 80.9327, 6.80341, 6.80341, 6.80341, 6.80341, 6.80341, 6.80341, 6.80341, 6.80341, 6.80341, 6.80341, 6.80341, 6.80341, 6.80341, 6.80341, 6.80341, 6.80426, 6.80341
8.53981, 94.6915, 89.9673, 6.83201, 9.83318, 4.72419, 0, 6.83201, 89.9663, 6.83201, 6.83201, 6.83201, 6.83201, 6.83201, 6.83201, 6.83201, 6.83201, 6.83201, 6.83201, 6.83201, 6.83201, 6.83201, 6.83201, 6.83201, 6.83299, 6.83201
8.54765, 95.6575, 99.1945, 6.85756, 9.88218, -3.53699, 0, 6.85757, 99.1934, 6.85756, 6.85756, 6.85756, 6.85756, 6.85756, 6.85756, 6.85756, 6.85756, 6.85756, 6.85756, 6.85756, 6.85756, 6.85756, 6.85756, 6.85756, 6.85868, 6.85756
8.55549, 107.743, 108.451, 6.88056, 10.4758, -0.708069, 0, 6.88056, 108.449, 6.88056, 6.88056, 6.88056, 6.88056, 6.88056, 6.88056, 6.88056, 6.88056, 6.88056, 6.88056, 6.88056, 6.88056, 6.88056, 6.88056, 6.88056, 6.88182, 6.88056
8.56333, 112.956, 117.551, 6.90028, 10.7218, -4.59528, 0, 6.90029, 117.55, 6.90028, 6.90028, 6.90028, 6.90028, 6.90028, 6.90028, 6.90028, 6.90028, 6.90028, 6.90028, 6.90028, 6.90028, 6.90028, 6.90028, 6.90028, 6.90169, 6.90028
8.57118, 135.503, 126.301, 6.91663, 11.7262, 9.20185, 0, 6.91664, 126.299, 6.91663, 6.91663, 6.91663, 6.91663, 6.91663, 6.91663, 6.91663, 6.91663, 6.91663, 6.91663, 6.91663, 6.91663, 6.91663, 6.91663, 6.91663, 6.91819, 6.91663
8.57902, 136.258, 134.496, 6.92933, 11.7583, 1.76187, 0, 6.92933, 134.495, 6.92933, 6.92933, 6.92933, 6.92933, 6.92933, 6.92933, 6.92933, 6.92933, 6.92933, 6.92933, 6.92933, 6.92933, 6.92933, 6.92933, 6.92933, 6.93104, 6.92933
8.58686, 140.156, 141.938, 6.93867, 11.9229, -1.78284, 0, 6.93867, 141.937, 6.93867, 6.93867, 6.93867, 6.93867, 6.93867, 6.93867, 6.93867, 6.93867, 6.93867, 6.93867, 6.93867, 6.93867, 6.93867, 6.93867, 6.93867, 6.94052, 6.93867
8.5947, 144.263, 148.436, 6.94492, 12.0939, -4.17342, 0, 6.94492, 148.434, 6.94492, 6.94492, 6.94492, 6.94492, 6.94492, 6.94492, 6.94492, 6.94492, 6.94492, 6.94492, 6.94492, 6.94492, 6.94492, 6.94492, 6.94492, 6.94691, 6.94492
8.60255, 150.97, 153.818, 6.94861, 12.3681, -2.84785, 0, 6.94861, 153.816, 6.94861, 6.94861, 6.94861, 6.94861, 6.94861, 6.94861, 6.94861, 6.94861, 6.94861, 6.94861, 6.94861, 6.94861, 6.94861, 6.94861, 6.94861, 6.95073, 6.94861
8.61039, 161.521, 157.936, 6.94904, 12.7875, 3.58508, 0, 6.94905, 157.934, 6.94904, 6.94904, 6.94904, 6.94904, 6.94904, 6.94904, 6.94904, 6.94904, 6.94904, 6.94904, 6.94904, 6.94904, 6.94905, 6.94904, 6.94904, 6.95128, 6.94904
8.61823, 138.928, 160.674, 6.94613, 11.8713, -21.7453, 0, 6.94614, 160.671, 6.94613, 6.94613, 6.94613, 6.94613, 6.94613, 6.94613, 6.94613, 6.94613, 6.94613, 6.94613, 6.94613, 6.94613, 6.94613, 6.94613, 6.94613, 6.94847, 6.94613
8.62608, 139, 161.954, 6.93964, 11.8743, -22.9542, 0, 6.93964, 161.952, 6.93964, 6.93964, 6.93964, 6.93964, 6.93964, 6.93964, 6.93964, 6.93964, 6.93964, 6.93964, 6.93964, 6.93964, 6.93964, 6.93964, 6.93964, 6.94205, 6.93964
8.63392, 155.89, 161.741, 6.92988, 12.5654, -5.85126, 0, 6.92989, 161.739, 6.92988, 6.92988, 6.92988, 6.92988, 6.92988, 6.92988, 6.92988, 6.92988, 6.92988, 6.92988, 6.92988, 6.92988, 6.92988, 6.92988, 6.92988, 6.93235, 6.92988
8.64176, 165.414, 160.041, 6.91716, 12.9389, 5.37318, 0, 6.91716, 160.038, 6.91716, 6.91716, 6.91716, 6.91716, 6.91716, 6.91716, 6.91716, 6.91716, 6.91716, 6.91716, 6.91716, 6.91716, 6.91716, 6.91716, 6.91716, 6.91966, 6.91716
8.6496, 158.633, 156.903, 6.90199, 12.6741, 1.73001, 0, 6.90199, 156.9, 6.90199, 6.90199, 6.90199, 6.90199, 6.90199, 6.90199, 6.90199, 6.90199, 6.90199, 6.90199, 6.90199, 6.90199, 6.90199, 6.90199, 6.90199, 6.9045, 6.90199
8.65745, 165.055, 152.415, 6.88376, 12.925, 12.6393, 0, 6.88377, 152.413, 6.88376, 6.88376, 6.88376, 6.88376, 6.88376, 6.88376, 6.88376, 6.88376, 6.88376, 6.88376, 6.88376, 6.88376, 6.88376, 6.88376, 6.88376, 6.88626, 6.88376
8.66529, 135.376, 146.703, 6.86243, 11.7208, -11.3268, 0, 6.86243, 146.701, 6.86243, 6.86243, 6.86243, 6.86243, 6.86243, 6.86243, 6.86243, 6.86243, 6.86243, 6.86243, 6.86243, 6.86243, 6.86243, 6.86243, 6.86243, 6.86489, 6.86243
8.67313, 146.466, 139.923, 6.83778, 12.1847, 6.54256, 0, 6.83779, 139.921, 6.83778, 6.83778, 6.83778, 6.83778, 6.83778, 6.83778, 6.83778, 6.83778, 6.83778, 6.83778, 6.83778, 6.83778, 6.83778, 6.83778, 6.83778, 6.84019, 6.83778
8.68098, 133.337, 132.252, 6.81015, 11.6334, 1.0854, 0, 6.81016, 132.249, 6.81015, 6.81015, 6.81015, 6.81015, 6.81015, 6.81015, 6.81015, 6.81015, 6.81015, 6.81015, 6.81015, 6.81015, 6.81015, 6.81015, 6.81015, 6.81249, 6.81015
8.68882, 111.328, 123.884, 6.77982, 10.6456, -12.5558, 0, 6.77983, 123.881, 6.77982, 6.77982, 6.77982, 6.77982, 6.77982, 6.77982, 6.77982, 6.77982, 6.77982, 6.77982, 6.77982, 6.77982, 6.77982, 6.77982, 6.77982, 6.78208, 6.77982
8.69666, 121.342, 115.02, 6.74729, 11.1059, 6.32157, 0, 6.74729, 115.018, 6.74729, 6.74729, 6.74729, 6.74729, 6.74729, 6.74729, 6.74729, 6.74729, 6.74729, 6.74729, 6.74729, 6.74729, 6.74729, 6.74729, 6.74729, 6.74946, 6.74729
8.7045, 110.866, 105.862, 6.71208, 10.6238, 5.00436, 0, 6.71208, 105.86, 6.71208, 6.71208, 6.71208, 6.71208, 6.71208, 6.71208, 6.71208, 6.71208, 6.71208, 6.71208, 6.71208, 6.71208, 6.71208, 6.71208, 6.71208, 6.71417, 6.71208
8.71235, 99.3683, 96.6002, 6.67419, 10.0682, 2.76808, 0, 6.67419, 96.5982, 6.67419, 6.67419, 6.67419, 6.67419, 6.67419, 6.67419, 6.67419, 6.67419, 6.67419, 6.67419, 6.67419, 6.67419, 6.67419, 6.67419, 6.67419, 6.67622, 6.67419
8.72019, 99.9307, 87.4134, 6.63345, 10.0961, 12.5174, 0, 6.63346, 87.4114, 6.63345, 6.63345, 6.63345, 6.63345, 6.63345, 6.63345, 6.63345, 6.63345, 6.63345, 6.63345, 6.63345, 6.63345, 6.63345, 6.63345, 6.63345, 6.63545, 6.63345
8.72803, 80.7952, 78.4601, 6.59016, 9.09918, 2.33501, 0, 6.59017, 78.4581, 6.59016, 6.59016, 6.59016, 6.59016, 6.59016, 6.59016, 6.59016, 6.59016, 6.59016, 6.59016, 6.59016, 6.59016, 6.59016, 6.59016, 6.59016, 6.59216, 6.59016
8.73588, 79.962, 69.876, 6.54457, 9.05328, 10.086, 0, 6.54457, 69.8739, 6.54457, 6.54457, 6.54457, 6.54457, 6.54457, 6.54457, 6.54457, 6.54457, 6.54457, 6.54457, 6.54457, 6.54457, 6.54457, 6.54457, 6.54457, 6.54665, 6.54457
8.74372, 74.4232, 61.7711, 6.49711, 8.74203, 12.6521, 0, 6.49711, 61.7689, 6.49711, 6.49711, 6.49711, 6.49711, 6.49711, 6.49711, 6.49711, 6.49711, 6.49711, 6.49711, 6.49711, 6.49711, 6.49711, 6.49711, 6.49711, 6.49936, 6.49711
8.75156, 65.4322, 54.2284, 6.44749, 8.21171, 11.2038, 0, 6.4475, 54.2259, 6.44749, 6.44749, 6.44749, 6.44749, 6.44749, 6.44749, 6.44749, 6.44749, 6.44749, 6.44749, 6.44749, 6.44749, 6.44749, 6.44749, 6.44749, 6.45004, 6.44749
8.7594, 54.4659, 47.3052, 6.39579, 7.51438, 7.16076, 0, 6.39579, 47.3022, 6.39579, 6.39579, 6.39579, 6.39579, 6.39579, 6.39579, 6.39579, 6.39579, 6.39579, 6.39579, 6.39579, 6.39579, 6.39579, 6.39579, 6.39579, 6.3988, 6.39579
8.76725, 55.4627, 41.0339, 6.34184, 7.58042, 14.4288, 0, 6.34185, 41.0302, 6.34184, 6.34184, 6.34184, 6.34184, 6.34184, 6.34184, 6.34184, 6.34184, 6.34184, 6.34184, 6.34184, 6.34184, 6.34184, 6.34184, 6.34184, 6.34554, 6.34184
8.77509, 43.5105, 35.4253, 6.28588, 6.74615, 8.08527, 0, 6.28589, 35.4206, 6.28588, 6.28588, 6.28588, 6.28588, 6.28588, 6.28588, 6.28588, 6.28588, 6.28588, 6.28588, 6.28588, 6.28588, 6.28588, 6.28588, 6.28588, 6.29056, 6.28588
8.78293, 33.4543, 30.4709, 6.2281, 5.95436, 2.98349, 0, 6.2281, 30.4648, 6.2281, 6.2281, 6.2281, 6.2281, 6.2281, 6.2281, 6.2281, 6.2281, 6.2281, 6.2281, 6.2281, 6.2281, 6.2281, 6.2281, 6.2281, 6.23411, 6.2281
8.79078, 41.4837, 26.1461, 6.16885, 6.59422, 15.3376, 0, 6.16885, 26.1382, 6.16885, 6.16885, 6.16885, 6.16885, 6.16885, 6.16885, 6.16885, 6.16885, 6.16885, 6.16885, 6.16885, 6.16885, 6.16885, 6.16885, 6.16885, 6.17666, 6.16885
8.79862, 26.0035, 22.4155, 6.10798, 5.29183, 3.58795, 0, 6.10799, 22.4053, 6.10798, 6.10798, 6.10798, 6.10798, 6.10798, 6.10798, 6.10798, 6.10798, 6.10798, 6.10798, 6.10798, 6.10798, 6.10798, 6.10798, 6.10798, 6.11817, 6.10798
8.80646, 21.4985, 19.2323, 6.04561, 4.84753, 2.26617, 0, 6.04562, 19.2191, 6.04561, 6.04561, 6.04561, 6.04561, 6.04561, 6.04561, 6.04561, 6.04561, 6.04561, 6.04561, 6.04561, 6.04561, 6.04561, 6.04561, 6.04561, 6.05888, 6.04561
8.8143, 17.058, 16.5455, 5.98166, 4.36555, 0.512482, 0, 5.98166, 16.5283, 5.98166, 5.98166, 5.98166, 5.98166, 5.98166, 5.98166, 5.98166, 5.98166, 5.98166, 5.98166, 5.98166, 5.98166, 5.98166, 5.98166, 5.98166, 5.99886, 5.98166
8.82215, 20.386, 14.3022, 5.91632, 4.73138, 6.08379, 0, 5.91632, 14.28, 5.91632, 5.91632, 5.91632, 5.91632, 5.91632, 5.91632, 5.91632, 5.91632, 5.91632, 5.91632, 5.91632, 5.91632, 5.91632, 5.91632, 5.91632, 5.93848, 5.91632
8.82999, 13.6469, 12.4474, 5.84975, 3.95562, 1.19948, 0, 5.84975, 12.4191, 5.84975, 5.84975, 5.84975, 5.84975, 5.84975, 5.84975, 5.84975, 5.84975, 5.84975, 5.84975, 5.84975, 5.84975, 5.84975, 5.84975, 5.84975, 5.87808, 5.84975
8.83783, 8.94516, 10.9289, 5.78223, 3.30835, -1.9837, 0, 5.78223, 10.8929, 5.78223, 5.78223, 5.78223, 5.78223, 5.78223, 5.78223, 5.78223, 5.78223, 5.78223, 5.78223, 5.78223, 5.78223, 5.78223, 5.78223, 5.78223, 5.81814, 5.78223
8.84567, 12.4639, 9.69716, 5.7136, 3.80315, 2.76678, 0, 5.7136, 9.65205, 5.7136, 5.7136, 5.7136, 5.7136, 5.7136, 5.7136, 5.7136, 5.7136, 5.7136, 5.7136, 5.7136, 5.7136, 5.7136, 5.7136, 5.7136, 5.75871, 5.7136
8.85352, 12.9911, 8.70625, 5.64392, 3.87183, 4.28483, 0, 5.64393, 8.65011, 5.64392, 5.64392, 5.64392, 5.64392, 5.64392, 5.64392, 5.64392, 5.64392, 5.64392, 5.64392, 5.64392, 5.64392, 5.64392, 5.64392, 5.64392, 5.70005, 5.64392
8.86136, 8.59009, 7.91526, 5.5732, 3.25424, 0.674827, 0, 5.57321, 7.84607, 5.5732, 5.5732, 5.5732, 5.5732, 5.5732, 5.5732, 5.5732, 5.5732, 5.5732, 5.5732, 5.5732, 5.5732, 5.5732, 5.5732, 5.5732, 5.64239, 5.5732
8.8692, 6.46171, 7.28828, 5.50164, 2.9089, -0.826571, 0, 5.50164, 7.20382, 5.50164, 5.50164, 5.50164, 5.50164, 5.50164, 5.50164, 5.50164, 5.50164, 5.50164, 5.50164, 5.50164, 5.50164, 5.50164, 5.50164, 5.50164, 5.58609, 5.50164
8.87704, 9.91945, 6.79439, 5.42952, 3.45246, 3.12507, 0, 5.42953, 6.6923, 5.42952, 5.42952, 5.42952, 5.42952, 5.42952, 5.42952, 5.42952, 5.42952, 5.42952, 5.42952, 5.42952, 5.42952, 5.42952, 5.42952, 5.42952, 5.53161, 5.42952
8.88489, 8.53061, 6.40709, 5.3569, 3.24509, 2.12351, 0, 5.3569, 6.28489, 5.3569, 5.3569, 5.3569, 5.3569, 5.3569, 5.3569, 5.3569, 5.3569, 5.3569, 5.3569, 5.3569, 5.3569, 5.3569, 5.3569, 5.3569, 5.47909, 5.3569
8.89273, 6.44934, 6.10423, 5.28379, 2.90677, 0.345107, 0, 5.28379, 5.95939, 5.28379, 5.28379, 5.28379, 5.28379, 5.28379, 5.28379, 5.28379, 5.28379, 5.28379, 5.28379, 5.28379, 5.28379, 5.28379, 5.28379, 5.28379, 5.42862, 5.28379
8.90057, 5.62687, 5.86755, 5.21027, 2.76168, -0.240686, 0, 5.21027, 5.69756, 5.21027, 5.21027, 5.21027, 5.21027, 5.21027, 5.21027, 5.21027, 5.21027, 5.21027, 5.21027, 5.21027, 5.21027, 5.21027, 5.21027, 5.21027, 5.38025, 5.21027
8.90842, 4.35403, 5.68201, 5.1362, 2.52072, -1.32798, 0, 5.1362, 5.48446, 5.1362, 5.1362, 5.1362, 5.1362, 5.1362, 5.1362, 5.1362, 5.1362, 5.1362, 5.1362, 5.1362, 5.1362, 5.1362, 5.1362, 5.1362, 5.33374, 5.1362
8.91626, 7.54077, 5.53561, 5.06165, 3.08881, 2.00516, 0, 5.06165, 5.30829, 5.06165, 5.06165, 5.06165, 5.06165, 5.06165, 5.06165, 5.06165, 5.06165, 5.06165, 5.06165, 5.06165, 5.06165, 5.06165, 5.06165, 5.06165, 5.28897, 5.06165
8.9241, 3.88786, 5.41892, 4.98675, 2.42649, -1.53107, 0, 4.98676, 5.15991, 4.98675, 4.98675, 4.98675, 4.98675, 4.98675, 4.98675, 4.98675, 4.98675, 4.98675, 4.98675, 4.98675, 4.98675, 4.98675, 4.98675, 4.98675, 5.24576, 4.98675
8.93194, 6.54263, 5.3245, 4.91172, 2.92278, 1.21813, 0, 4.91173, 5.03227, 4.91172, 4.91172, 4.91172, 4.91172, 4.91172, 4.91172, 4.91172, 4.91172, 4.91172, 4.91172, 4.91172, 4.91172, 4.91172, 4.91172, 4.91172, 5.20395, 4.91172
8.93979, 7.10522, 5.24652, 4.83679, 3.01749, 1.8587, 0, 4.8368, 4.92005, 4.83679, 4.83679, 4.83679, 4.83679, 4.83679, 4.83679, 4.83679, 4.83679, 4.83679, 4.83679, 4.83679, 4.83679, 4.83679, 4.83679, 4.83679, 5.16326, 4.83679
8.94763, 8.3156, 5.18029, 4.76205, 3.21179, 3.13531, 0, 4.76205, 4.81915, 4.76205, 4.76205, 4.76205, 4.76205, 4.76205, 4.76205, 4.76205, 4.76205, 4.76205, 4.76205, 4.76205, 4.76205, 4.76205, 4.76205, 4.76205, 5.12318, 4.76205
8.95547, 5.98761, 5.12194, 4.68741, 2.82624, 0.865664, 0, 4.68742, 4.72636, 4.68741, 4.68741, 4.68741, 4.68741, 4.68741, 4.68741, 4.68741, 4.68741, 4.68741, 4.68741, 4.68741, 4.68741, 4.68742, 4.68741, 4.68741, 5.08299, 4.68741
8.96332, 12.247, 5.06854, 4.61301, 3.77451, 7.17842, 0, 4.61301, 4.63947, 4.61301, 4.61301, 4.61301, 4.61301, 4.61301, 4.61301, 4.61301, 4.61301, 4.61301, 4.61301, 4.61301, 4.61301, 4.61301, 4.61301, 4.61301, 5.04207, 4.61301
8.97116, 5.29653, 5.01782, 4.53902, 2.70121, 0.278714, 0, 4.53902, 4.55699, 4.53902, 4.53902, 4.53902, 4.53902, 4.53902, 4.53902, 4.53902, 4.53902, 4.53902, 4.53902, 4.53902, 4.53902, 4.53902, 4.53902, 4.53902, 4.99984, 4.53902
8.979, 5.26815, 4.96796, 4.46561, 2.69595, 0.300192, 0, 4.46562, 4.47786, 4.46561, 4.46561, 4.46561, 4.46561, 4.46561, 4.46561, 4.46561, 4.46561, 4.46561, 4.46561, 4.46561, 4.46561, 4.46561, 4.46561, 4.46561, 4.95571, 4.46561
8.98685, 2.42813, 4.91725, 4.39267, 2.10431, -2.48912, 0, 4.39268, 4.40111, 4.39267, 4.39267, 4.39267, 4.39267, 4.39267, 4.39267, 4.39267, 4.39267, 4.39267, 4.39267, 4.39267, 4.39267, 4.39267, 4.39267, 4.39267, 4.9088, 4.39267
8.99469, 6.27476, 4.86443, 4.32027, 2.87659, 1.41033, 0, 4.32027, 4.32619, 4.32027, 4.32027, 4.32027, 4.32027, 4.32027, 4.32027, 4.32027, 4.32027, 4.32027, 4.32027, 4.32027, 4.32027, 4.32027, 4.32027, 4.32027, 4.8585, 4.32027
9.00253, 4.72029, 4.80856, 4.24847, 2.59235, -0.0882702, 0, 4.24847, 4.25275, 4.24847, 4.24847, 4.24847, 4.24847, 4.24847, 4.24847, 4.24847, 4.24847, 4.24847, 4.24847, 4.24847, 4.24847, 4.24847, 4.24847, 4.24847, 4.80427, 4.24847
9.01037, 4.41846, 4.74891, 4.17734, 2.53347, -0.330446, 0, 4.17734, 4.18055, 4.17734, 4.17734, 4.17734, 4.17734, 4.17734, 4.17734, 4.17734, 4.17734, 4.17734, 4.17734, 4.17734, 4.17734, 4.17734, 4.17734, 4.17734, 4.74569, 4.17734
9.01822, 2.41375, 4.68478, 4.10673, 2.10089, -2.27103, 0, 4.10673, 4.10927, 4.10673, 4.10673, 4.10673, 4.10673, 4.10673, 4.10673, 4.10673, 4.10673, 4.10673, 4.10673, 4.10673, 4.10673, 4.10673, 4.10673, 4.10673, 4.68224, 4.10673
9.02606, 4.57658, 4.61592, 4.03672, 2.56448, -0.0393429, 0, 4.03673, 4.03883, 4.03672, 4.03672, 4.03672, 4.03672, 4.03672, 4.03672, 4.03672, 4.03672, 4.03672, 4.03672, 4.03672, 4.03672, 4.03672, 4.03672, 4.03672, 4.61381, 4.03672
9.0339, 1.99554, 4.58915, 4.01428, 1.99888, -2.59361, 0, 4.01428, 4.01612, 4.01428, 4.01428, 4.01428, 4.01428, 4.01428, 4.01428, 4.01428, 4.01428, 4.01428, 4.01428, 4.01428, 4.01428, 4.01428, 4.01428, 4.01428, 4.5873, 4.01428
9.04174, 4.40617, 4.55692, 3.99178, 2.53104, -0.150757, 0, 3.99178, 3.99346, 3.99178, 3.99178, 3.99178, 3.99178, 3.99178, 3.99178, 3.99178, 3.99178, 3.99178, 3.99178, 3.99178, 3.99178, 3.99178, 3.99178, 3.99178, 4.55524, 3.99178
9.04959, 4.99235, 4.5196, 3.96935, 2.6443, 0.472744, 0, 3.96935, 3.97093, 3.96935, 3.96935, 3.96935, 3.96935, 3.96935, 3.96935, 3.96935, 3.96935, 3.96935, 3.96935, 3.96935, 3.96935, 3.96935, 3.96935, 3.96935, 4.51802, 3.96935
9.05743, 5.77398, 4.47766, 3.94706, 2.78819, 1.29632, 0, 3.94706, 3.94858, 3.94706, 3.94706, 3.94706, 3.94706, 3.94706, 3.94706, 3.94706, 3.94706, 3.94706, 3.94706, 3.94706, 3.94706, 3.94706, 3.94706, 3.94706, 4.47613, 3.94706
9.06527, 2.40397, 4.43149, 3.92477, 2.09856, -2.02752, 0, 3.92477, 3.92626, 3.92477, 3.92477, 3.92477, 3.92477, 3.92477, 3.92477, 3.92477, 3.92477, 3.92477, 3.92477, 3.92477, 3.92477, 3.92477, 3.92477, 3.92477, 4.42999, 3.92477
9.07311, 3.99752, 4.38179, 3.90254, 2.44898, -0.384269, 0, 3.90254, 3.90401, 3.90254, 3.90254, 3.90254, 3.90254, 3.90254, 3.90254, 3.90254, 3.90254, 3.90254, 3.90254, 3.90254, 3.90254, 3.90254, 3.90254, 3.90254, 4.38031, 3.90254
9.08096, 6.19554, 4.32932, 3.88041, 2.86279, 1.86622, 0, 3.88041, 3.88188, 3.88041, 3.88041, 3.88041, 3.88041, 3.88041, 3.88041, 3.88041, 3.88041, 3.88041, 3.88041, 3.88041, 3.88041, 3.88041, 3.88041, 3.88041, 4.32784, 3.88041
9.0888, 3.19653, 4.27475, 3.85832, 2.27959, -1.07822, 0, 3.85833, 3.85979, 3.85832, 3.85832, 3.85832, 3.85832, 3.85832, 3.85832, 3.85832, 3.85832, 3.85832, 3.85832, 3.85832, 3.85832, 3.85832, 3.85832, 3.85832, 4.27328, 3.85832
9.09664, 5.17794, 4.2189, 3.8363, 2.67917, 0.959042, 0, 3.8363, 3.83777, 3.8363, 3.8363, 3.8363, 3.8363, 3.8363, 3.8363, 3.8363, 3.8363, 3.8363, 3.8363, 3.8363, 3.8363, 3.8363, 3.8363, 3.8363, 4.21743, 3.8363
9.10449, 4.81254, 4.16242, 3.81426, 2.61008, 0.650124, 0, 3.81427, 3.81574, 3.81426, 3.81426, 3.81426, 3.81426, 3.81426, 3.81426, 3.81426, 3.81426, 3.81426, 3.81426, 3.81426, 3.81426, 3.81426, 3.81426, 3.81426, 4.16094, 3.81426
9.11233, 4.99489, 4.10589, 3.79211, 2.64479, 0.889007, 0, 3.79211, 3.79359, 3.79211, 3.79211, 3.79211, 3.79211, 3.79211, 3.79211, 3.79211, 3.79211, 3.79211, 3.79211, 3.79211, 3.79211, 3.79211, 3.79211, 3.79211, 4.1044, 3.79211
9.12017, 2.22107, 4.04964, 3.76953, 2.05452, -1.82858, 0, 3.76954, 3.77102, 3.76953, 3.76953, 3.76953, 3.76953, 3.76953, 3.76953, 3.76953, 3.76953, 3.76953, 3.76953, 3.76953, 3.76953, 3.76953, 3.76953, 3.76953, 4.04815, 3.76953
9.12801, 2, 3.99411, 3.74642, 2, -1.99411, 0, 3.74642, 3.74792, 3.74642, 3.74642, 3.74642, 3.74642, 3.74642, 3.74642, 3.74642, 3.74642, 3.74642, 3.74642, 3.74642, 3.74642, 3.74642, 3.74642, 3.74642, 3.99261, 3.74642
9.13586, 4.38228, 3.93977, 3.72281, 2.52632, 0.442505, 0, 3.72282, 3.72433, 3.72281, 3.72281, 3.72281, 3.72281, 3.72281, 3.72281, 3.72281, 3.72281, 3.72281, 3.72281, 3.72281, 3.72281, 3.72282, 3.72281, 3.72281, 3.93826, 3.72281
9.1437, 2.7575, 3.88711, 3.69883, 2.18117, -1.12962, 0, 3.69883, 3.70035, 3.69883, 3.69883, 3.69883, 3.69883, 3.69883, 3.69883, 3.69883, 3.69883, 3.69883, 3.69883, 3.69883, 3.69883, 3.69883, 3.69883, 3.69883, 3.88558, 3.69883
9.15154, 5.23775, 3.83652, 3.67461, 2.69031, 1.40123, 0, 3.67461, 3.67615, 3.67461, 3.67461, 3.67461, 3.67461, 3.67461, 3.67461, 3.67461, 3.67461, 3.67461, 3.67461, 3.67461, 3.67461, 3.67461, 3.67461, 3.67461, 3.83497, 3.67461
9.15939, 6.49732, 3.78796, 3.64997, 2.91502, 2.70936, 0, 3.64998, 3.65154, 3.64997, 3.64997, 3.64997, 3.64997, 3.64997, 3.64997, 3.64997, 3.64997, 3.64997, 3.64997, 3.64997, 3.64997, 3.64997, 3.64997, 3.64997, 3.78638, 3.64997
9.16723, 4.61561, 3.74136, 3.62476, 2.57208, 0.874253, 0, 3.62476, 3.62637, 3.62476, 3.62476, 3.62476, 3.62476, 3.62476, 3.62476, 3.62476, 3.62476, 3.62476, 3.62476, 3.62476, 3.62476, 3.62476, 3.62476, 3.62476, 3.73975, 3.62476
9.17507, 5.62032, 3.69686, 3.59911, 2.76049, 1.92346, 0, 3.59911, 3.60077, 3.59911, 3.59911, 3.59911, 3.59911, 3.59911, 3.59911, 3.59911, 3.59911, 3.59911, 3.59911, 3.59911, 3.59911, 3.59911, 3.59911, 3.59911, 3.6952, 3.59911
9.18291, 4.99257, 3.65467, 3.57328, 2.64435, 1.3379, 0, 3.57328, 3.57502, 3.57328, 3.57328, 3.57328, 3.57328, 3.57328, 3.57328, 3.57328, 3.57328, 3.57328, 3.57328, 3.57328, 3.57328, 3.57328, 3.57328, 3.57328, 3.65292, 3.57328
9.19076, 2.62751, 3.61482, 3.54741, 2.15116, -0.987312, 0, 3.54742, 3.54929, 3.54741, 3.54741, 3.54741, 3.54741, 3.54741, 3.54741, 3.54741, 3.54741, 3.54741, 3.54741, 3.54741, 3.54741, 3.54741, 3.54741, 3.54741, 3.61294, 3.54741
9.1986, 7.08451, 3.57713, 3.52143, 3.01405, 3.50738, 0, 3.52144, 3.5235, 3.52143, 3.52143, 3.52143, 3.52143, 3.52143, 3.52143, 3.52143, 3.52143, 3.52143, 3.52143, 3.52143, 3.52143, 3.52143, 3.52143, 3.52143, 3.57506, 3.52143
9.20644, 10.2664, 3.54157, 3.49545, 3.50234, 6.72485, 0, 3.49545, 3.49782, 3.49545, 3.49545, 3.49545, 3.49545, 3.49545, 3.49545, 3.49545, 3.49545, 3.49545, 3.49545, 3.49545, 3.49545, 3.49545, 3.49545, 3.49545, 3.5392, 3.49545
9.21428, 5.63461, 3.50812, 3.46956, 2.76308, 2.12648, 0, 3.46956, 3.47239, 3.46956, 3.46956, 3.46956, 3.46956, 3.46956, 3.46956, 3.46956, 3.46956, 3.46956, 3.46956, 3.46956, 3.46956, 3.46956, 3.46956, 3.46956, 3.50529, 3.46956
9.22213, 4.63937, 3.47674, 3.44381, 2.5767, 1.16263, 0, 3.44381, 3.44733, 3.44381, 3.44381, 3.44381, 3.44381, 3.44381, 3.44381, 3.44381, 3.44381, 3.44381, 3.44381, 3.44381, 3.44381, 3.44381, 3.44381, 3.44381, 3.47322, 3.44381
9.22997, 2.70409, 3.44725, 3.41807, 2.16889, -0.743162, 0, 3.41808, 3.42264, 3.41807, 3.41807, 3.41807, 3.41807, 3.41807, 3.41807, 3.41807, 3.41807, 3.41807, 3.41807, 3.41807, 3.41807, 3.41807, 3.41807, 3.41807, 3.44269, 3.41807
9.23781, 3.94015, 3.41974, 3.39244, 2.43724, 0.520409, 0, 3.39244, 3.39854, 3.39244, 3.39244, 3.39244, 3.39244, 3.39244, 3.39244, 3.39244, 3.39244, 3.39244, 3.39244, 3.39244, 3.39244, 3.39244, 3.39244, 3.39244, 3.41363, 3.39244
9.24566, 2.3943, 3.39439, 3.36697, 2.09626, -1.00009, 0, 3.36698, 3.37534, 3.36697, 3.36697, 3.36697, 3.36697, 3.36697, 3.36697, 3.36697, 3.36697, 3.36697, 3.36697, 3.36697, 3.36697, 3.36697, 3.36697, 3.36697, 3.38602, 3.36697
9.2535, 4.29789, 3.37124, 3.34153, 2.50956, 0.926656, 0, 3.34153, 3.35319, 3.34153, 3.34153, 3.34153, 3.34153, 3.34153, 3.34153, 3.34153, 3.34153, 3.34153, 3.34153, 3.34153, 3.34153, 3.34153, 3.34153, 3.34153, 3.35958, 3.34153
9.26134, 2.65163, 3.35071, 3.31618, 2.15676, -0.699081, 0, 3.31619, 3.33259, 3.31618, 3.31618, 3.31618, 3.31618, 3.31618, 3.31618, 3.31618, 3.31618, 3.31618, 3.31618, 3.31618, 3.31618, 3.31618, 3.31618, 3.31618, 3.3343, 3.31618
9.26918, 2.3387, 3.3334, 3.29101, 2.08296, -0.994695, 0, 3.29101, 3.31418, 3.29101, 3.29101, 3.29101, 3.29101, 3.29101, 3.29101, 3.29101, 3.29101, 3.29101, 3.29101, 3.29101, 3.29101, 3.29101, 3.29101, 3.29101, 3.31022, 3.29101
9.27703, 3.99504, 3.31986, 3.26585, 2.44848, 0.67518, 0, 3.26586, 3.29858, 3.26585, 3.26585, 3.26585, 3.26585, 3.26585, 3.26585, 3.26585, 3.26585, 3.26585, 3.26585, 3.26585, 3.26585, 3.26585, 3.26585, 3.26585, 3.28713, 3.26585
9.28487, 2.65898, 3.31117, 3.2408, 2.15847, -0.652183, 0, 3.2408, 3.28687, 3.2408, 3.2408, 3.2408, 3.2408, 3.2408, 3.2408, 3.2408, 3.2408, 3.2408, 3.2408, 3.2408, 3.2408, 3.2408, 3.2408, 3.2408, 3.26509, 3.2408
9.29271, 3.3316, 3.341, 3.24824, 2.30903, -0.00940275, 0, 3.24824, 3.31276, 3.24824, 3.24824, 3.24824, 3.24824, 3.24824, 3.24824, 3.24824, 3.24824, 3.24824, 3.24824, 3.24824, 3.24824, 3.24824, 3.24824, 3.24824, 3.27648, 3.24824
9.30055, 4.32144, 3.37839, 3.25553, 2.51425, 0.943043, 0, 3.25554, 3.34529, 3.25553, 3.25553, 3.25553, 3.25553, 3.25553, 3.25553, 3.25553, 3.25553, 3.25553, 3.25553, 3.25553, 3.25553, 3.25554, 3.25553, 3.25553, 3.28864, 3.25553
9.3084, 5.33978, 3.42538, 3.26259, 2.7092, 1.9144, 0, 3.2626, 3.3865, 3.26259, 3.26259, 3.26259, 3.26259, 3.26259, 3.26259, 3.26259, 3.26259, 3.26259, 3.26259, 3.26259, 3.26259, 3.26259, 3.26259, 3.26259, 3.30146, 3.26259
9.31624, 1.99752, 3.48456, 3.26939, 1.99938, -1.48703, 0, 3.26939, 3.43903, 3.26939, 3.26939, 3.26939, 3.26939, 3.26939, 3.26939, 3.26939, 3.26939, 3.26939, 3.26939, 3.26939, 3.26939, 3.26939, 3.26939, 3.26939, 3.3149, 3.26939
9.32408, 2.32185, 3.55903, 3.27578, 2.07891, -1.23718, 0, 3.27578, 3.50602, 3.27578, 3.27578, 3.27578, 3.27578, 3.27578, 3.27578, 3.27578, 3.27578, 3.27578, 3.27578, 3.27578, 3.27578, 3.27578, 3.27578, 3.27578, 3.32878, 3.27578
9.33193, 3.67331, 3.65272, 3.28175, 2.38187, 0.0205986, 0, 3.28176, 3.59143, 3.28175, 3.28175, 3.28175, 3.28175, 3.28175, 3.28175, 3.28175, 3.28175, 3.28175, 3.28175, 3.28175, 3.28175, 3.28175, 3.28175, 3.28175, 3.34304, 3.28175
9.33977, 3.63668, 3.77021, 3.28727, 2.37417, -0.133533, 0, 3.28727, 3.69993, 3.28727, 3.28727, 3.28727, 3.28727, 3.28727, 3.28727, 3.28727, 3.28727, 3.28727, 3.28727, 3.28727, 3.28727, 3.28727, 3.28727, 3.28727, 3.35755, 3.28727
9.34761, 4.67546, 3.91699, 3.29238, 2.58369, 0.758478, 0, 3.29238, 3.83711, 3.29238, 3.29238, 3.29238, 3.29238, 3.29238, 3.29238, 3.29238, 3.29238, 3.29238, 3.29238, 3.29238, 3.29238, 3.29238, 3.29238, 3.29238, 3.37225, 3.29238
9.35546, 4.31041, 4.09931, 3.29705, 2.51205, 0.211101, 0, 3.29705, 4.00935, 3.29705, 3.29705, 3.29705, 3.29705, 3.29705, 3.29705, 3.29705, 3.29705, 3.29705, 3.29705, 3.29705, 3.29705, 3.29705, 3.29705, 3.29705, 3.387, 3.29705
9.3633, 7.99257, 4.32418, 3.3013, 3.1611, 3.66839, 0, 3.3013, 4.22383, 3.3013, 3.3013, 3.3013, 3.3013, 3.3013, 3.3013, 3.3013, 3.3013, 3.3013, 3.3013, 3.3013, 3.3013, 3.3013, 3.3013, 3.3013, 3.40165, 3.3013
9.37114, 4.3727, 4.59925, 3.30505, 2.52442, -0.226547, 0, 3.30506, 4.48837, 3.30505, 3.30505, 3.30505, 3.30505, 3.30505, 3.30505, 3.30505, 3.30505, 3.30505, 3.30505, 3.30505, 3.30505, 3.30506, 3.30505, 3.30505, 3.41593, 3.30505
9.37898, 6.22792, 4.93298, 3.30832, 2.86844, 1.29494, 0, 3.30832, 4.81164, 3.30832, 3.30832, 3.30832, 3.30832, 3.30832, 3.30832, 3.30832, 3.30832, 3.30832, 3.30832, 3.30832, 3.30832, 3.30832, 3.30832, 3.30832, 3.42965, 3.30832
9.38683, 6.98761, 5.33403, 3.31108, 2.99793, 1.65358, 0, 3.31109, 5.20252, 3.31108, 3.31108, 3.31108, 3.31108, 3.31108, 3.31108, 3.31108, 3.31108, 3.31108, 3.31108, 3.31108, 3.31108, 3.31108, 3.31108, 3.31108, 3.44259, 3.31108
9.39467, 7.98823, 5.81136, 3.31341, 3.16042, 2.17687, 0, 3.31341, 5.67021, 3.31341, 3.31341, 3.31341, 3.31341, 3.31341, 3.31341, 3.31341, 3.31341, 3.31341, 3.31341, 3.31341, 3.31341, 3.31341, 3.31341, 3.31341, 3.45455, 3.31341
9.40251, 9.2886, 6.37346, 3.31519, 3.35985, 2.91513, 0, 3.31519, 6.22343, 3.31519, 3.31519, 3.31519, 3.31519, 3.31519, 3.31519, 3.31519, 3.31519, 3.31519, 3.31519, 3.31519, 3.31519, 3.31519, 3.31519, 3.31519, 3.46521, 3.31519
9.41035, 10.8788, 7.02859, 3.31642, 3.58871, 3.85022, 0, 3.31642, 6.87066, 3.31642, 3.31642, 3.31642, 3.31642, 3.31642, 3.31642, 3.31642, 3.31642, 3.31642, 3.31642, 3.31642, 3.31642, 3.31642, 3.31642, 3.31642, 3.47434, 3.31642
9.4182, 11.0922, 7.78337, 3.31707, 3.61831, 3.30882, 0, 3.31707, 7.61874, 3.31707, 3.31707, 3.31707, 3.31707, 3.31707, 3.31707, 3.31707, 3.31707, 3.31707, 3.31707, 3.31707, 3.31707, 3.31707, 3.31707, 3.31707, 3.48169, 3.31707
9.42604, 7.81314, 8.64304, 3.3172, 3.13259, -0.829908, 0, 3.31721, 8.47309, 3.3172, 3.3172, 3.3172, 3.3172, 3.3172, 3.3172, 3.3172, 3.3172, 3.3172, 3.3172, 3.3172, 3.3172, 3.3172, 3.3172, 3.3172, 3.48715, 3.3172
9.43388, 8.57631, 9.61095, 3.31688, 3.25212, -1.03464, 0, 3.31689, 9.4372, 3.31688, 3.31688, 3.31688, 3.31688, 3.31688, 3.31688, 3.31688, 3.31688, 3.31688, 3.31688, 3.31688, 3.31688, 3.31688, 3.31688, 3.31688, 3.49063, 3.31688
9.44173, 9.99023, 10.6868, 3.31608, 3.46269, -0.696615, 0, 3.31609, 10.5109, 3.31608, 3.31608, 3.31608, 3.31608, 3.31608, 3.31608, 3.31608, 3.31608, 3.31608, 3.31608, 3.31608, 3.31608, 3.31608, 3.31608, 3.31608, 3.492, 3.31608
9.44957, 13.2776, 11.8673, 3.31467, 3.90865, 1.41028, 0, 3.31467, 11.6909, 3.31467, 3.31467, 3.31467, 3.31467, 3.31467, 3.31467, 3.31467, 3.31467, 3.31467, 3.31467, 3.31467, 3.31467, 3.31467, 3.31467, 3.31467, 3.49106, 3.31467
9.45741, 17.4035, 13.1457, 3.31264, 4.40494, 4.25781, 0, 3.31264, 12.9705, 3.31264, 3.31264, 3.31264, 3.31264, 3.31264, 3.31264, 3.31264, 3.31264, 3.31264, 3.31264, 3.31264, 3.31264, 3.31264, 3.31264, 3.31264, 3.48779, 3.31264
9.46525, 13.5713, 14.5101, 3.30985, 3.94604, -0.938875, 0, 3.30986, 14.3379, 3.30985, 3.30985, 3.30985, 3.30985, 3.30985, 3.30985, 3.30985, 3.30985, 3.30985, 3.30985, 3.30985, 3.30985, 3.30985, 3.30985, 3.30985, 3.48209, 3.30985
9.4731, 8.26691, 15.9451, 3.30632, 3.2042, -7.67817, 0, 3.30633, 15.7773, 3.30632, 3.30632, 3.30632, 3.30632, 3.30632, 3.30632, 3.30632, 3.30632, 3.30632, 3.30632, 3.30632, 3.30632, 3.30632, 3.30632, 3.30632, 3.47407, 3.30632
9.48094, 14.9849, 17.4313, 3.30217, 4.12128, -2.4464, 0, 3.30217, 17.2695, 3.30217, 3.30217, 3.30217, 3.30217, 3.30217, 3.30217, 3.30217, 3.30217, 3.30217, 3.30217, 3.30217, 3.30217, 3.30217, 3.30217, 3.30217, 3.46396, 3.30217
9.48878, 15.9014, 18.9445, 3.29754, 4.23101, -3.04303, 0, 3.29754, 18.7899, 3.29754, 3.29754, 3.29754, 3.29754, 3.29754, 3.29754, 3.29754, 3.29754, 3.29754, 3.29754, 3.29754, 3.29754, 3.29754, 3.29754, 3.29754, 3.45207, 3.29754
9.49662, 24.5121, 20.457, 3.29237, 5.14899, 4.05516, 0, 3.29237, 20.3108, 3.29237, 3.29237, 3.29237, 3.29237, 3.29237, 3.29237, 3.29237, 3.29237, 3.29237, 3.29237, 3.29237, 3.29237, 3.29237, 3.29237, 3.29237, 3.43856, 3.29237
9.50447, 17.6939, 21.939, 3.28668, 4.43778, -4.2451, 0, 3.28668, 21.8021, 3.28668, 3.28668, 3.28668, 3.28668, 3.28668, 3.28668, 3.28668, 3.28668, 3.28668, 3.28668, 3.28668, 3.28668, 3.28668, 3.28668, 3.28668, 3.42363, 3.28668
9.51231, 21.1688, 23.3575, 3.28025, 4.8134, -2.18877, 0, 3.28025, 23.2305, 3.28025, 3.28025, 3.28025, 3.28025, 3.28025, 3.28025, 3.28025, 3.28025, 3.28025, 3.28025, 3.28025, 3.28025, 3.28025, 3.28025, 3.28025, 3.40732, 3.28025
9.52015, 20.7653, 24.6796, 3.27304, 4.7713, -3.91432, 0, 3.27305, 24.5629, 3.27304, 3.27304, 3.27304, 3.27304, 3.27304, 3.27304, 3.27304, 3.27304, 3.27304, 3.27304, 3.27304, 3.27304, 3.27304, 3.27304, 3.27304, 3.38981, 3.27304
9.528, 24.395, 25.8728, 3.26516, 5.13761, -1.47771, 0, 3.26517, 25.7665, 3.26516, 3.26516, 3.26516, 3.26516, 3.26516, 3.26516, 3.26516, 3.26516, 3.26516, 3.26516, 3.26516, 3.26516, 3.26516, 3.26516, 3.26516, 3.37143, 3.26516
9.53584, 21.539, 26.9063, 3.25676, 4.8517, -5.36723, 0, 3.25677, 26.8105, 3.25676, 3.25676, 3.25676, 3.25676, 3.25676, 3.25676, 3.25676, 3.25676, 3.25676, 3.25676, 3.25676, 3.25676, 3.25676, 3.25676, 3.25676, 3.35255, 3.25676
9.54368, 31.4788, 27.7525, 3.24788, 5.78609, 3.72633, 0, 3.24788, 27.667, 3.24788, 3.24788, 3.24788, 3.24788, 3.24788, 3.24788, 3.24788, 3.24788, 3.24788, 3.24788, 3.24788, 3.24788, 3.24788, 3.24788, 3.24788, 3.33338, 3.24788
9.55152, 28.9589, 28.388, 3.23855, 5.56407, 0.570873, 0, 3.23856, 28.3124, 3.23855, 3.23855, 3.23855, 3.23855, 3.23855, 3.23855, 3.23855, 3.23855, 3.23855, 3.23855, 3.23855, 3.23855, 3.23855, 3.23855, 3.23855, 3.31415, 3.23855
9.55937, 29.9556, 28.7946, 3.22852, 5.65293, 1.16105, 0, 3.22852, 28.7284, 3.22852, 3.22852, 3.22852, 3.22852, 3.22852, 3.22852, 3.22852, 3.22852, 3.22852, 3.22852, 3.22852, 3.22852, 3.22852, 3.22852, 3.22852, 3.29471, 3.22852
9.56721, 16.7206, 28.9604, 3.2177, 4.32673, -12.2398, 0, 3.21771, 28.903, 3.2177, 3.2177, 3.2177, 3.2177, 3.2177, 3.2177, 3.2177, 3.2177, 3.2177, 3.2177, 3.2177, 3.2177, 3.2177, 3.2177, 3.2177, 3.27511, 3.2177
9.57505, 24.4672, 28.8804, 3.20617, 5.14462, -4.41329, 0, 3.20618, 28.8311, 3.20617, 3.20617, 3.20617, 3.20617, 3.20617, 3.20617, 3.20617, 3.20617, 3.20617, 3.20617, 3.20617, 3.20617, 3.20617, 3.20617, 3.20617, 3.2555, 3.20617
9.5829, 28.216, 28.5569, 3.19408, 5.49691, -0.340899, 0, 3.19408, 28.5149, 3.19408, 3.19408, 3.19408, 3.19408, 3.19408, 3.19408, 3.19408, 3.19408, 3.19408, 3.19408, 3.19408, 3.19408, 3.19408, 3.19408, 3.19408, 3.23605, 3.19408
9.59074, 24.995, 27.9987, 3.18148, 5.19567, -3.00375, 0, 3.18148, 27.9633, 3.18148, 3.18148, 3.18148, 3.18148, 3.18148, 3.18148, 3.18148, 3.18148, 3.18148, 3.18148, 3.18148, 3.18148, 3.18148, 3.18148, 3.18148, 3.21687, 3.18148
9.59858, 20.9743, 27.2216, 3.16844, 4.79315, -6.24729, 0, 3.16844, 27.192, 3.16844, 3.16844, 3.16844, 3.16844, 3.16844, 3.16844, 3.16844, 3.16844, 3.16844, 3.16844, 3.16844, 3.16844, 3.16844, 3.16844, 3.16844, 3.19801, 3.16844
9.60642, 20.453, 26.246, 3.15472, 4.73846, -5.79294, 0, 3.15472, 26.2215, 3.15472, 3.15472, 3.15472, 3.15472, 3.15472, 3.15472, 3.15472, 3.15472, 3.15472, 3.15472, 3.15472, 3.15472, 3.15472, 3.15472, 3.15472, 3.17922, 3.15472
9.61427, 27.2647, 25.0981, 3.14024, 5.40968, 2.16655, 0, 3.14025, 25.078, 3.14024, 3.14024, 3.14024, 3.14024, 3.14024, 3.14024, 3.14024, 3.14024, 3.14024, 3.14024, 3.14024, 3.14024, 3.14024, 3.14024, 3.14024, 3.16039, 3.14024
9.62211, 16.2796, 23.8077, 3.12509, 4.27546, -7.5282, 0, 3.1251, 23.7913, 3.12509, 3.12509, 3.12509, 3.12509, 3.12509, 3.12509, 3.12509, 3.12509, 3.12509, 3.12509, 3.12509, 3.12509, 3.12509, 3.12509, 3.12509, 3.14155, 3.12509
9.62995, 24.0647, 22.4064, 3.10942, 5.10536, 1.65832, 0, 3.10942, 22.393, 3.10942, 3.10942, 3.10942, 3.10942, 3.10942, 3.10942, 3.10942, 3.10942, 3.10942, 3.10942, 3.10942, 3.10942, 3.10942, 3.10942, 3.10942, 3.12282, 3.10942
9.63779, 8.45105, 20.9274, 3.09322, 3.23281, -12.4763, 0, 3.09323, 20.9165, 3.09322, 3.09322, 3.09322, 3.09322, 3.09322, 3.09322, 3.09322, 3.09322, 3.09322, 3.09322, 3.09322, 3.09322, 3.09322, 3.09322, 3.09322, 3.10413, 3.09322
9.64564, 15.5393, 19.4034, 3.07656, 4.18799, -3.86411, 0, 3.07656, 19.3944, 3.07656, 3.07656, 3.07656, 3.07656, 3.07656, 3.07656, 3.07656, 3.07656, 3.07656, 3.07656, 3.07656, 3.07656, 3.07656, 3.07656, 3.07656, 3.08551, 3.07656
9.65348, 8.77197, 17.8654, 3.05925, 3.28207, -9.09344, 0, 3.05925, 17.8579, 3.05925, 3.05925, 3.05925, 3.05925, 3.05925, 3.05925, 3.05925, 3.05925, 3.05925, 3.05925, 3.05925, 3.05925, 3.05925, 3.05925, 3.05925, 3.06672, 3.05925
9.66132, 10.9837, 16.3422, 3.04126, 3.60329, -5.35853, 0, 3.04127, 16.3357, 3.04126, 3.04126, 3.04126, 3.04126, 3.04126, 3.04126, 3.04126, 3.04126, 3.04126, 3.04126, 3.04126, 3.04126, 3.04126, 3.04126, 3.04126, 3.04772, 3.04126
9.66917, 16.2297, 14.8594, 3.0227, 4.26963, 1.37032, 0, 3.02271, 14.8536, 3.0227, 3.0227, 3.0227, 3.0227, 3.0227, 3.0227, 3.0227, 3.0227, 3.0227, 3.0227, 3.0227, 3.0227, 3.0227, 3.0227, 3.0227, 3.02856, 3.0227
9.67701, 8.15514, 13.4389, 3.0037, 3.18671, -5.28377, 0, 3.00371, 13.4332, 3.0037, 3.0037, 3.0037, 3.0037, 3.0037, 3.0037, 3.0037, 3.0037, 3.0037, 3.0037, 3.0037, 3.0037, 3.0037, 3.0037, 3.0037, 3.00938, 3.0037
9.68485, 16.4757, 12.0982, 2.98419, 4.29834, 4.37756, 0, 2.9842, 12.0922, 2.98419, 2.98419, 2.98419, 2.98419, 2.98419, 2.98419, 2.98419, 2.98419, 2.98419, 2.98419, 2.98419, 2.98419, 2.98419, 2.98419, 2.98419, 2.99011, 2.98419
9.69269, 9.56592, 10.8504, 2.96418, 3.40087, -1.28447, 0, 2.96419, 10.8438, 2.96418, 2.96418, 2.96418, 2.96418, 2.96418, 2.96418, 2.96418, 2.96418, 2.96418, 2.96418, 2.96418, 2.96418, 2.96418, 2.96418, 2.96418, 2.97076, 2.96418
9.70054, 9.36654, 9.70458, 2.94358, 3.37143, -0.338034, 0, 2.94359, 9.69687, 2.94358, 2.94358, 2.94358, 2.94358, 2.94358, 2.94358, 2.94358, 2.94358, 2.94358, 2.94358, 2.94358, 2.94358, 2.94358, 2.94358, 2.94358, 2.95128, 2.94358
9.70838, 8.41239, 8.66583, 2.92241, 3.22682, -0.253439, 0, 2.92242, 8.6565, 2.92241, 2.92241, 2.92241, 2.92241, 2.92241, 2.92241, 2.92241, 2.92241, 2.92241, 2.92241, 2.92241, 2.92241, 2.92241, 2.92241, 2.92241, 2.93174, 2.92241
9.71622, 7.19913, 7.73575, 2.90073, 3.03301, -0.536616, 0, 2.90074, 7.72423, 2.90073, 2.90073, 2.90073, 2.90073, 2.90073, 2.90073, 2.90073, 2.90073, 2.90073, 2.90073, 2.90073, 2.90073, 2.90073, 2.90073, 2.90073, 2.91224, 2.90073
9.72407, 5.99294, 6.91293, 2.87865, 2.82718, -0.919989, 0, 2.87865, 6.8986, 2.87865, 2.87865, 2.87865, 2.87865, 2.87865, 2.87865, 2.87865, 2.87865, 2.87865, 2.87865, 2.87865, 2.87865, 2.87865, 2.87865, 2.87865, 2.89297, 2.87865
9.73191, 7.39554, 6.19326, 2.85609, 3.06521, 1.20227, 0, 2.85609, 6.17542, 2.85609, 2.85609, 2.85609, 2.85609, 2.85609, 2.85609, 2.85609, 2.85609, 2.85609, 2.85609, 2.85609, 2.85609, 2.85609, 2.85609, 2.85609, 2.87393, 2.85609
9.73975, 1, 5.57082, 2.83306, 1.73205, -4.57082, 0, 2.83307, 5.54866, 2.83306, 2.83306, 2.83306, 2.83306, 2.83306, 2.83306, 2.83306, 2.83306, 2.83306, 2.83306, 2.83306, 2.83306, 2.83306, 2.83306, 2.83306, 2.85521, 2.83306
9.74759, 3.3886, 5.03825, 2.80954, 2.32134, -1.64965, 0, 2.80955, 5.0109, 2.80954, 2.80954, 2.80954, 2.80954, 2.80954, 2.80954, 2.80954, 2.80954, 2.80954, 2.80954, 2.80954, 2.80954, 2.80954, 2.80954, 2.80954, 2.83688, 2.80954
9.75544, 4.80322, 4.58718, 2.78558, 2.6083, 0.216037, 0, 2.78559, 4.55368, 2.78558, 2.78558, 2.78558, 2.78558, 2.78558, 2.78558, 2.78558, 2.78558, 2.78558, 2.78558, 2.78558, 2.78558, 2.78558, 2.78558, 2.78558, 2.81908, 2.78558
9.76328, 3.37688, 4.20909, 2.76114, 2.31881, -0.832205, 0, 2.76115, 4.16835, 2.76114, 2.76114, 2.76114, 2.76114, 2.76114, 2.76114, 2.76114, 2.76114, 2.76114, 2.76114, 2.76114, 2.76114, 2.76114, 2.76114, 2.76114, 2.80187, 2.76114
9.77112, 3.61829, 3.8952, 2.73627, 2.37029, -0.276911, 0, 2.73628, 3.84611, 2.73627, 2.73627, 2.73627, 2.73627, 2.73627, 2.73627, 2.73627, 2.73627, 2.73627, 2.73627, 2.73627, 2.73627, 2.73627, 2.73627, 2.73627, 2.78536, 2.73627
9.77896, 8.36654, 3.63704, 2.71101, 3.21971, 4.7295, 0, 2.71101, 3.5784, 2.71101, 2.71101, 2.71101, 2.71101, 2.71101, 2.71101, 2.71101, 2.71101, 2.71101, 2.71101, 2.71101, 2.71101, 2.71101, 2.71101, 2.71101, 2.76964, 2.71101
9.78681, 3.44647, 3.42667, 2.68542, 2.33377, 0.0198009, 0, 2.68542, 3.35724, 2.68542, 2.68542, 2.68542, 2.68542, 2.68542, 2.68542, 2.68542, 2.68542, 2.68542, 2.68542, 2.68542, 2.68542, 2.68542, 2.68542, 2.68542, 2.75484, 2.68542
9.79465, 3.53941, 3.25661, 2.65947, 2.35359, 0.2828, 0, 2.65947, 3.17517, 2.65947, 2.65947, 2.65947, 2.65947, 2.65947, 2.65947, 2.65947, 2.65947, 2.65947, 2.65947, 2.65947, 2.65947, 2.65947, 2.65947, 2.65947, 2.7409, 2.65947
9.80249, 2.63792, 3.12016, 2.63317, 2.15358, -0.482245, 0, 2.63317, 3.0255, 2.63317, 2.63317, 2.63317, 2.63317, 2.63317, 2.63317, 2.63317, 2.63317, 2.63317, 2.63317, 2.63317, 2.63317, 2.63317, 2.63317, 2.63317, 2.72782, 2.63317
9.81034, 1.82268, 3.01127, 2.60642, 1.95517, -1.1886, 0, 2.60642, 2.90226, 2.60642, 2.60642, 2.60642, 2.60642, 2.60642, 2.60642, 2.60642, 2.60642, 2.60642, 2.60642, 2.60642, 2.60642, 2.60642, 2.60642, 2.60642, 2.71542, 2.60642
9.81818, 4.34498, 2.92473, 2.57922, 2.51892, 1.42025, 0, 2.57923, 2.80035, 2.57922, 2.57922, 2.57922, 2.57922, 2.57922, 2.57922, 2.57922, 2.57922, 2.57922, 2.57922, 2.57922, 2.57922, 2.57922, 2.57922, 2.57922, 2.7036, 2.57922
9.82602, 4.16506, 2.85601, 2.55157, 2.48295, 1.30905, 0, 2.55158, 2.71541, 2.55157, 2.55157, 2.55157, 2.55157, 2.55157, 2.55157, 2.55157, 2.55157, 2.55157, 2.55157, 2.55157, 2.55157, 2.55157, 2.55157, 2.55157, 2.69217, 2.55157
9.83386, 3.82553, 2.80135, 2.52355, 2.41361, 1.02418, 0, 2.52355, 2.64388, 2.52355, 2.52355, 2.52355, 2.52355, 2.52355, 2.52355, 2.52355, 2.52355, 2.52355, 2.52355, 2.52355, 2.52355, 2.52355, 2.52355, 2.52355, 2.68101, 2.52355
9.84171, 3.16035, 2.75747, 2.49513, 2.27164, 0.402882, 0, 2.49514, 2.58275, 2.49513, 2.49513, 2.49513, 2.49513, 2.49513, 2.49513, 2.49513, 2.49513, 2.49513, 2.49513, 2.49513, 2.49513, 2.49513, 2.49513, 2.49513, 2.66983, 2.49513
9.84955, 2.99257, 2.72168, 2.46638, 2.2344, 0.270889, 0, 2.46638, 2.52964, 2.46638, 2.46638, 2.46638, 2.46638, 2.46638, 2.46638, 2.46638, 2.46638, 2.46638, 2.46638, 2.46638, 2.46638, 2.46638, 2.46638, 2.46638, 2.65841, 2.46638
9.85739, 2.99331, 2.6917, 2.4373, 2.23457, 0.301604, 0, 2.43731, 2.48259, 2.4373, 2.4373, 2.4373, 2.4373, 2.4373, 2.4373, 2.4373, 2.4373, 2.4373, 2.4373, 2.4373, 2.4373, 2.4373, 2.4373, 2.4373, 2.64641, 2.4373
9.86524, 5.83445, 2.66537, 2.40764, 2.79901, 3.16908, 0, 2.40765, 2.43978, 2.40764, 2.40764, 2.40764, 2.40764, 2.40764, 2.40764, 2.40764, 2.40764, 2.40764, 2.40764, 2.40764, 2.40764, 2.40764, 2.40764, 2.40764, 2.63322, 2.40764
9.87308, 2.83939, 2.64103, 2.37733, 2.19986, 0.198353, 0, 2.37733, 2.39995, 2.37733, 2.37733, 2.37733, 2.37733, 2.37733, 2.37733, 2.37733, 2.37733, 2.37733, 2.37733, 2.37733, 2.37733, 2.37733, 2.37733, 2.37733, 2.6184, 2.37733
9.88092, 2.99766, 2.61759, 2.34656, 2.23555, 0.380079, 0, 2.34657, 2.36236, 2.34656, 2.34656, 2.34656, 2.34656, 2.34656, 2.34656, 2.34656, 2.34656, 2.34656, 2.34656, 2.34656, 2.34656, 2.34656, 2.34656, 2.34656, 2.60178, 2.34656
9.88876, 1.29913, 2.59402, 2.31542, 1.81635, -1.29489, 0, 2.31543, 2.32635, 2.31542, 2.31542, 2.31542, 2.31542, 2.31542, 2.31542, 2.31542, 2.31542, 2.31542, 2.31542, 2.31542, 2.31542, 2.31542, 2.31542, 2.31542, 2.58308, 2.31542
9.89661, 4.69603, 2.56965, 2.28405, 2.58767, 2.12638, 0, 2.28406, 2.29157, 2.28405, 2.28405, 2.28405, 2.28405, 2.28405, 2.28405, 2.28405, 2.28405, 2.28405, 2.28405, 2.28405, 2.28405, 2.28405, 2.28405, 2.28405, 2.56213, 2.28405
9.90445, 2.28984, 2.54401, 2.25269, 2.07119, -0.254173, 0, 2.25271, 2.25781, 2.25269, 2.25269, 2.25269, 2.25269, 2.25269, 2.25269, 2.25269, 2.25269, 2.25269, 2.25269, 2.25269, 2.25269, 2.25269, 2.25269, 2.25269, 2.53888, 2.25269
9.91229, 3.56171, 2.5167, 2.22146, 2.35833, 1.04501, 0, 2.22147, 2.22492, 2.22146, 2.22146, 2.22146, 2.22146, 2.22146, 2.22146, 2.22146, 2.22146, 2.22146, 2.22146, 2.22146, 2.22146, 2.22146, 2.22146, 2.22146, 2.51323, 2.22146
9.92013, 1.28228, 2.48736, 2.19036, 1.81171, -1.20508, 0, 2.19037, 2.19268, 2.19036, 2.19036, 2.19036, 2.19036, 2.19036, 2.19036, 2.19036, 2.19036, 2.19036, 2.19036, 2.19036, 2.19036, 2.19036, 2.19036, 2.19036, 2.48502, 2.19036
9.92798, 3.71772, 2.45557, 2.15922, 2.39118, 1.26215, 0, 2.15924, 2.16076, 2.15922, 2.15922, 2.15922, 2.15922, 2.15922, 2.15922, 2.15922, 2.15922, 2.15922, 2.15922, 2.15922, 2.15922, 2.15922, 2.15922, 2.15922, 2.45401, 2.15922
9.93582, 2, 2.42124, 2.12807, 2, -0.421243, 0, 2.12809, 2.12909, 2.12807, 2.12807, 2.12807, 2.12807, 2.12807, 2.12807, 2.12807, 2.12807, 2.12807, 2.12807, 2.12807, 2.12807, 2.12807, 2.12807, 2.12807, 2.42021, 2.12807
9.94366, 1.40186, 2.38445, 2.09698, 1.84441, -0.982592, 0, 2.09701, 2.09765, 2.09698, 2.09698, 2.09698, 2.09698, 2.09698, 2.09698, 2.09698, 2.09698, 2.09698, 2.09698, 2.09698, 2.09698, 2.09699, 2.09698, 2.09698, 2.38376, 2.09698
9.95151, 3.59814, 2.34529, 2.06597, 2.36604, 1.25285, 0, 2.06599, 2.0664, 2.06597, 2.06597, 2.06597, 2.06597, 2.06597, 2.06597, 2.06597, 2.06597, 2.06597, 2.06597, 2.06597, 2.06597, 2.06597, 2.06597, 2.06597, 2.34483, 2.06597
9.95935, 1.6456, 2.30399, 2.03506, 1.90935, -0.65839, 0, 2.03509, 2.03534, 2.03506, 2.03506, 2.03506, 2.03506, 2.03506, 2.03506, 2.03506, 2.03506, 2.03506, 2.03506, 2.03506, 2.03506, 2.03506, 2.03506, 2.03506, 2.30368, 2.03506
9.96719, 5.60793, 2.26072, 2.00419, 2.75825, 3.34721, 0, 2.00422, 2.00437, 2.00419, 2.00419, 2.00419, 2.00419, 2.00419, 2.00419, 2.00419, 2.00419, 2.00419, 2.00419, 2.00419, 2.00419, 2.00419, 2.00419, 2.00419, 2.26051, 2.00419
9.97503, 2.87086, 2.21581, 1.97339, 2.207, 0.655058, 0, 1.97343, 1.9735, 1.97339, 1.97339, 1.97339, 1.97339, 1.97339, 1.97339, 1.97339, 1.97339, 1.97339, 1.97339, 1.97339, 1.97339, 1.97339, 1.97339, 1.97339, 2.21565, 1.97339
9.98288, 2.8756, 2.16965, 1.9427, 2.20808, 0.705959, 0, 1.94275, 1.94278, 1.9427, 1.9427, 1.9427, 1.9427, 1.9427, 1.9427, 1.9427, 1.9427, 1.9427, 1.9427, 1.9427, 1.9427, 1.9427, 1.9427, 1.9427, 2.16953, 1.9427
9.99072, 1, 2.12254, 1.91207, 1.73205, -1.12254, 0, 1.91213, 1.91212, 1.91207, 1.91207, 1.91207, 1.91207, 1.91207, 1.91207, 1.91207, 1.91207, 1.91207, 1.91207, 1.91207, 1.91207, 1.91208, 1.91207, 1.91207, 2.12244, 1.91207
9.99856, 3.1171, 2.07488, 1.88153, 2.2621, 1.04222, 0, 1.88159, 1.88156, 1.88153, 1.88153, 1.88153, 1.88153, 1.88153, 1.88153, 1.88153, 1.88153, 1.88153, 1.88153, 1.88153, 1.88153, 1.88154, 1.88153, 1.88153, 2.0748, 1.88153
10.0064, 1.11214, 2.02712, 1.85116, 1.76413, -0.91498, 0, 1.85123, 1.85118, 1.85116, 1.85116, 1.85116, 1.85116, 1.85116, 1.85116, 1.85116, 1.85116, 1.85116, 1.85116, 1.85116, 1.85116, 1.85117, 1.85116, 1.85116, 2.02704, 1.85116
10.0142, 4.77076, 1.97964, 1.82101, 2.60207, 2.79112, 0, 1.82109, 1.82102, 1.82101, 1.82101, 1.82101, 1.82101, 1.82101, 1.82101, 1.82101, 1.82101, 1.82101, 1.82101, 1.82101, 1.82101, 1.82101, 1.82101, 1.82101, 1.97955, 1.82101
10.0221, 2, 1.93272, 1.79106, 2, 0.0672766, 0, 1.79115, 1.79107, 1.79106, 1.79106, 1.79106, 1.79106, 1.79106, 1.79106, 1.79106, 1.79106, 1.79106, 1.79106, 1.79106, 1.79106, 1.79106, 1.79106, 1.79106, 1.93263, 1.79106
10.0299, 1.10731, 1.88663, 1.7613, 1.76276, -0.779314, 0, 1.7614, 1.7613, 1.7613, 1.7613, 1.7613, 1.7613, 1.7613, 1.7613, 1.7613, 1.7613, 1.7613, 1.7613, 1.7613, 1.7613, 1.7613, 1.7613, 1.7613, 1.88652, 1.7613
10.0378, 2.89269, 1.84152, 1.73167, 2.21194, 1.05117, 0, 1.73179, 1.73168, 1.73167, 1.73167, 1.73167, 1.73167, 1.73167, 1.73167, 1.73167, 1.73167, 1.73167, 1.73167, 1.73167, 1.73167, 1.73167, 1.73167, 1.73167, 1.8414, 1.73167
10.0456, 1.2052, 1.79758, 1.70221, 1.79031, -0.592379, 0, 1.70234, 1.70221, 1.70221, 1.70221, 1.70221, 1.70221, 1.70221, 1.70221, 1.70221, 1.70221, 1.70221, 1.70221, 1.70221, 1.70221, 1.70221, 1.70221, 1.70221, 1.79745, 1.70221
10.0535, 1.89492, 1.75497, 1.67292, 1.97355, 0.139948, 0, 1.67307, 1.67293, 1.67292, 1.67292, 1.67292, 1.67292, 1.67292, 1.67292, 1.67292, 1.67292, 1.67292, 1.67292, 1.67292, 1.67292, 1.67293, 1.67292, 1.67292, 1.75482, 1.67292
10.0613, 1.89988, 1.71377, 1.64384, 1.97481, 0.186103, 0, 1.644, 1.64384, 1.64384, 1.64384, 1.64384, 1.64384, 1.64384, 1.64384, 1.64384, 1.64384, 1.64384, 1.64384, 1.64384, 1.64384, 1.64384, 1.64384, 1.64384, 1.71361, 1.64384
10.0691, 1, 1.67403, 1.61495, 1.73205, -0.674026, 0, 1.61513, 1.61495, 1.61495, 1.61495, 1.61495, 1.61495, 1.61495, 1.61495, 1.61495, 1.61495, 1.61495, 1.61495, 1.61495, 1.61495, 1.61495, 1.61495, 1.61495, 1.67385, 1.61495
10.077, 1, 1.63575, 1.58628, 1.73205, -0.635746, 0, 1.58647, 1.58628, 1.58628, 1.58628, 1.58628, 1.58628, 1.58628, 1.58628, 1.58628, 1.58628, 1.58628, 1.58628, 1.58628, 1.58628, 1.58628, 1.58628, 1.58628, 1.63555, 1.58628
10.0848, 1.27209, 1.59891, 1.55783, 1.80889, -0.326827, 0, 1.55804, 1.55783, 1.55783, 1.55783, 1.55783, 1.55783, 1.55783, 1.55783, 1.55783, 1.55783, 1.55783, 1.55783, 1.55783, 1.55783, 1.55783, 1.55783, 1.55783, 1.5987, 1.55783
10.0927, 4.72791, 1.56348, 1.52963, 2.59382, 3.16444, 0, 1.52986, 1.52963, 1.52963, 1.52963, 1.52963, 1.52963, 1.52963, 1.52963, 1.52963, 1.52963, 1.52963, 1.52963, 1.52963, 1.52963, 1.52963, 1.52963, 1.52963, 1.56325, 1.52963
10.1005, 0.171252, 1.52938, 1.50167, 1.47352, -1.35813, 0, 1.50192, 1.50167, 1.50167, 1.50167, 1.50167, 1.50167, 1.50167, 1.50167, 1.50167, 1.50167, 1.50167, 1.50167, 1.50167, 1.50167, 1.50167, 1.50167, 1.50167, 1.52914, 1.50167
10.1084, 1.82875, 1.49654, 1.47398, 1.95672, 0.332205, 0, 1.47424, 1.47398, 1.47398, 1.47398, 1.47398, 1.47398, 1.47398, 1.47398, 1.47398, 1.47398, 1.47398, 1.47398, 1.47398, 1.47398, 1.47398, 1.47398, 1.47398, 1.49628, 1.47398
10.1162, 1.08092, 1.48744, 1.46911, 1.75525, -0.406524, 0, 1.46938, 1.46911, 1.46911, 1.46911, 1.46911, 1.46911, 1.46911, 1.46911, 1.46911, 1.46911, 1.46911, 1.46911, 1.46911, 1.46911, 1.46911, 1.46911, 1.46911, 1.48717, 1.46911
10.124, 1.07621, 1.47849, 1.46357, 1.75391, -0.402284, 0, 1.46386, 1.46357, 1.46357, 1.46357, 1.46357, 1.46357, 1.46357, 1.46357, 1.46357, 1.46357, 1.46357, 1.46357, 1.46357, 1.46357, 1.46357, 1.46357, 1.46357, 1.4782, 1.46357
10.1319, 1.84287, 1.46961, 1.45738, 1.96033, 0.37326, 0, 1.45768, 1.45738, 1.45738, 1.45738, 1.45738, 1.45738, 1.45738, 1.45738, 1.45738, 1.45738, 1.45738, 1.45738, 1.45738, 1.45738, 1.45738, 1.45738, 1.45738, 1.46931, 1.45738
10.1397, 1, 1.46106, 1.45086, 1.73205, -0.461064, 0, 1.45117, 1.45086, 1.45086, 1.45086, 1.45086, 1.45086, 1.45086, 1.45086, 1.45086, 1.45086, 1.45086, 1.45086, 1.45086, 1.45086, 1.45086, 1.45086, 1.45086, 1.46075, 1.45086
10.1476, 1.21375, 1.4531, 1.44436, 1.79269, -0.239347, 0, 1.44468, 1.44436, 1.44436, 1.44436, 1.44436, 1.44436, 1.44436, 1.44436, 1.44436, 1.44436, 1.44436, 1.44436, 1.44436, 1.44436, 1.44436, 1.44436, 1.44436, 1.45279, 1.44436
10.1554, 2.78625, 1.44959, 1.4418, 2.18775, 1.33665, 0, 1.44212, 1.4418, 1.4418, 1.4418, 1.4418, 1.4418, 1.4418, 1.4418, 1.4418, 1.4418, 1.4418, 1.4418, 1.4418, 1.4418, 1.4418, 1.4418, 1.4418, 1.44927, 1.4418
10.1633, 1, 1.4464, 1.4391, 1.73205, -0.446401, 0, 1.43942, 1.4391, 1.4391, 1.4391, 1.4391, 1.4391, 1.4391, 1.4391, 1.4391, 1.4391, 1.4391, 1.4391, 1.4391, 1.4391, 1.4391, 1.4391, 1.4391, 1.44608, 1.4391
10.1711, 1.12813, 1.44352, 1.43629, 1.76865, -0.315392, 0, 1.43661, 1.43629, 1.43629, 1.43629, 1.43629, 1.43629, 1.43629, 1.43629, 1.43629, 1.43629, 1.43629, 1.43629, 1.43629, 1.43629, 1.43629, 1.43629, 1.43629, 1.4432, 1.43629
10.1789, 2.87187, 1.44086, 1.43331, 2.20723, 1.43101, 0, 1.43363, 1.43331, 1.43331, 1.43331, 1.43331, 1.43331, 1.43331, 1.43331, 1.43331, 1.43331, 1.43331, 1.43331, 1.43331, 1.43331, 1.43331, 1.43331, 1.43331, 1.44054, 1.43331
10.1868, 0.0592317, 1.43842, 1.4302, 1.435, -1.37919, 0, 1.43051, 1.4302, 1.4302, 1.4302, 1.4302, 1.4302, 1.4302, 1.4302, 1.4302, 1.4302, 1.4302, 1.4302, 1.4302, 1.4302, 1.4302, 1.4302, 1.4302, 1.43811, 1.4302
10.1946, 3.94077, 1.43597, 1.42672, 2.43737, 2.5048, 0, 1.42703, 1.42672, 1.42672, 1.42672, 1.42672, 1.42672, 1.42672, 1.42672, 1.42672, 1.42672, 1.42672, 1.42672, 1.42672, 1.42672, 1.42672, 1.42672, 1.42672, 1.43566, 1.42672
10.2025, 0.108798, 1.43352, 1.42292, 1.45217, -1.32473, 0, 1.42321, 1.42292, 1.42292, 1.42292, 1.42292, 1.42292, 1.42292, 1.42292, 1.42292, 1.42292, 1.42292, 1.42292, 1.42292, 1.42292, 1.42292, 1.42292, 1.42292, 1.43323, 1.42292
10.2103, 3.8912, 1.43124, 1.41896, 2.42718, 2.45996, 0, 1.41924, 1.41896, 1.41896, 1.41896, 1.41896, 1.41896, 1.41896, 1.41896, 1.41896, 1.41896, 1.41896, 1.41896, 1.41896, 1.41896, 1.41896, 1.41896, 1.41896, 1.43096, 1.41896
10.2182, 1.04957, 1.42929, 1.41501, 1.7463, -0.379724, 0, 1.41527, 1.41501, 1.41501, 1.41501, 1.41501, 1.41501, 1.41501, 1.41501, 1.41501, 1.41501, 1.41501, 1.41501, 1.41501, 1.41501, 1.41501, 1.41501, 1.41501, 1.42902, 1.41501
10.226, 0.997646, 1.4284, 1.41181, 1.73137, -0.430759, 0, 1.41206, 1.41181, 1.41181, 1.41181, 1.41181, 1.41181, 1.41181, 1.41181, 1.41181, 1.41181, 1.41181, 1.41181, 1.41181, 1.41181, 1.41181, 1.41181, 1.41181, 1.42815, 1.41181
10.2338, 1.95279, 1.42733, 1.40812, 1.98816, 0.525455, 0, 1.40836, 1.40812, 1.40812, 1.40812, 1.40812, 1.40812, 1.40812, 1.40812, 1.40812, 1.40812, 1.40812, 1.40812, 1.40812, 1.40812, 1.40812, 1.40812, 1.40812, 1.42709, 1.40812
10.2417, 0.127494, 1.42615, 1.40402, 1.45859, -1.29865, 0, 1.40424, 1.40402, 1.40402, 1.40402, 1.40402, 1.40402, 1.40402, 1.40402, 1.40402, 1.40402, 1.40402, 1.40402, 1.40402, 1.40402, 1.40402, 1.40402, 1.40402, 1.42592, 1.40402
10.2495, 2.99221, 1.42503, 1.39973, 2.23433, 1.56718, 0, 1.39993, 1.39973, 1.39973, 1.39973, 1.39973, 1.39973, 1.39973, 1.39973, 1.39973, 1.39973, 1.39973, 1.39973, 1.39973, 1.39973, 1.39973, 1.39973, 1.39973, 1.42483, 1.39973
10.2574, 3.91772, 1.42418, 1.39544, 2.43264, 2.49354, 0, 1.39563, 1.39544, 1.39544, 1.39544, 1.39544, 1.39544, 1.39544, 1.39544, 1.39544, 1.39544, 1.39544, 1.39544, 1.39544, 1.39544, 1.39544, 1.39544, 1.39544, 1.42399, 1.39544
10.2652, 1.96258, 1.42524, 1.39285, 1.99062, 0.537333, 0, 1.39302, 1.39285, 1.39285, 1.39285, 1.39285, 1.39285, 1.39285, 1.39285, 1.39285, 1.39285, 1.39285, 1.39285, 1.39285, 1.39285, 1.39285, 1.39285, 1.39285, 1.42507, 1.39285
10.2731, 1.03271, 1.42563, 1.3894, 1.74147, -0.392917, 0, 1.38955, 1.3894, 1.3894, 1.3894, 1.3894, 1.3894, 1.3894, 1.3894, 1.3894, 1.3894, 1.3894, 1.3894, 1.3894, 1.3894, 1.3894, 1.3894, 1.3894, 1.42548, 1.3894
10.2809, 1.99752, 1.42539, 1.38518, 1.99938, 0.572127, 0, 1.38532, 1.38518, 1.38518, 1.38518, 1.38518, 1.38518, 1.38518, 1.38518, 1.38518, 1.38518, 1.38518, 1.38518, 1.38518, 1.38518, 1.38518, 1.38518, 1.38518, 1.42526, 1.38518
10.2887, 0.969765, 1.42488, 1.38059, 1.7233, -0.455111, 0, 1.38071, 1.38059, 1.38059, 1.38059, 1.38059, 1.38059, 1.38059, 1.38059, 1.38059, 1.38059, 1.38059, 1.38059, 1.38059, 1.38059, 1.38059, 1.38059, 1.38059, 1.42475, 1.38059
10.2966, 1.07658, 1.42441, 1.37601, 1.75402, -0.347827, 0, 1.37611, 1.37601, 1.37601, 1.37601, 1.37601, 1.37601, 1.37601, 1.37601, 1.37601, 1.37601, 1.37601, 1.37601, 1.37601, 1.37601, 1.37601, 1.37601, 1.37601, 1.4243, 1.37601
10.3044, 3.94647, 1.42644, 1.37394, 2.43854, 2.52002, 0, 1.37404, 1.37394, 1.37394, 1.37394, 1.37394, 1.37394, 1.37394, 1.37394, 1.37394, 1.37394, 1.37394, 1.37394, 1.37394, 1.37394, 1.37394, 1.37394, 1.37394, 1.42635, 1.37394
10.3123, 0.997648, 1.42722, 1.37069, 1.73137, -0.429572, 0, 1.37077, 1.37069, 1.37069, 1.37069, 1.37069, 1.37069, 1.37069, 1.37069, 1.37069, 1.37069, 1.37069, 1.37069, 1.37069, 1.37069, 1.37069, 1.37069, 1.37069, 1.42714, 1.37069
10.3201, 3.01574, 1.42681, 1.36637, 2.23958, 1.58893, 0, 1.36645, 1.36637, 1.36637, 1.36637, 1.36637, 1.36637, 1.36637, 1.36637, 1.36637, 1.36637, 1.36637, 1.36637, 1.36637, 1.36637, 1.36638, 1.36637, 1.36637, 1.42674, 1.36637
10.328, 4.97931, 1.42569, 1.36154, 2.64184, 3.55362, 0, 1.3616, 1.36154, 1.36154, 1.36154, 1.36154, 1.36154, 1.36154, 1.36154, 1.36154, 1.36154, 1.36154, 1.36154, 1.36154, 1.36154, 1.36154, 1.36154, 1.36154, 1.42562, 1.36154
10.3358, 1.98426, 1.42434, 1.35671, 1.99606, 0.559928, 0, 1.35676, 1.35671, 1.35671, 1.35671, 1.35671, 1.35671, 1.35671, 1.35671, 1.35671, 1.35671, 1.35671, 1.35671, 1.35671, 1.35671, 1.35671, 1.35671, 1.35671, 1.42428, 1.35671
10.3436, 0.0110285, 1.42588, 1.35507, 1.41811, -1.41485, 0, 1.35511, 1.35507, 1.35507, 1.35507, 1.35507, 1.35507, 1.35507, 1.35507, 1.35507, 1.35507, 1.35507, 1.35507, 1.35507, 1.35507, 1.35507, 1.35507, 1.35507, 1.42583, 1.35507
10.3515, 1.01462, 1.42564, 1.35197, 1.73627, -0.411025, 0, 1.35201, 1.35197, 1.35197, 1.35197, 1.35197, 1.35197, 1.35197, 1.35197, 1.35197, 1.35197, 1.35197, 1.35197, 1.35197, 1.35197, 1.35197, 1.35197, 1.35197, 1.4256, 1.35197
10.3593, 3.97435, 1.42375, 1.34759, 2.44425, 2.55061, 0, 1.34762, 1.34759, 1.34759, 1.34759, 1.34759, 1.34759, 1.34759, 1.34759, 1.34759, 1.34759, 1.34759, 1.34759, 1.34759, 1.34759, 1.34759, 1.34759, 1.34759, 1.42371, 1.34759
10.3672, 0.00371747, 1.42081, 1.34256, 1.41553, -1.41709, 0, 1.34259, 1.34256, 1.34256, 1.34256, 1.34256, 1.34256, 1.34256, 1.34256, 1.34256, 1.34256, 1.34256, 1.34256, 1.34256, 1.34256, 1.34256, 1.34256, 1.34256, 1.42078, 1.34256
10.375, 0.997646, 1.41745, 1.33755, 1.73137, -0.419805, 0, 1.33757, 1.33755, 1.33755, 1.33755, 1.33755, 1.33755, 1.33755, 1.33755, 1.33755, 1.33755, 1.33755, 1.33755, 1.33755, 1.33755, 1.33755, 1.33755, 1.33755, 1.41742, 1.33755
10.3829, 1.99765, 1.41725, 1.33613, 1.99941, 0.580395, 0, 1.33616, 1.33613, 1.33613, 1.33613, 1.33613, 1.33613, 1.33613, 1.33613, 1.33613, 1.33613, 1.33613, 1.33613, 1.33613, 1.33613, 1.33613, 1.33613, 1.33613, 1.41723, 1.33613
10.3907, 4.99752, 1.415, 1.33313, 2.64528, 3.58252, 0, 1.33315, 1.33313, 1.33313, 1.33313, 1.33313, 1.33313, 1.33313, 1.33313, 1.33313, 1.33313, 1.33313, 1.33313, 1.33313, 1.33313, 1.33313, 1.33313, 1.33313, 1.41498, 1.33313
10.3985, 0.00346964, 1.4109, 1.32872, 1.41544, -1.40743, 0, 1.32874, 1.32872, 1.32872, 1.32872, 1.32872, 1.32872, 1.32872, 1.32872, 1.32872, 1.32872, 1.32872, 1.32872, 1.32872, 1.32872, 1.32872, 1.32872, 1.32872, 1.41088, 1.32872
10.4064, 0.991822, 1.40563, 1.32362, 1.72969, -0.413812, 0, 1.32363, 1.32362, 1.32362, 1.32362, 1.32362, 1.32362, 1.32362, 1.32362, 1.32362, 1.32362, 1.32362, 1.32362, 1.32362, 1.32362, 1.32362, 1.32362, 1.32362, 1.40562, 1.32362
10.4142, 3.98687, 1.39993, 1.31852, 2.44681, 2.58694, 0, 1.31854, 1.31852, 1.31852, 1.31852, 1.31852, 1.31852, 1.31852, 1.31852, 1.31852, 1.31852, 1.31852, 1.31852, 1.31852, 1.31852, 1.31852, 1.31852, 1.31852, 1.39991, 1.31852
10.4221, 3.99505, 1.39761, 1.31726, 2.44848, 2.59744, 0, 1.31727, 1.31726, 1.31726, 1.31726, 1.31726, 1.31726, 1.31726, 1.31726, 1.31726, 1.31726, 1.31726, 1.31726, 1.31726, 1.31726, 1.31726, 1.31726, 1.31726, 1.3976, 1.31726
10.4299, 1.02627, 1.39318, 1.31431, 1.73962, -0.36691, 0, 1.31432, 1.31431, 1.31431, 1.31431, 1.31431, 1.31431, 1.31431, 1.31431, 1.31431, 1.31431, 1.31431, 1.31431, 1.31431, 1.31431, 1.31431, 1.31431, 1.31431, 1.39316, 1.31431
10.4378, 2.9461, 1.38687, 1.3099, 2.22398, 1.55922, 0, 1.30991, 1.3099, 1.3099, 1.3099, 1.3099, 1.3099, 1.3099, 1.3099, 1.3099, 1.3099, 1.3099, 1.3099, 1.3099, 1.3099, 1.3099, 1.3099, 1.3099, 1.38686, 1.3099
10.4456, 0.0539033, 1.37947, 1.30476, 1.43314, -1.32556, 0, 1.30477, 1.30476, 1.30476, 1.30476, 1.30476, 1.30476, 1.30476, 1.30476, 1.30476, 1.30476, 1.30476, 1.30476, 1.30476, 1.30476, 1.30476, 1.30476, 1.30476, 1.37946, 1.30476
10.4534, 2.95465, 1.37172, 1.29963, 2.2259, 1.58293, 0, 1.29964, 1.29963, 1.29963, 1.29963, 1.29963, 1.29963, 1.29963, 1.29963, 1.29963, 1.29963, 1.29963, 1.29963, 1.29963, 1.29963, 1.29963, 1.29963, 1.29963, 1.37171, 1.29963
10.4613, 0.0453532, 1.36754, 1.2984, 1.43016, -1.32219, 0, 1.29841, 1.2984, 1.2984, 1.2984, 1.2984, 1.2984, 1.2984, 1.2984, 1.2984, 1.2984, 1.2984, 1.2984, 1.2984, 1.2984, 1.2984, 1.2984, 1.2984, 1.36753, 1.2984
10.4691, 1.94474, 1.36139, 1.29547, 1.98614, 0.583351, 0, 1.29548, 1.29547, 1.29547, 1.29547, 1.29547, 1.29547, 1.29547, 1.29547, 1.29547, 1.29547, 1.29547, 1.29547, 1.29547, 1.29547, 1.29547, 1.29547, 1.29547, 1.36138, 1.29547
10.477, 2.05526, 1.35354, 1.29109, 2.01377, 0.701719, 0, 1.2911, 1.29109, 1.29109, 1.29109, 1.29109, 1.29109, 1.29109, 1.29109, 1.29109, 1.29109, 1.29109, 1.29109, 1.29109, 1.29109, 1.29109, 1.29109, 1.29109, 1.35353, 1.29109
10.4848, 4.93507, 1.34477, 1.28598, 2.63345, 3.59029, 0, 1.28599, 1.28598, 1.28598, 1.28598, 1.28598, 1.28598, 1.28598, 1.28598, 1.28598, 1.28598, 1.28598, 1.28598, 1.28598, 1.28598, 1.28598, 1.28598, 1.28598, 1.34476, 1.28598
10.4927, 2.06493, 1.33587, 1.28088, 2.01617, 0.729063, 0, 1.28089, 1.28088, 1.28088, 1.28088, 1.28088, 1.28088, 1.28088, 1.28088, 1.28088, 1.28088, 1.28088, 1.28088, 1.28088, 1.28088, 1.28088, 1.28088, 1.28088, 1.33586, 1.28088
10.5005, 1.96283, 1.33064, 1.27955, 1.99068, 0.632187, 0, 1.27956, 1.27955, 1.27955, 1.27955, 1.27955, 1.27955, 1.27955, 1.27955, 1.27955, 1.27955, 1.27955, 1.27955, 1.27955, 1.27955, 1.27955, 1.27955, 1.27955, 1.33063, 1.27955
10.5083, 0.0371747, 1.32375, 1.27662, 1.4273, -1.28657, 0, 1.27663, 1.27662, 1.27662, 1.27662, 1.27662, 1.27662, 1.27662, 1.27662, 1.27662, 1.27662, 1.27662, 1.27662, 1.27662, 1.27662, 1.27662, 1.27662, 1.27662, 1.32374, 1.27662
10.5162, 1.95812, 1.31546, 1.27229, 1.9895, 0.642652, 0, 1.2723, 1.27229, 1.27229, 1.27229, 1.27229, 1.27229, 1.27229, 1.27229, 1.27229, 1.27229, 1.27229, 1.27229, 1.27229, 1.27229, 1.27229, 1.27229, 1.27229, 1.31545, 1.27229
10.524, 3.9088, 1.30654, 1.26727, 2.4308, 2.60226, 0, 1.26728, 1.26727, 1.26727, 1.26727, 1.26727, 1.26727, 1.26727, 1.26727, 1.26727, 1.26727, 1.26727, 1.26727, 1.26727, 1.26727, 1.26727, 1.26727, 1.26727, 1.30653, 1.26727
10.5319, 2.13309, 1.29771, 1.26226, 2.033, 0.835371, 0, 1.26227, 1.26226, 1.26226, 1.26226, 1.26226, 1.26226, 1.26226, 1.26226, 1.26226, 1.26226, 1.26226, 1.26226, 1.26226, 1.26226, 1.26226, 1.26226, 1.26226, 1.2977, 1.26226
10.5397, 0.950805, 1.29257, 1.2608, 1.71779, -0.341765, 0, 1.26081, 1.2608, 1.2608, 1.2608, 1.2608, 1.2608, 1.2608, 1.2608, 1.2608, 1.2608, 1.2608, 1.2608, 1.2608, 1.2608, 1.2608, 1.2608, 1.2608, 1.29256, 1.2608
10.5476, 3.89418, 1.2861, 1.25784, 2.42779, 2.60807, 0, 1.25785, 1.25784, 1.25784, 1.25784, 1.25784, 1.25784, 1.25784, 1.25784, 1.25784, 1.25784, 1.25784, 1.25784, 1.25784, 1.25784, 1.25784, 1.25784, 1.25784, 1.28609, 1.25784
10.5554, 2.10087, 1.27854, 1.25358, 2.02506, 0.82233, 0, 1.25359, 1.25358, 1.25358, 1.25358, 1.25358, 1.25358, 1.25358, 1.25358, 1.25358, 1.25358, 1.25358, 1.25358, 1.25358, 1.25358, 1.25358, 1.25358, 1.25358, 1.27853, 1.25358
10.5632, 1.05415, 1.27056, 1.24867, 1.74761, -0.21641, 0, 1.24868, 1.24867, 1.24867, 1.24867, 1.24867, 1.24867, 1.24867, 1.24867, 1.24867, 1.24867, 1.24867, 1.24867, 1.24867, 1.24867, 1.24867, 1.24867, 1.24867, 1.27055, 1.24867
10.5711, 1.94114, 1.26285, 1.24378, 1.98523, 0.678294, 0, 1.24379, 1.24378, 1.24378, 1.24378, 1.24378, 1.24378, 1.24378, 1.24378, 1.24378, 1.24378, 1.24378, 1.24378, 1.24378, 1.24378, 1.24378, 1.24378, 1.24378, 1.26284, 1.24378
10.5789, 3.99741, 1.25872, 1.24221, 2.44896, 2.73869, 0, 1.24222, 1.24221, 1.24221, 1.24221, 1.24221, 1.24221, 1.24221, 1.24221, 1.24221, 1.24221, 1.24221, 1.24221, 1.24221, 1.24221, 1.24221, 1.24221, 1.24221, 1.25871, 1.24221
10.5868, 1.99776, 1.25345, 1.23922, 1.99944, 0.744309, 0, 1.23923, 1.23922, 1.23922, 1.23922, 1.23922, 1.23922, 1.23922, 1.23922, 1.23922, 1.23922, 1.23922, 1.23922, 1.23922, 1.23922, 1.23922, 1.23922, 1.23922, 1.25344, 1.23922
10.5946, 1.06369, 1.24726, 1.23502, 1.75034, -0.183566, 0, 1.23503, 1.23502, 1.23502, 1.23502, 1.23502, 1.23502, 1.23502, 1.23502, 1.23502, 1.23502, 1.23502, 1.23502, 1.23502, 1.23502, 1.23502, 1.23502, 1.23502, 1.24725, 1.23502
10.6025, 0, 1.24075, 1.23022, 1.41421, -1.24075, 0, 1.23023, 1.23022, 1.23022, 1.23022, 1.23022, 1.23022, 1.23022, 1.23022, 1.23022, 1.23022, 1.23022, 1.23022, 1.23022, 1.23022, 1.23022, 1.23022, 1.23022, 1.24074, 1.23022
10.6103, 0.92912, 1.23453, 1.22543, 1.71147, -0.305414, 0, 1.22544, 1.22543, 1.22543, 1.22543, 1.22543, 1.22543, 1.22543, 1.22543, 1.22543, 1.22543, 1.22543, 1.22543, 1.22543, 1.22543, 1.22543, 1.22543, 1.22543, 1.23452, 1.22543
10.6181, 0.997522, 1.23192, 1.22396, 1.73134, -0.234394, 0, 1.22397, 1.22396, 1.22396, 1.22396, 1.22396, 1.22396, 1.22396, 1.22396, 1.22396, 1.22396, 1.22396, 1.22396, 1.22396, 1.22396, 1.22396, 1.22396, 1.22396, 1.23191, 1.22396
10.626, 2.99765, 1.2281, 1.22102, 2.23554, 1.76954, 0, 1.22103, 1.22102, 1.22102, 1.22102, 1.22102, 1.22102, 1.22102, 1.22102, 1.22102, 1.22102, 1.22102, 1.22102, 1.22102, 1.22102, 1.22102, 1.22102, 1.22102, 1.22809, 1.22102
10.6338, 1.99765, 1.22331, 1.21683, 1.99941, 0.774331, 0, 1.21684, 1.21683, 1.21683, 1.21683, 1.21683, 1.21683, 1.21683, 1.21683, 1.21683, 1.21683, 1.21683, 1.21683, 1.21683, 1.21683, 1.21683, 1.21683, 1.21683, 1.2233, 1.21683
10.6417, 2.99741, 1.21818, 1.21202, 2.23549, 1.77923, 0, 1.21203, 1.21202, 1.21202, 1.21202, 1.21202, 1.21202, 1.21202, 1.21202, 1.21202, 1.21202, 1.21202, 1.21202, 1.21202, 1.21202, 1.21202, 1.21202, 1.21202, 1.21817, 1.21202
10.6495, 0.0806592, 1.21331, 1.20722, 1.44245, -1.13266, 0, 1.20723, 1.20722, 1.20722, 1.20722, 1.20722, 1.20722, 1.20722, 1.20722, 1.20722, 1.20722, 1.20722, 1.20722, 1.20722, 1.20722, 1.20722, 1.20722, 1.20722, 1.2133, 1.20722
10.6574, 1, 1.21241, 1.20612, 1.73205, -0.212411, 0, 1.20613, 1.20612, 1.20612, 1.20612, 1.20612, 1.20612, 1.20612, 1.20612, 1.20612, 1.20612, 1.20612, 1.20612, 1.20612, 1.20612, 1.20612, 1.20612, 1.20612, 1.2124, 1.20612
10.6652, 1, 1.21008, 1.20333, 1.73205, -0.210082, 0, 1.20334, 1.20333, 1.20333, 1.20333, 1.20333, 1.20333, 1.20333, 1.20333, 1.20333, 1.20333, 1.20333, 1.20333, 1.20333, 1.20333, 1.20333, 1.20333, 1.20333, 1.21007, 1.20333
10.673, 1.90979, 1.20656, 1.19908, 1.97732, 0.70323, 0, 1.19909, 1.19908, 1.19908, 1.19908, 1.19908, 1.19908, 1.19908, 1.19908, 1.19908, 1.19908, 1.19908, 1.19908, 1.19908, 1.19908, 1.19908, 1.19908, 1.19908, 1.20655, 1.19908
10.6809, 0.0902107, 1.20258, 1.19411, 1.44576, -1.11237, 0, 1.19412, 1.19411, 1.19411, 1.19411, 1.19411, 1.19411, 1.19411, 1.19411, 1.19411, 1.19411, 1.19411, 1.19411, 1.19411, 1.19411, 1.19411, 1.19411, 1.19411, 1.20257, 1.19411
10.6887, 1, 1.19888, 1.18915, 1.73205, -0.19888, 0, 1.18916, 1.18915, 1.18915, 1.18915, 1.18915, 1.18915, 1.18915, 1.18915, 1.18915, 1.18915, 1.18915, 1.18915, 1.18915, 1.18915, 1.18915, 1.18915, 1.18915, 1.19887, 1.18915
10.6966, 3, 1.2005, 1.18925, 2.23607, 1.7995, 0, 1.18926, 1.18925, 1.18925, 1.18925, 1.18925, 1.18925, 1.18925, 1.18925, 1.18925, 1.18925, 1.18925, 1.18925, 1.18925, 1.18925, 1.18925, 1.18925, 1.18925, 1.20049, 1.18925
10.7044, 1.80025, 1.20048, 1.18743, 1.94942, 0.599767, 0, 1.18744, 1.18743, 1.18743, 1.18743, 1.18743, 1.18743, 1.18743, 1.18743, 1.18743, 1.18743, 1.18743, 1.18743, 1.18743, 1.18743, 1.18743, 1.18743, 1.18743, 1.20047, 1.18743
10.7123, 1.19975, 1.19908, 1.18398, 1.78879, 0.000667691, 0, 1.18399, 1.18398, 1.18398, 1.18398, 1.18398, 1.18398, 1.18398, 1.18398, 1.18398, 1.18398, 1.18398, 1.18398, 1.18398, 1.18398, 1.18398, 1.18398, 1.18398, 1.19907, 1.18398
10.7201, 0.895291, 1.19713, 1.17971, 1.70156, -0.30184, 0, 1.17972, 1.17971, 1.17971, 1.17971, 1.17971, 1.17971, 1.17971, 1.17971, 1.17971, 1.17971, 1.17971, 1.17971, 1.17971, 1.17971, 1.17971, 1.17971, 1.17971, 1.19712, 1.17971
10.7279, 1.10471, 1.19543, 1.17544, 1.76202, -0.0907251, 0, 1.17546, 1.17544, 1.17544, 1.17544, 1.17544, 1.17544, 1.17544, 1.17544, 1.17544, 1.17544, 1.17544, 1.17544, 1.17544, 1.17544, 1.17545, 1.17544, 1.17544, 1.19542, 1.17544
10.7358, 1.89046, 1.19832, 1.17553, 1.97242, 0.692136, 0, 1.17555, 1.17553, 1.17553, 1.17553, 1.17553, 1.17553, 1.17553, 1.17553, 1.17553, 1.17553, 1.17553, 1.17553, 1.17553, 1.17553, 1.17554, 1.17553, 1.17553, 1.19831, 1.17553
10.7436, 0.99777, 1.19952, 1.17373, 1.73141, -0.201755, 0, 1.17374, 1.17373, 1.17373, 1.17373, 1.17373, 1.17373, 1.17373, 1.17373, 1.17373, 1.17373, 1.17373, 1.17373, 1.17373, 1.17373, 1.17373, 1.17373, 1.17373, 1.19951, 1.17373
10.7515, 1.99741, 1.19929, 1.17029, 1.99935, 0.798124, 0, 1.1703, 1.17029, 1.17029, 1.17029, 1.17029, 1.17029, 1.17029, 1.17029, 1.17029, 1.17029, 1.17029, 1.17029, 1.17029, 1.17029, 1.17029, 1.17029, 1.17029, 1.19928, 1.17029
10.7593, 3.99751, 1.1984, 1.16605, 2.44898, 2.79911, 0, 1.16606, 1.16605, 1.16605, 1.16605, 1.16605, 1.16605, 1.16605, 1.16605, 1.16605, 1.16605, 1.16605, 1.16605, 1.16605, 1.16605, 1.16605, 1.16605, 1.16605, 1.19839, 1.16605
10.7672, 1.87869, 1.19763, 1.16182, 1.96944, 0.681054, 0, 1.16183, 1.16182, 1.16182, 1.16182, 1.16182, 1.16182, 1.16182, 1.16182, 1.16182, 1.16182, 1.16182, 1.16182, 1.16182, 1.16182, 1.16182, 1.16182, 1.16182, 1.19762, 1.16182
10.775, 2.1166, 1.20111, 1.16176, 2.02894, 0.915493, 0, 1.16177, 1.16176, 1.16176, 1.16176, 1.16176, 1.16176, 1.16176, 1.16176, 1.16176, 1.16176, 1.16176, 1.16176, 1.16176, 1.16176, 1.16176, 1.16176, 1.16176, 1.2011, 1.16176
10.7828, 0.997522, 1.20268, 1.15976, 1.73134, -0.20516, 0, 1.15977, 1.15976, 1.15976, 1.15976, 1.15976, 1.15976, 1.15976, 1.15976, 1.15976, 1.15976, 1.15976, 1.15976, 1.15976, 1.15976, 1.15976, 1.15976, 1.15976, 1.20267, 1.15976
10.7907, 4.12404, 1.20257, 1.15611, 2.47468, 2.92147, 0, 1.15612, 1.15611, 1.15611, 1.15611, 1.15611, 1.15611, 1.15611, 1.15611, 1.15611, 1.15611, 1.15611, 1.15611, 1.15611, 1.15611, 1.15611, 1.15611, 1.15611, 1.20256, 1.15611
10.7985, 0.871144, 1.20156, 1.15163, 1.69444, -0.330412, 0, 1.15165, 1.15163, 1.15163, 1.15163, 1.15163, 1.15163, 1.15163, 1.15163, 1.15163, 1.15163, 1.15163, 1.15163, 1.15163, 1.15163, 1.15163, 1.15163, 1.15163, 1.20154, 1.15163
10.8064, 2.86616, 1.20041, 1.14717, 2.20594, 1.66574, 0, 1.14718, 1.14717, 1.14717, 1.14717, 1.14717, 1.14717, 1.14717, 1.14717, 1.14717, 1.14717, 1.14717, 1.14717, 1.14717, 1.14717, 1.14717, 1.14717, 1.14717, 1.2004, 1.14717
10.8142, 4.12912, 1.20365, 1.14728, 2.47571, 2.92547, 0, 1.14729, 1.14728, 1.14728, 1.14728, 1.14728, 1.14728, 1.14728, 1.14728, 1.14728, 1.14728, 1.14728, 1.14728, 1.14728, 1.14728, 1.14728, 1.14728, 1.14728, 1.20364, 1.14728
10.8221, 1.13358, 1.2046, 1.14535, 1.77019, -0.0710227, 0, 1.14537, 1.14535, 1.14535, 1.14535, 1.14535, 1.14535, 1.14535, 1.14535, 1.14535, 1.14535, 1.14535, 1.14535, 1.14535, 1.14535, 1.14535, 1.14535, 1.14535, 1.20459, 1.14535
10.8299, 3.86146, 1.20351, 1.14168, 2.42105, 2.65795, 0, 1.14169, 1.14168, 1.14168, 1.14168, 1.14168, 1.14168, 1.14168, 1.14168, 1.14168, 1.14168, 1.14168, 1.14168, 1.14168, 1.14168, 1.14168, 1.14168, 1.14168, 1.2035, 1.14168
10.8377, 2.99777, 1.2012, 1.13714, 2.23557, 1.79657, 0, 1.13715, 1.13714, 1.13714, 1.13714, 1.13714, 1.13714, 1.13714, 1.13714, 1.13714, 1.13714, 1.13714, 1.13714, 1.13714, 1.13714, 1.13714, 1.13714, 1.13714, 1.20119, 1.13714
10.8456, 1.14077, 1.19851, 1.13261, 1.77222, -0.0577431, 0, 1.13263, 1.13261, 1.13261, 1.13261, 1.13261, 1.13261, 1.13261, 1.13261, 1.13261, 1.13261, 1.13261, 1.13261, 1.13261, 1.13261, 1.13261, 1.13261, 1.13261, 1.1985, 1.13261
10.8534, 0.854275, 1.19982, 1.13251, 1.68946, -0.345541, 0, 1.13252, 1.13251, 1.13251, 1.13251, 1.13251, 1.13251, 1.13251, 1.13251, 1.13251, 1.13251, 1.13251, 1.13251, 1.13251, 1.13251, 1.13251, 1.13251, 1.13251, 1.19981, 1.13251
10.8613, 1.8496, 1.19859, 1.13032, 1.96204, 0.651017, 0, 1.13033, 1.13032, 1.13032, 1.13032, 1.13032, 1.13032, 1.13032, 1.13032, 1.13032, 1.13032, 1.13032, 1.13032, 1.13032, 1.13032, 1.13032, 1.13032, 1.13032, 1.19857, 1.13032
10.8691, 1.29612, 1.19509, 1.12634, 1.81552, 0.101035, 0, 1.12635, 1.12634, 1.12634, 1.12634, 1.12634, 1.12634, 1.12634, 1.12634, 1.12634, 1.12634, 1.12634, 1.12634, 1.12634, 1.12634, 1.12634, 1.12634, 1.12634, 1.19508, 1.12634
10.877, 2.84709, 1.19021, 1.12147, 2.20161, 1.65687, 0, 1.12148, 1.12147, 1.12147, 1.12147, 1.12147, 1.12147, 1.12147, 1.12147, 1.12147, 1.12147, 1.12147, 1.12147, 1.12147, 1.12147, 1.12147, 1.12147, 1.12147, 1.1902, 1.12147
10.8848, 0.152912, 1.18487, 1.1166, 1.46728, -1.03196, 0, 1.11662, 1.1166, 1.1166, 1.1166, 1.1166, 1.1166, 1.1166, 1.1166, 1.1166, 1.1166, 1.1166, 1.1166, 1.1166, 1.1166, 1.1166, 1.1166, 1.1166, 1.18486, 1.1166
10.8926, 1, 1.18387, 1.11657, 1.73205, -0.183874, 0, 1.11658, 1.11657, 1.11657, 1.11657, 1.11657, 1.11657, 1.11657, 1.11657, 1.11657, 1.11657, 1.11657, 1.11657, 1.11657, 1.11657, 1.11657, 1.11657, 1.11657, 1.18386, 1.11657
10.9005, 1, 1.18032, 1.11443, 1.73205, -0.180316, 0, 1.11444, 1.11443, 1.11443, 1.11443, 1.11443, 1.11443, 1.11443, 1.11443, 1.11443, 1.11443, 1.11443, 1.11443, 1.11443, 1.11443, 1.11443, 1.11443, 1.11443, 1.1803, 1.11443
10.9083, 1, 1.17449, 1.11046, 1.73205, -0.174494, 0, 1.11047, 1.11046, 1.11046, 1.11046, 1.11046, 1.11046, 1.11046, 1.11046, 1.11046, 1.11046, 1.11046, 1.11046, 1.11046, 1.11046, 1.11046, 1.11046, 1.11046, 1.17448, 1.11046
10.9162, 1.66989, 1.16737, 1.10558, 1.9157, 0.502521, 0, 1.10559, 1.10558, 1.10558, 1.10558, 1.10558, 1.10558, 1.10558, 1.10558, 1.10558, 1.10558, 1.10558, 1.10558, 1.10558, 1.10558, 1.10558, 1.10558, 1.10558, 1.16736, 1.10558
10.924, 2.82788, 1.1599, 1.10071, 2.19724, 1.66798, 0, 1.10072, 1.10071, 1.10071, 1.10071, 1.10071, 1.10071, 1.10071, 1.10071, 1.10071, 1.10071, 1.10071, 1.10071, 1.10071, 1.10071, 1.10071, 1.10071, 1.10071, 1.15989, 1.10071
10.9319, 3.1627, 1.1566, 1.10031, 2.27216, 2.0061, 0, 1.10032, 1.10031, 1.10031, 1.10031, 1.10031, 1.10031, 1.10031, 1.10031, 1.10031, 1.10031, 1.10031, 1.10031, 1.10031, 1.10031, 1.10031, 1.10031, 1.10031, 1.15659, 1.10031
10.9397, 2.16729, 1.15095, 1.09782, 2.04139, 1.01634, 0, 1.09783, 1.09782, 1.09782, 1.09782, 1.09782, 1.09782, 1.09782, 1.09782, 1.09782, 1.09782, 1.09782, 1.09782, 1.09782, 1.09782, 1.09782, 1.09782, 1.09782, 1.15094, 1.09782
10.9475, 3.82305, 1.14327, 1.09349, 2.4131, 2.67978, 0, 1.0935, 1.09349, 1.09349, 1.09349, 1.09349, 1.09349, 1.09349, 1.09349, 1.09349, 1.09349, 1.09349, 1.09349, 1.09349, 1.09349, 1.09349, 1.09349, 1.09349, 1.14326, 1.09349
10.9554, 2.17224, 1.13454, 1.08825, 2.04261, 1.0377, 0, 1.08826, 1.08825, 1.08825, 1.08825, 1.08825, 1.08825, 1.08825, 1.08825, 1.08825, 1.08825, 1.08825, 1.08825, 1.08825, 1.08825, 1.08825, 1.08825, 1.08825, 1.13453, 1.08825
10.9632, 3.63836, 1.12574, 1.08302, 2.37452, 2.51262, 0, 1.08303, 1.08302, 1.08302, 1.08302, 1.08302, 1.08302, 1.08302, 1.08302, 1.08302, 1.08302, 1.08302, 1.08302, 1.08302, 1.08302, 1.08302, 1.08302, 1.08302, 1.12573, 1.08302
10.9711, 0.538595, 1.12185, 1.08273, 1.5933, -0.583251, 0, 1.08274, 1.08273, 1.08273, 1.08273, 1.08273, 1.08273, 1.08273, 1.08273, 1.08273, 1.08273, 1.08273, 1.08273, 1.08273, 1.08273, 1.08273, 1.08273, 1.08273, 1.12183, 1.08273
10.9789, 0.815737, 1.11584, 1.08029, 1.67802, -0.300101, 0, 1.0803, 1.08029, 1.08029, 1.08029, 1.08029, 1.08029, 1.08029, 1.08029, 1.08029, 1.08029, 1.08029, 1.08029, 1.08029, 1.08029, 1.08029, 1.08029, 1.08029, 1.11583, 1.08029
10.9868, 2.81078, 1.10802, 1.07597, 2.19335, 1.70276, 0, 1.07598, 1.07597, 1.07597, 1.07597, 1.07597, 1.07597, 1.07597, 1.07597, 1.07597, 1.07597, 1.07597, 1.07597, 1.07597, 1.07597, 1.07597, 1.07597, 1.07597, 1.10801, 1.07597
10.9946, 1.37348, 1.09939, 1.07072, 1.8367, 0.274097, 0, 1.07073, 1.07072, 1.07072, 1.07072, 1.07072, 1.07072, 1.07072, 1.07072, 1.07072, 1.07072, 1.07072, 1.07072, 1.07072, 1.07072, 1.07072, 1.07072, 1.07072, 1.09937, 1.07072
11.0024, 2.80855, 1.09092, 1.06548, 2.19284, 1.71763, 0, 1.06549, 1.06548, 1.06548, 1.06548, 1.06548, 1.06548, 1.06548, 1.06548, 1.06548, 1.06548, 1.06548, 1.06548, 1.06548, 1.06548, 1.06548, 1.06548, 1.06548, 1.0909, 1.06548
11.0103, 2.99742, 1.08716, 1.06477, 2.23549, 1.91026, 0, 1.06479, 1.06477, 1.06477, 1.06477, 1.06477, 1.06477, 1.06477, 1.06477, 1.06477, 1.06477, 1.06477, 1.06477, 1.06477, 1.06477, 1.06477, 1.06477, 1.06477, 1.08715, 1.06477
11.0181, 1.99775, 1.08149, 1.06194, 1.99944, 0.916258, 0, 1.06195, 1.06194, 1.06194, 1.06194, 1.06194, 1.06194, 1.06194, 1.06194, 1.06194, 1.06194, 1.06194, 1.06194, 1.06194, 1.06194, 1.06194, 1.06194, 1.06194, 1.08147, 1.06194
11.026, 2.19628, 1.07415, 1.05721, 2.04848, 1.12214, 0, 1.05723, 1.05721, 1.05721, 1.05721, 1.05721, 1.05721, 1.05721, 1.05721, 1.05721, 1.05721, 1.05721, 1.05721, 1.05721, 1.05721, 1.05721, 1.05721, 1.05721, 1.07413, 1.05721
11.0338, 1.79876, 1.06611, 1.05156, 1.94904, 0.732653, 0, 1.05157, 1.05156, 1.05156, 1.05156, 1.05156, 1.05156, 1.05156, 1.05156, 1.05156, 1.05156, 1.05156, 1.05156, 1.05156, 1.05156, 1.05156, 1.05156, 1.05156, 1.0661, 1.05156
11.0417, 2.20124, 1.05832, 1.04592, 2.04969, 1.14292, 0, 1.04593, 1.04592, 1.04592, 1.04592, 1.04592, 1.04592, 1.04592, 1.04592, 1.04592, 1.04592, 1.04592, 1.04592, 1.04592, 1.04592, 1.04592, 1.04592, 1.04592, 1.05831, 1.04592
11.0495, 3.5881, 1.05573, 1.04525, 2.36392, 2.53237, 0, 1.04526, 1.04525, 1.04525, 1.04525, 1.04525, 1.04525, 1.04525, 1.04525, 1.04525, 1.04525, 1.04525, 1.04525, 1.04525, 1.04525, 1.04525, 1.04525, 1.04525, 1.05572, 1.04525
11.0573, 1.20347, 1.05124, 1.04245, 1.78982, 0.152227, 0, 1.04246, 1.04245, 1.04245, 1.04245, 1.04245, 1.04245, 1.04245, 1.04245, 1.04245, 1.04245, 1.04245, 1.04245, 1.04245, 1.04245, 1.04245, 1.04245, 1.04245, 1.05123, 1.04245
11.0652, 0.997769, 1.04509, 1.03776, 1.73141, -0.0473222, 0, 1.03777, 1.03776, 1.03776, 1.03776, 1.03776, 1.03776, 1.03776, 1.03776, 1.03776, 1.03776, 1.03776, 1.03776, 1.03776, 1.03776, 1.03776, 1.03776, 1.03776, 1.04508, 1.03776
11.073, 3.21066, 1.03822, 1.03215, 2.28269, 2.17244, 0, 1.03216, 1.03215, 1.03215, 1.03215, 1.03215, 1.03215, 1.03215, 1.03215, 1.03215, 1.03215, 1.03215, 1.03215, 1.03215, 1.03215, 1.03215, 1.03215, 1.03215, 1.03821, 1.03215
11.0809, 1, 1.03155, 1.02655, 1.73205, -0.0315539, 0, 1.02656, 1.02655, 1.02655, 1.02655, 1.02655, 1.02655, 1.02655, 1.02655, 1.02655, 1.02655, 1.02655, 1.02655, 1.02655, 1.02655, 1.02655, 1.02655, 1.02655, 1.03154, 1.02655
11.0887, 2.3461, 1.02948, 1.02535, 2.08473, 1.31662, 0, 1.02537, 1.02535, 1.02535, 1.02535, 1.02535, 1.02535, 1.02535, 1.02535, 1.02535, 1.02535, 1.02535, 1.02535, 1.02535, 1.02535, 1.02536, 1.02535, 1.02535, 1.02946, 1.02535
11.0966, 1.6539, 1.02549, 1.02209, 1.91152, 0.628409, 0, 1.02211, 1.02209, 1.02209, 1.02209, 1.02209, 1.02209, 1.02209, 1.02209, 1.02209, 1.02209, 1.02209, 1.02209, 1.02209, 1.02209, 1.02209, 1.02209, 1.02209, 1.02548, 1.02209
11.1044, 1.5544, 1.01983, 1.01701, 1.88531, 0.534565, 0, 1.01702, 1.01701, 1.01701, 1.01701, 1.01701, 1.01701, 1.01701, 1.01701, 1.01701, 1.01701, 1.01701, 1.01701, 1.01701, 1.01701, 1.01701, 1.01701, 1.01701, 1.01982, 1.01701
11.1122, 4.31983, 1.01341, 1.01102, 2.51393, 3.30642, 0, 1.01103, 1.01102, 1.01102, 1.01102, 1.01102, 1.01102, 1.01102, 1.01102, 1.01102, 1.01102, 1.01102, 1.01102, 1.01102, 1.01102, 1.01102, 1.01102, 1.01102, 1.0134, 1.01102
11.1201, 3.89805, 1.00713, 1.00504, 2.42859, 2.89092, 0, 1.00506, 1.00504, 1.00504, 1.00504, 1.00504, 1.00504, 1.00504, 1.00504, 1.00504, 1.00504, 1.00504, 1.00504, 1.00504, 1.00504, 1.00504, 1.00504, 1.00504, 1.00712, 1.00504
11.1279, 2.99762, 1.00579, 1.00389, 2.23554, 1.99183, 0, 1.00391, 1.00389, 1.00389, 1.00389, 1.00389, 1.00389, 1.00389, 1.00389, 1.00389, 1.00389, 1.00389, 1.00389, 1.00389, 1.00389, 1.00389, 1.00389, 1.00389, 1.00577, 1.00389
11.1358, 0.997646, 1.00248, 1.00067, 1.73137, -0.00483489, 0, 1.00068, 1.00067, 1.00067, 1.00067, 1.00067, 1.00067, 1.00067, 1.00067, 1.00067, 1.00067, 1.00067, 1.00067, 1.00067, 1.00067, 1.00067, 1.00067, 1.00067, 1.00247, 1.00067
11.1436, 3.76258, 0.997458, 0.99563, 2.40054, 2.76512, 0, 0.995643, 0.99563, 0.99563, 0.99563, 0.99563, 0.99563, 0.99563, 0.99563, 0.99563, 0.99563, 0.99563, 0.99563, 0.99563, 0.99563, 0.99563, 0.99563, 0.99563, 0.997445, 0.99563
11.1515, 2.99529, 0.991638, 0.989691, 2.23501, 2.00365, 0, 0.989704, 0.989691, 0.989691, 0.989691, 0.989691, 0.989691, 0.989691, 0.989691, 0.989691, 0.989691, 0.989691, 0.989691, 0.989691, 0.989691, 0.989691, 0.989691, 0.989691, 0.991625, 0.989691
11.1593, 1.99529, 0.985934, 0.98377, 1.99882, 1.00936, 0, 0.983783, 0.98377, 0.98377, 0.98377, 0.98377, 0.98377, 0.98377, 0.98377, 0.98377, 0.98377, 0.98377, 0.98377, 0.98377, 0.98377, 0.98377, 0.98377, 0.98377, 0.985921, 0.98377
11.1671, 2.23717, 0.984598, 0.982118, 2.05844, 1.25258, 0, 0.982131, 0.982118, 0.982118, 0.982118, 0.982118, 0.982118, 0.982118, 0.982118, 0.982118, 0.982118, 0.982118, 0.982118, 0.982118, 0.982118, 0.982118, 0.982118, 0.982118, 0.984584, 0.982118
11.175, 2.24213, 0.98134, 0.978446, 2.05964, 1.26079, 0, 0.978459, 0.978446, 0.978446, 0.978446, 0.978446, 0.978446, 0.978446, 0.978446, 0.978446, 0.978446, 0.978446, 0.978446, 0.978446, 0.978446, 0.978446, 0.978446, 0.978446, 0.981327, 0.978446
11.1828, 0, 0.976406, 0.972998, 1.41421, -0.976406, 0, 0.973011, 0.972998, 0.972998, 0.972998, 0.972998, 0.972998, 0.972998, 0.972998, 0.972998, 0.972998, 0.972998, 0.972998, 0.972998, 0.972998, 0.972998, 0.972998, 0.972998, 0.976393, 0.972998
11.1907, 2.75056, 0.970701, 0.966676, 2.17958, 1.77986, 0, 0.966689, 0.966676, 0.966676, 0.966676, 0.966676, 0.966676, 0.966676, 0.966676, 0.966676, 0.966676, 0.966676, 0.966676, 0.966676, 0.966676, 0.966676, 0.966676, 0.966676, 0.970688, 0.966676
11.1985, 0.249442, 0.96512, 0.960375, 1.49981, -0.715677, 0, 0.960388, 0.960375, 0.960375, 0.960375, 0.960375, 0.960375, 0.960375, 0.960375, 0.960375, 0.960375, 0.960375, 0.960375, 0.960375, 0.960375, 0.960375, 0.960375, 0.960375, 0.965106, 0.960375
11.2064, 0, 0.964356, 0.958789, 1.41421, -0.964356, 0, 0.958803, 0.958789, 0.958789, 0.958789, 0.958789, 0.958789, 0.958789, 0.958789, 0.958789, 0.958789, 0.958789, 0.958789, 0.958789, 0.958789, 0.958789, 0.958789, 0.958789, 0.964343, 0.958789
11.2142, 0.743371, 0.961662, 0.955172, 1.65631, -0.218292, 0, 0.955185, 0.955172, 0.955172, 0.955172, 0.955172, 0.955172, 0.955172, 0.955172, 0.955172, 0.955172, 0.955172, 0.955172, 0.955172, 0.955172, 0.955172, 0.955172, 0.955172, 0.961648, 0.955172
11.222, 3.99777, 0.957287, 0.949777, 2.44903, 3.04048, 0, 0.949791, 0.949777, 0.949777, 0.949777, 0.949777, 0.949777, 0.949777, 0.949777, 0.949777, 0.949777, 0.949777, 0.949777, 0.949777, 0.949777, 0.949777, 0.949777, 0.949777, 0.957274, 0.949777
11.2299, 1.736, 0.95213, 0.943509, 1.93287, 0.783871, 0, 0.943523, 0.943509, 0.943509, 0.943509, 0.943509, 0.943509, 0.943509, 0.943509, 0.943509, 0.943509, 0.943509, 0.943509, 0.943509, 0.943509, 0.943509, 0.943509, 0.943509, 0.952116, 0.943509
11.2377, 2.25892, 0.947073, 0.937261, 2.06371, 1.31185, 0, 0.937275, 0.937261, 0.937261, 0.937261, 0.937261, 0.937261, 0.937261, 0.937261, 0.937261, 0.937261, 0.937261, 0.937261, 0.937261, 0.937261, 0.937262, 0.937261, 0.937261, 0.947059, 0.937261
11.2456, 3.7316, 0.946283, 0.935214, 2.39408, 2.78532, 0, 0.935228, 0.935214, 0.935214, 0.935214, 0.935214, 0.935214, 0.935214, 0.935214, 0.935214, 0.935214, 0.935214, 0.935214, 0.935214, 0.935214, 0.935215, 0.935214, 0.935214, 0.946269, 0.935214
11.2534, 4.45774, 0.943552, 0.931175, 2.54121, 3.51419, 0, 0.931189, 0.931175, 0.931175, 0.931175, 0.931175, 0.931175, 0.931175, 0.931175, 0.931175, 0.931175, 0.931175, 0.931175, 0.931175, 0.931175, 0.931175, 0.931175, 0.931175, 0.943538, 0.931175
11.2612, 2.53234, 0.939109, 0.925392, 2.12893, 1.59323, 0, 0.925406, 0.925392, 0.925392, 0.925392, 0.925392, 0.925392, 0.925392, 0.925392, 0.925392, 0.925392, 0.925392, 0.925392, 0.925392, 0.925392, 0.925392, 0.925392, 0.925392, 0.939095, 0.925392
11.2691, 4.99554, 0.933819, 0.918754, 2.64491, 4.06172, 0, 0.918768, 0.918754, 0.918754, 0.918754, 0.918754, 0.918754, 0.918754, 0.918754, 0.918754, 0.918754, 0.918754, 0.918754, 0.918754, 0.918754, 0.918754, 0.918754, 0.918754, 0.933805, 0.918754
11.2769, 2.27088, 0.928537, 0.91214, 2.06661, 1.34234, 0, 0.912154, 0.91214, 0.91214, 0.91214, 0.91214, 0.91214, 0.91214, 0.91214, 0.91214, 0.91214, 0.91214, 0.91214, 0.91214, 0.91214, 0.91214, 0.91214, 0.91214, 0.928522, 0.91214
11.2848, 3.71921, 0.927868, 0.910183, 2.39149, 2.79134, 0, 0.910197, 0.910183, 0.910183, 0.910183, 0.910183, 0.910183, 0.910183, 0.910183, 0.910183, 0.910183, 0.910183, 0.910183, 0.910183, 0.910183, 0.910183, 0.910183, 0.910183, 0.927853, 0.910183
11.2926, 2.276, 0.925116, 0.906213, 2.06785, 1.35088, 0, 0.906228, 0.906213, 0.906213, 0.906213, 0.906213, 0.906213, 0.906213, 0.906213, 0.906213, 0.906213, 0.906213, 0.906213, 0.906213, 0.906213, 0.906213, 0.906213, 0.906213, 0.925101, 0.906213
11.3005, 0.280634, 0.920514, 0.900493, 1.51018, -0.63988, 0, 0.900508, 0.900493, 0.900493, 0.900493, 0.900493, 0.900493, 0.900493, 0.900493, 0.900493, 0.900493, 0.900493, 0.900493, 0.900493, 0.900493, 0.900493, 0.900493, 0.900493, 0.920499, 0.900493
11.3083, 1.71437, 0.914929, 0.893914, 1.92727, 0.799446, 0, 0.893929, 0.893914, 0.893914, 0.893914, 0.893914, 0.893914, 0.893914, 0.893914, 0.893914, 0.893914, 0.893914, 0.893914, 0.893914, 0.893914, 0.893915, 0.893914, 0.893914, 0.914913, 0.893914
11.3161, 0.997769, 0.909218, 0.88736, 1.73141, 0.0885516, 0, 0.887375, 0.88736, 0.88736, 0.88736, 0.88736, 0.88736, 0.88736, 0.88736, 0.88736, 0.88736, 0.88736, 0.88736, 0.88736, 0.88736, 0.88736, 0.88736, 0.88736, 0.909202, 0.88736
11.324, 1.28786, 0.90753, 0.884999, 1.81324, 0.380327, 0, 0.885015, 0.884999, 0.884999, 0.884999, 0.884999, 0.884999, 0.884999, 0.884999, 0.884999, 0.884999, 0.884999, 0.884999, 0.884999, 0.884999, 0.884999, 0.884999, 0.884999, 0.907514, 0.884999
11.3318, 0.707187, 0.903668, 0.880654, 1.64535, -0.196481, 0, 0.88067, 0.880654, 0.880654, 0.880654, 0.880654, 0.880654, 0.880654, 0.880654, 0.880654, 0.880654, 0.880654, 0.880654, 0.880654, 0.880654, 0.880655, 0.880654, 0.880654, 0.903652, 0.880654
11.3397, 1.99768, 0.897879, 0.874583, 1.99942, 1.0998, 0, 0.8746, 0.874583, 0.874583, 0.874583, 0.874583, 0.874583, 0.874583, 0.874583, 0.874583, 0.874583, 0.874583, 0.874583, 0.874583, 0.874583, 0.874584, 0.874583, 0.874583, 0.897862, 0.874583
11.3475, 0.997485, 0.891037, 0.867668, 1.73132, 0.106448, 0, 0.867686, 0.867668, 0.867668, 0.867668, 0.867668, 0.867668, 0.867668, 0.867668, 0.867668, 0.867668, 0.867668, 0.867668, 0.867668, 0.867668, 0.867669, 0.867668, 0.867668, 0.891019, 0.867668
11.3554, 1.29765, 0.884011, 0.860781, 1.81594, 0.413634, 0, 0.860799, 0.860781, 0.860781, 0.860781, 0.860781, 0.860781, 0.860781, 0.860781, 0.860781, 0.860781, 0.860781, 0.860781, 0.860781, 0.860781, 0.860781, 0.860781, 0.860781, 0.883993, 0.860781
11.3632, 1.69765, 0.881402, 0.858517, 1.92293, 0.816244, 0, 0.858535, 0.858517, 0.858517, 0.858517, 0.858517, 0.858517, 0.858517, 0.858517, 0.858517, 0.858517, 0.858517, 0.858517, 0.858517, 0.858517, 0.858517, 0.858517, 0.858517, 0.881383, 0.858517
11.371, 0.997522, 0.876594, 0.854251, 1.73134, 0.120928, 0, 0.854271, 0.854251, 0.854251, 0.854251, 0.854251, 0.854251, 0.854251, 0.854251, 0.854251, 0.854251, 0.854251, 0.854251, 0.854251, 0.854251, 0.854252, 0.854251, 0.854251, 0.876574, 0.854251
11.3789, 0.997646, 0.869874, 0.848257, 1.73137, 0.127772, 0, 0.848278, 0.848257, 0.848257, 0.848257, 0.848257, 0.848257, 0.848257, 0.848257, 0.848257, 0.848257, 0.848257, 0.848257, 0.848257, 0.848257, 0.848257, 0.848257, 0.848257, 0.869853, 0.848257
11.3867, 1.30719, 0.862144, 0.841418, 1.81857, 0.445043, 0, 0.84144, 0.841418, 0.841418, 0.841418, 0.841418, 0.841418, 0.841418, 0.841418, 0.841418, 0.841418, 0.841418, 0.841418, 0.841418, 0.841418, 0.841418, 0.841418, 0.841418, 0.862122, 0.841418
11.3946, 1.68798, 0.854301, 0.834606, 1.92041, 0.833679, 0, 0.83463, 0.834606, 0.834606, 0.834606, 0.834606, 0.834606, 0.834606, 0.834606, 0.834606, 0.834606, 0.834606, 0.834606, 0.834606, 0.834606, 0.834606, 0.834606, 0.834606, 0.854277, 0.834606
11.4024, 1.31202, 0.850524, 0.831977, 1.8199, 0.461496, 0, 0.832002, 0.831977, 0.831977, 0.831977, 0.831977, 0.831977, 0.831977, 0.831977, 0.831977, 0.831977, 0.831977, 0.831977, 0.831977, 0.831977, 0.831977, 0.831977, 0.831977, 0.850498, 0.831977
11.4103, 0, 0.844695, 0.827386, 1.41421, -0.844695, 0, 0.827412, 0.827386, 0.827386, 0.827386, 0.827386, 0.827386, 0.827386, 0.827386, 0.827386, 0.827386, 0.827386, 0.827386, 0.827386, 0.827386, 0.827386, 0.827386, 0.827386, 0.844668, 0.827386
11.4181, 1.36134, 0.837113, 0.821103, 1.8334, 0.524225, 0, 0.821132, 0.821103, 0.821103, 0.821103, 0.821103, 0.821103, 0.821103, 0.821103, 0.821103, 0.821103, 0.821103, 0.821103, 0.821103, 0.821103, 0.821103, 0.821103, 0.821103, 0.837084, 0.821103
11.4259, 1.99529, 0.828672, 0.813997, 1.99882, 1.16662, 0, 0.814028, 0.813997, 0.813997, 0.813997, 0.813997, 0.813997, 0.813997, 0.813997, 0.813997, 0.813997, 0.813997, 0.813997, 0.813997, 0.813997, 0.813997, 0.813997, 0.813997, 0.828641, 0.813997
11.4338, 1.64337, 0.820254, 0.806921, 1.90876, 0.823116, 0, 0.806954, 0.806921, 0.806921, 0.806921, 0.806921, 0.806921, 0.806921, 0.806921, 0.806921, 0.806921, 0.806921, 0.806921, 0.806921, 0.806921, 0.806921, 0.806921, 0.806921, 0.820221, 0.806921
11.4416, 1, 0.816361, 0.804355, 1.73205, 0.183639, 0, 0.804391, 0.804355, 0.804355, 0.804355, 0.804355, 0.804355, 0.804355, 0.804355, 0.804355, 0.804355, 0.804355, 0.804355, 0.804355, 0.804355, 0.804355, 0.804355, 0.804355, 0.816325, 0.804355
11.4495, 0, 0.810562, 0.799846, 1.41421, -0.810562, 0, 0.799885, 0.799846, 0.799846, 0.799846, 0.799846, 0.799846, 0.799846, 0.799846, 0.799846, 0.799846, 0.799846, 0.799846, 0.799846, 0.799846, 0.799846, 0.799846, 0.799846, 0.810523, 0.799846
11.4573, 0.668649, 0.803144, 0.793665, 1.6336, -0.134495, 0, 0.793706, 0.793665, 0.793665, 0.793665, 0.793665, 0.793665, 0.793665, 0.793665, 0.793665, 0.793665, 0.793665, 0.793665, 0.793665, 0.793665, 0.793665, 0.793665, 0.793665, 0.803102, 0.793665
11.4652, 3.66369, 0.794981, 0.786668, 2.37985, 2.86871, 0, 0.786714, 0.786668, 0.786668, 0.786668, 0.786668, 0.786668, 0.786668, 0.786668, 0.786668, 0.786668, 0.786668, 0.786668, 0.786668, 0.786668, 0.786669, 0.786668, 0.786668, 0.794936, 0.786668
11.473, 0.667658, 0.78693, 0.779703, 1.6333, -0.119272, 0, 0.779752, 0.779703, 0.779703, 0.779703, 0.779703, 0.779703, 0.779703, 0.779703, 0.779703, 0.779703, 0.779703, 0.779703, 0.779703, 0.779703, 0.779703, 0.779703, 0.779703, 0.786881, 0.779703
11.4808, 2.66146, 0.78303, 0.7768, 2.15904, 1.87843, 0, 0.776853, 0.7768, 0.7768, 0.7768, 0.7768, 0.7768, 0.7768, 0.7768, 0.7768, 0.7768, 0.7768, 0.7768, 0.7768, 0.7768, 0.7768, 0.7768, 0.7768, 0.782976, 0.7768
11.4887, 3.99752, 0.777347, 0.772021, 2.44898, 3.22018, 0, 0.772079, 0.772021, 0.772021, 0.772021, 0.772021, 0.772021, 0.772021, 0.772021, 0.772021, 0.772021, 0.772021, 0.772021, 0.772021, 0.772021, 0.772021, 0.772021, 0.772021, 0.777288, 0.772021
11.4965, 2.34102, 0.770148, 0.765631, 2.08351, 1.57087, 0, 0.765695, 0.765631, 0.765631, 0.765631, 0.765631, 0.765631, 0.765631, 0.765631, 0.765631, 0.765631, 0.765631, 0.765631, 0.765631, 0.765631, 0.765631, 0.765631, 0.765631, 0.770084, 0.765631
11.5044, 0.654275, 0.762261, 0.758459, 1.62919, -0.107986, 0, 0.758529, 0.758459, 0.758459, 0.758459, 0.758459, 0.758459, 0.758459, 0.758459, 0.758459, 0.758459, 0.758459, 0.758459, 0.758459, 0.758459, 0.758459, 0.758459, 0.758459, 0.76219, 0.758459
11.5122, 2.34572, 0.7545, 0.751321, 2.08464, 1.59123, 0, 0.751399, 0.751321, 0.751321, 0.751321, 0.751321, 0.751321, 0.751321, 0.751321, 0.751321, 0.751321, 0.751321, 0.751321, 0.751321, 0.751321, 0.751321, 0.751321, 0.751321, 0.754421, 0.751321
11.5201, 0, 0.751122, 0.748479, 1.41421, -0.751122, 0, 0.748567, 0.748479, 0.748479, 0.748479, 0.748479, 0.748479, 0.748479, 0.748479, 0.748479, 0.748479, 0.748479, 0.748479, 0.748479, 0.748479, 0.748479, 0.748479, 0.748479, 0.751034, 0.748479
11.5279, 2.29393, 0.745979, 0.743788, 2.07218, 1.54795, 0, 0.743889, 0.743788, 0.743788, 0.743788, 0.743788, 0.743788, 0.743788, 0.743788, 0.743788, 0.743788, 0.743788, 0.743788, 0.743788, 0.743788, 0.743788, 0.743788, 0.743788, 0.745878, 0.743788
11.5357, 0.706072, 0.73933, 0.737515, 1.64501, -0.033258, 0, 0.737631, 0.737515, 0.737515, 0.737515, 0.737515, 0.737515, 0.737515, 0.737515, 0.737515, 0.737515, 0.737515, 0.737515, 0.737515, 0.737515, 0.737515, 0.737515, 0.737515, 0.739213, 0.737515
11.5436, 0.642255, 0.731985, 0.730473, 1.6255, -0.0897294, 0, 0.730611, 0.730473, 0.730473, 0.730473, 0.730473, 0.730473, 0.730473, 0.730473, 0.730473, 0.730473, 0.730473, 0.730473, 0.730473, 0.730473, 0.730473, 0.730473, 0.730473, 0.731847, 0.730473
11.5514, 0.357745, 0.724741, 0.723465, 1.53549, -0.366996, 0, 0.723631, 0.723465, 0.723465, 0.723465, 0.723465, 0.723465, 0.723465, 0.723465, 0.723465, 0.723465, 0.723465, 0.723465, 0.723465, 0.723465, 0.723465, 0.723465, 0.723465, 0.724574, 0.723465
11.5593, 1.27444, 0.72148, 0.720376, 1.80954, 0.55296, 0, 0.720581, 0.720376, 0.720376, 0.720376, 0.720376, 0.720376, 0.720376, 0.720376, 0.720376, 0.720376, 0.720376, 0.720376, 0.720376, 0.720376, 0.720377, 0.720376, 0.720376, 0.721275, 0.720376
11.5671, 1.72556, 0.716491, 0.715498, 1.93017, 1.00907, 0, 0.715755, 0.715498, 0.715498, 0.715498, 0.715498, 0.715498, 0.715498, 0.715498, 0.715498, 0.715498, 0.715498, 0.715498, 0.715498, 0.715498, 0.715498, 0.715498, 0.715498, 0.716233, 0.715498
11.575, 2.26493, 0.710033, 0.709089, 2.06517, 1.5549, 0, 0.709418, 0.709089, 0.709089, 0.709089, 0.709089, 0.709089, 0.709089, 0.709089, 0.709089, 0.709089, 0.709089, 0.709089, 0.709089, 0.709089, 0.709089, 0.709089, 0.709089, 0.709704, 0.709089
11.5828, 1.99504, 0.7029, 0.70194, 1.99876, 1.29214, 0, 0.702366, 0.70194, 0.70194, 0.70194, 0.70194, 0.70194, 0.70194, 0.70194, 0.70194, 0.70194, 0.70194, 0.70194, 0.70194, 0.70194, 0.70194, 0.70194, 0.70194, 0.702473, 0.70194
11.5906, 3.99554, 0.695873, 0.694827, 2.44858, 3.29967, 0, 0.695386, 0.694827, 0.694827, 0.694827, 0.694827, 0.694827, 0.694827, 0.694827, 0.694827, 0.694827, 0.694827, 0.694827, 0.694827, 0.694827, 0.694827, 0.694827, 0.694827, 0.695313, 0.694827
11.5985, 2.36976, 0.693027, 0.691815, 2.0904, 1.67674, 0, 0.692555, 0.691815, 0.691815, 0.691815, 0.691815, 0.691815, 0.691815, 0.691815, 0.691815, 0.691815, 0.691815, 0.691815, 0.691815, 0.691815, 0.691815, 0.691815, 0.691815, 0.692287, 0.691815
11.6063, 0.997646, 0.688508, 0.687036, 1.73137, 0.309138, 0, 0.688019, 0.687036, 0.687036, 0.687036, 0.687036, 0.687036, 0.687036, 0.687036, 0.687036, 0.687036, 0.687036, 0.687036, 0.687036, 0.687036, 0.687036, 0.687036, 0.687036, 0.687525, 0.687036
11.6142, 1.37708, 0.682598, 0.680753, 1.83768, 0.694478, 0, 0.682062, 0.680753, 0.680753, 0.680753, 0.680753, 0.680753, 0.680753, 0.680753, 0.680753, 0.680753, 0.680753, 0.680753, 0.680753, 0.680753, 0.680753, 0.680753, 0.680753, 0.681288, 0.680753
11.622, 1.61802, 0.676098, 0.673742, 1.90211, 0.941917, 0, 0.675485, 0.673742, 0.673742, 0.673742, 0.673742, 0.673742, 0.673742, 0.673742, 0.673742, 0.673742, 0.673742, 0.673742, 0.673742, 0.673742, 0.673742, 0.673742, 0.673742, 0.674355, 0.673742
11.6299, 1.38198, 0.669806, 0.666767, 1.83902, 0.712179, 0, 0.669085, 0.666767, 0.666767, 0.666767, 0.666767, 0.666767, 0.666767, 0.666767, 0.666767, 0.666767, 0.666767, 0.666767, 0.666767, 0.666767, 0.666767, 0.666767, 0.666767, 0.667488, 0.666767
11.6377, 1.61326, 0.667535, 0.663602, 1.90086, 0.945724, 0, 0.666673, 0.663602, 0.663602, 0.663602, 0.663602, 0.663602, 0.663602, 0.663602, 0.663602, 0.663602, 0.663602, 0.663602, 0.663602, 0.663602, 0.663602, 0.663602, 0.663602, 0.664464, 0.663602
11.6455, 1.99752, 0.663807, 0.65872, 1.99938, 1.33371, 0, 0.662771, 0.65872, 0.65872, 0.65872, 0.65872, 0.65872, 0.65872, 0.65872, 0.65872, 0.65872, 0.65872, 0.65872, 0.65872, 0.65872, 0.65872, 0.65872, 0.65872, 0.659756, 0.65872
11.6534, 0.389219, 0.658936, 0.652377, 1.54571, -0.269717, 0, 0.65769, 0.652377, 0.652377, 0.652377, 0.652377, 0.652377, 0.652377, 0.652377, 0.652377, 0.652377, 0.652377, 0.652377, 0.652377, 0.652377, 0.652377, 0.652377, 0.652377, 0.653622, 0.652377
11.6612, 0.606072, 0.653749, 0.645329, 1.61433, -0.0476768, 0, 0.652256, 0.645329, 0.645329, 0.645329, 0.645329, 0.645329, 0.645329, 0.645329, 0.645329, 0.645329, 0.645329, 0.645329, 0.645329, 0.645329, 0.645329, 0.645329, 0.645329, 0.646821, 0.645329
11.6691, 0.997447, 0.649068, 0.638319, 1.73131, 0.348379, 0, 0.64729, 0.638319, 0.638319, 0.638319, 0.638319, 0.638319, 0.638319, 0.638319, 0.638319, 0.638319, 0.638319, 0.638319, 0.638319, 0.638319, 0.63832, 0.638319, 0.638319, 0.640096, 0.638319
11.6769, 0.997596, 0.648868, 0.635232, 1.73136, 0.348728, 0, 0.646767, 0.635232, 0.635232, 0.635232, 0.635232, 0.635232, 0.635232, 0.635232, 0.635232, 0.635232, 0.635232, 0.635232, 0.635232, 0.635232, 0.635232, 0.635232, 0.635232, 0.637333, 0.635232
11.6848, 1.59641, 0.647644, 0.630458, 1.89642, 0.948763, 0, 0.64518, 0.630458, 0.630458, 0.630458, 0.630458, 0.630458, 0.630458, 0.630458, 0.630458, 0.630458, 0.630458, 0.630458, 0.630458, 0.630458, 0.630459, 0.630458, 0.630458, 0.632922, 0.630458
11.6926, 3.80248, 0.645759, 0.624251, 2.40883, 3.15672, 0, 0.642894, 0.624251, 0.624251, 0.624251, 0.624251, 0.624251, 0.624251, 0.624251, 0.624251, 0.624251, 0.624251, 0.624251, 0.624251, 0.624251, 0.624251, 0.624251, 0.624251, 0.627116, 0.624251
11.7004, 0, 0.64408, 0.617352, 1.41421, -0.64408, 0, 0.640777, 0.617352, 0.617352, 0.617352, 0.617352, 0.617352, 0.617352, 0.617352, 0.617352, 0.617352, 0.617352, 0.617352, 0.617352, 0.617352, 0.617352, 0.617352, 0.617352, 0.620654, 0.617352
11.7083, 1.18315, 0.64346, 0.610492, 1.78414, 0.539687, 0, 0.639688, 0.610492, 0.610492, 0.610492, 0.610492, 0.610492, 0.610492, 0.610492, 0.610492, 0.610492, 0.610492, 0.610492, 0.610492, 0.610492, 0.610492, 0.610492, 0.610492, 0.614264, 0.610492
11.7161, 2.99504, 0.647646, 0.607282, 2.23496, 2.3474, 0, 0.643376, 0.607282, 0.607282, 0.607282, 0.607282, 0.607282, 0.607282, 0.607282, 0.607282, 0.607282, 0.607282, 0.607282, 0.607282, 0.607282, 0.607282, 0.607282, 0.607282, 0.611552, 0.607282
11.724, 0.821809, 0.651513, 0.602464, 1.67982, 0.170297, 0, 0.646721, 0.602464, 0.602464, 0.602464, 0.602464, 0.602464, 0.602464, 0.602464, 0.602464, 0.602464, 0.602464, 0.602464, 0.602464, 0.602464, 0.602465, 0.602464, 0.602464, 0.607256, 0.602464
11.7318, 1, 0.655428, 0.596286, 1.73205, 0.344572, 0, 0.650101, 0.596286, 0.596286, 0.596286, 0.596286, 0.596286, 0.596286, 0.596286, 0.596286, 0.596286, 0.596286, 0.596286, 0.596286, 0.596286, 0.596287, 0.596286, 0.596286, 0.601613, 0.596286
11.7397, 2, 0.660215, 0.589454, 2, 1.33978, 0, 0.654346, 0.589454, 0.589454, 0.589454, 0.589454, 0.589454, 0.589454, 0.589454, 0.589454, 0.589454, 0.589454, 0.589454, 0.589454, 0.589454, 0.589454, 0.589454, 0.589454, 0.595324, 0.589454
11.7475, 1, 0.666669, 0.582661, 1.73205, 0.333331, 0, 0.66026, 0.582661, 0.582661, 0.582661, 0.582661, 0.582661, 0.582661, 0.582661, 0.582661, 0.582661, 0.582661, 0.582661, 0.582661, 0.582661, 0.582661, 0.582661, 0.582661, 0.58907, 0.582661
11.7553, 1.15415, 0.678362, 0.579412, 1.77599, 0.475789, 0, 0.671427, 0.579412, 0.579412, 0.579412, 0.579412, 0.579412, 0.579412, 0.579412, 0.579412, 0.579412, 0.579412, 0.579412, 0.579412, 0.579412, 0.579412, 0.579412, 0.579412, 0.586348, 0.579412
11.7632, 1.42045, 0.690296, 0.574668, 1.84944, 0.73015, 0, 0.682858, 0.574668, 0.574668, 0.574668, 0.574668, 0.574668, 0.574668, 0.574668, 0.574668, 0.574668, 0.574668, 0.574668, 0.574668, 0.574668, 0.574668, 0.574668, 0.574668, 0.582105, 0.574668
11.771, 2.99777, 0.702713, 0.568662, 2.23557, 2.29506, 0, 0.694807, 0.568662, 0.568662, 0.568662, 0.568662, 0.568662, 0.568662, 0.568662, 0.568662, 0.568662, 0.568662, 0.568662, 0.568662, 0.568662, 0.568662, 0.568662, 0.568662, 0.576567, 0.568662
11.7789, 0.427633, 0.716218, 0.562051, 1.55809, -0.288585, 0, 0.707891, 0.562051, 0.562051, 0.562051, 0.562051, 0.562051, 0.562051, 0.562051, 0.562051, 0.562051, 0.562051, 0.562051, 0.562051, 0.562051, 0.562052, 0.562051, 0.562051, 0.570379, 0.562051
11.7867, 3.56729, 0.731358, 0.555479, 2.35951, 2.83593, 0, 0.722664, 0.555479, 0.555479, 0.555479, 0.555479, 0.555479, 0.555479, 0.555479, 0.555479, 0.555479, 0.555479, 0.555479, 0.555479, 0.555479, 0.55548, 0.555479, 0.555479, 0.564173, 0.555479
11.7946, 0.432714, 0.751109, 0.552067, 1.55972, -0.318395, 0, 0.742112, 0.552067, 0.552067, 0.552067, 0.552067, 0.552067, 0.552067, 0.552067, 0.552067, 0.552067, 0.552067, 0.552067, 0.552067, 0.552067, 0.552067, 0.552067, 0.552067, 0.561064, 0.552067
11.8024, 1.56258, 0.770745, 0.547311, 1.88748, 0.791832, 0, 0.761517, 0.547311, 0.547311, 0.547311, 0.547311, 0.547311, 0.547311, 0.547311, 0.547311, 0.547311, 0.547311, 0.547311, 0.547311, 0.547311, 0.547311, 0.547311, 0.547311, 0.556539, 0.547311
11.8102, 0.437423, 0.790216, 0.541435, 1.56122, -0.352793, 0, 0.780834, 0.541435, 0.541435, 0.541435, 0.541435, 0.541435, 0.541435, 0.541435, 0.541435, 0.541435, 0.541435, 0.541435, 0.541435, 0.541435, 0.541435, 0.541435, 0.541435, 0.550817, 0.541435
11.8181, 0, 0.809784, 0.535023, 1.41421, -0.809784, 0, 0.800328, 0.535023, 0.535023, 0.535023, 0.535023, 0.535023, 0.535023, 0.535023, 0.535023, 0.535023, 0.535023, 0.535023, 0.535023, 0.535023, 0.535023, 0.535023, 0.535023, 0.544478, 0.535023
11.8259, 0, 0.829626, 0.52865, 1.41421, -0.829626, 0, 0.820179, 0.52865, 0.52865, 0.52865, 0.52865, 0.52865, 0.52865, 0.52865, 0.52865, 0.52865, 0.52865, 0.52865, 0.52865, 0.52865, 0.52865, 0.52865, 0.52865, 0.538096, 0.52865
11.8338, 0, 0.852145, 0.52515, 1.41421, -0.852145, 0, 0.842789, 0.52515, 0.52515, 0.52515, 0.52515, 0.52515, 0.52515, 0.52515, 0.52515, 0.52515, 0.52515, 0.52515, 0.52515, 0.52515, 0.525151, 0.52515, 0.52515, 0.534506, 0.52515
11.8416, 2.65167, 0.87281, 0.520451, 2.15677, 1.77886, 0, 0.863624, 0.520451, 0.520451, 0.520451, 0.520451, 0.520451, 0.520451, 0.520451, 0.520451, 0.520451, 0.520451, 0.520451, 0.520451, 0.520451, 0.520451, 0.520451, 0.520451, 0.529637, 0.520451
11.8495, 5.89641, 0.89133, 0.514763, 2.81005, 5.00508, 0, 0.882388, 0.514763, 0.514763, 0.514763, 0.514763, 0.514763, 0.514763, 0.514763, 0.514763, 0.514763, 0.514763, 0.514763, 0.514763, 0.514763, 0.514764, 0.514763, 0.514763, 0.523706, 0.514763
11.8573, 1.54337, 0.907729, 0.508605, 1.88238, 0.635642, 0, 0.899097, 0.508605, 0.508605, 0.508605, 0.508605, 0.508605, 0.508605, 0.508605, 0.508605, 0.508605, 0.508605, 0.508605, 0.508605, 0.508605, 0.508606, 0.508605, 0.508605, 0.517236, 0.508605
11.8651, 4.45192, 0.922019, 0.502485, 2.54006, 3.5299, 0, 0.913759, 0.502485, 0.502485, 0.502485, 0.502485, 0.502485, 0.502485, 0.502485, 0.502485, 0.502485, 0.502485, 0.502485, 0.502485, 0.502485, 0.502485, 0.502485, 0.502485, 0.510745, 0.502485
11.873, 0.456629, 0.936243, 0.498897, 1.56736, -0.479613, 0, 0.928404, 0.498897, 0.498897, 0.498897, 0.498897, 0.498897, 0.498897, 0.498897, 0.498897, 0.498897, 0.498897, 0.498897, 0.498897, 0.498897, 0.498898, 0.498897, 0.498897, 0.506736, 0.498897
11.8808, 1, 0.946382, 0.494255, 1.73205, 0.0536178, 0, 0.939005, 0.494255, 0.494255, 0.494255, 0.494255, 0.494255, 0.494255, 0.494255, 0.494255, 0.494255, 0.494255, 0.494255, 0.494255, 0.494255, 0.494255, 0.494255, 0.494255, 0.501631, 0.494255
11.8887, 0.536059, 0.952277, 0.488756, 1.5925, -0.416218, 0, 0.945393, 0.488756, 0.488756, 0.488756, 0.488756, 0.488756, 0.488756, 0.488756, 0.488756, 0.488756, 0.488756, 0.488756, 0.488756, 0.488756, 0.488756, 0.488756, 0.488756, 0.49564, 0.488756
11.8965, 0.997522, 0.954097, 0.482852, 1.73134, 0.0434245, 0, 0.947725, 0.482852, 0.482852, 0.482852, 0.482852, 0.482852, 0.482852, 0.482852, 0.482852, 0.482852, 0.482852, 0.482852, 0.482852, 0.482852, 0.482852, 0.482852, 0.482852, 0.489223, 0.482852
11.9044, 0.466419, 0.95208, 0.476983, 1.57048, -0.485661, 0, 0.94623, 0.476983, 0.476983, 0.476983, 0.476983, 0.476983, 0.476983, 0.476983, 0.476983, 0.476983, 0.476983, 0.476983, 0.476983, 0.476983, 0.476984, 0.476983, 0.476983, 0.482833, 0.476983
11.9122, 0, 0.948307, 0.473335, 1.41421, -0.948307, 0, 0.94298, 0.473335, 0.473335, 0.473335, 0.473335, 0.473335, 0.473335, 0.473335, 0.473335, 0.473335, 0.473335, 0.473335, 0.473335, 0.473335, 0.473336, 0.473335, 0.473335, 0.478662, 0.473335
11.92, 0, 0.939618, 0.468753, 1.41421, -0.939618, 0, 0.934807, 0.468753, 0.468753, 0.468753, 0.468753, 0.468753, 0.468753, 0.468753, 0.468753, 0.468753, 0.468753, 0.468753, 0.468753, 0.468753, 0.468753, 0.468753, 0.468753, 0.473564, 0.468753
11.9279, 1, 0.926309, 0.463436, 1.73205, 0.0736909, 0, 0.921998, 0.463436, 0.463436, 0.463436, 0.463436, 0.463436, 0.463436, 0.463436, 0.463436, 0.463436, 0.463436, 0.463436, 0.463436, 0.463436, 0.463436, 0.463436, 0.463436, 0.467747, 0.463436
11.9357, 0, 0.908962, 0.457774, 1.41421, -0.908962, 0, 0.90513, 0.457774, 0.457774, 0.457774, 0.457774, 0.457774, 0.457774, 0.457774, 0.457774, 0.457774, 0.457774, 0.457774, 0.457774, 0.457774, 0.457774, 0.457774, 0.457774, 0.461606, 0.457774
11.9436, 0.519143, 0.888234, 0.452146, 1.58718, -0.369091, 0, 0.884853, 0.452146, 0.452146, 0.452146, 0.452146, 0.452146, 0.452146, 0.452146, 0.452146, 0.452146, 0.452146, 0.452146, 0.452146, 0.452146, 0.452146, 0.452146, 0.452146, 0.455526, 0.452146
11.9514, 1.48086, 0.870627, 0.452695, 1.86571, 0.61023, 0, 0.867668, 0.452695, 0.452695, 0.452695, 0.452695, 0.452695, 0.452695, 0.452695, 0.452695, 0.452695, 0.452695, 0.452695, 0.452695, 0.452695, 0.452695, 0.452695, 0.452695, 0.455653, 0.452695
11.9593, 0.514374, 0.85002, 0.452873, 1.58568, -0.335645, 0, 0.84745, 0.452873, 0.452873, 0.452873, 0.452873, 0.452873, 0.452873, 0.452873, 0.452873, 0.452873, 0.452873, 0.452873, 0.452873, 0.452873, 0.452874, 0.452873, 0.452873, 0.455443, 0.452873
11.9671, 0.485626, 0.826964, 0.452775, 1.57659, -0.341338, 0, 0.824749, 0.452775, 0.452775, 0.452775, 0.452775, 0.452775, 0.452775, 0.452775, 0.452775, 0.452775, 0.452775, 0.452775, 0.452775, 0.452775, 0.452775, 0.452775, 0.452775, 0.454989, 0.452775
11.9749, 0, 0.802105, 0.452538, 1.41421, -0.802105, 0, 0.800211, 0.452538, 0.452538, 0.452538, 0.452538, 0.452538, 0.452538, 0.452538, 0.452538, 0.452538, 0.452538, 0.452538, 0.452538, 0.452538, 0.452538, 0.452538, 0.452538, 0.454432, 0.452538
11.9828, 0.507187, 0.776088, 0.452301, 1.58341, -0.268901, 0, 0.77448, 0.452301, 0.452301, 0.452301, 0.452301, 0.452301, 0.452301, 0.452301, 0.452301, 0.452301, 0.452301, 0.452301, 0.452301, 0.452301, 0.452301, 0.452301, 0.452301, 0.453908, 0.452301
11.9906, 0.492813, 0.750457, 0.453103, 1.57886, -0.257644, 0, 0.749102, 0.453103, 0.453103, 0.453103, 0.453103, 0.453103, 0.453103, 0.453103, 0.453103, 0.453103, 0.453103, 0.453103, 0.453103, 0.453103, 0.453103, 0.453103, 0.453103, 0.454458, 0.453103
11.9985, 2, 0.724102, 0.453354, 2, 1.2759, 0, 0.722969, 0.453354, 0.453354, 0.453354, 0.453354, 0.453354, 0.453354, 0.453354, 0.453354, 0.453354, 0.453354, 0.453354, 0.453354, 0.453354, 0.453355, 0.453354, 0.453354, 0.454487, 0.453354
12.0063, 2, 0.697608, 0.453192, 2, 1.30239, 0, 0.696667, 0.453192, 0.453192, 0.453192, 0.453192, 0.453192, 0.453192, 0.453192, 0.453192, 0.453192, 0.453192, 0.453192, 0.453192, 0.453192, 0.453193, 0.453192, 0.453192, 0.454133, 0.453192
12.0142, 2.4974, 0.671579, 0.452824, 2.12071, 1.82582, 0, 0.670804, 0.452824, 0.452824, 0.452824, 0.452824, 0.452824, 0.452824, 0.452824, 0.452824, 0.452824, 0.452824, 0.452824, 0.452824, 0.452824, 0.452824, 0.452824, 0.452824, 0.453599, 0.452824
12.022, 0.502602, 0.646567, 0.452455, 1.58196, -0.143965, 0, 0.645932, 0.452455, 0.452455, 0.452455, 0.452455, 0.452455, 0.452455, 0.452455, 0.452455, 0.452455, 0.452455, 0.452455, 0.452455, 0.452455, 0.452455, 0.452455, 0.452455, 0.45309, 0.452455
12.0298, 0, 0.624169, 0.453404, 1.41421, -0.624169, 0, 0.623653, 0.453404, 0.453404, 0.453404, 0.453404, 0.453404, 0.453404, 0.453404, 0.453404, 0.453404, 0.453404, 0.453404, 0.453404, 0.453404, 0.453404, 0.453404, 0.453404, 0.453919, 0.453404
12.0377, 1.98042, 0.602653, 0.453713, 1.9951, 1.37777, 0, 0.602236, 0.453713, 0.453713, 0.453713, 0.453713, 0.453713, 0.453713, 0.453713, 0.453713, 0.453713, 0.453713, 0.453713, 0.453713, 0.453713, 0.453713, 0.453713, 0.453713, 0.45413, 0.453713
12.0455, 1.01958, 0.582295, 0.453514, 1.73769, 0.437284, 0, 0.58196, 0.453514, 0.453514, 0.453514, 0.453514, 0.453514, 0.453514, 0.453514, 0.453514, 0.453514, 0.453514, 0.453514, 0.453514, 0.453514, 0.453514, 0.453514, 0.453514, 0.453848, 0.453514
12.0534, 1, 0.563454, 0.453061, 1.73205, 0.436546, 0, 0.563187, 0.453061, 0.453061, 0.453061, 0.453061, 0.453061, 0.453061, 0.453061, 0.453061, 0.453061, 0.453061, 0.453061, 0.453061, 0.453061, 0.453061, 0.453061, 0.453061, 0.453328, 0.453061
12.0612, 1.4487, 0.546426, 0.452608, 1.85707, 0.902273, 0, 0.546214, 0.452608, 0.452608, 0.452608, 0.452608, 0.452608, 0.452608, 0.452608, 0.452608, 0.452608, 0.452608, 0.452608, 0.452608, 0.452608, 0.452609, 0.452608, 0.452608, 0.45282, 0.452608
12.0691, 1.5513, 0.532631, 0.453591, 1.88449, 1.01867, 0, 0.532463, 0.453591, 0.453591, 0.453591, 0.453591, 0.453591, 0.453591, 0.453591, 0.453591, 0.453591, 0.453591, 0.453591, 0.453591, 0.453591, 0.453592, 0.453591, 0.453591, 0.45376, 0.453591
12.0769, 0.478191, 0.51994, 0.453924, 1.57423, -0.0417494, 0, 0.519807, 0.453924, 0.453924, 0.453924, 0.453924, 0.453924, 0.453924, 0.453924, 0.453924, 0.453924, 0.453924, 0.453924, 0.453924, 0.453924, 0.453925, 0.453924, 0.453924, 0.454058, 0.453924
12.0847, 1.99765, 0.508379, 0.453717, 1.99941, 1.48927, 0, 0.508272, 0.453717, 0.453717, 0.453717, 0.453717, 0.453717, 0.453717, 0.453717, 0.453717, 0.453717, 0.453717, 0.453717, 0.453717, 0.453717, 0.453717, 0.453717, 0.453717, 0.453823, 0.453717
12.0926, 0.524164, 0.49811, 0.453239, 1.58876, 0.0260531, 0, 0.498023, 0.453239, 0.453239, 0.453239, 0.453239, 0.453239, 0.453239, 0.453239, 0.453239, 0.453239, 0.453239, 0.453239, 0.453239, 0.453239, 0.453239, 0.453239, 0.453239, 0.453326, 0.453239
12.1004, 0.470945, 0.489279, 0.452761, 1.57192, -0.0183334, 0, 0.489206, 0.452761, 0.452761, 0.452761, 0.452761, 0.452761, 0.452761, 0.452761, 0.452761, 0.452761, 0.452761, 0.452761, 0.452761, 0.452761, 0.452762, 0.452761, 0.452761, 0.452834, 0.452761
12.1083, 0.529055, 0.483131, 0.453667, 1.5903, 0.0459237, 0, 0.483067, 0.453667, 0.453667, 0.453667, 0.453667, 0.453667, 0.453667, 0.453667, 0.453667, 0.453667, 0.453667, 0.453667, 0.453667, 0.453667, 0.453667, 0.453667, 0.453667, 0.453731, 0.453667
12.1161, 1.93234, 0.477574, 0.454003, 1.98301, 1.45477, 0, 0.477513, 0.454003, 0.454003, 0.454003, 0.454003, 0.454003, 0.454003, 0.454003, 0.454003, 0.454003, 0.454003, 0.454003, 0.454003, 0.454003, 0.454003, 0.454003, 0.454003, 0.454063, 0.454003
12.124, 1.06766, 0.472512, 0.453814, 1.75147, 0.595146, 0, 0.472452, 0.453814, 0.453814, 0.453814, 0.453814, 0.453814, 0.453814, 0.453814, 0.453814, 0.453814, 0.453814, 0.453814, 0.453814, 0.453814, 0.453815, 0.453814, 0.453814, 0.453874, 0.453814
12.1318, 1.46134, 0.468074, 0.453364, 1.86047, 0.993264, 0, 0.46801, 0.453364, 0.453364, 0.453364, 0.453364, 0.453364, 0.453364, 0.453364, 0.453364, 0.453364, 0.453364, 0.453364, 0.453364, 0.453364, 0.453364, 0.453364, 0.453364, 0.453427, 0.453364
12.1396, 0.538662, 0.464212, 0.452731, 1.59332, 0.0744494, 0, 0.46414, 0.452731, 0.452731, 0.452731, 0.452731, 0.452731, 0.452731, 0.452731, 0.452731, 0.452731, 0.452731, 0.452731, 0.452731, 0.452731, 0.452731, 0.452731, 0.452731, 0.452803, 0.452731
12.1475, 0, 0.460702, 0.451807, 1.41421, -0.460702, 0, 0.460618, 0.451807, 0.451807, 0.451807, 0.451807, 0.451807, 0.451807, 0.451807, 0.451807, 0.451807, 0.451807, 0.451807, 0.451807, 0.451807, 0.451807, 0.451807, 0.451807, 0.451892, 0.451807
12.1553, 0.454151, 0.457585, 0.45074, 1.56657, -0.00343421, 0, 0.457484, 0.45074, 0.45074, 0.45074, 0.45074, 0.45074, 0.45074, 0.45074, 0.45074, 0.45074, 0.45074, 0.45074, 0.45074, 0.45074, 0.45074, 0.45074, 0.45074, 0.450841, 0.45074
12.1632, 1.99759, 0.454914, 0.449673, 1.9994, 1.54268, 0, 0.454791, 0.449673, 0.449673, 0.449673, 0.449673, 0.449673, 0.449673, 0.449673, 0.449673, 0.449673, 0.449673, 0.449673, 0.449673, 0.449673, 0.449674, 0.449673, 0.449673, 0.449795, 0.449673
12.171, 0.997454, 0.452587, 0.448589, 1.73132, 0.544866, 0, 0.452439, 0.448589, 0.448589, 0.448589, 0.448589, 0.448589, 0.448589, 0.448589, 0.448589, 0.448589, 0.448589, 0.448589, 0.448589, 0.448589, 0.448589, 0.448589, 0.448589, 0.448737, 0.448589
12.1789, 0.550805, 0.450368, 0.447318, 1.59712, 0.100437, 0, 0.450189, 0.447318, 0.447318, 0.447318, 0.447318, 0.447318, 0.447318, 0.447318, 0.447318, 0.447318, 0.447318, 0.447318, 0.447318, 0.447318, 0.447318, 0.447318, 0.447318, 0.447497, 0.447318
12.1867, 1, 0.447935, 0.445597, 1.73205, 0.552065, 0, 0.447719, 0.445597, 0.445597, 0.445597, 0.445597, 0.445597, 0.445597, 0.445597, 0.445597, 0.445597, 0.445597, 0.445597, 0.445597, 0.445597, 0.445597, 0.445597, 0.445597, 0.445813, 0.445597
12.1945, 0, 0.445288, 0.443475, 1.41421, -0.445288, 0, 0.44503, 0.443475, 0.443475, 0.443475, 0.443475, 0.443475, 0.443475, 0.443475, 0.443475, 0.443475, 0.443475, 0.443475, 0.443475, 0.443475, 0.443475, 0.443475, 0.443475, 0.443733, 0.443475
12.2024, 0.439777, 0.442471, 0.441035, 1.56198, -0.00269452, 0, 0.442165, 0.441035, 0.441035, 0.441035, 0.441035, 0.441035, 0.441035, 0.441035, 0.441035, 0.441035, 0.441035, 0.441035, 0.441035, 0.441035, 0.441035, 0.441035, 0.441035, 0.441341, 0.441035
12.2102, 0.560223, 0.439556, 0.438381, 1.60007, 0.120667, 0, 0.439194, 0.438381, 0.438381, 0.438381, 0.438381, 0.438381, 0.438381, 0.438381, 0.438381, 0.438381, 0.438381, 0.438381, 0.438381, 0.438381, 0.438381, 0.438381, 0.438381, 0.438742, 0.438381
12.2181, 0, 0.436627, 0.435624, 1.41421, -0.436627, 0, 0.436205, 0.435624, 0.435624, 0.435624, 0.435624, 0.435624, 0.435624, 0.435624, 0.435624, 0.435624, 0.435624, 0.435624, 0.435624, 0.435624, 0.435625, 0.435624, 0.435624, 0.436046, 0.435624
12.2259, 0, 0.433776, 0.432877, 1.41421, -0.433776, 0, 0.433288, 0.432877, 0.432877, 0.432877, 0.432877, 0.432877, 0.432877, 0.432877, 0.432877, 0.432877, 0.432877, 0.432877, 0.432877, 0.432877, 0.432877, 0.432877, 0.432877, 0.433364, 0.432877
12.2338, 1, 0.430866, 0.430018, 1.73205, 0.569134, 0, 0.430306, 0.430018, 0.430018, 0.430018, 0.430018, 0.430018, 0.430018, 0.430018, 0.430018, 0.430018, 0.430018, 0.430018, 0.430018, 0.430018, 0.430018, 0.430018, 0.430018, 0.430576, 0.430018
12.2416, 0.427509, 0.427545, 0.426708, 1.55805, -3.52263e-05, 0, 0.426909, 0.426708, 0.426708, 0.426708, 0.426708, 0.426708, 0.426708, 0.426708, 0.426708, 0.426708, 0.426708, 0.426708, 0.426708, 0.426708, 0.426708, 0.426708, 0.426708, 0.427343, 0.426708
12.2494, 0.997769, 0.423863, 0.423009, 1.73141, 0.573907, 0, 0.423148, 0.423009, 0.423009, 0.423009, 0.423009, 0.423009, 0.423009, 0.423009, 0.423009, 0.423009, 0.423009, 0.423009, 0.423009, 0.423009, 0.423009, 0.423009, 0.423009, 0.423723, 0.423009
12.2573, 0.574721, 0.420018, 0.419125, 1.60459, 0.154704, 0, 0.41922, 0.419125, 0.419125, 0.419125, 0.419125, 0.419125, 0.419125, 0.419125, 0.419125, 0.419125, 0.419125, 0.419125, 0.419125, 0.419125, 0.419125, 0.419125, 0.419125, 0.419922, 0.419125
12.2651, 0, 0.416205, 0.415258, 1.41421, -0.416205, 0, 0.415324, 0.415258, 0.415258, 0.415258, 0.415258, 0.415258, 0.415258, 0.415258, 0.415258, 0.415258, 0.415258, 0.415258, 0.415258, 0.415258, 0.415259, 0.415258, 0.415258, 0.41614, 0.415258
12.273, 1, 0.413988, 0.412979, 1.73205, 0.586012, 0, 0.413023, 0.412979, 0.412979, 0.412979, 0.412979, 0.412979, 0.412979, 0.412979, 0.412979, 0.412979, 0.412979, 0.412979, 0.412979, 0.412979, 0.412979, 0.412979, 0.412979, 0.413944, 0.412979
12.2808, 1, 0.410994, 0.409917, 1.73205, 0.589006, 0, 0.409947, 0.409917, 0.409917, 0.409917, 0.409917, 0.409917, 0.409917, 0.409917, 0.409917, 0.409917, 0.409917, 0.409917, 0.409917, 0.409917, 0.409917, 0.409917, 0.409917, 0.410964, 0.409917
12.2887, 0, 0.407309, 0.406162, 1.41421, -0.407309, 0, 0.406182, 0.406162, 0.406162, 0.406162, 0.406162, 0.406162, 0.406162, 0.406162, 0.406162, 0.406162, 0.406162, 0.406162, 0.406162, 0.406162, 0.406162, 0.406162, 0.406162, 0.407288, 0.406162
12.2965, 0.410781, 0.403288, 0.402074, 1.55267, 0.00749281, 0, 0.402088, 0.402074, 0.402074, 0.402074, 0.402074, 0.402074, 0.402074, 0.402074, 0.402074, 0.402074, 0.402074, 0.402074, 0.402074, 0.402074, 0.402074, 0.402074, 0.402074, 0.403274, 0.402074
12.3043, 0.589219, 0.399283, 0.398006, 1.60911, 0.189936, 0, 0.398016, 0.398006, 0.398006, 0.398006, 0.398006, 0.398006, 0.398006, 0.398006, 0.398006, 0.398006, 0.398006, 0.398006, 0.398006, 0.398006, 0.398007, 0.398006, 0.398006, 0.399273, 0.398006
12.3122, 0, 0.39738, 0.396048, 1.41421, -0.39738, 0, 0.396054, 0.396048, 0.396048, 0.396048, 0.396048, 0.396048, 0.396048, 0.396048, 0.396048, 0.396048, 0.396048, 0.396048, 0.396048, 0.396048, 0.396048, 0.396048, 0.396048, 0.397373, 0.396048
12.32, 2.40354, 0.394525, 0.393146, 2.09846, 2.00902, 0, 0.39315, 0.393146, 0.393146, 0.393146, 0.393146, 0.393146, 0.393146, 0.393146, 0.393146, 0.393146, 0.393146, 0.393146, 0.393146, 0.393146, 0.393146, 0.393146, 0.393146, 0.39452, 0.393146
12.3279, 0.997448, 0.390816, 0.3894, 1.73131, 0.606632, 0, 0.389404, 0.3894, 0.3894, 0.3894, 0.3894, 0.3894, 0.3894, 0.3894, 0.3894, 0.3894, 0.3894, 0.3894, 0.3894, 0.3894, 0.389401, 0.3894, 0.3894, 0.390812, 0.3894
12.3357, 0.599009, 0.386689, 0.385249, 1.61214, 0.21232, 0, 0.385252, 0.385249, 0.385249, 0.385249, 0.385249, 0.385249, 0.385249, 0.385249, 0.385249, 0.385249, 0.385249, 0.385249, 0.385249, 0.385249, 0.385249, 0.385249, 0.385249, 0.386686, 0.385249
12.3436, 1, 0.382572, 0.38112, 1.73205, 0.617428, 0, 0.381122, 0.38112, 0.38112, 0.38112, 0.38112, 0.38112, 0.38112, 0.38112, 0.38112, 0.38112, 0.38112, 0.38112, 0.38112, 0.38112, 0.38112, 0.38112, 0.38112, 0.382569, 0.38112
12.3514, 0, 0.380858, 0.379407, 1.41421, -0.380858, 0, 0.379409, 0.379407, 0.379407, 0.379407, 0.379407, 0.379407, 0.379407, 0.379407, 0.379407, 0.379407, 0.379407, 0.379407, 0.379407, 0.379407, 0.379407, 0.379407, 0.379407, 0.380856, 0.379407
12.3592, 0.39145, 0.378077, 0.376639, 1.54643, 0.0133729, 0, 0.376641, 0.376639, 0.376639, 0.376639, 0.376639, 0.376639, 0.376639, 0.376639, 0.376639, 0.376639, 0.376639, 0.376639, 0.376639, 0.376639, 0.37664, 0.376639, 0.376639, 0.378075, 0.376639
12.3671, 2.99765, 0.374334, 0.372923, 2.23554, 2.62331, 0, 0.372925, 0.372923, 0.372923, 0.372923, 0.372923, 0.372923, 0.372923, 0.372923, 0.372923, 0.372923, 0.372923, 0.372923, 0.372923, 0.372923, 0.372924, 0.372923, 0.372923, 0.374332, 0.372923
12.3749, 0.610905, 0.370121, 0.368749, 1.61583, 0.240783, 0, 0.368751, 0.368749, 0.368749, 0.368749, 0.368749, 0.368749, 0.368749, 0.368749, 0.368749, 0.368749, 0.368749, 0.368749, 0.368749, 0.368749, 0.36875, 0.368749, 0.368749, 0.37012, 0.368749
12.3828, 0, 0.365921, 0.364599, 1.41421, -0.365921, 0, 0.3646, 0.364599, 0.364599, 0.364599, 0.364599, 0.364599, 0.364599, 0.364599, 0.364599, 0.364599, 0.364599, 0.364599, 0.364599, 0.364599, 0.364599, 0.364599, 0.364599, 0.365919, 0.364599
12.3906, 0.381784, 0.364362, 0.363099, 1.5433, 0.0174225, 0, 0.3631, 0.363099, 0.363099, 0.363099, 0.363099, 0.363099, 0.363099, 0.363099, 0.363099, 0.363099, 0.363099, 0.363099, 0.363099, 0.363099, 0.363099, 0.363099, 0.363099, 0.36436, 0.363099
12.3985, 0.997522, 0.361649, 0.360453, 1.73134, 0.635873, 0, 0.360455, 0.360453, 0.360453, 0.360453, 0.360453, 0.360453, 0.360453, 0.360453, 0.360453, 0.360453, 0.360453, 0.360453, 0.360453, 0.360453, 0.360453, 0.360453, 0.360453, 0.361647, 0.360453
12.4063, 0.620694, 0.357896, 0.356775, 1.61886, 0.262798, 0, 0.356776, 0.356775, 0.356775, 0.356775, 0.356775, 0.356775, 0.356775, 0.356775, 0.356775, 0.356775, 0.356775, 0.356775, 0.356775, 0.356775, 0.356775, 0.356775, 0.356775, 0.357894, 0.356775
12.4141, 0, 0.353639, 0.352597, 1.41421, -0.353639, 0, 0.352598, 0.352597, 0.352597, 0.352597, 0.352597, 0.352597, 0.352597, 0.352597, 0.352597, 0.352597, 0.352597, 0.352597, 0.352597, 0.352597, 0.352597, 0.352597, 0.352597, 0.353637, 0.352597
12.422, 0, 0.349404, 0.348443, 1.41421, -0.349404, 0, 0.348445, 0.348443, 0.348443, 0.348443, 0.348443, 0.348443, 0.348443, 0.348443, 0.348443, 0.348443, 0.348443, 0.348443, 0.348443, 0.348443, 0.348444, 0.348443, 0.348443, 0.349402, 0.348443
12.4298, 0, 0.348022, 0.347146, 1.41421, -0.348022, 0, 0.347147, 0.347146, 0.347146, 0.347146, 0.347146, 0.347146, 0.347146, 0.347146, 0.347146, 0.347146, 0.347146, 0.347146, 0.347146, 0.347146, 0.347146, 0.347146, 0.347146, 0.34802, 0.347146
12.4377, 1, 0.345411, 0.344618, 1.73205, 0.654589, 0, 0.34462, 0.344618, 0.344618, 0.344618, 0.344618, 0.344618, 0.344618, 0.344618, 0.344618, 0.344618, 0.344618, 0.344618, 0.344618, 0.344618, 0.344618, 0.344618, 0.344618, 0.345409, 0.344618
12.4455, 1.36481, 0.341691, 0.34098, 1.83434, 1.02312, 0, 0.340981, 0.34098, 0.34098, 0.34098, 0.34098, 0.34098, 0.34098, 0.34098, 0.34098, 0.34098, 0.34098, 0.34098, 0.34098, 0.34098, 0.34098, 0.34098, 0.34098, 0.341689, 0.34098
12.4534, 0.635192, 0.337436, 0.336804, 1.62333, 0.297756, 0, 0.336806, 0.336804, 0.336804, 0.336804, 0.336804, 0.336804, 0.336804, 0.336804, 0.336804, 0.336804, 0.336804, 0.336804, 0.336804, 0.336804, 0.336804, 0.336804, 0.336804, 0.337434, 0.336804
12.4612, 0.360099, 0.33321, 0.332654, 1.53626, 0.0268887, 0, 0.332656, 0.332654, 0.332654, 0.332654, 0.332654, 0.332654, 0.332654, 0.332654, 0.332654, 0.332654, 0.332654, 0.332654, 0.332654, 0.332654, 0.332654, 0.332654, 0.332654, 0.333209, 0.332654
12.469, 0.639901, 0.332162, 0.331676, 1.62478, 0.307739, 0, 0.331678, 0.331676, 0.331676, 0.331676, 0.331676, 0.331676, 0.331676, 0.331676, 0.331676, 0.331676, 0.331676, 0.331676, 0.331676, 0.331676, 0.331677, 0.331676, 0.331676, 0.33216, 0.331676
12.4769, 1.35539, 0.329734, 0.329314, 1.83177, 1.02566, 0, 0.329315, 0.329314, 0.329314, 0.329314, 0.329314, 0.329314, 0.329314, 0.329314, 0.329314, 0.329314, 0.329314, 0.329314, 0.329314, 0.329314, 0.329314, 0.329314, 0.329314, 0.329732, 0.329314
12.4847, 0.64461, 0.326045, 0.325685, 1.62623, 0.318564, 0, 0.325687, 0.325685, 0.325685, 0.325685, 0.325685, 0.325685, 0.325685, 0.325685, 0.325685, 0.325685, 0.325685, 0.325685, 0.325685, 0.325685, 0.325685, 0.325685, 0.325685, 0.326043, 0.325685
12.4926, 1, 0.321751, 0.321444, 1.73205, 0.678249, 0, 0.321446, 0.321444, 0.321444, 0.321444, 0.321444, 0.321444, 0.321444, 0.321444, 0.321444, 0.321444, 0.321444, 0.321444, 0.321444, 0.321444, 0.321445, 0.321444, 0.321444, 0.321749, 0.321444
12.5004, 1, 0.317489, 0.317231, 1.73205, 0.682511, 0, 0.317233, 0.317231, 0.317231, 0.317231, 0.317231, 0.317231, 0.317231, 0.317231, 0.317231, 0.317231, 0.317231, 0.317231, 0.317231, 0.317231, 0.317231, 0.317231, 0.317231, 0.317487, 0.317231
12.5083, 0, 0.317364, 0.317148, 1.41421, -0.317364, 0, 0.31715, 0.317148, 0.317148, 0.317148, 0.317148, 0.317148, 0.317148, 0.317148, 0.317148, 0.317148, 0.317148, 0.317148, 0.317148, 0.317148, 0.317148, 0.317148, 0.317148, 0.317362, 0.317148
12.5161, 0, 0.315318, 0.315139, 1.41421, -0.315318, 0, 0.31514, 0.315139, 0.315139, 0.315139, 0.315139, 0.315139, 0.315139, 0.315139, 0.315139, 0.315139, 0.315139, 0.315139, 0.315139, 0.315139, 0.315139, 0.315139, 0.315139, 0.315316, 0.315139
12.5239, 1, 0.311521, 0.311373, 1.73205, 0.688479, 0, 0.311375, 0.311373, 0.311373, 0.311373, 0.311373, 0.311373, 0.311373, 0.311373, 0.311373, 0.311373, 0.311373, 0.311373, 0.311373, 0.311373, 0.311374, 0.311373, 0.311373, 0.311519, 0.311373
12.5318, 0, 0.306878, 0.306757, 1.41421, -0.306878, 0, 0.306758, 0.306757, 0.306757, 0.306757, 0.306757, 0.306757, 0.306757, 0.306757, 0.306757, 0.306757, 0.306757, 0.306757, 0.306757, 0.306757, 0.306757, 0.306757, 0.306757, 0.306876, 0.306757
12.5396, 0, 0.302273, 0.302174, 1.41421, -0.302273, 0, 0.302176, 0.302174, 0.302174, 0.302174, 0.302174, 0.302174, 0.302174, 0.302174, 0.302174, 0.302174, 0.302174, 0.302174, 0.302174, 0.302174, 0.302174, 0.302174, 0.302174, 0.302272, 0.302174
12.5475, 0, 0.307504, 0.307423, 1.41421, -0.307504, 0, 0.307425, 0.307423, 0.307423, 0.307423, 0.307423, 0.307423, 0.307423, 0.307423, 0.307423, 0.307423, 0.307423, 0.307423, 0.307423, 0.307423, 0.307423, 0.307423, 0.307423, 0.307502, 0.307423
12.5553, 0, 0.310651, 0.310584, 1.41421, -0.310651, 0, 0.310585, 0.310584, 0.310584, 0.310584, 0.310584, 0.310584, 0.310584, 0.310584, 0.310584, 0.310584, 0.310584, 0.310584, 0.310584, 0.310584, 0.310584, 0.310584, 0.310584, 0.310649, 0.310584
12.5632, 1, 0.311761, 0.311705, 1.73205, 0.688239, 0, 0.311707, 0.311705, 0.311705, 0.311705, 0.311705, 0.311705, 0.311705, 0.311705, 0.311705, 0.311705, 0.311705, 0.311705, 0.311705, 0.311705, 0.311705, 0.311705, 0.311705, 0.311759, 0.311705
12.571, 0, 0.31185, 0.311802, 1.41421, -0.31185, 0, 0.311803, 0.311802, 0.311802, 0.311802, 0.311802, 0.311802, 0.311802, 0.311802, 0.311802, 0.311802, 0.311802, 0.311802, 0.311802, 0.311802, 0.311802, 0.311802, 0.311802, 0.311848, 0.311802
12.5788, 0.323916, 0.311941, 0.311898, 1.52444, 0.0119745, 0, 0.3119, 0.311898, 0.311898, 0.311898, 0.311898, 0.311898, 0.311898, 0.311898, 0.311898, 0.311898, 0.311898, 0.311898, 0.311898, 0.311898, 0.311898, 0.311898, 0.311898, 0.311939, 0.311898
12.5867, 1.67608, 0.316013, 0.315972, 1.91731, 1.36007, 0, 0.315974, 0.315972, 0.315972, 0.315972, 0.315972, 0.315972, 0.315972, 0.315972, 0.315972, 0.315972, 0.315972, 0.315972, 0.315972, 0.315972, 0.315973, 0.315972, 0.315972, 0.316011, 0.315972
12.5945, 0, 0.318737, 0.318697, 1.41421, -0.318737, 0, 0.318698, 0.318697, 0.318697, 0.318697, 0.318697, 0.318697, 0.318697, 0.318697, 0.318697, 0.318697, 0.318697, 0.318697, 0.318697, 0.318697, 0.318697, 0.318697, 0.318697, 0.318735, 0.318697
12.6024, 0.316689, 0.320191, 0.320149, 1.52207, -0.00350159, 0, 0.32015, 0.320149, 0.320149, 0.320149, 0.320149, 0.320149, 0.320149, 0.320149, 0.320149, 0.320149, 0.320149, 0.320149, 0.320149, 0.320149, 0.320149, 0.320149, 0.320149, 0.320189, 0.320149
12.6102, 1.68331, 0.321008, 0.320962, 1.9192, 1.3623, 0, 0.320964, 0.320962, 0.320962, 0.320962, 0.320962, 0.320962, 0.320962, 0.320962, 0.320962, 0.320962, 0.320962, 0.320962, 0.320962, 0.320962, 0.320962, 0.320962, 0.320962, 0.321006, 0.320962
12.6181, 1.3119, 0.321829, 0.321776, 1.81986, 0.990067, 0, 0.321778, 0.321776, 0.321776, 0.321776, 0.321776, 0.321776, 0.321776, 0.321776, 0.321776, 0.321776, 0.321776, 0.321776, 0.321776, 0.321776, 0.321776, 0.321776, 0.321776, 0.321827, 0.321776
12.6259, 1.30694, 0.325615, 0.325554, 1.8185, 0.981324, 0, 0.325555, 0.325554, 0.325554, 0.325554, 0.325554, 0.325554, 0.325554, 0.325554, 0.325554, 0.325554, 0.325554, 0.325554, 0.325554, 0.325554, 0.325554, 0.325554, 0.325554, 0.325613, 0.325554
12.6337, 1.38116, 0.328227, 0.328155, 1.83879, 1.05294, 0, 0.328157, 0.328155, 0.328155, 0.328155, 0.328155, 0.328155, 0.328155, 0.328155, 0.328155, 0.328155, 0.328155, 0.328155, 0.328155, 0.328155, 0.328155, 0.328155, 0.328155, 0.328225, 0.328155
12.6416, 1.30471, 0.329751, 0.329665, 1.81789, 0.974958, 0, 0.329667, 0.329665, 0.329665, 0.329665, 0.329665, 0.329665, 0.329665, 0.329665, 0.329665, 0.329665, 0.329665, 0.329665, 0.329665, 0.329665, 0.329665, 0.329665, 0.329665, 0.329749, 0.329665
12.6494, 3.69529, 0.330729, 0.330628, 2.38648, 3.36456, 0, 0.330629, 0.330628, 0.330628, 0.330628, 0.330628, 0.330628, 0.330628, 0.330628, 0.330628, 0.330628, 0.330628, 0.330628, 0.330628, 0.330628, 0.330628, 0.330628, 0.330628, 0.330727, 0.330628
12.6573, 0, 0.33171, 0.331591, 1.41421, -0.33171, 0, 0.331593, 0.331591, 0.331591, 0.331591, 0.331591, 0.331591, 0.331591, 0.331591, 0.331591, 0.331591, 0.331591, 0.331591, 0.331591, 0.331591, 0.331592, 0.331591, 0.331591, 0.331708, 0.331591
12.6651, 1, 0.33537, 0.33523, 1.73205, 0.66463, 0, 0.335232, 0.33523, 0.33523, 0.33523, 0.33523, 0.33523, 0.33523, 0.33523, 0.33523, 0.33523, 0.33523, 0.33523, 0.33523, 0.33523, 0.335231, 0.33523, 0.33523, 0.335368, 0.33523
12.6729, 1.29492, 0.337961, 0.337799, 1.81519, 0.956959, 0, 0.337801, 0.337799, 0.337799, 0.337799, 0.337799, 0.337799, 0.337799, 0.337799, 0.337799, 0.337799, 0.337799, 0.337799, 0.337799, 0.337799, 0.337799, 0.337799, 0.337799, 0.337959, 0.337799
12.6808, 0.997646, 0.339567, 0.33938, 1.73137, 0.658079, 0, 0.339382, 0.33938, 0.33938, 0.33938, 0.33938, 0.33938, 0.33938, 0.33938, 0.33938, 0.33938, 0.33938, 0.33938, 0.33938, 0.33938, 0.339381, 0.33938, 0.33938, 0.339565, 0.33938
12.6886, 0.707435, 0.34068, 0.340466, 1.64543, 0.366755, 0, 0.340468, 0.340466, 0.340466, 0.340466, 0.340466, 0.340466, 0.340466, 0.340466, 0.340466, 0.340466, 0.340466, 0.340466, 0.340466, 0.340466, 0.340467, 0.340466, 0.340466, 0.340678, 0.340466
12.6965, 0, 0.341796, 0.341554, 1.41421, -0.341796, 0, 0.341556, 0.341554, 0.341554, 0.341554, 0.341554, 0.341554, 0.341554, 0.341554, 0.341554, 0.341554, 0.341554, 0.341554, 0.341554, 0.341554, 0.341554, 0.341554, 0.341554, 0.341794, 0.341554
12.7043, 0, 0.345263, 0.344991, 1.41421, -0.345263, 0, 0.344992, 0.344991, 0.344991, 0.344991, 0.344991, 0.344991, 0.344991, 0.344991, 0.344991, 0.344991, 0.344991, 0.344991, 0.344991, 0.344991, 0.344991, 0.344991, 0.344991, 0.345261, 0.344991
12.7122, 0, 0.347766, 0.347462, 1.41421, -0.347766, 0, 0.347464, 0.347462, 0.347462, 0.347462, 0.347462, 0.347462, 0.347462, 0.347462, 0.347462, 0.347462, 0.347462, 0.347462, 0.347462, 0.347462, 0.347463, 0.347462, 0.347462, 0.347764, 0.347462
12.72, 1.56084, 0.349387, 0.349052, 1.88702, 1.21146, 0, 0.349053, 0.349052, 0.349052, 0.349052, 0.349052, 0.349052, 0.349052, 0.349052, 0.349052, 0.349052, 0.349052, 0.349052, 0.349052, 0.349052, 0.349052, 0.349052, 0.349052, 0.349385, 0.349052
12.7278, 2.71735, 0.350566, 0.350198, 2.17195, 2.36678, 0, 0.3502, 0.350198, 0.350198, 0.350198, 0.350198, 0.350198, 0.350198, 0.350198, 0.350198, 0.350198, 0.350198, 0.350198, 0.350198, 0.350198, 0.350198, 0.350198, 0.350198, 0.350564, 0.350198
12.7357, 0.721809, 0.351746, 0.351346, 1.64979, 0.370063, 0, 0.351348, 0.351346, 0.351346, 0.351346, 0.351346, 0.351346, 0.351346, 0.351346, 0.351346, 0.351346, 0.351346, 0.351346, 0.351346, 0.351346, 0.351347, 0.351346, 0.351346, 0.351744, 0.351346
12.7435, 1, 0.354963, 0.354532, 1.73205, 0.645037, 0, 0.354534, 0.354532, 0.354532, 0.354532, 0.354532, 0.354532, 0.354532, 0.354532, 0.354532, 0.354532, 0.354532, 0.354532, 0.354532, 0.354532, 0.354533, 0.354532, 0.354532, 0.354961, 0.354532
12.7514, 0, 0.3574, 0.356941, 1.41421, -0.3574, 0, 0.356943, 0.356941, 0.356941, 0.356941, 0.356941, 0.356941, 0.356941, 0.356941, 0.356941, 0.356941, 0.356941, 0.356941, 0.356941, 0.356941, 0.356941, 0.356941, 0.356941, 0.357398, 0.356941
12.7592, 2, 0.359113, 0.358627, 2, 1.64089, 0, 0.358629, 0.358627, 0.358627, 0.358627, 0.358627, 0.358627, 0.358627, 0.358627, 0.358627, 0.358627, 0.358627, 0.358627, 0.358627, 0.358627, 0.358627, 0.358627, 0.358627, 0.359111, 0.358627
12.7671, 1, 0.360462, 0.359951, 1.73205, 0.639538, 0, 0.359953, 0.359951, 0.359951, 0.359951, 0.359951, 0.359951, 0.359951, 0.359951, 0.359951, 0.359951, 0.359951, 0.359951, 0.359951, 0.359951, 0.359951, 0.359951, 0.359951, 0.36046, 0.359951
12.7749, 0.263693, 0.36181, 0.361277, 1.50456, -0.0981169, 0, 0.361279, 0.361277, 0.361277, 0.361277, 0.361277, 0.361277, 0.361277, 0.361277, 0.361277, 0.361277, 0.361277, 0.361277, 0.361277, 0.361277, 0.361278, 0.361277, 0.361277, 0.361808, 0.361277
12.7828, 0.736307, 0.364347, 0.363796, 1.65418, 0.37196, 0, 0.363798, 0.363796, 0.363796, 0.363796, 0.363796, 0.363796, 0.363796, 0.363796, 0.363796, 0.363796, 0.363796, 0.363796, 0.363796, 0.363796, 0.363797, 0.363796, 0.363796, 0.364345, 0.363796
12.7906, 0, 0.366328, 0.365762, 1.41421, -0.366328, 0, 0.365764, 0.365762, 0.365762, 0.365762, 0.365762, 0.365762, 0.365762, 0.365762, 0.365762, 0.365762, 0.365762, 0.365762, 0.365762, 0.365762, 0.365762, 0.365762, 0.365762, 0.366326, 0.365762
12.7984, 0, 0.367796, 0.367216, 1.41421, -0.367796, 0, 0.367218, 0.367216, 0.367216, 0.367216, 0.367216, 0.367216, 0.367216, 0.367216, 0.367216, 0.367216, 0.367216, 0.367216, 0.367216, 0.367216, 0.367216, 0.367216, 0.367216, 0.367794, 0.367216
12.8063, 1.25403, 0.369, 0.368408, 1.80389, 0.885027, 0, 0.36841, 0.368408, 0.368408, 0.368408, 0.368408, 0.368408, 0.368408, 0.368408, 0.368408, 0.368408, 0.368408, 0.368408, 0.368408, 0.368408, 0.368409, 0.368408, 0.368408, 0.368998, 0.368408
12.8141, 0.745973, 0.370071, 0.369467, 1.6571, 0.375902, 0, 0.369469, 0.369467, 0.369467, 0.369467, 0.369467, 0.369467, 0.369467, 0.369467, 0.369467, 0.369467, 0.369467, 0.369467, 0.369467, 0.369467, 0.369467, 0.369467, 0.369467, 0.370069, 0.369467
12.822, 1, 0.371075, 0.370458, 1.73205, 0.628925, 0, 0.370459, 0.370458, 0.370458, 0.370458, 0.370458, 0.370458, 0.370458, 0.370458, 0.370458, 0.370458, 0.370458, 0.370458, 0.370458, 0.370458, 0.370458, 0.370458, 0.370458, 0.371073, 0.370458
12.8298, 0.246716, 0.371863, 0.371226, 1.49891, -0.125146, 0, 0.371228, 0.371226, 0.371226, 0.371226, 0.371226, 0.371226, 0.371226, 0.371226, 0.371226, 0.371226, 0.371226, 0.371226, 0.371226, 0.371226, 0.371226, 0.371226, 0.371226, 0.371861, 0.371226
12.8376, 0.753284, 0.372348, 0.371684, 1.6593, 0.380936, 0, 0.371686, 0.371684, 0.371684, 0.371684, 0.371684, 0.371684, 0.371684, 0.371684, 0.371684, 0.371684, 0.371684, 0.371684, 0.371684, 0.371684, 0.371684, 0.371684, 0.371684, 0.372346, 0.371684
12.8455, 0.242007, 0.37256, 0.371855, 1.49733, -0.130553, 0, 0.371856, 0.371855, 0.371855, 0.371855, 0.371855, 0.371855, 0.371855, 0.371855, 0.371855, 0.371855, 0.371855, 0.371855, 0.371855, 0.371855, 0.371855, 0.371855, 0.371855, 0.372558, 0.371855
12.8533, 1.75799, 0.372536, 0.371769, 1.93855, 1.38546, 0, 0.371771, 0.371769, 0.371769, 0.371769, 0.371769, 0.371769, 0.371769, 0.371769, 0.371769, 0.371769, 0.371769, 0.371769, 0.371769, 0.371769, 0.371769, 0.371769, 0.371769, 0.372534, 0.371769
12.8612, 1, 0.372356, 0.3715, 1.73205, 0.627644, 0, 0.371502, 0.3715, 0.3715, 0.3715, 0.3715, 0.3715, 0.3715, 0.3715, 0.3715, 0.3715, 0.3715, 0.3715, 0.3715, 0.3715, 0.3715, 0.3715, 0.3715, 0.372353, 0.3715
12.869, 0, 0.371786, 0.370803, 1.41421, -0.371786, 0, 0.370805, 0.370803, 0.370803, 0.370803, 0.370803, 0.370803, 0.370803, 0.370803, 0.370803, 0.370803, 0.370803, 0.370803, 0.370803, 0.370803, 0.370803, 0.370803, 0.370803, 0.371783, 0.370803
12.8769, 0, 0.370886, 0.369726, 1.41421, -0.370886, 0, 0.369728, 0.369726, 0.369726, 0.369726, 0.369726, 0.369726, 0.369726, 0.369726, 0.369726, 0.369726, 0.369726, 0.369726, 0.369726, 0.369726, 0.369726, 0.369726, 0.369726, 0.370884, 0.369726
12.8847, 0, 0.369779, 0.368377, 1.41421, -0.369779, 0, 0.36838, 0.368377, 0.368377, 0.368377, 0.368377, 0.368377, 0.368377, 0.368377, 0.368377, 0.368377, 0.368377, 0.368377, 0.368377, 0.368377, 0.368378, 0.368377, 0.368377, 0.369776, 0.368377
12.8925, 0.227509, 0.368578, 0.366853, 1.49248, -0.141069, 0, 0.366856, 0.366853, 0.366853, 0.366853, 0.366853, 0.366853, 0.366853, 0.366853, 0.366853, 0.366853, 0.366853, 0.366853, 0.366853, 0.366853, 0.366853, 0.366853, 0.366853, 0.368575, 0.366853
12.9004, 1.77249, 0.367394, 0.365243, 1.94229, 1.4051, 0, 0.365246, 0.365243, 0.365243, 0.365243, 0.365243, 0.365243, 0.365243, 0.365243, 0.365243, 0.365243, 0.365243, 0.365243, 0.365243, 0.365243, 0.365243, 0.365243, 0.365243, 0.367391, 0.365243
12.9082, 0.222677, 0.366341, 0.363636, 1.49086, -0.143664, 0, 0.36364, 0.363636, 0.363636, 0.363636, 0.363636, 0.363636, 0.363636, 0.363636, 0.363636, 0.363636, 0.363636, 0.363636, 0.363636, 0.363636, 0.363637, 0.363636, 0.363636, 0.366337, 0.363636
12.9161, 0.777323, 0.369882, 0.36647, 1.66653, 0.407442, 0, 0.366475, 0.36647, 0.36647, 0.36647, 0.36647, 0.36647, 0.36647, 0.36647, 0.36647, 0.36647, 0.36647, 0.36647, 0.36647, 0.36647, 0.36647, 0.36647, 0.36647, 0.369876, 0.36647
12.9239, 0, 0.372796, 0.368492, 1.41421, -0.372796, 0, 0.368499, 0.368492, 0.368492, 0.368492, 0.368492, 0.368492, 0.368492, 0.368492, 0.368492, 0.368492, 0.368492, 0.368492, 0.368492, 0.368492, 0.368493, 0.368492, 0.368492, 0.37279, 0.368492
12.9318, 0, 0.375174, 0.369759, 1.41421, -0.375174, 0, 0.369768, 0.369759, 0.369759, 0.369759, 0.369759, 0.369759, 0.369759, 0.369759, 0.369759, 0.369759, 0.369759, 0.369759, 0.369759, 0.369759, 0.369759, 0.369759, 0.369759, 0.375165, 0.369759
12.9396, 0.213011, 0.377429, 0.370646, 1.48762, -0.164418, 0, 0.370658, 0.370646, 0.370646, 0.370646, 0.370646, 0.370646, 0.370646, 0.370646, 0.370646, 0.370646, 0.370646, 0.370646, 0.370646, 0.370646, 0.370646, 0.370646, 0.370646, 0.377416, 0.370646
12.9474, 0.786989, 0.379981, 0.371534, 1.66943, 0.407008, 0, 0.371552, 0.371534, 0.371534, 0.371534, 0.371534, 0.371534, 0.371534, 0.371534, 0.371534, 0.371534, 0.371534, 0.371534, 0.371534, 0.371534, 0.371534, 0.371534, 0.371534, 0.379962, 0.371534
12.9553, 0.208302, 0.383922, 0.373476, 1.48604, -0.17562, 0, 0.373502, 0.373476, 0.373476, 0.373476, 0.373476, 0.373476, 0.373476, 0.373476, 0.373476, 0.373476, 0.373476, 0.373476, 0.373476, 0.373476, 0.373477, 0.373476, 0.373476, 0.383896, 0.373476
12.9631, 1.7917, 0.387937, 0.375116, 1.94723, 1.40376, 0, 0.375152, 0.375116, 0.375116, 0.375116, 0.375116, 0.375116, 0.375116, 0.375116, 0.375116, 0.375116, 0.375116, 0.375116, 0.375116, 0.375116, 0.375116, 0.375116, 0.375116, 0.3879, 0.375116
12.971, 1, 0.392103, 0.376493, 1.73205, 0.607897, 0, 0.376544, 0.376493, 0.376493, 0.376493, 0.376493, 0.376493, 0.376493, 0.376493, 0.376493, 0.376493, 0.376493, 0.376493, 0.376493, 0.376493, 0.376493, 0.376493, 0.376493, 0.392051, 0.376493
12.9788, 0, 0.396419, 0.377567, 1.41421, -0.396419, 0, 0.37764, 0.377567, 0.377567, 0.377567, 0.377567, 0.377567, 0.377567, 0.377567, 0.377567, 0.377567, 0.377567, 0.377567, 0.377567, 0.377567, 0.377567, 0.377567, 0.377567, 0.396345, 0.377567
12.9867, 1, 0.400977, 0.378404, 1.73205, 0.599023, 0, 0.378507, 0.378404, 0.378404, 0.378404, 0.378404, 0.378404, 0.378404, 0.378404, 0.378404, 0.378404, 0.378404, 0.378404, 0.378404, 0.378404, 0.378404, 0.378404, 0.378404, 0.400873, 0.378404
12.9945, 0, 0.40581, 0.379013, 1.41421, -0.40581, 0, 0.379158, 0.379013, 0.379013, 0.379013, 0.379013, 0.379013, 0.379013, 0.379013, 0.379013, 0.379013, 0.379013, 0.379013, 0.379013, 0.379013, 0.379013, 0.379013, 0.379013, 0.405665, 0.379013
13.0023, 0.193804, 0.410991, 0.379454, 1.48115, -0.217187, 0, 0.379656, 0.379454, 0.379454, 0.379454, 0.379454, 0.379454, 0.379454, 0.379454, 0.379454, 0.379454, 0.379454, 0.379454, 0.379454, 0.379454, 0.379454, 0.379454, 0.379454, 0.410789, 0.379454
13.0102, 1.8062, 0.416605, 0.37981, 1.95095, 1.38959, 0, 0.380089, 0.37981, 0.37981, 0.37981, 0.37981, 0.37981, 0.37981, 0.37981, 0.37981, 0.37981, 0.37981, 0.37981, 0.37981, 0.37981, 0.37981, 0.37981, 0.37981, 0.416326, 0.37981
13.018, 2.3777, 0.422641, 0.380086, 2.09229, 1.95505, 0, 0.380468, 0.380086, 0.380086, 0.380086, 0.380086, 0.380086, 0.380086, 0.380086, 0.380086, 0.380086, 0.380086, 0.380086, 0.380086, 0.380086, 0.380087, 0.380086, 0.380086, 0.422259, 0.380086
13.0259, 2.80892, 0.429019, 0.380229, 2.19293, 2.3799, 0, 0.380746, 0.380229, 0.380229, 0.380229, 0.380229, 0.380229, 0.380229, 0.380229, 0.380229, 0.380229, 0.380229, 0.380229, 0.380229, 0.380229, 0.380229, 0.380229, 0.380229, 0.428501, 0.380229
13.0337, 0.813383, 0.435611, 0.380154, 1.67731, 0.377772, 0, 0.380851, 0.380154, 0.380154, 0.380154, 0.380154, 0.380154, 0.380154, 0.380154, 0.380154, 0.380154, 0.380154, 0.380154, 0.380154, 0.380154, 0.380154, 0.380154, 0.380154, 0.434914, 0.380154
13.0416, 0.181537, 0.442388, 0.379897, 1.477, -0.260851, 0, 0.380826, 0.379897, 0.379897, 0.379897, 0.379897, 0.379897, 0.379897, 0.379897, 0.379897, 0.379897, 0.379897, 0.379897, 0.379897, 0.379897, 0.379897, 0.379897, 0.379897, 0.441458, 0.379897
13.0494, 0.99777, 0.449366, 0.379548, 1.73141, 0.548404, 0, 0.380776, 0.379548, 0.379548, 0.379548, 0.379548, 0.379548, 0.379548, 0.379548, 0.379548, 0.379548, 0.379548, 0.379548, 0.379548, 0.379548, 0.379548, 0.379548, 0.379548, 0.448138, 0.379548
13.0572, 0.820694, 0.456543, 0.379199, 1.67949, 0.364151, 0, 0.380807, 0.379199, 0.379199, 0.379199, 0.379199, 0.379199, 0.379199, 0.379199, 0.379199, 0.379199, 0.379199, 0.379199, 0.379199, 0.379199, 0.379199, 0.379199, 0.379199, 0.454934, 0.379199
13.0651, 2, 0.464257, 0.379294, 2, 1.53574, 0, 0.381382, 0.379294, 0.379294, 0.379294, 0.379294, 0.379294, 0.379294, 0.379294, 0.379294, 0.379294, 0.379294, 0.379294, 0.379294, 0.379294, 0.379294, 0.379294, 0.379294, 0.462168, 0.379294
13.0729, 0.344238, 0.471744, 0.379181, 1.53109, -0.127506, 0, 0.381869, 0.379181, 0.379181, 0.379181, 0.379181, 0.379181, 0.379181, 0.379181, 0.379181, 0.379181, 0.379181, 0.379181, 0.379181, 0.379181, 0.379182, 0.379181, 0.379181, 0.469056, 0.379181
13.0808, 4.82538, 0.478874, 0.378853, 2.61254, 4.34651, 0, 0.382282, 0.378853, 0.378853, 0.378853, 0.378853, 0.378853, 0.378853, 0.378853, 0.378853, 0.378853, 0.378853, 0.378853, 0.378853, 0.378853, 0.378853, 0.378853, 0.378853, 0.475445, 0.378853
13.0886, 1.16471, 0.48556, 0.378344, 1.77896, 0.679145, 0, 0.382677, 0.378344, 0.378344, 0.378344, 0.378344, 0.378344, 0.378344, 0.378344, 0.378344, 0.378344, 0.378344, 0.378344, 0.378344, 0.378344, 0.378344, 0.378344, 0.378344, 0.481226, 0.378344
13.0965, 2.66568, 0.491719, 0.37769, 2.16002, 2.17396, 0, 0.383118, 0.37769, 0.37769, 0.37769, 0.37769, 0.37769, 0.37769, 0.37769, 0.37769, 0.37769, 0.37769, 0.37769, 0.37769, 0.37769, 0.37769, 0.37769, 0.37769, 0.48629, 0.37769
13.1043, 0.324659, 0.49728, 0.376929, 1.52468, -0.172621, 0, 0.383669, 0.376929, 0.376929, 0.376929, 0.376929, 0.376929, 0.376929, 0.376929, 0.376929, 0.376929, 0.376929, 0.376929, 0.376929, 0.376929, 0.37693, 0.376929, 0.376929, 0.49054, 0.376929
13.1121, 1.67534, 0.502178, 0.376097, 1.91712, 1.17316, 0, 0.384389, 0.376097, 0.376097, 0.376097, 0.376097, 0.376097, 0.376097, 0.376097, 0.376097, 0.376097, 0.376097, 0.376097, 0.376097, 0.376097, 0.376097, 0.376097, 0.376097, 0.493885, 0.376097
13.12, 0, 0.506353, 0.375213, 1.41421, -0.506353, 0, 0.385325, 0.375213, 0.375213, 0.375213, 0.375213, 0.375213, 0.375213, 0.375213, 0.375213, 0.375213, 0.375213, 0.375213, 0.375213, 0.375213, 0.375213, 0.375213, 0.375213, 0.496241, 0.375213
13.1278, 1, 0.509553, 0.374087, 1.73205, 0.490447, 0, 0.386307, 0.374087, 0.374087, 0.374087, 0.374087, 0.374087, 0.374087, 0.374087, 0.374087, 0.374087, 0.374087, 0.374087, 0.374087, 0.374087, 0.374088, 0.374087, 0.374087, 0.497332, 0.374087
13.1357, 0, 0.51175, 0.372733, 1.41421, -0.51175, 0, 0.387369, 0.372733, 0.372733, 0.372733, 0.372733, 0.372733, 0.372733, 0.372733, 0.372733, 0.372733, 0.372733, 0.372733, 0.372733, 0.372733, 0.372733, 0.372733, 0.372733, 0.497115, 0.372733
13.1435, 1, 0.512989, 0.371209, 1.73205, 0.487011, 0, 0.388581, 0.371209, 0.371209, 0.371209, 0.371209, 0.371209, 0.371209, 0.371209, 0.371209, 0.371209, 0.371209, 0.371209, 0.371209, 0.371209, 0.37121, 0.371209, 0.371209, 0.495617, 0.371209
13.1514, 1, 0.513334, 0.369575, 1.73205, 0.486666, 0, 0.390011, 0.369575, 0.369575, 0.369575, 0.369575, 0.369575, 0.369575, 0.369575, 0.369575, 0.369575, 0.369575, 0.369575, 0.369575, 0.369575, 0.369575, 0.369575, 0.369575, 0.492898, 0.369575
13.1592, 1.29095, 0.51287, 0.367887, 1.8141, 0.778084, 0, 0.391713, 0.367887, 0.367887, 0.367887, 0.367887, 0.367887, 0.367887, 0.367887, 0.367887, 0.367887, 0.367887, 0.367887, 0.367887, 0.367887, 0.367887, 0.367887, 0.367887, 0.489044, 0.367887
13.167, 1.70905, 0.511701, 0.366203, 1.92589, 1.19734, 0, 0.393733, 0.366203, 0.366203, 0.366203, 0.366203, 0.366203, 0.366203, 0.366203, 0.366203, 0.366203, 0.366203, 0.366203, 0.366203, 0.366203, 0.366204, 0.366203, 0.366203, 0.484171, 0.366203
13.1749, 3, 0.510535, 0.365169, 2.23607, 2.48947, 0, 0.396696, 0.365169, 0.365169, 0.365169, 0.365169, 0.365169, 0.365169, 0.365169, 0.365169, 0.365169, 0.365169, 0.365169, 0.365169, 0.365169, 0.36517, 0.365169, 0.365169, 0.479008, 0.365169
13.1827, 1, 0.508384, 0.363727, 1.73205, 0.491616, 0, 0.399508, 0.363727, 0.363727, 0.363727, 0.363727, 0.363727, 0.363727, 0.363727, 0.363727, 0.363727, 0.363727, 0.363727, 0.363727, 0.363727, 0.363727, 0.363727, 0.363727, 0.472602, 0.363727
13.1906, 1.13592, 0.505394, 0.361944, 1.77085, 0.630524, 0, 0.402192, 0.361944, 0.361944, 0.361944, 0.361944, 0.361944, 0.361944, 0.361944, 0.361944, 0.361944, 0.361944, 0.361944, 0.361944, 0.361944, 0.361944, 0.361944, 0.361944, 0.465145, 0.361944
13.1984, 1.99741, 0.501819, 0.359994, 1.99935, 1.4956, 0, 0.404865, 0.359994, 0.359994, 0.359994, 0.359994, 0.359994, 0.359994, 0.359994, 0.359994, 0.359994, 0.359994, 0.359994, 0.359994, 0.359994, 0.359994, 0.359994, 0.359994, 0.456947, 0.359994
13.2063, 1.99777, 0.497903, 0.358049, 1.99944, 1.49987, 0, 0.40763, 0.358049, 0.358049, 0.358049, 0.358049, 0.358049, 0.358049, 0.358049, 0.358049, 0.358049, 0.358049, 0.358049, 0.358049, 0.358049, 0.358049, 0.358049, 0.358049, 0.448322, 0.358049
13.2141, 0.997522, 0.494934, 0.35733, 1.73134, 0.502588, 0, 0.411628, 0.35733, 0.35733, 0.35733, 0.35733, 0.35733, 0.35733, 0.35733, 0.35733, 0.35733, 0.35733, 0.35733, 0.35733, 0.35733, 0.35733, 0.35733, 0.35733, 0.440635, 0.35733
13.2219, 1.87138, 0.491073, 0.355941, 1.96758, 1.3803, 0, 0.414879, 0.355941, 0.355941, 0.355941, 0.355941, 0.355941, 0.355941, 0.355941, 0.355941, 0.355941, 0.355941, 0.355941, 0.355941, 0.355941, 0.355942, 0.355941, 0.355941, 0.432135, 0.355941
13.2298, 0.123916, 0.486456, 0.353977, 1.45737, -0.36254, 0, 0.417385, 0.353977, 0.353977, 0.353977, 0.353977, 0.353977, 0.353977, 0.353977, 0.353977, 0.353977, 0.353977, 0.353977, 0.353977, 0.353977, 0.353977, 0.353977, 0.353977, 0.423048, 0.353977
13.2376, 0.876084, 0.481403, 0.35173, 1.6959, 0.394681, 0, 0.419344, 0.35173, 0.35173, 0.35173, 0.35173, 0.35173, 0.35173, 0.35173, 0.35173, 0.35173, 0.35173, 0.35173, 0.35173, 0.35173, 0.35173, 0.35173, 0.35173, 0.413789, 0.35173
13.2455, 1, 0.476221, 0.349489, 1.73205, 0.523779, 0, 0.420955, 0.349489, 0.349489, 0.349489, 0.349489, 0.349489, 0.349489, 0.349489, 0.349489, 0.349489, 0.349489, 0.349489, 0.349489, 0.349489, 0.34949, 0.349489, 0.349489, 0.404755, 0.349489
13.2533, 1, 0.472819, 0.349164, 1.73205, 0.527181, 0, 0.424036, 0.349164, 0.349164, 0.349164, 0.349164, 0.349164, 0.349164, 0.349164, 0.349164, 0.349164, 0.349164, 0.349164, 0.349164, 0.349164, 0.349165, 0.349164, 0.349164, 0.397947, 0.349164
13.2612, 0.114126, 0.468362, 0.347927, 1.454, -0.354236, 0, 0.42568, 0.347927, 0.347927, 0.347927, 0.347927, 0.347927, 0.347927, 0.347927, 0.347927, 0.347927, 0.347927, 0.347927, 0.347927, 0.347927, 0.347927, 0.347927, 0.347927, 0.390608, 0.347927
13.269, 1.88587, 0.462949, 0.345888, 1.97126, 1.42292, 0, 0.42593, 0.345888, 0.345888, 0.345888, 0.345888, 0.345888, 0.345888, 0.345888, 0.345888, 0.345888, 0.345888, 0.345888, 0.345888, 0.345888, 0.345889, 0.345888, 0.345888, 0.382907, 0.345888
13.2768, 1.10942, 0.456967, 0.343457, 1.76335, 0.65245, 0, 0.425139, 0.343457, 0.343457, 0.343457, 0.343457, 0.343457, 0.343457, 0.343457, 0.343457, 0.343457, 0.343457, 0.343457, 0.343457, 0.343457, 0.343457, 0.343457, 0.343457, 0.375285, 0.343457
13.2847, 0.890582, 0.450803, 0.341033, 1.70017, 0.439779, 0, 0.423669, 0.341033, 0.341033, 0.341033, 0.341033, 0.341033, 0.341033, 0.341033, 0.341033, 0.341033, 0.341033, 0.341033, 0.341033, 0.341033, 0.341034, 0.341033, 0.341033, 0.368168, 0.341033
13.2925, 1, 0.446805, 0.340981, 1.73205, 0.553195, 0, 0.423863, 0.340981, 0.340981, 0.340981, 0.340981, 0.340981, 0.340981, 0.340981, 0.340981, 0.340981, 0.340981, 0.340981, 0.340981, 0.340981, 0.340981, 0.340981, 0.340981, 0.363923, 0.340981
13.3004, 0, 0.441467, 0.339802, 1.41421, -0.441467, 0, 0.422224, 0.339802, 0.339802, 0.339802, 0.339802, 0.339802, 0.339802, 0.339802, 0.339802, 0.339802, 0.339802, 0.339802, 0.339802, 0.339802, 0.339803, 0.339802, 0.339802, 0.359045, 0.339802
13.3082, 1, 0.434922, 0.337628, 1.73205, 0.565078, 0, 0.418899, 0.337628, 0.337628, 0.337628, 0.337628, 0.337628, 0.337628, 0.337628, 0.337628, 0.337628, 0.337628, 0.337628, 0.337628, 0.337628, 0.337628, 0.337628, 0.337628, 0.35365, 0.337628
13.3161, 1.09727, 0.427688, 0.334963, 1.75991, 0.669586, 0, 0.414432, 0.334963, 0.334963, 0.334963, 0.334963, 0.334963, 0.334963, 0.334963, 0.334963, 0.334963, 0.334963, 0.334963, 0.334963, 0.334963, 0.334963, 0.334963, 0.334963, 0.348219, 0.334963
13.3239, 0.997646, 0.420289, 0.332309, 1.73137, 0.577357, 0, 0.409375, 0.332309, 0.332309, 0.332309, 0.332309, 0.332309, 0.332309, 0.332309, 0.332309, 0.332309, 0.332309, 0.332309, 0.332309, 0.332309, 0.332309, 0.332309, 0.332309, 0.343222, 0.332309
13.3317, 0.905081, 0.415676, 0.332583, 1.70443, 0.489404, 0, 0.406715, 0.332583, 0.332583, 0.332583, 0.332583, 0.332583, 0.332583, 0.332583, 0.332583, 0.332583, 0.332583, 0.332583, 0.332583, 0.332583, 0.332583, 0.332583, 0.332583, 0.341544, 0.332583
13.3396, 1, 0.40964, 0.33153, 1.73205, 0.59036, 0, 0.402275, 0.33153, 0.33153, 0.33153, 0.33153, 0.33153, 0.33153, 0.33153, 0.33153, 0.33153, 0.33153, 0.33153, 0.33153, 0.33153, 0.331531, 0.33153, 0.33153, 0.338895, 0.33153
13.3474, 0, 0.402381, 0.329301, 1.41421, -0.402381, 0, 0.396291, 0.329301, 0.329301, 0.329301, 0.329301, 0.329301, 0.329301, 0.329301, 0.329301, 0.329301, 0.329301, 0.329301, 0.329301, 0.329301, 0.329301, 0.329301, 0.329301, 0.33539, 0.329301
13.3553, 0, 0.394556, 0.326493, 1.41421, -0.394556, 0, 0.389452, 0.326493, 0.326493, 0.326493, 0.326493, 0.326493, 0.326493, 0.326493, 0.326493, 0.326493, 0.326493, 0.326493, 0.326493, 0.326493, 0.326493, 0.326493, 0.326493, 0.331596, 0.326493
13.3631, 0.0828894, 0.386816, 0.323697, 1.44322, -0.303926, 0, 0.382441, 0.323697, 0.323697, 0.323697, 0.323697, 0.323697, 0.323697, 0.323697, 0.323697, 0.323697, 0.323697, 0.323697, 0.323697, 0.323697, 0.323697, 0.323697, 0.323697, 0.328071, 0.323697
13.371, 0.997532, 0.382534, 0.324223, 1.73134, 0.614998, 0, 0.378658, 0.324223, 0.324223, 0.324223, 0.324223, 0.324223, 0.324223, 0.324223, 0.324223, 0.324223, 0.324223, 0.324223, 0.324223, 0.324223, 0.324224, 0.324223, 0.324223, 0.328099, 0.324223
13.3788, 1.91958, 0.376935, 0.32324, 1.97979, 1.54264, 0, 0.373352, 0.32324, 0.32324, 0.32324, 0.32324, 0.32324, 0.32324, 0.32324, 0.32324, 0.32324, 0.32324, 0.32324, 0.32324, 0.32324, 0.32324, 0.32324, 0.32324, 0.326823, 0.32324
13.3866, 0, 0.370244, 0.320913, 1.41421, -0.370244, 0, 0.366768, 0.320913, 0.320913, 0.320913, 0.320913, 0.320913, 0.320913, 0.320913, 0.320913, 0.320913, 0.320913, 0.320913, 0.320913, 0.320913, 0.320913, 0.320913, 0.320913, 0.324389, 0.320913
13.3945, 1, 0.36319, 0.317927, 1.73205, 0.63681, 0, 0.359654, 0.317927, 0.317927, 0.317927, 0.317927, 0.317927, 0.317927, 0.317927, 0.317927, 0.317927, 0.317927, 0.317927, 0.317927, 0.317927, 0.317927, 0.317927, 0.317927, 0.321462, 0.317927
13.4023, 1, 0.356485, 0.314954, 1.73205, 0.643515, 0, 0.352738, 0.314954, 0.314954, 0.314954, 0.314954, 0.314954, 0.314954, 0.314954, 0.314954, 0.314954, 0.314954, 0.314954, 0.314954, 0.314954, 0.314955, 0.314954, 0.314954, 0.318701, 0.314954
13.4102, 0, 0.353946, 0.315782, 1.41421, -0.353946, 0, 0.349849, 0.315782, 0.315782, 0.315782, 0.315782, 0.315782, 0.315782, 0.315782, 0.315782, 0.315782, 0.315782, 0.315782, 0.315782, 0.315782, 0.315782, 0.315782, 0.315782, 0.319879, 0.315782
13.418, 1.06592, 0.350098, 0.314917, 1.75098, 0.715825, 0, 0.345523, 0.314917, 0.314917, 0.314917, 0.314917, 0.314917, 0.314917, 0.314917, 0.314917, 0.314917, 0.314917, 0.314917, 0.314917, 0.314917, 0.314917, 0.314917, 0.314917, 0.319492, 0.314917
13.4259, 2.93408, 0.345135, 0.312544, 2.22128, 2.58894, 0, 0.339964, 0.312544, 0.312544, 0.312544, 0.312544, 0.312544, 0.312544, 0.312544, 0.312544, 0.312544, 0.312544, 0.312544, 0.312544, 0.312544, 0.312544, 0.312544, 0.312544, 0.317715, 0.312544
13.4337, 0, 0.339821, 0.30943, 1.41421, -0.339821, 0, 0.333947, 0.30943, 0.30943, 0.30943, 0.30943, 0.30943, 0.30943, 0.30943, 0.30943, 0.30943, 0.30943, 0.30943, 0.30943, 0.30943, 0.30943, 0.30943, 0.30943, 0.315303, 0.30943
13.4415, 0, 0.3349, 0.306331, 1.41421, -0.3349, 0, 0.328227, 0.306331, 0.306331, 0.306331, 0.306331, 0.306331, 0.306331, 0.306331, 0.306331, 0.306331, 0.306331, 0.306331, 0.306331, 0.306331, 0.306331, 0.306331, 0.306331, 0.313004, 0.306331
13.4494, 1, 0.33451, 0.307406, 1.73205, 0.66549, 0, 0.326953, 0.307406, 0.307406, 0.307406, 0.307406, 0.307406, 0.307406, 0.307406, 0.307406, 0.307406, 0.307406, 0.307406, 0.307406, 0.307406, 0.307407, 0.307406, 0.307406, 0.314964, 0.307406
13.4572, 0.0540273, 0.332594, 0.306625, 1.43319, -0.278566, 0, 0.32408, 0.306625, 0.306625, 0.306625, 0.306625, 0.306625, 0.306625, 0.306625, 0.306625, 0.306625, 0.306625, 0.306625, 0.306625, 0.306625, 0.306626, 0.306625, 0.306625, 0.315139, 0.306625
13.4651, 1.99752, 0.329317, 0.30419, 1.99938, 1.6682, 0, 0.31979, 0.30419, 0.30419, 0.30419, 0.30419, 0.30419, 0.30419, 0.30419, 0.30419, 0.30419, 0.30419, 0.30419, 0.30419, 0.30419, 0.30419, 0.30419, 0.30419, 0.313717, 0.30419
13.4729, 1.94845, 0.325484, 0.300941, 1.98707, 1.62297, 0, 0.314901, 0.300941, 0.300941, 0.300941, 0.300941, 0.300941, 0.300941, 0.300941, 0.300941, 0.300941, 0.300941, 0.300941, 0.300941, 0.300941, 0.300941, 0.300941, 0.300941, 0.311523, 0.300941
13.4808, 0, 0.321881, 0.297709, 1.41421, -0.321881, 0, 0.310221, 0.297709, 0.297709, 0.297709, 0.297709, 0.297709, 0.297709, 0.297709, 0.297709, 0.297709, 0.297709, 0.297709, 0.297709, 0.297709, 0.297709, 0.297709, 0.297709, 0.309369, 0.297709
13.4886, 0, 0.323019, 0.299047, 1.41421, -0.323019, 0, 0.310278, 0.299047, 0.299047, 0.299047, 0.299047, 0.299047, 0.299047, 0.299047, 0.299047, 0.299047, 0.299047, 0.299047, 0.299047, 0.299047, 0.299047, 0.299047, 0.299047, 0.311787, 0.299047
13.4964, 0.0417596, 0.322269, 0.298373, 1.4289, -0.280509, 0, 0.308468, 0.298373, 0.298373, 0.298373, 0.298373, 0.298373, 0.298373, 0.298373, 0.298373, 0.298373, 0.298373, 0.298373, 0.298373, 0.298373, 0.298373, 0.298373, 0.298373, 0.312174, 0.298373
13.5043, 0.95824, 0.319804, 0.295901, 1.71995, 0.638436, 0, 0.304983, 0.295901, 0.295901, 0.295901, 0.295901, 0.295901, 0.295901, 0.295901, 0.295901, 0.295901, 0.295901, 0.295901, 0.295901, 0.295901, 0.295901, 0.295901, 0.295901, 0.310721, 0.295901
13.5121, 1.03705, 0.316497, 0.292546, 1.74271, 0.720554, 0, 0.300721, 0.292546, 0.292546, 0.292546, 0.292546, 0.292546, 0.292546, 0.292546, 0.292546, 0.292546, 0.292546, 0.292546, 0.292546, 0.292546, 0.292546, 0.292546, 0.292546, 0.308322, 0.292546
13.52, 0.962949, 0.313211, 0.28921, 1.72132, 0.649738, 0, 0.296566, 0.28921, 0.28921, 0.28921, 0.28921, 0.28921, 0.28921, 0.28921, 0.28921, 0.28921, 0.28921, 0.28921, 0.28921, 0.28921, 0.28921, 0.28921, 0.28921, 0.305855, 0.28921
13.5278, 0, 0.314826, 0.290806, 1.41421, -0.314826, 0, 0.297418, 0.290806, 0.290806, 0.290806, 0.290806, 0.290806, 0.290806, 0.290806, 0.290806, 0.290806, 0.290806, 0.290806, 0.290806, 0.290806, 0.290807, 0.290806, 0.290806, 0.308214, 0.290806
13.5357, 0, 0.314215, 0.290238, 1.41421, -0.314215, 0, 0.296171, 0.290238, 0.290238, 0.290238, 0.290238, 0.290238, 0.290238, 0.290238, 0.290238, 0.290238, 0.290238, 0.290238, 0.290238, 0.290238, 0.290238, 0.290238, 0.290238, 0.308282, 0.290238
13.5435, 1.02726, 0.311579, 0.287731, 1.7399, 0.715683, 0, 0.29304, 0.287731, 0.287731, 0.287731, 0.287731, 0.287731, 0.287731, 0.287731, 0.287731, 0.287731, 0.287731, 0.287731, 0.287731, 0.287731, 0.287731, 0.287731, 0.287731, 0.306269, 0.287731
13.5513, 2.97274, 0.307885, 0.284272, 2.22996, 2.66485, 0, 0.289007, 0.284272, 0.284272, 0.284272, 0.284272, 0.284272, 0.284272, 0.284272, 0.284272, 0.284272, 0.284272, 0.284272, 0.284272, 0.284272, 0.284272, 0.284272, 0.284272, 0.303149, 0.284272
13.5592, 0, 0.304092, 0.280834, 1.41421, -0.304092, 0, 0.285039, 0.280834, 0.280834, 0.280834, 0.280834, 0.280834, 0.280834, 0.280834, 0.280834, 0.280834, 0.280834, 0.280834, 0.280834, 0.280834, 0.280834, 0.280834, 0.280834, 0.299886, 0.280834
13.567, 0, 0.305615, 0.282838, 1.41421, -0.305615, 0, 0.286555, 0.282838, 0.282838, 0.282838, 0.282838, 0.282838, 0.282838, 0.282838, 0.282838, 0.282838, 0.282838, 0.282838, 0.282838, 0.282838, 0.282838, 0.282838, 0.282838, 0.301897, 0.282838
13.5749, 1, 0.304593, 0.282427, 1.73205, 0.695407, 0, 0.285696, 0.282427, 0.282427, 0.282427, 0.282427, 0.282427, 0.282427, 0.282427, 0.282427, 0.282427, 0.282427, 0.282427, 0.282427, 0.282427, 0.282428, 0.282427, 0.282427, 0.301325, 0.282427
13.5827, 0, 0.301275, 0.279847, 1.41421, -0.301275, 0, 0.282704, 0.279847, 0.279847, 0.279847, 0.279847, 0.279847, 0.279847, 0.279847, 0.279847, 0.279847, 0.279847, 0.279847, 0.279847, 0.279847, 0.279848, 0.279847, 0.279847, 0.298418, 0.279847
13.5906, 0, 0.296772, 0.276202, 1.41421, -0.296772, 0, 0.278683, 0.276202, 0.276202, 0.276202, 0.276202, 0.276202, 0.276202, 0.276202, 0.276202, 0.276202, 0.276202, 0.276202, 0.276202, 0.276202, 0.276202, 0.276202, 0.276202, 0.294291, 0.276202
13.5984, 0, 0.292185, 0.272581, 1.41421, -0.292185, 0, 0.27472, 0.272581, 0.272581, 0.272581, 0.272581, 0.272581, 0.272581, 0.272581, 0.272581, 0.272581, 0.272581, 0.272581, 0.272581, 0.272581, 0.272581, 0.272581, 0.272581, 0.290045, 0.272581
13.6062, 0, 0.294752, 0.276207, 1.41421, -0.294752, 0, 0.27804, 0.276207, 0.276207, 0.276207, 0.276207, 0.276207, 0.276207, 0.276207, 0.276207, 0.276207, 0.276207, 0.276207, 0.276207, 0.276207, 0.276208, 0.276207, 0.276207, 0.292919, 0.276207
13.6141, 0, 0.294728, 0.277319, 1.41421, -0.294728, 0, 0.278877, 0.277319, 0.277319, 0.277319, 0.277319, 0.277319, 0.277319, 0.277319, 0.277319, 0.277319, 0.277319, 0.277319, 0.277319, 0.277319, 0.27732, 0.277319, 0.277319, 0.29317, 0.277319
13.6219, 0.00334572, 0.292353, 0.276138, 1.4154, -0.289008, 0, 0.277452, 0.276138, 0.276138, 0.276138, 0.276138, 0.276138, 0.276138, 0.276138, 0.276138, 0.276138, 0.276138, 0.276138, 0.276138, 0.276138, 0.276138, 0.276138, 0.276138, 0.291039, 0.276138
13.6298, 0.997522, 0.288802, 0.273816, 1.73134, 0.70872, 0, 0.274917, 0.273816, 0.273816, 0.273816, 0.273816, 0.273816, 0.273816, 0.273816, 0.273816, 0.273816, 0.273816, 0.273816, 0.273816, 0.273816, 0.273817, 0.273816, 0.273816, 0.287701, 0.273816
13.6376, 0.997522, 0.285243, 0.271505, 1.73134, 0.712279, 0, 0.272419, 0.271505, 0.271505, 0.271505, 0.271505, 0.271505, 0.271505, 0.271505, 0.271505, 0.271505, 0.271505, 0.271505, 0.271505, 0.271505, 0.271505, 0.271505, 0.271505, 0.284329, 0.271505
13.6455, 1.00161, 0.287317, 0.274824, 1.73252, 0.714294, 0, 0.275576, 0.274824, 0.274824, 0.274824, 0.274824, 0.274824, 0.274824, 0.274824, 0.274824, 0.274824, 0.274824, 0.274824, 0.274824, 0.274824, 0.274824, 0.274824, 0.274824, 0.286564, 0.274824
13.6533, 1.98711, 0.287085, 0.275817, 1.99678, 1.70003, 0, 0.276432, 0.275817, 0.275817, 0.275817, 0.275817, 0.275817, 0.275817, 0.275817, 0.275817, 0.275817, 0.275817, 0.275817, 0.275817, 0.275817, 0.275817, 0.275817, 0.275817, 0.28647, 0.275817
13.6611, 0.0128872, 0.284793, 0.274713, 1.41876, -0.271906, 0, 0.275212, 0.274713, 0.274713, 0.274713, 0.274713, 0.274713, 0.274713, 0.274713, 0.274713, 0.274713, 0.274713, 0.274713, 0.274713, 0.274713, 0.274714, 0.274713, 0.274713, 0.284295, 0.274713
13.669, 0.988848, 0.281511, 0.272568, 1.72883, 0.707336, 0, 0.272968, 0.272568, 0.272568, 0.272568, 0.272568, 0.272568, 0.272568, 0.272568, 0.272568, 0.272568, 0.272568, 0.272568, 0.272568, 0.272568, 0.272568, 0.272568, 0.272568, 0.281111, 0.272568
13.6768, 0.997522, 0.2783, 0.270431, 1.73134, 0.719222, 0, 0.27075, 0.270431, 0.270431, 0.270431, 0.270431, 0.270431, 0.270431, 0.270431, 0.270431, 0.270431, 0.270431, 0.270431, 0.270431, 0.270431, 0.270432, 0.270431, 0.270431, 0.277981, 0.270431
13.6847, 1.99777, 0.280331, 0.273465, 1.99944, 1.71744, 0, 0.273717, 0.273465, 0.273465, 0.273465, 0.273465, 0.273465, 0.273465, 0.273465, 0.273465, 0.273465, 0.273465, 0.273465, 0.273465, 0.273465, 0.273465, 0.273465, 0.273465, 0.280079, 0.273465
13.6925, 1.01586, 0.280181, 0.27424, 1.73662, 0.73568, 0, 0.274437, 0.27424, 0.27424, 0.27424, 0.27424, 0.27424, 0.27424, 0.27424, 0.27424, 0.27424, 0.27424, 0.27424, 0.27424, 0.27424, 0.27424, 0.27424, 0.27424, 0.279984, 0.27424
13.7004, 0.979061, 0.278086, 0.272986, 1.726, 0.700975, 0, 0.27314, 0.272986, 0.272986, 0.272986, 0.272986, 0.272986, 0.272986, 0.272986, 0.272986, 0.272986, 0.272986, 0.272986, 0.272986, 0.272986, 0.272987, 0.272986, 0.272986, 0.277932, 0.272986
13.7082, 0.0209392, 0.275067, 0.270726, 1.4216, -0.254128, 0, 0.270844, 0.270726, 0.270726, 0.270726, 0.270726, 0.270726, 0.270726, 0.270726, 0.270726, 0.270726, 0.270726, 0.270726, 0.270726, 0.270726, 0.270726, 0.270726, 0.270726, 0.274949, 0.270726
13.716, 1, 0.272141, 0.268474, 1.73205, 0.727859, 0, 0.268564, 0.268474, 0.268474, 0.268474, 0.268474, 0.268474, 0.268474, 0.268474, 0.268474, 0.268474, 0.268474, 0.268474, 0.268474, 0.268474, 0.268475, 0.268474, 0.268474, 0.272051, 0.268474
13.7239, 0, 0.274495, 0.27142, 1.41421, -0.274495, 0, 0.271488, 0.27142, 0.27142, 0.27142, 0.27142, 0.27142, 0.27142, 0.27142, 0.27142, 0.27142, 0.27142, 0.27142, 0.27142, 0.27142, 0.27142, 0.27142, 0.27142, 0.274426, 0.27142
13.7317, 0, 0.274727, 0.272166, 1.41421, -0.274727, 0, 0.272217, 0.272166, 0.272166, 0.272166, 0.272166, 0.272166, 0.272166, 0.272166, 0.272166, 0.272166, 0.272166, 0.272166, 0.272166, 0.272166, 0.272166, 0.272166, 0.272166, 0.274676, 0.272166
13.7396, 0, 0.273059, 0.270936, 1.41421, -0.273059, 0, 0.270974, 0.270936, 0.270936, 0.270936, 0.270936, 0.270936, 0.270936, 0.270936, 0.270936, 0.270936, 0.270936, 0.270936, 0.270936, 0.270936, 0.270936, 0.270936, 0.270936, 0.273021, 0.270936
13.7474, 0, 0.270481, 0.268726, 1.41421, -0.270481, 0, 0.268754, 0.268726, 0.268726, 0.268726, 0.268726, 0.268726, 0.268726, 0.268726, 0.268726, 0.268726, 0.268726, 0.268726, 0.268726, 0.268726, 0.268726, 0.268726, 0.268726, 0.270452, 0.268726
13.7553, 1.92466, 0.267977, 0.266524, 1.98108, 1.65668, 0, 0.266545, 0.266524, 0.266524, 0.266524, 0.266524, 0.266524, 0.266524, 0.266524, 0.266524, 0.266524, 0.266524, 0.266524, 0.266524, 0.266524, 0.266525, 0.266524, 0.266524, 0.267956, 0.266524
13.7631, 0.0753408, 0.270311, 0.2691, 1.4406, -0.19497, 0, 0.269115, 0.2691, 0.2691, 0.2691, 0.2691, 0.2691, 0.2691, 0.2691, 0.2691, 0.2691, 0.2691, 0.2691, 0.2691, 0.2691, 0.269101, 0.2691, 0.2691, 0.270296, 0.2691
13.7709, 0, 0.270582, 0.269555, 1.41421, -0.270582, 0, 0.269566, 0.269555, 0.269555, 0.269555, 0.269555, 0.269555, 0.269555, 0.269555, 0.269555, 0.269555, 0.269555, 0.269555, 0.269555, 0.269555, 0.269556, 0.269555, 0.269555, 0.270571, 0.269555
13.7788, 1, 0.269011, 0.268115, 1.73205, 0.730989, 0, 0.268122, 0.268115, 0.268115, 0.268115, 0.268115, 0.268115, 0.268115, 0.268115, 0.268115, 0.268115, 0.268115, 0.268115, 0.268115, 0.268115, 0.268115, 0.268115, 0.268115, 0.269003, 0.268115
13.7866, 1.95266, 0.266552, 0.265735, 1.98813, 1.68611, 0, 0.26574, 0.265735, 0.265735, 0.265735, 0.265735, 0.265735, 0.265735, 0.265735, 0.265735, 0.265735, 0.265735, 0.265735, 0.265735, 0.265735, 0.265735, 0.265735, 0.265735, 0.266546, 0.265735
13.7945, 0.0473358, 0.264154, 0.263366, 1.43085, -0.216819, 0, 0.26337, 0.263366, 0.263366, 0.263366, 0.263366, 0.263366, 0.263366, 0.263366, 0.263366, 0.263366, 0.263366, 0.263366, 0.263366, 0.263366, 0.263366, 0.263366, 0.263366, 0.26415, 0.263366
13.8023, 0.947838, 0.266664, 0.265853, 1.71693, 0.681174, 0, 0.265856, 0.265853, 0.265853, 0.265853, 0.265853, 0.265853, 0.265853, 0.265853, 0.265853, 0.265853, 0.265853, 0.265853, 0.265853, 0.265853, 0.265853, 0.265853, 0.265853, 0.266661, 0.265853
13.8102, 0.997515, 0.267167, 0.266281, 1.73133, 0.730349, 0, 0.266283, 0.266281, 0.266281, 0.266281, 0.266281, 0.266281, 0.266281, 0.266281, 0.266281, 0.266281, 0.266281, 0.266281, 0.266281, 0.266281, 0.266282, 0.266281, 0.266281, 0.267165, 0.266281
13.818, 0.0546468, 0.265883, 0.264868, 1.4334, -0.211236, 0, 0.264869, 0.264868, 0.264868, 0.264868, 0.264868, 0.264868, 0.264868, 0.264868, 0.264868, 0.264868, 0.264868, 0.264868, 0.264868, 0.264868, 0.264868, 0.264868, 0.264868, 0.265882, 0.264868
13.8258, 2.88129, 0.263746, 0.262542, 2.20936, 2.61754, 0, 0.262543, 0.262542, 0.262542, 0.262542, 0.262542, 0.262542, 0.262542, 0.262542, 0.262542, 0.262542, 0.262542, 0.262542, 0.262542, 0.262542, 0.262542, 0.262542, 0.262542, 0.263745, 0.262542
13.8337, 0.118711, 0.261685, 0.260226, 1.45558, -0.142974, 0, 0.260227, 0.260226, 0.260226, 0.260226, 0.260226, 0.260226, 0.260226, 0.260226, 0.260226, 0.260226, 0.260226, 0.260226, 0.260226, 0.260226, 0.260227, 0.260226, 0.260226, 0.261684, 0.260226
13.8415, 2, 0.264074, 0.26229, 2, 1.73593, 0, 0.26229, 0.26229, 0.26229, 0.26229, 0.26229, 0.26229, 0.26229, 0.26229, 0.26229, 0.26229, 0.26229, 0.26229, 0.26229, 0.26229, 0.26229, 0.26229, 0.26229, 0.264074, 0.26229
13.8494, 1, 0.264568, 0.262379, 1.73205, 0.735432, 0, 0.262379, 0.262379, 0.262379, 0.262379, 0.262379, 0.262379, 0.262379, 0.262379, 0.262379, 0.262379, 0.262379, 0.262379, 0.262379, 0.262379, 0.262379, 0.262379, 0.262379, 0.264568, 0.262379
13.8572, 0, 0.263396, 0.260714, 1.41421, -0.263396, 0, 0.260714, 0.260714, 0.260714, 0.260714, 0.260714, 0.260714, 0.260714, 0.260714, 0.260714, 0.260714, 0.260714, 0.260714, 0.260714, 0.260714, 0.260714, 0.260714, 0.260714, 0.263395, 0.260714
13.8651, 0.928501, 0.261452, 0.258182, 1.71129, 0.667049, 0, 0.258182, 0.258182, 0.258182, 0.258182, 0.258182, 0.258182, 0.258182, 0.258182, 0.258182, 0.258182, 0.258182, 0.258182, 0.258182, 0.258182, 0.258182, 0.258182, 0.258182, 0.261451, 0.258182
13.8729, 0.0714994, 0.259623, 0.255662, 1.43927, -0.188124, 0, 0.255662, 0.255662, 0.255662, 0.255662, 0.255662, 0.255662, 0.255662, 0.255662, 0.255662, 0.255662, 0.255662, 0.255662, 0.255662, 0.255662, 0.255663, 0.255662, 0.255662, 0.259623, 0.255662
13.8807, 1.84734, 0.262405, 0.257642, 1.96146, 1.58493, 0, 0.257642, 0.257642, 0.257642, 0.257642, 0.257642, 0.257642, 0.257642, 0.257642, 0.257642, 0.257642, 0.257642, 0.257642, 0.257642, 0.257642, 0.257643, 0.257642, 0.257642, 0.262405, 0.257642
13.8886, 3.9166, 0.263391, 0.25771, 2.43241, 3.65321, 0, 0.25771, 0.25771, 0.25771, 0.25771, 0.25771, 0.25771, 0.25771, 0.25771, 0.25771, 0.25771, 0.25771, 0.25771, 0.25771, 0.25771, 0.25771, 0.25771, 0.25771, 0.263391, 0.25771
13.8964, 1.15502, 0.262796, 0.256076, 1.77624, 0.892223, 0, 0.256076, 0.256076, 0.256076, 0.256076, 0.256076, 0.256076, 0.256076, 0.256076, 0.256076, 0.256076, 0.256076, 0.256076, 0.256076, 0.256076, 0.256076, 0.256076, 0.256076, 0.262795, 0.256076
13.9043, 1.99752, 0.261482, 0.253601, 1.99938, 1.73604, 0, 0.253601, 0.253601, 0.253601, 0.253601, 0.253601, 0.253601, 0.253601, 0.253601, 0.253601, 0.253601, 0.253601, 0.253601, 0.253601, 0.253601, 0.253602, 0.253601, 0.253601, 0.261481, 0.253601
13.9121, 1.99753, 0.2603, 0.251139, 1.99938, 1.73723, 0, 0.251139, 0.251139, 0.251139, 0.251139, 0.251139, 0.251139, 0.251139, 0.251139, 0.251139, 0.251139, 0.251139, 0.251139, 0.251139, 0.251139, 0.251139, 0.251139, 0.251139, 0.2603, 0.251139
13.92, 1.08599, 0.263229, 0.252671, 1.7567, 0.822758, 0, 0.252671, 0.252671, 0.252671, 0.252671, 0.252671, 0.252671, 0.252671, 0.252671, 0.252671, 0.252671, 0.252671, 0.252671, 0.252671, 0.252671, 0.252672, 0.252671, 0.252671, 0.263229, 0.252671
13.9278, 6.45502, 0.264439, 0.252379, 2.90775, 6.19058, 0, 0.252379, 0.252379, 0.252379, 0.252379, 0.252379, 0.252379, 0.252379, 0.252379, 0.252379, 0.252379, 0.252379, 0.252379, 0.252379, 0.252379, 0.252379, 0.252379, 0.252379, 0.264439, 0.252379
13.9356, 2.45192, 0.264131, 0.250476, 2.10996, 2.18779, 0, 0.250476, 0.250476, 0.250476, 0.250476, 0.250476, 0.250476, 0.250476, 0.250476, 0.250476, 0.250476, 0.250476, 0.250476, 0.250476, 0.250476, 0.250476, 0.250476, 0.250476, 0.264131, 0.250476
13.9435, 2.80644, 0.263104, 0.247779, 2.19236, 2.54334, 0, 0.247779, 0.247779, 0.247779, 0.247779, 0.247779, 0.247779, 0.247779, 0.247779, 0.247779, 0.247779, 0.247779, 0.247779, 0.247779, 0.247779, 0.247779, 0.247779, 0.247779, 0.263104, 0.247779
13.9513, 2.09058, 0.262144, 0.245096, 2.02252, 1.82844, 0, 0.245096, 0.245096, 0.245096, 0.245096, 0.245096, 0.245096, 0.245096, 0.245096, 0.245096, 0.245096, 0.245096, 0.245096, 0.245096, 0.245096, 0.245097, 0.245096, 0.245096, 0.262144, 0.245096
13.9592, 4.7946, 0.265354, 0.246557, 2.60664, 4.52924, 0, 0.246557, 0.246557, 0.246557, 0.246557, 0.246557, 0.246557, 0.246557, 0.246557, 0.246557, 0.246557, 0.246557, 0.246557, 0.246557, 0.246557, 0.246557, 0.246557, 0.246557, 0.265354, 0.246557
13.967, 3.29859, 0.266796, 0.246252, 2.30187, 3.03179, 0, 0.246252, 0.246252, 0.246252, 0.246252, 0.246252, 0.246252, 0.246252, 0.246252, 0.246252, 0.246252, 0.246252, 0.246252, 0.246252, 0.246252, 0.246252, 0.246252, 0.246252, 0.266795, 0.246252
13.9749, 1.10285, 0.266639, 0.244385, 1.76149, 0.836211, 0, 0.244385, 0.244385, 0.244385, 0.244385, 0.244385, 0.244385, 0.244385, 0.244385, 0.244385, 0.244385, 0.244385, 0.244385, 0.244385, 0.244385, 0.244385, 0.244385, 0.244385, 0.266639, 0.244385
13.9827, 2, 0.265645, 0.241749, 2, 1.73436, 0, 0.241749, 0.241749, 0.241749, 0.241749, 0.241749, 0.241749, 0.241749, 0.241749, 0.241749, 0.241749, 0.241749, 0.241749, 0.241749, 0.241749, 0.241749, 0.241749, 0.241749, 0.265644, 0.241749
13.9905, 4.77993, 0.26456, 0.239127, 2.60383, 4.51537, 0, 0.239127, 0.239127, 0.239127, 0.239127, 0.239127, 0.239127, 0.239127, 0.239127, 0.239127, 0.239127, 0.239127, 0.239127, 0.239127, 0.239127, 0.239128, 0.239127, 0.239127, 0.26456, 0.239127
13.9984, 4.88253, 0.266975, 0.240146, 2.62346, 4.61555, 0, 0.240146, 0.240146, 0.240146, 0.240146, 0.240146, 0.240146, 0.240146, 0.240146, 0.240146, 0.240146, 0.240146, 0.240146, 0.240146, 0.240146, 0.240146, 0.240146, 0.240146, 0.266975, 0.240146
14.0062, 6.87856, 0.267541, 0.239486, 2.97969, 6.61102, 0, 0.239486, 0.239486, 0.239486, 0.239486, 0.239486, 0.239486, 0.239486, 0.239486, 0.239486, 0.239486, 0.239486, 0.239486, 0.239486, 0.239486, 0.239487, 0.239486, 0.239486, 0.267541, 0.239486
14.0141, 7.22454, 0.266435, 0.237356, 3.03719, 6.9581, 0, 0.237356, 0.237356, 0.237356, 0.237356, 0.237356, 0.237356, 0.237356, 0.237356, 0.237356, 0.237356, 0.237356, 0.237356, 0.237356, 0.237356, 0.237356, 0.237356, 0.237356, 0.266435, 0.237356
14.0219, 9.27596, 0.26438, 0.234504, 3.35797, 9.01158, 0, 0.234504, 0.234504, 0.234504, 0.234504, 0.234504, 0.234504, 0.234504, 0.234504, 0.234504, 0.234504, 0.234504, 0.234504, 0.234504, 0.234504, 0.234505, 0.234504, 0.234504, 0.264379, 0.234504
14.0298, 5.47027, 0.262094, 0.23167, 2.73318, 5.20817, 0, 0.23167, 0.23167, 0.23167, 0.23167, 0.23167, 0.23167, 0.23167, 0.23167, 0.23167, 0.23167, 0.23167, 0.23167, 0.23167, 0.23167, 0.23167, 0.23167, 0.23167, 0.262094, 0.23167
14.0376, 6.74102, 0.263328, 0.232617, 2.95652, 6.47769, 0, 0.232617, 0.232617, 0.232617, 0.232617, 0.232617, 0.232617, 0.232617, 0.232617, 0.232617, 0.232617, 0.232617, 0.232617, 0.232617, 0.232617, 0.232617, 0.232617, 0.232617, 0.263328, 0.232617
14.0454, 6.36617, 0.262679, 0.231949, 2.89243, 6.10349, 0, 0.231949, 0.231949, 0.231949, 0.231949, 0.231949, 0.231949, 0.231949, 0.231949, 0.231949, 0.231949, 0.231949, 0.231949, 0.231949, 0.231949, 0.231949, 0.231949, 0.231949, 0.262678, 0.231949
14.0533, 3.2518, 0.260344, 0.229866, 2.29168, 2.99145, 0, 0.229866, 0.229866, 0.229866, 0.229866, 0.229866, 0.229866, 0.229866, 0.229866, 0.229866, 0.229866, 0.229866, 0.229866, 0.229866, 0.229866, 0.229867, 0.229866, 0.229866, 0.260344, 0.229866
14.0611, 7.73408, 0.257054, 0.22709, 3.11995, 7.47702, 0, 0.22709, 0.22709, 0.22709, 0.22709, 0.22709, 0.22709, 0.22709, 0.22709, 0.22709, 0.22709, 0.22709, 0.22709, 0.22709, 0.22709, 0.22709, 0.22709, 0.22709, 0.257053, 0.22709
14.069, 5.99261, 0.25353, 0.22433, 2.82712, 5.73908, 0, 0.22433, 0.22433, 0.22433, 0.22433, 0.22433, 0.22433, 0.22433, 0.22433, 0.22433, 0.22433, 0.22433, 0.22433, 0.22433, 0.22433, 0.22433, 0.22433, 0.22433, 0.25353, 0.22433
14.0768, 8.71978, 0.253065, 0.224858, 3.27411, 8.46671, 0, 0.224858, 0.224858, 0.224858, 0.224858, 0.224858, 0.224858, 0.224858, 0.224858, 0.224858, 0.224858, 0.224858, 0.224858, 0.224858, 0.224858, 0.224858, 0.224858, 0.224858, 0.253065, 0.224858
14.0847, 11.8486, 0.250873, 0.223864, 3.72137, 11.5977, 0, 0.223864, 0.223864, 0.223864, 0.223864, 0.223864, 0.223864, 0.223864, 0.223864, 0.223864, 0.223864, 0.223864, 0.223864, 0.223864, 0.223864, 0.223864, 0.223864, 0.223864, 0.250873, 0.223864
14.0925, 10.2686, 0.247184, 0.221547, 3.50266, 10.0215, 0, 0.221547, 0.221547, 0.221547, 0.221547, 0.221547, 0.221547, 0.221547, 0.221547, 0.221547, 0.221547, 0.221547, 0.221547, 0.221547, 0.221547, 0.221548, 0.221547, 0.221547, 0.247184, 0.221547
14.1003, 11.5594, 0.242707, 0.218586, 3.6823, 11.3166, 0, 0.218586, 0.218586, 0.218586, 0.218586, 0.218586, 0.218586, 0.218586, 0.218586, 0.218586, 0.218586, 0.218586, 0.218586, 0.218586, 0.218586, 0.218586, 0.218586, 0.218586, 0.242707, 0.218586
14.1082, 7.42131, 0.238141, 0.215645, 3.06942, 7.18317, 0, 0.215645, 0.215645, 0.215645, 0.215645, 0.215645, 0.215645, 0.215645, 0.215645, 0.215645, 0.215645, 0.215645, 0.215645, 0.215645, 0.215645, 0.215645, 0.215645, 0.215645, 0.238141, 0.215645
14.116, 10.2877, 0.236915, 0.216116, 3.50539, 10.0508, 0, 0.216116, 0.216116, 0.216116, 0.216116, 0.216116, 0.216116, 0.216116, 0.216116, 0.216116, 0.216116, 0.216116, 0.216116, 0.216116, 0.216116, 0.216117, 0.216116, 0.216116, 0.236915, 0.216116
14.1239, 13.5425, 0.234186, 0.215125, 3.9424, 13.3083, 0, 0.215125, 0.215125, 0.215125, 0.215125, 0.215125, 0.215125, 0.215125, 0.215125, 0.215125, 0.215125, 0.215125, 0.215125, 0.215125, 0.215125, 0.215126, 0.215125, 0.215125, 0.234186, 0.215125
14.1317, 8.1406, 0.230182, 0.212866, 3.18443, 7.91041, 0, 0.212866, 0.212866, 0.212866, 0.212866, 0.212866, 0.212866, 0.212866, 0.212866, 0.212866, 0.212866, 0.212866, 0.212866, 0.212866, 0.212866, 0.212867, 0.212866, 0.212866, 0.230182, 0.212866
14.1396, 9.99051, 0.225582, 0.209989, 3.46273, 9.76492, 0, 0.209989, 0.209989, 0.209989, 0.209989, 0.209989, 0.209989, 0.209989, 0.209989, 0.209989, 0.209989, 0.209989, 0.209989, 0.209989, 0.209989, 0.209989, 0.209989, 0.209989, 0.225582, 0.209989
14.1474, 6.4653, 0.221051, 0.207131, 2.90952, 6.24425, 0, 0.207131, 0.207131, 0.207131, 0.207131, 0.207131, 0.207131, 0.207131, 0.207131, 0.207131, 0.207131, 0.207131, 0.207131, 0.207131, 0.207131, 0.207131, 0.207131, 0.207131, 0.221051, 0.207131
14.1552, 11.8725, 0.21956, 0.207242, 3.72458, 11.6529, 0, 0.207242, 0.207242, 0.207242, 0.207242, 0.207242, 0.207242, 0.207242, 0.207242, 0.207242, 0.207242, 0.207242, 0.207242, 0.207242, 0.207242, 0.207242, 0.207242, 0.207242, 0.21956, 0.207242
14.1631, 8.7969, 0.216782, 0.205977, 3.28586, 8.58012, 0, 0.205977, 0.205977, 0.205977, 0.205977, 0.205977, 0.205977, 0.205977, 0.205977, 0.205977, 0.205977, 0.205977, 0.205977, 0.205977, 0.205977, 0.205977, 0.205977, 0.205977, 0.216782, 0.205977
14.1709, 4.99257, 0.212925, 0.203529, 2.64435, 4.77964, 0, 0.203529, 0.203529, 0.203529, 0.203529, 0.203529, 0.203529, 0.203529, 0.203529, 0.203529, 0.203529, 0.203529, 0.203529, 0.203529, 0.203529, 0.203529, 0.203529, 0.203529, 0.212924, 0.203529
14.1788, 7.65624, 0.208606, 0.200507, 3.10745, 7.44763, 0, 0.200507, 0.200507, 0.200507, 0.200507, 0.200507, 0.200507, 0.200507, 0.200507, 0.200507, 0.200507, 0.200507, 0.200507, 0.200507, 0.200507, 0.200507, 0.200507, 0.200507, 0.208606, 0.200507
14.1866, 6.159, 0.204429, 0.197507, 2.8564, 5.95458, 0, 0.197507, 0.197507, 0.197507, 0.197507, 0.197507, 0.197507, 0.197507, 0.197507, 0.197507, 0.197507, 0.197507, 0.197507, 0.197507, 0.197507, 0.197508, 0.197507, 0.197507, 0.204428, 0.197507
14.1945, 5.33556, 0.203441, 0.197578, 2.70842, 5.13212, 0, 0.197578, 0.197578, 0.197578, 0.197578, 0.197578, 0.197578, 0.197578, 0.197578, 0.197578, 0.197578, 0.197578, 0.197578, 0.197578, 0.197578, 0.197579, 0.197578, 0.197578, 0.203441, 0.197578
14.2023, 1.99504, 0.201253, 0.196329, 1.99876, 1.79379, 0, 0.196329, 0.196329, 0.196329, 0.196329, 0.196329, 0.196329, 0.196329, 0.196329, 0.196329, 0.196329, 0.196329, 0.196329, 0.196329, 0.196329, 0.19633, 0.196329, 0.196329, 0.201253, 0.196329
14.2101, 4.99554, 0.198048, 0.193949, 2.64491, 4.79749, 0, 0.193949, 0.193949, 0.193949, 0.193949, 0.193949, 0.193949, 0.193949, 0.193949, 0.193949, 0.193949, 0.193949, 0.193949, 0.193949, 0.193949, 0.193949, 0.193949, 0.193949, 0.198047, 0.193949
14.218, 6.63519, 0.194402, 0.19102, 2.93857, 6.44079, 0, 0.19102, 0.19102, 0.19102, 0.19102, 0.19102, 0.19102, 0.19102, 0.19102, 0.19102, 0.19102, 0.19102, 0.19102, 0.19102, 0.19102, 0.19102, 0.19102, 0.19102, 0.194402, 0.19102
14.2258, 4.17249, 0.190881, 0.188113, 2.48445, 3.98161, 0, 0.188113, 0.188113, 0.188113, 0.188113, 0.188113, 0.188113, 0.188113, 0.188113, 0.188113, 0.188113, 0.188113, 0.188113, 0.188113, 0.188113, 0.188113, 0.188113, 0.188113, 0.19088, 0.188113
14.2337, 6.17794, 0.190129, 0.187884, 2.85971, 5.98781, 0, 0.187884, 0.187884, 0.187884, 0.187884, 0.187884, 0.187884, 0.187884, 0.187884, 0.187884, 0.187884, 0.187884, 0.187884, 0.187884, 0.187884, 0.187884, 0.187884, 0.187884, 0.190129, 0.187884
14.2415, 5.24599, 0.188231, 0.186426, 2.69184, 5.05776, 0, 0.186426, 0.186426, 0.186426, 0.186426, 0.186426, 0.186426, 0.186426, 0.186426, 0.186426, 0.186426, 0.186426, 0.186426, 0.186426, 0.186426, 0.186426, 0.186426, 0.186426, 0.188231, 0.186426
14.2493, 4.93357, 0.185357, 0.183916, 2.63317, 4.74821, 0, 0.183916, 0.183916, 0.183916, 0.183916, 0.183916, 0.183916, 0.183916, 0.183916, 0.183916, 0.183916, 0.183916, 0.183916, 0.183916, 0.183916, 0.183916, 0.183916, 0.183916, 0.185356, 0.183916
14.2572, 4.80582, 0.18204, 0.1809, 2.6088, 4.62378, 0, 0.1809, 0.1809, 0.1809, 0.1809, 0.1809, 0.1809, 0.1809, 0.1809, 0.1809, 0.1809, 0.1809, 0.1809, 0.1809, 0.1809, 0.1809, 0.1809, 0.1809, 0.18204, 0.1809
14.265, 0.383891, 0.178804, 0.177909, 1.54399, 0.205087, 0, 0.177909, 0.177909, 0.177909, 0.177909, 0.177909, 0.177909, 0.177909, 0.177909, 0.177909, 0.177909, 0.177909, 0.177909, 0.177909, 0.177909, 0.177909, 0.177909, 0.177909, 0.178804, 0.177909
14.2729, 1.8031, 0.178325, 0.177626, 1.95015, 1.62477, 0, 0.177626, 0.177626, 0.177626, 0.177626, 0.177626, 0.177626, 0.177626, 0.177626, 0.177626, 0.177626, 0.177626, 0.177626, 0.177626, 0.177626, 0.177627, 0.177626, 0.177626, 0.178325, 0.177626
14.2807, 3.79864, 0.176735, 0.176191, 2.40804, 3.6219, 0, 0.176191, 0.176191, 0.176191, 0.176191, 0.176191, 0.176191, 0.176191, 0.176191, 0.176191, 0.176191, 0.176191, 0.176191, 0.176191, 0.176191, 0.176192, 0.176191, 0.176191, 0.176734, 0.176191
14.2886, 4.19656, 0.174189, 0.173767, 2.48929, 4.02237, 0, 0.173767, 0.173767, 0.173767, 0.173767, 0.173767, 0.173767, 0.173767, 0.173767, 0.173767, 0.173767, 0.173767, 0.173767, 0.173767, 0.173767, 0.173767, 0.173767, 0.173767, 0.174188, 0.173767
14.2964, 0.997621, 0.171194, 0.170866, 1.73136, 0.826426, 0, 0.170866, 0.170866, 0.170866, 0.170866, 0.170866, 0.170866, 0.170866, 0.170866, 0.170866, 0.170866, 0.170866, 0.170866, 0.170866, 0.170866, 0.170866, 0.170866, 0.170866, 0.171194, 0.170866
14.3042, 1.20409, 0.168249, 0.167989, 1.79, 1.03584, 0, 0.167989, 0.167989, 0.167989, 0.167989, 0.167989, 0.167989, 0.167989, 0.167989, 0.167989, 0.167989, 0.167989, 0.167989, 0.167989, 0.167989, 0.167989, 0.167989, 0.167989, 0.168248, 0.167989
14.3121, 1, 0.16765, 0.167439, 1.73205, 0.83235, 0, 0.167439, 0.167439, 0.167439, 0.167439, 0.167439, 0.167439, 0.167439, 0.167439, 0.167439, 0.167439, 0.167439, 0.167439, 0.167439, 0.167439, 0.16744, 0.167439, 0.167439, 0.16765, 0.167439
14.3199, 4.57745, 0.166028, 0.165849, 2.56465, 4.41142, 0, 0.165849, 0.165849, 0.165849, 0.165849, 0.165849, 0.165849, 0.165849, 0.165849, 0.165849, 0.165849, 0.165849, 0.165849, 0.165849, 0.165849, 0.16585, 0.165849, 0.165849, 0.166028, 0.165849
14.3278, 2.99529, 0.163533, 0.163371, 2.23501, 2.83176, 0, 0.163371, 0.163371, 0.163371, 0.163371, 0.163371, 0.163371, 0.163371, 0.163371, 0.163371, 0.163371, 0.163371, 0.163371, 0.163371, 0.163371, 0.163371, 0.163371, 0.163371, 0.163532, 0.163371
14.3356, 1.99504, 0.160625, 0.160467, 1.99876, 1.83442, 0, 0.160467, 0.160467, 0.160467, 0.160467, 0.160467, 0.160467, 0.160467, 0.160467, 0.160467, 0.160467, 0.160467, 0.160467, 0.160467, 0.160467, 0.160467, 0.160467, 0.160467, 0.160625, 0.160467
14.3435, 2.43222, 0.157756, 0.157589, 2.10528, 2.27446, 0, 0.157589, 0.157589, 0.157589, 0.157589, 0.157589, 0.157589, 0.157589, 0.157589, 0.157589, 0.157589, 0.157589, 0.157589, 0.157589, 0.157589, 0.157589, 0.157589, 0.157589, 0.157755, 0.157589
14.3513, 0, 0.157156, 0.156969, 1.41421, -0.157156, 0, 0.156969, 0.156969, 0.156969, 0.156969, 0.156969, 0.156969, 0.156969, 0.156969, 0.156969, 0.156969, 0.156969, 0.156969, 0.156969, 0.156969, 0.15697, 0.156969, 0.156969, 0.157156, 0.156969
14.3591, 0, 0.155622, 0.155403, 1.41421, -0.155622, 0, 0.155403, 0.155403, 0.155403, 0.155403, 0.155403, 0.155403, 0.155403, 0.155403, 0.155403, 0.155403, 0.155403, 0.155403, 0.155403, 0.155403, 0.155403, 0.155403, 0.155403, 0.155622, 0.155403
14.367, 0, 0.153289, 0.153026, 1.41421, -0.153289, 0, 0.153026, 0.153026, 0.153026, 0.153026, 0.153026, 0.153026, 0.153026, 0.153026, 0.153026, 0.153026, 0.153026, 0.153026, 0.153026, 0.153026, 0.153026, 0.153026, 0.153026, 0.153288, 0.153026
14.3748, 1, 0.150581, 0.150261, 1.73205, 0.849419, 0, 0.150261, 0.150261, 0.150261, 0.150261, 0.150261, 0.150261, 0.150261, 0.150261, 0.150261, 0.150261, 0.150261, 0.150261, 0.150261, 0.150261, 0.150261, 0.150261, 0.150261, 0.150581, 0.150261
14.3827, 0, 0.147913, 0.147522, 1.41421, -0.147913, 0, 0.147522, 0.147522, 0.147522, 0.147522, 0.147522, 0.147522, 0.147522, 0.147522, 0.147522, 0.147522, 0.147522, 0.147522, 0.147522, 0.147522, 0.147522, 0.147522, 0.147522, 0.147913, 0.147522
14.3905, 1, 0.147191, 0.146713, 1.73205, 0.852809, 0, 0.146713, 0.146713, 0.146713, 0.146713, 0.146713, 0.146713, 0.146713, 0.146713, 0.146713, 0.146713, 0.146713, 0.146713, 0.146713, 0.146713, 0.146713, 0.146713, 0.146713, 0.14719, 0.146713
14.3984, 1.76459, 0.145643, 0.145063, 1.94025, 1.61895, 0, 0.145063, 0.145063, 0.145063, 0.145063, 0.145063, 0.145063, 0.145063, 0.145063, 0.145063, 0.145063, 0.145063, 0.145063, 0.145063, 0.145063, 0.145064, 0.145063, 0.145063, 0.145643, 0.145063
14.4062, 0.235411, 0.143394, 0.142694, 1.49513, 0.0920163, 0, 0.142694, 0.142694, 0.142694, 0.142694, 0.142694, 0.142694, 0.142694, 0.142694, 0.142694, 0.142694, 0.142694, 0.142694, 0.142694, 0.142694, 0.142695, 0.142694, 0.142694, 0.143394, 0.142694
14.414, 0.759851, 0.140823, 0.139985, 1.66128, 0.619028, 0, 0.139985, 0.139985, 0.139985, 0.139985, 0.139985, 0.139985, 0.139985, 0.139985, 0.139985, 0.139985, 0.139985, 0.139985, 0.139985, 0.139985, 0.139985, 0.139985, 0.139985, 0.140823, 0.139985
14.4219, 0.240149, 0.138297, 0.137301, 1.49671, 0.101852, 0, 0.137301, 0.137301, 0.137301, 0.137301, 0.137301, 0.137301, 0.137301, 0.137301, 0.137301, 0.137301, 0.137301, 0.137301, 0.137301, 0.137301, 0.137301, 0.137301, 0.137301, 0.138297, 0.137301
14.4297, 0, 0.137592, 0.136418, 1.41421, -0.137592, 0, 0.136418, 0.136418, 0.136418, 0.136418, 0.136418, 0.136418, 0.136418, 0.136418, 0.136418, 0.136418, 0.136418, 0.136418, 0.136418, 0.136418, 0.136418, 0.136418, 0.136418, 0.137591, 0.136418
14.4376, 0, 0.136166, 0.134795, 1.41421, -0.136166, 0, 0.134795, 0.134795, 0.134795, 0.134795, 0.134795, 0.134795, 0.134795, 0.134795, 0.134795, 0.134795, 0.134795, 0.134795, 0.134795, 0.134795, 0.134795, 0.134795, 0.134795, 0.136165, 0.134795
14.4454, 0, 0.134125, 0.132537, 1.41421, -0.134125, 0, 0.132537, 0.132537, 0.132537, 0.132537, 0.132537, 0.132537, 0.132537, 0.132537, 0.132537, 0.132537, 0.132537, 0.132537, 0.132537, 0.132537, 0.132537, 0.132537, 0.132537, 0.134124, 0.132537
14.4533, 0.747708, 0.131802, 0.129979, 1.65762, 0.615905, 0, 0.129979, 0.129979, 0.129979, 0.129979, 0.129979, 0.129979, 0.129979, 0.129979, 0.129979, 0.129979, 0.129979, 0.129979, 0.129979, 0.129979, 0.12998, 0.129979, 0.129979, 0.131802, 0.129979
14.4611, 0.252292, 0.129521, 0.127447, 1.50076, 0.122771, 0, 0.127447, 0.127447, 0.127447, 0.127447, 0.127447, 0.127447, 0.127447, 0.127447, 0.127447, 0.127447, 0.127447, 0.127447, 0.127447, 0.127447, 0.127447, 0.127447, 0.127447, 0.129521, 0.127447
14.4689, 1, 0.128696, 0.126356, 1.73205, 0.871304, 0, 0.126356, 0.126356, 0.126356, 0.126356, 0.126356, 0.126356, 0.126356, 0.126356, 0.126356, 0.126356, 0.126356, 0.126356, 0.126356, 0.126356, 0.126356, 0.126356, 0.126356, 0.128696, 0.126356
14.4768, 0.740397, 0.127303, 0.124686, 1.65541, 0.613093, 0, 0.124686, 0.124686, 0.124686, 0.124686, 0.124686, 0.124686, 0.124686, 0.124686, 0.124686, 0.124686, 0.124686, 0.124686, 0.124686, 0.124686, 0.124687, 0.124686, 0.124686, 0.127303, 0.124686
14.4846, 0.259603, 0.125418, 0.122517, 1.5032, 0.134185, 0, 0.122517, 0.122517, 0.122517, 0.122517, 0.122517, 0.122517, 0.122517, 0.122517, 0.122517, 0.122517, 0.122517, 0.122517, 0.122517, 0.122517, 0.122517, 0.122517, 0.122517, 0.125418, 0.122517
14.4925, 0, 0.123302, 0.120114, 1.41421, -0.123302, 0, 0.120114, 0.120114, 0.120114, 0.120114, 0.120114, 0.120114, 0.120114, 0.120114, 0.120114, 0.120114, 0.120114, 0.120114, 0.120114, 0.120114, 0.120115, 0.120114, 0.120114, 0.123302, 0.120114
14.5003, 0, 0.121208, 0.117735, 1.41421, -0.121208, 0, 0.117735, 0.117735, 0.117735, 0.117735, 0.117735, 0.117735, 0.117735, 0.117735, 0.117735, 0.117735, 0.117735, 0.117735, 0.117735, 0.117735, 0.117735, 0.117735, 0.117735, 0.121208, 0.117735
14.5082, 0, 0.120201, 0.116451, 1.41421, -0.120201, 0, 0.116451, 0.116451, 0.116451, 0.116451, 0.116451, 0.116451, 0.116451, 0.116451, 0.116451, 0.116451, 0.116451, 0.116451, 0.116451, 0.116451, 0.116451, 0.116451, 0.116451, 0.1202, 0.116451
14.516, 0, 0.11879, 0.114776, 1.41421, -0.11879, 0, 0.114776, 0.114776, 0.114776, 0.114776, 0.114776, 0.114776, 0.114776, 0.114776, 0.114776, 0.114776, 0.114776, 0.114776, 0.114776, 0.114776, 0.114777, 0.114776, 0.114776, 0.11879, 0.114776
14.5238, 0, 0.117013, 0.112754, 1.41421, -0.117013, 0, 0.112754, 0.112754, 0.112754, 0.112754, 0.112754, 0.112754, 0.112754, 0.112754, 0.112754, 0.112754, 0.112754, 0.112754, 0.112754, 0.112754, 0.112754, 0.112754, 0.112754, 0.117012, 0.112754
14.5317, 1.72367, 0.11505, 0.11057, 1.92968, 1.60862, 0, 0.11057, 0.11057, 0.11057, 0.11057, 0.11057, 0.11057, 0.11057, 0.11057, 0.11057, 0.11057, 0.11057, 0.11057, 0.11057, 0.11057, 0.110571, 0.11057, 0.11057, 0.11505, 0.11057
14.5395, 0.276332, 0.11308, 0.108408, 1.50875, 0.163252, 0, 0.108408, 0.108408, 0.108408, 0.108408, 0.108408, 0.108408, 0.108408, 0.108408, 0.108408, 0.108408, 0.108408, 0.108408, 0.108408, 0.108408, 0.108409, 0.108408, 0.108408, 0.113079, 0.108408
14.5474, 0.718835, 0.111632, 0.106803, 1.64889, 0.607203, 0, 0.106803, 0.106803, 0.106803, 0.106803, 0.106803, 0.106803, 0.106803, 0.106803, 0.106803, 0.106803, 0.106803, 0.106803, 0.106803, 0.106803, 0.106803, 0.106803, 0.106803, 0.111632, 0.106803
14.5552, 0.997646, 0.110009, 0.105062, 1.73137, 0.887636, 0, 0.105062, 0.105062, 0.105062, 0.105062, 0.105062, 0.105062, 0.105062, 0.105062, 0.105062, 0.105062, 0.105062, 0.105062, 0.105062, 0.105062, 0.105062, 0.105062, 0.105062, 0.110009, 0.105062
14.5631, 0.283519, 0.108244, 0.103218, 1.51113, 0.175275, 0, 0.103218, 0.103218, 0.103218, 0.103218, 0.103218, 0.103218, 0.103218, 0.103218, 0.103218, 0.103218, 0.103218, 0.103218, 0.103218, 0.103218, 0.103218, 0.103218, 0.103218, 0.108244, 0.103218
14.5709, 0, 0.106326, 0.101265, 1.41421, -0.106326, 0, 0.101265, 0.101265, 0.101265, 0.101265, 0.101265, 0.101265, 0.101265, 0.101265, 0.101265, 0.101265, 0.101265, 0.101265, 0.101265, 0.101265, 0.101265, 0.101265, 0.101265, 0.106325, 0.101265
14.5787, 0, 0.104286, 0.0992341, 1.41421, -0.104286, 0, 0.0992341, 0.0992341, 0.0992341, 0.0992341, 0.0992341, 0.0992341, 0.0992341, 0.0992341, 0.0992341, 0.0992341, 0.0992341, 0.0992341, 0.0992341, 0.0992341, 0.0992343, 0.0992341, 0.0992341, 0.104286, 0.0992341
14.5866, 0, 0.102158, 0.0971592, 1.41421, -0.102158, 0, 0.0971592, 0.0971592, 0.0971592, 0.0971592, 0.0971592, 0.0971592, 0.0971592, 0.0971592, 0.0971592, 0.0971592, 0.0971592, 0.0971592, 0.0971592, 0.0971592, 0.0971595, 0.0971592, 0.0971592, 0.102158, 0.0971592
14.5944, 0, 0.0999702, 0.0950662, 1.41421, -0.0999702, 0, 0.0950662, 0.0950662, 0.0950662, 0.0950662, 0.0950662, 0.0950662, 0.0950662, 0.0950662, 0.0950662, 0.0950662, 0.0950662, 0.0950662, 0.0950662, 0.0950662, 0.0950664, 0.0950662, 0.0950662, 0.0999699, 0.0950662
14.6023, 0, 0.0977451, 0.092976, 1.41421, -0.0977451, 0, 0.092976, 0.092976, 0.092976, 0.092976, 0.092976, 0.092976, 0.092976, 0.092976, 0.092976, 0.092976, 0.092976, 0.092976, 0.092976, 0.092976, 0.0929763, 0.092976, 0.092976, 0.0977449, 0.092976
14.6101, 0, 0.0955068, 0.0909091, 1.41421, -0.0955068, 0, 0.0909091, 0.0909091, 0.0909091, 0.0909091, 0.0909091, 0.0909091, 0.0909091, 0.0909091, 0.0909091, 0.0909091, 0.0909091, 0.0909091, 0.0909091, 0.0909091, 0.0909094, 0.0909091, 0.0909091, 0.0955066, 0.0909091
14.618, 0, 0.0953032, 0.0909091, 1.41421, -0.0953032, 0, 0.0909091, 0.0909091, 0.0909091, 0.0909091, 0.0909091, 0.0909091, 0.0909091, 0.0909091, 0.0909091, 0.0909091, 0.0909091, 0.0909091, 0.0909091, 0.0909091, 0.0909094, 0.0909091, 0.0909091, 0.095303, 0.0909091
14.6258, 0, 0.0950724, 0.0909091, 1.41421, -0.0950724, 0, 0.0909091, 0.0909091, 0.0909091, 0.0909091, 0.0909091, 0.0909091, 0.0909091, 0.0909091, 0.0909091, 0.0909091, 0.0909091, 0.0909091, 0.0909091, 0.0909091, 0.0909094, 0.0909091, 0.0909091, 0.0950721, 0.0909091
14.6336, 0, 0.0948195, 0.0909091, 1.41421, -0.0948195, 0, 0.0909091, 0.0909091, 0.0909091, 0.0909091, 0.0909091, 0.0909091, 0.0909091, 0.0909091, 0.0909091, 0.0909091, 0.0909091, 0.0909091, 0.0909091, 0.0909091, 0.0909094, 0.0909091, 0.0909091, 0.0948192, 0.0909091
14.6415, 1, 0.0945503, 0.0909091, 1.73205, 0.90545, 0, 0.0909091, 0.0909091, 0.0909091, 0.0909091, 0.0909091, 0.0909091, 0.0909091, 0.0909091, 0.0909091, 0.0909091, 0.0909091, 0.0909091, 0.0909091, 0.0909091, 0.0909094, 0.0909091, 0.0909091, 0.09455, 0.0909091
14.6493, 0, 0.0942703, 0.0909091, 1.41421, -0.0942703, 0, 0.0909091, 0.0909091, 0.0909091, 0.0909091, 0.0909091, 0.0909091, 0.0909091, 0.0909091, 0.0909091, 0.0909091, 0.0909091, 0.0909091, 0.0909091, 0.0909091, 0.0909094, 0.0909091, 0.0909091, 0.0942701, 0.0909091
14.6572, 0, 0.0939851, 0.0909091, 1.41421, -0.0939851, 0, 0.0909091, 0.0909091, 0.0909091, 0.0909091, 0.0909091, 0.0909091, 0.0909091, 0.0909091, 0.0909091, 0.0909091, 0.0909091, 0.0909091, 0.0909091, 0.0909091, 0.0909094, 0.0909091, 0.0909091, 0.0939849, 0.0909091
14.665, 0, 0.0936999, 0.0909091, 1.41421, -0.0936999, 0, 0.0909091, 0.0909091, 0.0909091, 0.0909091, 0.0909091, 0.0909091, 0.0909091, 0.0909091, 0.0909091, 0.0909091, 0.0909091, 0.0909091, 0.0909091, 0.0909091, 0.0909094, 0.0909091, 0.0909091, 0.0936996, 0.0909091
14.6729, 2, 0.0934194, 0.0909091, 2, 1.90658, 0, 0.0909091, 0.0909091, 0.0909091, 0.0909091, 0.0909091, 0.0909091, 0.0909091, 0.0909091, 0.0909091, 0.0909091, 0.0909091, 0.0909091, 0.0909091, 0.0909091, 0.0909094, 0.0909091, 0.0909091, 0.0934191, 0.0909091
14.6807, 0, 0.0931477, 0.0909091, 1.41421, -0.0931477, 0, 0.0909091, 0.0909091, 0.0909091, 0.0909091, 0.0909091, 0.0909091, 0.0909091, 0.0909091, 0.0909091, 0.0909091, 0.0909091, 0.0909091, 0.0909091, 0.0909091, 0.0909094, 0.0909091, 0.0909091, 0.0931474, 0.0909091
14.6885, 0, 0.0928883, 0.0909091, 1.41421, -0.0928883, 0, 0.0909091, 0.0909091, 0.0909091, 0.0909091, 0.0909091, 0.0909091, 0.0909091, 0.0909091, 0.0909091, 0.0909091, 0.0909091, 0.0909091, 0.0909091, 0.0909091, 0.0909094, 0.0909091, 0.0909091, 0.0928881, 0.0909091
14.6964, 2, 0.0926442, 0.0909091, 2, 1.90736, 0, 0.0909091, 0.0909091, 0.0909091, 0.0909091, 0.0909091, 0.0909091, 0.0909091, 0.0909091, 0.0909091, 0.0909091, 0.0909091, 0.0909091, 0.0909091, 0.0909091, 0.0909094, 0.0909091, 0.0909091, 0.092644, 0.0909091
14.7042, 0.670508, 0.0924175, 0.0909091, 1.63417, 0.578091, 0, 0.0909091, 0.0909091, 0.0909091, 0.0909091, 0.0909091, 0.0909091, 0.0909091, 0.0909091, 0.0909091, 0.0909091, 0.0909091, 0.0909091, 0.0909091, 0.0909091, 0.0909094, 0.0909091, 0.0909091, 0.0924172, 0.0909091
14.7121, 0.329492, 0.0922096, 0.0909091, 1.52627, 0.237282, 0, 0.0909091, 0.0909091, 0.0909091, 0.0909091, 0.0909091, 0.0909091, 0.0909091, 0.0909091, 0.0909091, 0.0909091, 0.0909091, 0.0909091, 0.0909091, 0.0909091, 0.0909094, 0.0909091, 0.0909091, 0.0922093, 0.0909091
14.7199, 0.665717, 0.0920214, 0.0909091, 1.6327, 0.573695, 0, 0.0909091, 0.0909091, 0.0909091, 0.0909091, 0.0909091, 0.0909091, 0.0909091, 0.0909091, 0.0909091, 0.0909091, 0.0909091, 0.0909091, 0.0909091, 0.0909091, 0.0909094, 0.0909091, 0.0909091, 0.0920212, 0.0909091
14.7278, 0.334283, 0.0918533, 0.0909091, 1.52784, 0.24243, 0, 0.0909091, 0.0909091, 0.0909091, 0.0909091, 0.0909091, 0.0909091, 0.0909091, 0.0909091, 0.0909091, 0.0909091, 0.0909091, 0.0909091, 0.0909091, 0.0909091, 0.0909094, 0.0909091, 0.0909091, 0.091853, 0.0909091
14.7356, 0, 0.0917051, 0.0909091, 1.41421, -0.0917051, 0, 0.0909091, 0.0909091, 0.0909091, 0.0909091, 0.0909091, 0.0909091, 0.0909091, 0.0909091, 0.0909091, 0.0909091, 0.0909091, 0.0909091, 0.0909091, 0.0909091, 0.0909094, 0.0909091, 0.0909091, 0.0917048, 0.0909091
14.7434, 1, 0.0915763, 0.0909091, 1.73205, 0.908424, 0, 0.0909091, 0.0909091, 0.0909091, 0.0909091, 0.0909091, 0.0909091, 0.0909091, 0.0909091, 0.0909091, 0.0909091, 0.0909091, 0.0909091, 0.0909091, 0.0909091, 0.0909094, 0.0909091, 0.0909091, 0.091576, 0.0909091
14.7513, 0, 0.0914661, 0.0909091, 1.41421, -0.0914661, 0, 0.0909091, 0.0909091, 0.0909091, 0.0909091, 0.0909091, 0.0909091, 0.0909091, 0.0909091, 0.0909091, 0.0909091, 0.0909091, 0.0909091, 0.0909091, 0.0909091, 0.0909094, 0.0909091, 0.0909091, 0.0914658, 0.0909091
14.7591, 0, 0.0913736, 0.0909091, 1.41421, -0.0913736, 0, 0.0909091, 0.0909091, 0.0909091, 0.0909091, 0.0909091, 0.0909091, 0.0909091, 0.0909091, 0.0909091, 0.0909091, 0.0909091, 0.0909091, 0.0909091, 0.0909091, 0.0909094, 0.0909091, 0.0909091, 0.0913733, 0.0909091
14.767, 0, 0.0912978, 0.0909091, 1.41421, -0.0912978, 0, 0.0909091, 0.0909091, 0.0909091, 0.0909091, 0.0909091, 0.0909091, 0.0909091, 0.0909091, 0.0909091, 0.0909091, 0.0909091, 0.0909091, 0.0909091, 0.0909091, 0.0909094, 0.0909091, 0.0909091, 0.0912975, 0.0909091
14.7748, 0, 0.0912375, 0.0909091, 1.41421, -0.0912375, 0, 0.0909091, 0.0909091, 0.0909091, 0.0909091, 0.0909091, 0.0909091, 0.0909091, 0.0909091, 0.0909091, 0.0909091, 0.0909091, 0.0909091, 0.0909091, 0.0909091, 0.0909094, 0.0909091, 0.0909091, 0.0912373, 0.0909091
14.7827, 1, 0.091192, 0.0909091, 1.73205, 0.908808, 0, 0.0909091, 0.0909091, 0.0909091, 0.0909091, 0.0909091, 0.0909091, 0.0909091, 0.0909091, 0.0909091, 0.0909091, 0.0909091, 0.0909091, 0.0909091, 0.0909091, 0.0909094, 0.0909091, 0.0909091, 0.0911917, 0.0909091
14.7905, 1, 0.0911602, 0.0909091, 1.73205, 0.90884, 0, 0.0909091, 0.0909091, 0.0909091, 0.0909091, 0.0909091, 0.0909091, 0.0909091, 0.0909091, 0.0909091, 0.0909091, 0.0909091, 0.0909091, 0.0909091, 0.0909091, 0.0909094, 0.0909091, 0.0909091, 0.0911599, 0.0909091
14.7983, 1, 0.0911416, 0.0909091, 1.73205, 0.908858, 0, 0.0909091, 0.0909091, 0.0909091, 0.0909091, 0.0909091, 0.0909091, 0.0909091, 0.0909091, 0.0909091, 0.0909091, 0.0909091, 0.0909091, 0.0909091, 0.0909091, 0.0909094, 0.0909091, 0.0909091, 0.0911413, 0.0909091
14.8062, 0, 0.0911357, 0.0909091, 1.41421, -0.0911357, 0, 0.0909091, 0.0909091, 0.0909091, 0.0909091, 0.0909091, 0.0909091, 0.0909091, 0.0909091, 0.0909091, 0.0909091, 0.0909091, 0.0909091, 0.0909091, 0.0909091, 0.0909094, 0.0909091, 0.0909091, 0.0911354, 0.0909091
14.814, 0, 0.0911421, 0.0909091, 1.41421, -0.0911421, 0, 0.0909091, 0.0909091, 0.0909091, 0.0909091, 0.0909091, 0.0909091, 0.0909091, 0.0909091, 0.0909091, 0.0909091, 0.0909091, 0.0909091, 0.0909091, 0.0909091, 0.0909094, 0.0909091, 0.0909091, 0.0911419, 0.0909091
14.8219, 0, 0.091161, 0.0909091, 1.41421, -0.091161, 0, 0.0909091, 0.0909091, 0.0909091, 0.0909091, 0.0909091, 0.0909091, 0.0909091, 0.0909091, 0.0909091, 0.0909091, 0.0909091, 0.0909091, 0.0909091, 0.0909091, 0.0909094, 0.0909091, 0.0909091, 0.0911608, 0.0909091
14.8297, 0, 0.0911925, 0.0909091, 1.41421, -0.0911925, 0, 0.0909091, 0.0909091, 0.0909091, 0.0909091, 0.0909091, 0.0909091, 0.0909091, 0.0909091, 0.0909091, 0.0909091, 0.0909091, 0.0909091, 0.0909091, 0.0909091, 0.0909094, 0.0909091, 0.0909091, 0.0911922, 0.0909091
14.8376, 0, 0.0912368, 0.0909091, 1.41421, -0.0912368, 0, 0.0909091, 0.0909091, 0.0909091, 0.0909091, 0.0909091, 0.0909091, 0.0909091, 0.0909091, 0.0909091, 0.0909091, 0.0909091, 0.0909091, 0.0909091, 0.0909091, 0.0909094, 0.0909091, 0.0909091, 0.0912366, 0.0909091
14.8454, 0, 0.0912945, 0.0909091, 1.41421, -0.0912945, 0, 0.0909091, 0.0909091, 0.0909091, 0.0909091, 0.0909091, 0.0909091, 0.0909091, 0.0909091, 0.0909091, 0.0909091, 0.0909091, 0.0909091, 0.0909091, 0.0909091, 0.0909094, 0.0909091, 0.0909091, 0.0912943, 0.0909091
14.8532, 0, 0.0913662, 0.0909091, 1.41421, -0.0913662, 0, 0.0909091, 0.0909091, 0.0909091, 0.0909091, 0.0909091, 0.0909091, 0.0909091, 0.0909091, 0.0909091, 0.0909091, 0.0909091, 0.0909091, 0.0909091, 0.0909091, 0.0909094, 0.0909091, 0.0909091, 0.0913659, 0.0909091
14.8611, 0, 0.0914708, 0.0909276, 1.41421, -0.0914708, 0, 0.0909276, 0.0909276, 0.0909276, 0.0909276, 0.0909276, 0.0909276, 0.0909276, 0.0909276, 0.0909276, 0.0909276, 0.0909276, 0.0909276, 0.0909276, 0.0909276, 0.0909278, 0.0909276, 0.0909276, 0.0914705, 0.0909276
14.8689, 0, 0.0915904, 0.090946, 1.41421, -0.0915904, 0, 0.090946, 0.090946, 0.090946, 0.090946, 0.090946, 0.090946, 0.090946, 0.090946, 0.090946, 0.090946, 0.090946, 0.090946, 0.090946, 0.090946, 0.0909463, 0.090946, 0.090946, 0.0915902, 0.090946
14.8768, 0, 0.0917255, 0.0909645, 1.41421, -0.0917255, 0, 0.0909645, 0.0909645, 0.0909645, 0.0909645, 0.0909645, 0.0909645, 0.0909645, 0.0909645, 0.0909645, 0.0909645, 0.0909645, 0.0909645, 0.0909645, 0.0909645, 0.0909648, 0.0909645, 0.0909645, 0.0917253, 0.0909645
14.8846, 1, 0.0918762, 0.090983, 1.73205, 0.908124, 0, 0.090983, 0.090983, 0.090983, 0.090983, 0.090983, 0.090983, 0.090983, 0.090983, 0.090983, 0.090983, 0.090983, 0.090983, 0.090983, 0.090983, 0.0909833, 0.090983, 0.090983, 0.091876, 0.090983
14.8925, 0, 0.0920424, 0.0910015, 1.41421, -0.0920424, 0, 0.0910015, 0.0910015, 0.0910015, 0.0910015, 0.0910015, 0.0910015, 0.0910015, 0.0910015, 0.0910015, 0.0910015, 0.0910015, 0.0910015, 0.0910015, 0.0910015, 0.0910017, 0.0910015, 0.0910015, 0.0920422, 0.0910015
14.9003, 1, 0.0922238, 0.09102, 1.73205, 0.907776, 0, 0.09102, 0.09102, 0.09102, 0.09102, 0.09102, 0.09102, 0.09102, 0.09102, 0.09102, 0.09102, 0.09102, 0.09102, 0.09102, 0.09102, 0.0910202, 0.09102, 0.09102, 0.0922235, 0.09102
14.9081, 0.607807, 0.0924193, 0.0910385, 1.61487, 0.515387, 0, 0.0910385, 0.0910385, 0.0910385, 0.0910385, 0.0910385, 0.0910385, 0.0910385, 0.0910385, 0.0910385, 0.0910385, 0.0910385, 0.0910385, 0.0910385, 0.0910385, 0.0910387, 0.0910385, 0.0910385, 0.0924191, 0.0910385
14.916, 0.392193, 0.0926278, 0.091057, 1.54667, 0.299566, 0, 0.091057, 0.091057, 0.091057, 0.091057, 0.091057, 0.091057, 0.091057, 0.091057, 0.091057, 0.091057, 0.091057, 0.091057, 0.091057, 0.091057, 0.0910572, 0.091057, 0.091057, 0.0926275, 0.091057
14.9238, 0.603098, 0.0930911, 0.0913192, 1.61341, 0.510007, 0, 0.0913192, 0.0913192, 0.0913192, 0.0913192, 0.0913192, 0.0913192, 0.0913192, 0.0913192, 0.0913192, 0.0913192, 0.0913192, 0.0913192, 0.0913192, 0.0913192, 0.0913195, 0.0913192, 0.0913192, 0.0930908, 0.0913192
14.9317, 0.997522, 0.093395, 0.0914135, 1.73134, 0.904127, 0, 0.0914135, 0.0914135, 0.0914135, 0.0914135, 0.0914135, 0.0914135, 0.0914135, 0.0914135, 0.0914135, 0.0914135, 0.0914135, 0.0914135, 0.0914135, 0.0914135, 0.0914137, 0.0914135, 0.0914135, 0.0933948, 0.0914135
14.9395, 0.997695, 0.0935592, 0.091362, 1.73139, 0.904136, 0, 0.091362, 0.091362, 0.091362, 0.091362, 0.091362, 0.091362, 0.091362, 0.091362, 0.091362, 0.091362, 0.091362, 0.091362, 0.091362, 0.091362, 0.0913623, 0.091362, 0.091362, 0.0935589, 0.091362
14.9474, 0.401685, 0.093653, 0.0912378, 1.54974, 0.308032, 0, 0.0912378, 0.0912378, 0.0912378, 0.0912378, 0.0912378, 0.0912378, 0.0912378, 0.0912378, 0.0912378, 0.0912378, 0.0912378, 0.0912378, 0.0912378, 0.0912378, 0.091238, 0.0912378, 0.0912378, 0.0936528, 0.0912378
14.9552, 0, 0.0937457, 0.0911136, 1.41421, -0.0937457, 0, 0.0911136, 0.0911136, 0.0911136, 0.0911136, 0.0911136, 0.0911136, 0.0911136, 0.0911136, 0.0911136, 0.0911136, 0.0911136, 0.0911136, 0.0911136, 0.0911136, 0.0911139, 0.0911136, 0.0911136, 0.0937455, 0.0911136
14.963, 0, 0.0943478, 0.0915041, 1.41421, -0.0943478, 0, 0.0915041, 0.0915041, 0.0915041, 0.0915041, 0.0915041, 0.0915041, 0.0915041, 0.0915041, 0.0915041, 0.0915041, 0.0915041, 0.0915041, 0.0915041, 0.0915041, 0.0915044, 0.0915041, 0.0915041, 0.0943476, 0.0915041
14.9709, 1, 0.094685, 0.0916391, 1.73205, 0.905315, 0, 0.0916391, 0.0916391, 0.0916391, 0.0916391, 0.0916391, 0.0916391, 0.0916391, 0.0916391, 0.0916391, 0.0916391, 0.0916391, 0.0916391, 0.0916391, 0.0916391, 0.0916393, 0.0916391, 0.0916391, 0.0946848, 0.0916391
14.9787, 0, 0.0947899, 0.0915555, 1.41421, -0.0947899, 0, 0.0915555, 0.0915555, 0.0915555, 0.0915555, 0.0915555, 0.0915555, 0.0915555, 0.0915555, 0.0915555, 0.0915555, 0.0915555, 0.0915555, 0.0915555, 0.0915555, 0.0915557, 0.0915555, 0.0915555, 0.0947896, 0.0915555
14.9866, 0, 0.0947677, 0.0913628, 1.41421, -0.0947677, 0, 0.0913628, 0.0913628, 0.0913628, 0.0913628, 0.0913628, 0.0913628, 0.0913628, 0.0913628, 0.0913628, 0.0913628, 0.0913628, 0.0913628, 0.0913628, 0.0913628, 0.0913631, 0.0913628, 0.0913628, 0.0947675, 0.0913628
14.9944, 0, 0.0947239, 0.0911703, 1.41421, -0.0947239, 0, 0.0911703, 0.0911703, 0.0911703, 0.0911703, 0.0911703, 0.0911703, 0.0911703, 0.0911703, 0.0911703, 0.0911703, 0.0911703, 0.0911703, 0.0911703, 0.0911703, 0.0911706, 0.0911703, 0.0911703, 0.0947236, 0.0911703
15.0023, 0, 0.0953542, 0.0916774, 1.41421, -0.0953542, 0, 0.0916774, 0.0916774, 0.0916774, 0.0916774, 0.0916774, 0.0916774, 0.0916774, 0.0916774, 0.0916774, 0.0916774, 0.0916774, 0.0916774, 0.0916774, 0.0916774, 0.0916777, 0.0916774, 0.0916774, 0.095354, 0.0916774
15.0101, 0, 0.0956194, 0.0918479, 1.41421, -0.0956194, 0, 0.0918479, 0.0918479, 0.0918479, 0.0918479, 0.0918479, 0.0918479, 0.0918479, 0.0918479, 0.0918479, 0.0918479, 0.0918479, 0.0918479, 0.0918479, 0.0918479, 0.0918482, 0.0918479, 0.0918479, 0.0956192, 0.0918479
15.0179, 1, 0.095565, 0.0917296, 1.73205, 0.904435, 0, 0.0917296, 0.0917296, 0.0917296, 0.0917296, 0.0917296, 0.0917296, 0.0917296, 0.0917296, 0.0917296, 0.0917296, 0.0917296, 0.0917296, 0.0917296, 0.0917296, 0.0917299, 0.0917296, 0.0917296, 0.0955647, 0.0917296
15.0258, 0.571623, 0.095334, 0.0914671, 1.60363, 0.476289, 0, 0.0914671, 0.0914671, 0.0914671, 0.0914671, 0.0914671, 0.0914671, 0.0914671, 0.0914671, 0.0914671, 0.0914671, 0.0914671, 0.0914671, 0.0914671, 0.0914671, 0.0914674, 0.0914671, 0.0914671, 0.0953337, 0.0914671
15.0336, 1.42838, 0.0950701, 0.0912051, 1.85159, 1.33331, 0, 0.0912051, 0.0912051, 0.0912051, 0.0912051, 0.0912051, 0.0912051, 0.0912051, 0.0912051, 0.0912051, 0.0912051, 0.0912051, 0.0912051, 0.0912051, 0.0912051, 0.0912053, 0.0912051, 0.0912051, 0.0950698, 0.0912051
15.0415, 0, 0.0956226, 0.0917927, 1.41421, -0.0956226, 0, 0.0917927, 0.0917927, 0.0917927, 0.0917927, 0.0917927, 0.0917927, 0.0917927, 0.0917927, 0.0917927, 0.0917927, 0.0917927, 0.0917927, 0.0917927, 0.0917927, 0.0917929, 0.0917927, 0.0917927, 0.0956224, 0.0917927
15.0493, 0, 0.0957574, 0.0919947, 1.41421, -0.0957574, 0, 0.0919947, 0.0919947, 0.0919947, 0.0919947, 0.0919947, 0.0919947, 0.0919947, 0.0919947, 0.0919947, 0.0919947, 0.0919947, 0.0919947, 0.0919947, 0.0919947, 0.091995, 0.0919947, 0.0919947, 0.0957571, 0.0919947
15.0572, 0, 0.095521, 0.0918562, 1.41421, -0.095521, 0, 0.0918562, 0.0918562, 0.0918562, 0.0918562, 0.0918562, 0.0918562, 0.0918562, 0.0918562, 0.0918562, 0.0918562, 0.0918562, 0.0918562, 0.0918562, 0.0918562, 0.0918565, 0.0918562, 0.0918562, 0.0955208, 0.0918562
15.065, 1, 0.0950867, 0.0915478, 1.73205, 0.904913, 0, 0.0915478, 0.0915478, 0.0915478, 0.0915478, 0.0915478, 0.0915478, 0.0915478, 0.0915478, 0.0915478, 0.0915478, 0.0915478, 0.0915478, 0.0915478, 0.0915478, 0.091548, 0.0915478, 0.0915478, 0.0950864, 0.0915478
15.0728, 0, 0.0946278, 0.0912399, 1.41421, -0.0946278, 0, 0.0912399, 0.0912399, 0.0912399, 0.0912399, 0.0912399, 0.0912399, 0.0912399, 0.0912399, 0.0912399, 0.0912399, 0.0912399, 0.0912399, 0.0912399, 0.0912399, 0.0912401, 0.0912399, 0.0912399, 0.0946276, 0.0912399
15.0807, 1, 0.0950775, 0.0918617, 1.73205, 0.904923, 0, 0.0918617, 0.0918617, 0.0918617, 0.0918617, 0.0918617, 0.0918617, 0.0918617, 0.0918617, 0.0918617, 0.0918617, 0.0918617, 0.0918617, 0.0918617, 0.0918617, 0.091862, 0.0918617, 0.0918617, 0.0950772, 0.0918617
15.0885, 1, 0.0951002, 0.0920741, 1.73205, 0.9049, 0, 0.0920741, 0.0920741, 0.0920741, 0.0920741, 0.0920741, 0.0920741, 0.0920741, 0.0920741, 0.0920741, 0.0920741, 0.0920741, 0.0920741, 0.0920741, 0.0920741, 0.0920743, 0.0920741, 0.0920741, 0.0950999, 0.0920741
15.0964, 0, 0.0947443, 0.0919211, 1.41421, -0.0947443, 0, 0.0919211, 0.0919211, 0.0919211, 0.0919211, 0.0919211, 0.0919211, 0.0919211, 0.0919211, 0.0919211, 0.0919211, 0.0919211, 0.0919211, 0.0919211, 0.0919211, 0.0919213, 0.0919211, 0.0919211, 0.094744, 0.0919211
15.1042, 1, 0.0941972, 0.0915858, 1.73205, 0.905803, 0, 0.0915858, 0.0915858, 0.0915858, 0.0915858, 0.0915858, 0.0915858, 0.0915858, 0.0915858, 0.0915858, 0.0915858, 0.0915858, 0.0915858, 0.0915858, 0.0915858, 0.0915861, 0.0915858, 0.0915858, 0.094197, 0.0915858
15.1121, 0, 0.093646, 0.0912512, 1.41421, -0.093646, 0, 0.0912512, 0.0912512, 0.0912512, 0.0912512, 0.0912512, 0.0912512, 0.0912512, 0.0912512, 0.0912512, 0.0912512, 0.0912512, 0.0912512, 0.0912512, 0.0912512, 0.0912515, 0.0912512, 0.0912512, 0.0936458, 0.0912512
15.1199, 0, 0.0940523, 0.0918749, 1.41421, -0.0940523, 0, 0.0918749, 0.0918749, 0.0918749, 0.0918749, 0.0918749, 0.0918749, 0.0918749, 0.0918749, 0.0918749, 0.0918749, 0.0918749, 0.0918749, 0.0918749, 0.0918749, 0.0918752, 0.0918749, 0.0918749, 0.0940521, 0.0918749
15.1277, 1, 0.0940552, 0.0920923, 1.73205, 0.905945, 0, 0.0920923, 0.0920923, 0.0920923, 0.0920923, 0.0920923, 0.0920923, 0.0920923, 0.0920923, 0.0920923, 0.0920923, 0.0920923, 0.0920923, 0.0920923, 0.0920923, 0.0920926, 0.0920923, 0.0920923, 0.0940549, 0.0920923
15.1356, 0, 0.0936932, 0.0919389, 1.41421, -0.0936932, 0, 0.0919389, 0.0919389, 0.0919389, 0.0919389, 0.0919389, 0.0919389, 0.0919389, 0.0919389, 0.0919389, 0.0919389, 0.0919389, 0.0919389, 0.0919389, 0.0919389, 0.0919391, 0.0919389, 0.0919389, 0.093693, 0.0919389
15.1434, 0, 0.0931549, 0.0916004, 1.41421, -0.0931549, 0, 0.0916004, 0.0916004, 0.0916004, 0.0916004, 0.0916004, 0.0916004, 0.0916004, 0.0916004, 0.0916004, 0.0916004, 0.0916004, 0.0916004, 0.0916004, 0.0916004, 0.0916007, 0.0916004, 0.0916004, 0.0931547, 0.0916004
15.1513, 0.533209, 0.0926283, 0.0912626, 1.59161, 0.440581, 0, 0.0912626, 0.0912626, 0.0912626, 0.0912626, 0.0912626, 0.0912626, 0.0912626, 0.0912626, 0.0912626, 0.0912626, 0.0912626, 0.0912626, 0.0912626, 0.0912626, 0.0912628, 0.0912626, 0.0912626, 0.092628, 0.0912626
15.1591, 1.99746, 0.0930074, 0.0918177, 1.99936, 1.90445, 0, 0.0918177, 0.0918177, 0.0918177, 0.0918177, 0.0918177, 0.0918177, 0.0918177, 0.0918177, 0.0918177, 0.0918177, 0.0918177, 0.0918177, 0.0918177, 0.0918177, 0.091818, 0.0918177, 0.0918177, 0.0930071, 0.0918177
15.167, 0.469335, 0.0930448, 0.0920174, 1.57141, 0.37629, 0, 0.0920174, 0.0920174, 0.0920174, 0.0920174, 0.0920174, 0.0920174, 0.0920174, 0.0920174, 0.0920174, 0.0920174, 0.0920174, 0.0920174, 0.0920174, 0.0920174, 0.0920176, 0.0920174, 0.0920174, 0.0930446, 0.0920174
15.1748, 0, 0.0927554, 0.0918756, 1.41421, -0.0927554, 0, 0.0918756, 0.0918756, 0.0918756, 0.0918756, 0.0918756, 0.0918756, 0.0918756, 0.0918756, 0.0918756, 0.0918756, 0.0918756, 0.0918756, 0.0918756, 0.0918756, 0.0918758, 0.0918756, 0.0918756, 0.0927551, 0.0918756
15.1826, 0, 0.0923104, 0.0915635, 1.41421, -0.0923104, 0, 0.0915635, 0.0915635, 0.0915635, 0.0915635, 0.0915635, 0.0915635, 0.0915635, 0.0915635, 0.0915635, 0.0915635, 0.0915635, 0.0915635, 0.0915635, 0.0915635, 0.0915637, 0.0915635, 0.0915635, 0.0923102, 0.0915635
15.1905, 0, 0.0918807, 0.0912519, 1.41421, -0.0918807, 0, 0.0912519, 0.0912519, 0.0912519, 0.0912519, 0.0912519, 0.0912519, 0.0912519, 0.0912519, 0.0912519, 0.0912519, 0.0912519, 0.0912519, 0.0912519, 0.0912519, 0.0912521, 0.0912519, 0.0912519, 0.0918804, 0.0912519
15.1983, 0, 0.0920911, 0.0915663, 1.41421, -0.0920911, 0, 0.0915663, 0.0915663, 0.0915663, 0.0915663, 0.0915663, 0.0915663, 0.0915663, 0.0915663, 0.0915663, 0.0915663, 0.0915663, 0.0915663, 0.0915663, 0.0915663, 0.0915666, 0.0915663, 0.0915663, 0.0920908, 0.0915663
15.2062, 1.51623, 0.092111, 0.0916767, 1.87516, 1.42412, 0, 0.0916767, 0.0916767, 0.0916767, 0.0916767, 0.0916767, 0.0916767, 0.0916767, 0.0916767, 0.0916767, 0.0916767, 0.0916767, 0.0916767, 0.0916767, 0.0916767, 0.091677, 0.0916767, 0.0916767, 0.0921108, 0.0916767
15.214, 0.99777, 0.0919517, 0.0915953, 1.73141, 0.905818, 0, 0.0915953, 0.0915953, 0.0915953, 0.0915953, 0.0915953, 0.0915953, 0.0915953, 0.0915953, 0.0915953, 0.0915953, 0.0915953, 0.0915953, 0.0915953, 0.0915953, 0.0915956, 0.0915953, 0.0915953, 0.0919514, 0.0915953
15.2219, 0.485998, 0.0917081, 0.0914182, 1.5767, 0.394289, 0, 0.0914182, 0.0914182, 0.0914182, 0.0914182, 0.0914182, 0.0914182, 0.0914182, 0.0914182, 0.0914182, 0.0914182, 0.0914182, 0.0914182, 0.0914182, 0.0914182, 0.0914185, 0.0914182, 0.0914182, 0.0917079, 0.0914182
15.2297, 0, 0.0914603, 0.0912265, 1.41421, -0.0914603, 0, 0.0912265, 0.0912265, 0.0912265, 0.0912265, 0.0912265, 0.0912265, 0.0912265, 0.0912265, 0.0912265, 0.0912265, 0.0912265, 0.0912265, 0.0912265, 0.0912265, 0.0912267, 0.0912265, 0.0912265, 0.0914601, 0.0912265
15.2375, 1, 0.0912146, 0.0910276, 1.73205, 0.908785, 0, 0.0910276, 0.0910276, 0.0910276, 0.0910276, 0.0910276, 0.0910276, 0.0910276, 0.0910276, 0.0910276, 0.0910276, 0.0910276, 0.0910276, 0.0910276, 0.0910276, 0.0910278, 0.0910276, 0.0910276, 0.0912144, 0.0910276
15.2454, 0, 0.0909736, 0.0908252, 1.41421, -0.0909736, 0, 0.0908252, 0.0908252, 0.0908252, 0.0908252, 0.0908252, 0.0908252, 0.0908252, 0.0908252, 0.0908252, 0.0908252, 0.0908252, 0.0908252, 0.0908252, 0.0908252, 0.0908254, 0.0908252, 0.0908252, 0.0909733, 0.0908252
15.2532, 0, 0.0907379, 0.0906212, 1.41421, -0.0907379, 0, 0.0906212, 0.0906212, 0.0906212, 0.0906212, 0.0906212, 0.0906212, 0.0906212, 0.0906212, 0.0906212, 0.0906212, 0.0906212, 0.0906212, 0.0906212, 0.0906212, 0.0906215, 0.0906212, 0.0906212, 0.0907377, 0.0906212
15.2611, 0, 0.0905085, 0.0904174, 1.41421, -0.0905085, 0, 0.0904174, 0.0904174, 0.0904174, 0.0904174, 0.0904174, 0.0904174, 0.0904174, 0.0904174, 0.0904174, 0.0904174, 0.0904174, 0.0904174, 0.0904174, 0.0904174, 0.0904177, 0.0904174, 0.0904174, 0.0905082, 0.0904174
15.2689, 1, 0.0902875, 0.0902171, 1.73205, 0.909712, 0, 0.0902171, 0.0902171, 0.0902171, 0.0902171, 0.0902171, 0.0902171, 0.0902171, 0.0902171, 0.0902171, 0.0902171, 0.0902171, 0.0902171, 0.0902171, 0.0902171, 0.0902173, 0.0902171, 0.0902171, 0.0902872, 0.0902171
15.2768, 0, 0.0898932, 0.0898392, 1.41421, -0.0898932, 0, 0.0898392, 0.0898392, 0.0898392, 0.0898392, 0.0898392, 0.0898392, 0.0898392, 0.0898392, 0.0898392, 0.0898392, 0.0898392, 0.0898392, 0.0898392, 0.0898392, 0.0898395, 0.0898392, 0.0898392, 0.089893, 0.0898392
15.2846, 1, 0.0893618, 0.0893207, 1.73205, 0.910638, 0, 0.0893207, 0.0893207, 0.0893207, 0.0893207, 0.0893207, 0.0893207, 0.0893207, 0.0893207, 0.0893207, 0.0893207, 0.0893207, 0.0893207, 0.0893207, 0.0893207, 0.089321, 0.0893207, 0.0893207, 0.0893616, 0.0893207
15.2924, 2, 0.0887643, 0.0887333, 2, 1.91124, 0, 0.0887333, 0.0887333, 0.0887333, 0.0887333, 0.0887333, 0.0887333, 0.0887333, 0.0887333, 0.0887333, 0.0887333, 0.0887333, 0.0887333, 0.0887333, 0.0887333, 0.0887335, 0.0887333, 0.0887333, 0.0887641, 0.0887333
15.3003, 0, 0.088171, 0.0881478, 1.41421, -0.088171, 0, 0.0881478, 0.0881478, 0.0881478, 0.0881478, 0.0881478, 0.0881478, 0.0881478, 0.0881478, 0.0881478, 0.0881478, 0.0881478, 0.0881478, 0.0881478, 0.0881478, 0.088148, 0.0881478, 0.0881478, 0.0881707, 0.0881478
15.3081, 1, 0.0881538, 0.0881365, 1.73205, 0.911846, 0, 0.0881365, 0.0881365, 0.0881365, 0.0881365, 0.0881365, 0.0881365, 0.0881365, 0.0881365, 0.0881365, 0.0881365, 0.0881365, 0.0881365, 0.0881365, 0.0881365, 0.0881368, 0.0881365, 0.0881365, 0.0881535, 0.0881365
15.316, 2, 0.087794, 0.0877812, 2, 1.91221, 0, 0.0877812, 0.0877812, 0.0877812, 0.0877812, 0.0877812, 0.0877812, 0.0877812, 0.0877812, 0.0877812, 0.0877812, 0.0877812, 0.0877812, 0.0877812, 0.0877812, 0.0877815, 0.0877812, 0.0877812, 0.0877937, 0.0877812
15.3238, 1.48017, 0.0871418, 0.0871325, 1.86552, 1.39303, 0, 0.0871325, 0.0871325, 0.0871325, 0.0871325, 0.0871325, 0.0871325, 0.0871325, 0.0871325, 0.0871325, 0.0871325, 0.0871325, 0.0871325, 0.0871325, 0.0871325, 0.0871327, 0.0871325, 0.0871325, 0.0871416, 0.0871325
15.3317, 0.519827, 0.0863466, 0.0863398, 1.5874, 0.43348, 0, 0.0863398, 0.0863398, 0.0863398, 0.0863398, 0.0863398, 0.0863398, 0.0863398, 0.0863398, 0.0863398, 0.0863398, 0.0863398, 0.0863398, 0.0863398, 0.0863398, 0.0863401, 0.0863398, 0.0863398, 0.0863464, 0.0863398
15.3395, 0, 0.0855557, 0.0855508, 1.41421, -0.0855557, 0, 0.0855508, 0.0855508, 0.0855508, 0.0855508, 0.0855508, 0.0855508, 0.0855508, 0.0855508, 0.0855508, 0.0855508, 0.0855508, 0.0855508, 0.0855508, 0.0855508, 0.085551, 0.0855508, 0.0855508, 0.0855555, 0.0855508
15.3473, 0, 0.0857429, 0.0857393, 1.41421, -0.0857429, 0, 0.0857393, 0.0857393, 0.0857393, 0.0857393, 0.0857393, 0.0857393, 0.0857393, 0.0857393, 0.0857393, 0.0857393, 0.0857393, 0.0857393, 0.0857393, 0.0857393, 0.0857396, 0.0857393, 0.0857393, 0.0857427, 0.0857393
15.3552, 0, 0.085456, 0.0854534, 1.41421, -0.085456, 0, 0.0854534, 0.0854534, 0.0854534, 0.0854534, 0.0854534, 0.0854534, 0.0854534, 0.0854534, 0.0854534, 0.0854534, 0.0854534, 0.0854534, 0.0854534, 0.0854534, 0.0854537, 0.0854534, 0.0854534, 0.0854557, 0.0854534
15.363, 0, 0.0847656, 0.0847637, 1.41421, -0.0847656, 0, 0.0847637, 0.0847637, 0.0847637, 0.0847637, 0.0847637, 0.0847637, 0.0847637, 0.0847637, 0.0847637, 0.0847637, 0.0847637, 0.0847637, 0.0847637, 0.0847637, 0.0847639, 0.0847637, 0.0847637, 0.0847653, 0.0847637
15.3709, 0, 0.0838772, 0.0838758, 1.41421, -0.0838772, 0, 0.0838758, 0.0838758, 0.0838758, 0.0838758, 0.0838758, 0.0838758, 0.0838758, 0.0838758, 0.0838758, 0.0838758, 0.0838758, 0.0838758, 0.0838758, 0.0838758, 0.083876, 0.0838758, 0.0838758, 0.0838769, 0.0838758
15.3787, 0, 0.0829936, 0.0829926, 1.41421, -0.0829936, 0, 0.0829926, 0.0829926, 0.0829926, 0.0829926, 0.0829926, 0.0829926, 0.0829926, 0.0829926, 0.0829926, 0.0829926, 0.0829926, 0.0829926, 0.0829926, 0.0829926, 0.0829928, 0.0829926, 0.0829926, 0.0829934, 0.0829926
15.3866, 0, 0.0832472, 0.0832464, 1.41421, -0.0832472, 0, 0.0832464, 0.0832464, 0.0832464, 0.0832464, 0.0832464, 0.0832464, 0.0832464, 0.0832464, 0.0832464, 0.0832464, 0.0832464, 0.0832464, 0.0832464, 0.0832464, 0.0832467, 0.0832464, 0.0832464, 0.083247, 0.0832464
15.3944, 0, 0.0829332, 0.0829325, 1.41421, -0.0829332, 0, 0.0829325, 0.0829325, 0.0829325, 0.0829325, 0.0829325, 0.0829325, 0.0829325, 0.0829325, 0.0829325, 0.0829325, 0.0829325, 0.0829325, 0.0829325, 0.0829325, 0.0829328, 0.0829325, 0.0829325, 0.0829329, 0.0829325
15.4022, 0, 0.0821358, 0.0821353, 1.41421, -0.0821358, 0, 0.0821353, 0.0821353, 0.0821353, 0.0821353, 0.0821353, 0.0821353, 0.0821353, 0.0821353, 0.0821353, 0.0821353, 0.0821353, 0.0821353, 0.0821353, 0.0821353, 0.0821356, 0.0821353, 0.0821353, 0.0821356, 0.0821353
15.4101, 1, 0.0811021, 0.0811017, 1.73205, 0.918898, 0, 0.0811017, 0.0811017, 0.0811017, 0.0811017, 0.0811017, 0.0811017, 0.0811017, 0.0811017, 0.0811017, 0.0811017, 0.0811017, 0.0811017, 0.0811017, 0.0811017, 0.081102, 0.0811017, 0.0811017, 0.0811019, 0.0811017
15.4179, 0, 0.080075, 0.0800746, 1.41421, -0.080075, 0, 0.0800746, 0.0800746, 0.0800746, 0.0800746, 0.0800746, 0.0800746, 0.0800746, 0.0800746, 0.0800746, 0.0800746, 0.0800746, 0.0800746, 0.0800746, 0.0800746, 0.0800749, 0.0800746, 0.0800746, 0.0800747, 0.0800746
15.4258, 1.44882, 0.0804372, 0.0804368, 1.8571, 1.36839, 0, 0.0804368, 0.0804368, 0.0804368, 0.0804368, 0.0804368, 0.0804368, 0.0804368, 0.0804368, 0.0804368, 0.0804368, 0.0804368, 0.0804368, 0.0804368, 0.0804368, 0.0804371, 0.0804368, 0.0804368, 0.0804369, 0.0804368
15.4336, 0.551177, 0.0801707, 0.0801704, 1.59724, 0.471007, 0, 0.0801704, 0.0801704, 0.0801704, 0.0801704, 0.0801704, 0.0801704, 0.0801704, 0.0801704, 0.0801704, 0.0801704, 0.0801704, 0.0801704, 0.0801704, 0.0801704, 0.0801706, 0.0801704, 0.0801704, 0.0801704, 0.0801704
15.4415, 0, 0.0793588, 0.0793585, 1.41421, -0.0793588, 0, 0.0793585, 0.0793585, 0.0793585, 0.0793585, 0.0793585, 0.0793585, 0.0793585, 0.0793585, 0.0793585, 0.0793585, 0.0793585, 0.0793585, 0.0793585, 0.0793585, 0.0793588, 0.0793585, 0.0793585, 0.0793586, 0.0793585
15.4493, 0, 0.0782803, 0.07828, 1.41421, -0.0782803, 0, 0.07828, 0.07828, 0.07828, 0.07828, 0.07828, 0.07828, 0.07828, 0.07828, 0.07828, 0.07828, 0.07828, 0.07828, 0.07828, 0.07828, 0.0782803, 0.07828, 0.07828, 0.07828, 0.07828
15.4571, 0, 0.0772091, 0.0772089, 1.41421, -0.0772091, 0, 0.0772089, 0.0772089, 0.0772089, 0.0772089, 0.0772089, 0.0772089, 0.0772089, 0.0772089, 0.0772089, 0.0772089, 0.0772089, 0.0772089, 0.0772089, 0.0772089, 0.0772091, 0.0772089, 0.0772089, 0.0772089, 0.0772089
15.465, 0, 0.0775351, 0.0775348, 1.41421, -0.0775351, 0, 0.0775348, 0.0775348, 0.0775348, 0.0775348, 0.0775348, 0.0775348, 0.0775348, 0.0775348, 0.0775348, 0.0775348, 0.0775348, 0.0775348, 0.0775348, 0.0775348, 0.0775351, 0.0775348, 0.0775349, 0.0775348, 0.0775348
15.4728, 0, 0.0772078, 0.0772075, 1.41421, -0.0772078, 0, 0.0772075, 0.0772075, 0.0772075, 0.0772075, 0.0772075, 0.0772075, 0.0772075, 0.0772075, 0.0772075, 0.0772075, 0.0772075, 0.0772075, 0.0772075, 0.0772075, 0.0772078, 0.0772075, 0.0772075, 0.0772075, 0.0772075
15.4807, 0.863693, 0.0763092, 0.0763089, 1.69224, 0.787383, 0, 0.0763089, 0.0763089, 0.0763089, 0.0763089, 0.0763089, 0.0763089, 0.0763089, 0.0763089, 0.0763089, 0.0763089, 0.0763089, 0.0763089, 0.0763089, 0.0763089, 0.0763092, 0.0763089, 0.0763089, 0.0763089, 0.0763089
15.4885, 2.13631, 0.0751324, 0.0751321, 2.03379, 2.06117, 0, 0.0751321, 0.0751321, 0.0751321, 0.0751321, 0.0751321, 0.0751321, 0.0751321, 0.0751321, 0.0751321, 0.0751321, 0.0751321, 0.0751321, 0.0751321, 0.0751321, 0.0751323, 0.0751321, 0.0751321, 0.0751321, 0.0751321
15.4964, 0, 0.0739647, 0.0739643, 1.41421, -0.0739647, 0, 0.0739643, 0.0739643, 0.0739643, 0.0739643, 0.0739643, 0.0739643, 0.0739643, 0.0739643, 0.0739643, 0.0739643, 0.0739643, 0.0739643, 0.0739643, 0.0739643, 0.0739646, 0.0739643, 0.0739644, 0.0739643, 0.0739643
15.5042, 0, 0.0743542, 0.0743539, 1.41421, -0.0743542, 0, 0.0743539, 0.0743539, 0.0743539, 0.0743539, 0.0743539, 0.0743539, 0.0743539, 0.0743539, 0.0743539, 0.0743539, 0.0743539, 0.0743539, 0.0743539, 0.0743539, 0.0743541, 0.0743539, 0.0743539, 0.0743539, 0.0743539
15.512, 0.422305, 0.074059, 0.0740586, 1.55638, 0.348246, 0, 0.0740586, 0.0740586, 0.0740586, 0.0740586, 0.0740586, 0.0740586, 0.0740586, 0.0740586, 0.0740586, 0.0740586, 0.0740586, 0.0740586, 0.0740586, 0.0740586, 0.0740589, 0.0740586, 0.0740587, 0.0740586, 0.0740586
15.5199, 0.577695, 0.0731615, 0.0731611, 1.60552, 0.504534, 0, 0.0731611, 0.0731611, 0.0731611, 0.0731611, 0.0731611, 0.0731611, 0.0731611, 0.0731611, 0.0731611, 0.0731611, 0.0731611, 0.0731611, 0.0731611, 0.0731611, 0.0731614, 0.0731611, 0.0731613, 0.0731611, 0.0731611
15.5277, 0, 0.0719709, 0.0719704, 1.41421, -0.0719709, 0, 0.0719704, 0.0719704, 0.0719704, 0.0719704, 0.0719704, 0.0719704, 0.0719704, 0.0719704, 0.0719704, 0.0719704, 0.0719704, 0.0719704, 0.0719704, 0.0719704, 0.0719707, 0.0719704, 0.0719706, 0.0719704, 0.0719704
15.5356, 0, 0.07079, 0.0707895, 1.41421, -0.07079, 0, 0.0707895, 0.0707895, 0.0707895, 0.0707895, 0.0707895, 0.0707895, 0.0707895, 0.0707895, 0.0707895, 0.0707895, 0.0707895, 0.0707895, 0.0707895, 0.0707895, 0.0707897, 0.0707895, 0.0707897, 0.0707895, 0.0707895
15.5434, 0, 0.0711432, 0.0711427, 1.41421, -0.0711432, 0, 0.0711427, 0.0711427, 0.0711427, 0.0711427, 0.0711427, 0.0711427, 0.0711427, 0.0711427, 0.0711427, 0.0711427, 0.0711427, 0.0711427, 0.0711427, 0.0711427, 0.0711429, 0.0711427, 0.071143, 0.0711427, 0.0711427
15.5513, 0, 0.0707874, 0.0707867, 1.41421, -0.0707874, 0, 0.0707867, 0.0707867, 0.0707867, 0.0707867, 0.0707867, 0.0707867, 0.0707867, 0.0707867, 0.0707867, 0.0707867, 0.0707867, 0.0707867, 0.0707867, 0.0707867, 0.070787, 0.0707867, 0.0707871, 0.0707867, 0.0707867
15.5591, 0, 0.0698028, 0.069802, 1.41421, -0.0698028, 0, 0.069802, 0.069802, 0.069802, 0.069802, 0.069802, 0.069802, 0.069802, 0.069802, 0.069802, 0.069802, 0.069802, 0.069802, 0.069802, 0.069802, 0.0698023, 0.069802, 0.0698025, 0.069802, 0.069802
15.5669, 0, 0.0685136, 0.0685126, 1.41421, -0.0685136, 0, 0.0685126, 0.0685126, 0.0685126, 0.0685126, 0.0685126, 0.0685126, 0.0685126, 0.0685126, 0.0685126, 0.0685126, 0.0685126, 0.0685126, 0.0685126, 0.0685126, 0.0685128, 0.0685126, 0.0685133, 0.0685126, 0.0685126
15.5748, 0, 0.0672364, 0.0672352, 1.41421, -0.0672364, 0, 0.0672352, 0.0672352, 0.0672352, 0.0672352, 0.0672352, 0.0672352, 0.0672352, 0.0672352, 0.0672352, 0.0672352, 0.0672352, 0.0672352, 0.0672352, 0.0672352, 0.0672354, 0.0672352, 0.0672361, 0.0672352, 0.0672352
15.5826, 0, 0.0676598, 0.0676583, 1.41421, -0.0676598, 0, 0.0676583, 0.0676583, 0.0676583, 0.0676583, 0.0676583, 0.0676583, 0.0676583, 0.0676583, 0.0676583, 0.0676583, 0.0676583, 0.0676583, 0.0676583, 0.0676583, 0.0676586, 0.0676583, 0.0676595, 0.0676583, 0.0676583
15.5905, 0.398092, 0.0673419, 0.0673401, 1.54858, 0.33075, 0, 0.0673401, 0.0673401, 0.0673401, 0.0673401, 0.0673401, 0.0673401, 0.0673401, 0.0673401, 0.0673401, 0.0673401, 0.0673401, 0.0673401, 0.0673401, 0.0673401, 0.0673403, 0.0673401, 0.0673416, 0.0673401, 0.0673401
15.5983, 1.60191, 0.0663624, 0.0663602, 1.89787, 1.53555, 0, 0.0663602, 0.0663602, 0.0663602, 0.0663602, 0.0663602, 0.0663602, 0.0663602, 0.0663602, 0.0663602, 0.0663602, 0.0663602, 0.0663602, 0.0663602, 0.0663602, 0.0663604, 0.0663602, 0.0663622, 0.0663602, 0.0663602
15.6061, 0, 0.0650627, 0.0650599, 1.41421, -0.0650627, 0, 0.0650599, 0.0650599, 0.0650599, 0.0650599, 0.0650599, 0.0650599, 0.0650599, 0.0650599, 0.0650599, 0.0650599, 0.0650599, 0.0650599, 0.0650599, 0.0650599, 0.0650601, 0.0650599, 0.0650624, 0.0650599, 0.0650599
15.614, 1, 0.063776, 0.0637724, 1.73205, 0.936224, 0, 0.0637724, 0.0637724, 0.0637724, 0.0637724, 0.0637724, 0.0637724, 0.0637724, 0.0637724, 0.0637724, 0.0637724, 0.0637724, 0.0637724, 0.0637724, 0.0637724, 0.0637727, 0.0637724, 0.0637757, 0.0637724, 0.0637724
15.6218, 0, 0.0641598, 0.0641554, 1.41421, -0.0641598, 0, 0.0641554, 0.0641554, 0.0641554, 0.0641554, 0.0641554, 0.0641554, 0.0641554, 0.0641554, 0.0641554, 0.0641554, 0.0641554, 0.0641554, 0.0641554, 0.0641554, 0.0641557, 0.0641554, 0.0641595, 0.0641554, 0.0641554
15.6297, 0, 0.0637832, 0.0637778, 1.41421, -0.0637832, 0, 0.0637778, 0.0637778, 0.0637778, 0.0637778, 0.0637778, 0.0637778, 0.0637778, 0.0637778, 0.0637778, 0.0637778, 0.0637778, 0.0637778, 0.0637778, 0.0637778, 0.063778, 0.0637778, 0.0637829, 0.0637778, 0.0637778
15.6375, 1, 0.0627232, 0.0627166, 1.73205, 0.937277, 0, 0.0627166, 0.0627166, 0.0627166, 0.0627166, 0.0627166, 0.0627166, 0.0627166, 0.0627166, 0.0627166, 0.0627166, 0.0627166, 0.0627166, 0.0627166, 0.0627166, 0.0627168, 0.0627166, 0.062723, 0.0627166, 0.0627166
15.6454, 0, 0.0613344, 0.0613262, 1.41421, -0.0613344, 0, 0.0613262, 0.0613262, 0.0613262, 0.0613262, 0.0613262, 0.0613262, 0.0613262, 0.0613262, 0.0613262, 0.0613262, 0.0613262, 0.0613262, 0.0613262, 0.0613262, 0.0613264, 0.0613262, 0.0613341, 0.0613262, 0.0613262
15.6532, 1.37889, 0.0599614, 0.0599514, 1.83818, 1.31893, 0, 0.0599514, 0.0599514, 0.0599514, 0.0599514, 0.0599514, 0.0599514, 0.0599514, 0.0599514, 0.0599514, 0.0599514, 0.0599514, 0.0599514, 0.0599514, 0.0599514, 0.0599516, 0.0599514, 0.0599612, 0.0599514, 0.0599514
15.661, 1.62111, 0.0604113, 0.060399, 1.90292, 1.5607, 0, 0.060399, 0.060399, 0.060399, 0.060399, 0.060399, 0.060399, 0.060399, 0.060399, 0.060399, 0.060399, 0.060399, 0.060399, 0.060399, 0.060399, 0.0603993, 0.060399, 0.060411, 0.060399, 0.060399
15.6689, 0, 0.0600755, 0.0600606, 1.41421, -0.0600755, 0, 0.0600606, 0.0600606, 0.0600606, 0.0600606, 0.0600606, 0.0600606, 0.0600606, 0.0600606, 0.0600606, 0.0600606, 0.0600606, 0.0600606, 0.0600606, 0.0600606, 0.0600609, 0.0600606, 0.0600752, 0.0600606, 0.0600606
15.6767, 0, 0.05903, 0.059012, 1.41421, -0.05903, 0, 0.059012, 0.059012, 0.059012, 0.059012, 0.059012, 0.059012, 0.059012, 0.059012, 0.059012, 0.059012, 0.059012, 0.059012, 0.059012, 0.059012, 0.0590123, 0.059012, 0.0590297, 0.059012, 0.059012
15.6846, 0.369145, 0.0576434, 0.0576219, 1.5392, 0.311502, 0, 0.0576219, 0.0576219, 0.0576219, 0.0576219, 0.0576219, 0.0576219, 0.0576219, 0.0576219, 0.0576219, 0.0576219, 0.0576219, 0.0576219, 0.0576219, 0.0576219, 0.0576222, 0.0576219, 0.0576431, 0.0576219, 0.0576219
15.6924, 0.630855, 0.0562739, 0.0562483, 1.62199, 0.574581, 0, 0.0562483, 0.0562483, 0.0562483, 0.0562483, 0.0562483, 0.0562483, 0.0562483, 0.0562483, 0.0562483, 0.0562483, 0.0562483, 0.0562483, 0.0562483, 0.0562483, 0.0562486, 0.0562483, 0.0562736, 0.0562483, 0.0562483
15.7003, 0, 0.0566826, 0.0566523, 1.41421, -0.0566826, 0, 0.0566523, 0.0566523, 0.0566523, 0.0566523, 0.0566523, 0.0566523, 0.0566523, 0.0566523, 0.0566523, 0.0566523, 0.0566523, 0.0566523, 0.0566523, 0.0566523, 0.0566526, 0.0566523, 0.0566823, 0.0566523, 0.0566523
15.7081, 0, 0.0562943, 0.0562586, 1.41421, -0.0562943, 0, 0.0562586, 0.0562586, 0.0562586, 0.0562586, 0.0562586, 0.0562586, 0.0562586, 0.0562586, 0.0562586, 0.0562586, 0.0562586, 0.0562586, 0.0562586, 0.0562586, 0.0562589, 0.0562586, 0.056294, 0.0562586, 0.0562586
15.7159, 0.359603, 0.0551822, 0.0551405, 1.5361, 0.304421, 0, 0.0551405, 0.0551405, 0.0551405, 0.0551405, 0.0551405, 0.0551405, 0.0551405, 0.0551405, 0.0551405, 0.0551405, 0.0551405, 0.0551405, 0.0551405, 0.0551405, 0.0551407, 0.0551405, 0.055182, 0.0551405, 0.0551405
15.7238, 0.640397, 0.0537247, 0.053676, 1.62493, 0.586672, 0, 0.053676, 0.053676, 0.053676, 0.053676, 0.053676, 0.053676, 0.053676, 0.053676, 0.053676, 0.053676, 0.053676, 0.053676, 0.053676, 0.053676, 0.0536763, 0.053676, 0.0537244, 0.053676, 0.053676
15.7316, 0, 0.0522876, 0.0522312, 1.41421, -0.0522876, 0, 0.0522312, 0.0522312, 0.0522312, 0.0522312, 0.0522312, 0.0522312, 0.0522312, 0.0522312, 0.0522312, 0.0522312, 0.0522312, 0.0522312, 0.0522312, 0.0522312, 0.0522315, 0.0522312, 0.0522874, 0.0522312, 0.0522312
15.7395, 0.704833, 0.0527454, 0.0526805, 1.64464, 0.652087, 0, 0.0526805, 0.0526805, 0.0526805, 0.0526805, 0.0526805, 0.0526805, 0.0526805, 0.0526805, 0.0526805, 0.0526805, 0.0526805, 0.0526805, 0.0526805, 0.0526805, 0.0526807, 0.0526805, 0.0527452, 0.0526805, 0.0526805
15.7473, 2.29517, 0.052397, 0.0523225, 2.07248, 2.24277, 0, 0.0523225, 0.0523225, 0.0523225, 0.0523225, 0.0523225, 0.0523225, 0.0523225, 0.0523225, 0.0523225, 0.0523225, 0.0523225, 0.0523225, 0.0523225, 0.0523225, 0.0523228, 0.0523225, 0.0523967, 0.0523225, 0.0523225
15.7552, 0, 0.0513145, 0.0512296, 1.41421, -0.0513145, 0, 0.0512296, 0.0512296, 0.0512296, 0.0512296, 0.0512296, 0.0512296, 0.0512296, 0.0512296, 0.0512296, 0.0512296, 0.0512296, 0.0512296, 0.0512296, 0.0512296, 0.0512299, 0.0512296, 0.0513142, 0.0512296, 0.0512296
15.763, 0, 0.0498822, 0.049786, 1.41421, -0.0498822, 0, 0.049786, 0.049786, 0.049786, 0.049786, 0.049786, 0.049786, 0.049786, 0.049786, 0.049786, 0.049786, 0.049786, 0.049786, 0.049786, 0.049786, 0.0497862, 0.049786, 0.049882, 0.049786, 0.049786
15.7708, 2, 0.0484716, 0.048363, 2, 1.95153, 0, 0.048363, 0.048363, 0.048363, 0.048363, 0.048363, 0.048363, 0.048363, 0.048363, 0.048363, 0.048363, 0.048363, 0.048363, 0.048363, 0.048363, 0.0483632, 0.048363, 0.0484713, 0.048363, 0.048363
15.7787, 0, 0.0488534, 0.0487315, 1.41421, -0.0488534, 0, 0.0487315, 0.0487315, 0.0487315, 0.0487315, 0.0487315, 0.0487315, 0.0487315, 0.0487315, 0.0487315, 0.0487315, 0.0487315, 0.0487315, 0.0487315, 0.0487315, 0.0487318, 0.0487315, 0.0488531, 0.0487315, 0.0487315
15.7865, 1, 0.0484482, 0.048312, 1.73205, 0.951552, 0, 0.048312, 0.048312, 0.048312, 0.048312, 0.048312, 0.048312, 0.048312, 0.048312, 0.048312, 0.048312, 0.048312, 0.048312, 0.048312, 0.048312, 0.0483122, 0.048312, 0.0484479, 0.048312, 0.048312
15.7944, 0, 0.047327, 0.0471756, 1.41421, -0.047327, 0, 0.0471756, 0.0471756, 0.0471756, 0.0471756, 0.0471756, 0.0471756, 0.0471756, 0.0471756, 0.0471756, 0.0471756, 0.0471756, 0.0471756, 0.0471756, 0.0471756, 0.0471758, 0.0471756, 0.0473267, 0.0471756, 0.0471756
15.8022, 0.666171, 0.0458672, 0.0456997, 1.63284, 0.620304, 0, 0.0456997, 0.0456997, 0.0456997, 0.0456997, 0.0456997, 0.0456997, 0.0456997, 0.0456997, 0.0456997, 0.0456997, 0.0456997, 0.0456997, 0.0456997, 0.0456997, 0.0456999, 0.0456997, 0.045867, 0.0456997, 0.0456997
15.8101, 1.66452, 0.0444318, 0.0442472, 1.91429, 1.62009, 0, 0.0442472, 0.0442472, 0.0442472, 0.0442472, 0.0442472, 0.0442472, 0.0442472, 0.0442472, 0.0442472, 0.0442472, 0.0442472, 0.0442472, 0.0442472, 0.0442472, 0.0442475, 0.0442472, 0.0444315, 0.0442472, 0.0442472
15.8179, 0.66931, 0.0448289, 0.0446265, 1.6338, 0.624481, 0, 0.0446265, 0.0446265, 0.0446265, 0.0446265, 0.0446265, 0.0446265, 0.0446265, 0.0446265, 0.0446265, 0.0446265, 0.0446265, 0.0446265, 0.0446265, 0.0446265, 0.0446268, 0.0446265, 0.0448286, 0.0446265, 0.0446265
15.8257, 2, 0.0444548, 0.0442338, 2, 1.95555, 0, 0.0442338, 0.0442338, 0.0442338, 0.0442338, 0.0442338, 0.0442338, 0.0442338, 0.0442338, 0.0442338, 0.0442338, 0.0442338, 0.0442338, 0.0442338, 0.0442338, 0.0442341, 0.0442338, 0.0444545, 0.0442338, 0.0442338
15.8336, 1, 0.0433803, 0.0431402, 1.73205, 0.95662, 0, 0.0431402, 0.0431402, 0.0431402, 0.0431402, 0.0431402, 0.0431402, 0.0431402, 0.0431402, 0.0431402, 0.0431402, 0.0431402, 0.0431402, 0.0431402, 0.0431402, 0.0431404, 0.0431402, 0.04338, 0.0431402, 0.0431402
15.8414, 1.32094, 0.0419753, 0.0417154, 1.82235, 1.27897, 0, 0.0417154, 0.0417154, 0.0417154, 0.0417154, 0.0417154, 0.0417154, 0.0417154, 0.0417154, 0.0417154, 0.0417154, 0.0417154, 0.0417154, 0.0417154, 0.0417154, 0.0417156, 0.0417154, 0.041975, 0.0417154, 0.0417154
15.8493, 1.31623, 0.0405947, 0.0403145, 1.82105, 1.27564, 0, 0.0403145, 0.0403145, 0.0403145, 0.0403145, 0.0403145, 0.0403145, 0.0403145, 0.0403145, 0.0403145, 0.0403145, 0.0403145, 0.0403145, 0.0403145, 0.0403145, 0.0403147, 0.0403145, 0.0405944, 0.0403145, 0.0403145
15.8571, 3.36283, 0.0409148, 0.0406139, 2.31578, 3.32191, 0, 0.0406139, 0.0406139, 0.0406139, 0.0406139, 0.0406139, 0.0406139, 0.0406139, 0.0406139, 0.0406139, 0.0406139, 0.0406139, 0.0406139, 0.0406139, 0.0406139, 0.0406141, 0.0406139, 0.0409145, 0.0406139, 0.0406139
15.865, 1, 0.0404924, 0.0401706, 1.73205, 0.959508, 0, 0.0401706, 0.0401706, 0.0401706, 0.0401706, 0.0401706, 0.0401706, 0.0401706, 0.0401706, 0.0401706, 0.0401706, 0.0401706, 0.0401706, 0.0401706, 0.0401706, 0.0401709, 0.0401706, 0.0404921, 0.0401706, 0.0401706
15.8728, 2, 0.0393975, 0.0390546, 2, 1.9606, 0, 0.0390546, 0.0390546, 0.0390546, 0.0390546, 0.0390546, 0.0390546, 0.0390546, 0.0390546, 0.0390546, 0.0390546, 0.0390546, 0.0390546, 0.0390546, 0.0390546, 0.0390549, 0.0390546, 0.0393973, 0.0390546, 0.0390546
15.8806, 1, 0.0379878, 0.0376238, 1.73205, 0.962012, 0, 0.0376238, 0.0376238, 0.0376238, 0.0376238, 0.0376238, 0.0376238, 0.0376238, 0.0376238, 0.0376238, 0.0376238, 0.0376238, 0.0376238, 0.0376238, 0.0376238, 0.037624, 0.0376238, 0.0379875, 0.0376238, 0.0376238
15.8885, 1.30644, 0.0366047, 0.0362196, 1.81836, 1.26984, 0, 0.0362196, 0.0362196, 0.0362196, 0.0362196, 0.0362196, 0.0362196, 0.0362196, 0.0362196, 0.0362196, 0.0362196, 0.0362196, 0.0362196, 0.0362196, 0.0362196, 0.0362199, 0.0362196, 0.0366045, 0.0362196, 0.0362196
15.8963, 0.693556, 0.0369304, 0.0365243, 1.64121, 0.656626, 0, 0.0365243, 0.0365243, 0.0365243, 0.0365243, 0.0365243, 0.0365243, 0.0365243, 0.0365243, 0.0365243, 0.0365243, 0.0365243, 0.0365243, 0.0365243, 0.0365243, 0.0365246, 0.0365243, 0.0369302, 0.0365243, 0.0365243
15.9042, 1, 0.0365375, 0.0361107, 1.73205, 0.963463, 0, 0.0361107, 0.0361107, 0.0361107, 0.0361107, 0.0361107, 0.0361107, 0.0361107, 0.0361107, 0.0361107, 0.0361107, 0.0361107, 0.0361107, 0.0361107, 0.0361107, 0.036111, 0.0361107, 0.0365372, 0.0361107, 0.0361107
15.912, 1, 0.0354951, 0.0350479, 1.73205, 0.964505, 0, 0.0350479, 0.0350479, 0.0350479, 0.0350479, 0.0350479, 0.0350479, 0.0350479, 0.0350479, 0.0350479, 0.0350479, 0.0350479, 0.0350479, 0.0350479, 0.0350479, 0.0350482, 0.0350479, 0.0354948, 0.0350479, 0.0350479
15.9199, 2.29699, 0.0341494, 0.0336824, 2.07292, 2.26284, 0, 0.0336824, 0.0336824, 0.0336824, 0.0336824, 0.0336824, 0.0336824, 0.0336824, 0.0336824, 0.0336824, 0.0336824, 0.0336824, 0.0336824, 0.0336824, 0.0336824, 0.0336826, 0.0336824, 0.0341492, 0.0336824, 0.0336824
15.9277, 1.99743, 0.0328304, 0.0323439, 1.99936, 1.9646, 0, 0.0323439, 0.0323439, 0.0323439, 0.0323439, 0.0323439, 0.0323439, 0.0323439, 0.0323439, 0.0323439, 0.0323439, 0.0323439, 0.0323439, 0.0323439, 0.0323439, 0.0323442, 0.0323439, 0.0328302, 0.0323439, 0.0323439
15.9355, 1.70558, 0.0330832, 0.0325778, 1.92499, 1.67249, 0, 0.0325778, 0.0325778, 0.0325778, 0.0325778, 0.0325778, 0.0325778, 0.0325778, 0.0325778, 0.0325778, 0.0325778, 0.0325778, 0.0325778, 0.0325778, 0.0325778, 0.0325781, 0.0325778, 0.033083, 0.0325778, 0.0325778
15.9434, 0.57943, 0.0326532, 0.0321295, 1.60606, 0.546777, 0, 0.0321295, 0.0321295, 0.0321295, 0.0321295, 0.0321295, 0.0321295, 0.0321295, 0.0321295, 0.0321295, 0.0321295, 0.0321295, 0.0321295, 0.0321295, 0.0321295, 0.0321298, 0.0321295, 0.032653, 0.0321295, 0.0321295
15.9512, 2.42057, 0.0316082, 0.0310668, 2.10252, 2.38896, 0, 0.0310668, 0.0310668, 0.0310668, 0.0310668, 0.0310668, 0.0310668, 0.0310668, 0.0310668, 0.0310668, 0.0310668, 0.0310668, 0.0310668, 0.0310668, 0.0310668, 0.0310671, 0.0310668, 0.0316079, 0.0310668, 0.0310668
15.9591, 1, 0.0302791, 0.0297207, 1.73205, 0.969721, 0, 0.0297207, 0.0297207, 0.0297207, 0.0297207, 0.0297207, 0.0297207, 0.0297207, 0.0297207, 0.0297207, 0.0297207, 0.0297207, 0.0297207, 0.0297207, 0.0297207, 0.029721, 0.0297207, 0.0302789, 0.0297207, 0.0297207
15.9669, 0, 0.0289792, 0.0284044, 1.41421, -0.0289792, 0, 0.0284044, 0.0284044, 0.0284044, 0.0284044, 0.0284044, 0.0284044, 0.0284044, 0.0284044, 0.0284044, 0.0284044, 0.0284044, 0.0284044, 0.0284044, 0.0284044, 0.0284047, 0.0284044, 0.0289789, 0.0284044, 0.0284044
15.9748, 2.28005, 0.0292294, 0.0286388, 2.06883, 2.25082, 0, 0.0286388, 0.0286388, 0.0286388, 0.0286388, 0.0286388, 0.0286388, 0.0286388, 0.0286388, 0.0286388, 0.0286388, 0.0286388, 0.0286388, 0.0286388, 0.0286388, 0.0286391, 0.0286388, 0.0292291, 0.0286388, 0.0286388
15.9826, 1.71995, 0.028829, 0.0282233, 1.92872, 1.69112, 0, 0.0282233, 0.0282233, 0.0282233, 0.0282233, 0.0282233, 0.0282233, 0.0282233, 0.0282233, 0.0282233, 0.0282233, 0.0282233, 0.0282233, 0.0282233, 0.0282233, 0.0282236, 0.0282233, 0.0288287, 0.0282233, 0.0282233
15.9904, 0, 0.0278444, 0.0272241, 1.41421, -0.0278444, 0, 0.0272241, 0.0272241, 0.0272241, 0.0272241, 0.0272241, 0.0272241, 0.0272241, 0.0272241, 0.0272241, 0.0272241, 0.0272241, 0.0272241, 0.0272241, 0.0272241, 0.0272244, 0.0272241, 0.0278441, 0.0272241, 0.0272241
15.9983, 0, 0.0265915, 0.0259573, 1.41421, -0.0265915, 0, 0.0259573, 0.0259573, 0.0259573, 0.0259573, 0.0259573, 0.0259573, 0.0259573, 0.0259573, 0.0259573, 0.0259573, 0.0259573, 0.0259573, 0.0259573, 0.0259573, 0.0259576, 0.0259573, 0.0265912, 0.0259573, 0.0259573
16.0061, 0, 0.0253682, 0.0247206, 1.41421, -0.0253682, 0, 0.0247206, 0.0247206, 0.0247206, 0.0247206, 0.0247206, 0.0247206, 0.0247206, 0.0247206, 0.0247206, 0.0247206, 0.0247206, 0.0247206, 0.0247206, 0.0247206, 0.0247209, 0.0247206, 0.025368, 0.0247206, 0.0247206
16.014, 2, 0.0255562, 0.0248956, 2, 1.97444, 0, 0.0248956, 0.0248956, 0.0248956, 0.0248956, 0.0248956, 0.0248956, 0.0248956, 0.0248956, 0.0248956, 0.0248956, 0.0248956, 0.0248956, 0.0248956, 0.0248956, 0.0248959, 0.0248956, 0.0255559, 0.0248956, 0.0248956
16.0218, 0.265551, 0.025136, 0.0244629, 1.50517, 0.240415, 0, 0.0244629, 0.0244629, 0.0244629, 0.0244629, 0.0244629, 0.0244629, 0.0244629, 0.0244629, 0.0244629, 0.0244629, 0.0244629, 0.0244629, 0.0244629, 0.0244629, 0.0244632, 0.0244629, 0.0251357, 0.0244629, 0.0244629
16.0297, 1.99761, 0.0241723, 0.0234871, 1.9994, 1.97344, 0, 0.0234871, 0.0234871, 0.0234871, 0.0234871, 0.0234871, 0.0234871, 0.0234871, 0.0234871, 0.0234871, 0.0234871, 0.0234871, 0.0234871, 0.0234871, 0.0234871, 0.0234873, 0.0234871, 0.024172, 0.0234871, 0.0234871
16.0375, 0.736836, 0.0229625, 0.0222655, 1.65434, 0.713873, 0, 0.0222655, 0.0222655, 0.0222655, 0.0222655, 0.0222655, 0.0222655, 0.0222655, 0.0222655, 0.0222655, 0.0222655, 0.0222655, 0.0222655, 0.0222655, 0.0222655, 0.0222658, 0.0222655, 0.0229623, 0.0222655, 0.0222655
16.0453, 0, 0.0217851, 0.0210766, 1.41421, -0.0217851, 0, 0.0210766, 0.0210766, 0.0210766, 0.0210766, 0.0210766, 0.0210766, 0.0210766, 0.0210766, 0.0210766, 0.0210766, 0.0210766, 0.0210766, 0.0210766, 0.0210766, 0.0210769, 0.0210766, 0.0217849, 0.0210766, 0.0210766
16.0532, 1, 0.0219679, 0.0212481, 1.73205, 0.978032, 0, 0.0212481, 0.0212481, 0.0212481, 0.0212481, 0.0212481, 0.0212481, 0.0212481, 0.0212481, 0.0212481, 0.0212481, 0.0212481, 0.0212481, 0.0212481, 0.0212481, 0.0212483, 0.0212481, 0.0219676, 0.0212481, 0.0212481
16.061, 0, 0.0215822, 0.0208514, 1.41421, -0.0215822, 0, 0.0208514, 0.0208514, 0.0208514, 0.0208514, 0.0208514, 0.0208514, 0.0208514, 0.0208514, 0.0208514, 0.0208514, 0.0208514, 0.0208514, 0.0208514, 0.0208514, 0.0208516, 0.0208514, 0.021582, 0.0208514, 0.0208514
16.0689, 0, 0.0206906, 0.0199488, 1.41421, -0.0206906, 0, 0.0199488, 0.0199488, 0.0199488, 0.0199488, 0.0199488, 0.0199488, 0.0199488, 0.0199488, 0.0199488, 0.0199488, 0.0199488, 0.0199488, 0.0199488, 0.0199488, 0.0199491, 0.0199488, 0.0206903, 0.0199488, 0.0199488
16.0767, 0, 0.0195721, 0.0188195, 1.41421, -0.0195721, 0, 0.0188195, 0.0188195, 0.0188195, 0.0188195, 0.0188195, 0.0188195, 0.0188195, 0.0188195, 0.0188195, 0.0188195, 0.0188195, 0.0188195, 0.0188195, 0.0188195, 0.0188197, 0.0188195, 0.0195718, 0.0188195, 0.0188195
16.0846, 0, 0.0184864, 0.017723, 1.41421, -0.0184864, 0, 0.017723, 0.017723, 0.017723, 0.017723, 0.017723, 0.017723, 0.017723, 0.017723, 0.017723, 0.017723, 0.017723, 0.017723, 0.017723, 0.017723, 0.0177233, 0.017723, 0.0184861, 0.017723, 0.017723
16.0924, 0, 0.0186215, 0.0178475, 1.41421, -0.0186215, 0, 0.0178475, 0.0178475, 0.0178475, 0.0178475, 0.0178475, 0.0178475, 0.0178475, 0.0178475, 0.0178475, 0.0178475, 0.0178475, 0.0178475, 0.0178475, 0.0178475, 0.0178477, 0.0178475, 0.0186213, 0.0178475, 0.0178475
16.1002, 0, 0.0182361, 0.0174513, 1.41421, -0.0182361, 0, 0.0174513, 0.0174513, 0.0174513, 0.0174513, 0.0174513, 0.0174513, 0.0174513, 0.0174513, 0.0174513, 0.0174513, 0.0174513, 0.0174513, 0.0174513, 0.0174513, 0.0174515, 0.0174513, 0.0182358, 0.0174513, 0.0174513
16.1081, 1, 0.0173898, 0.0165943, 1.73205, 0.98261, 0, 0.0165943, 0.0165943, 0.0165943, 0.0165943, 0.0165943, 0.0165943, 0.0165943, 0.0165943, 0.0165943, 0.0165943, 0.0165943, 0.0165943, 0.0165943, 0.0165943, 0.0165946, 0.0165943, 0.0173896, 0.0165943, 0.0165943
16.1159, 0, 0.0163409, 0.0155347, 1.41421, -0.0163409, 0, 0.0155347, 0.0155347, 0.0155347, 0.0155347, 0.0155347, 0.0155347, 0.0155347, 0.0155347, 0.0155347, 0.0155347, 0.0155347, 0.0155347, 0.0155347, 0.0155347, 0.015535, 0.0155347, 0.0163407, 0.0155347, 0.0155347
16.1238, 0, 0.015327, 0.01451, 1.41421, -0.015327, 0, 0.01451, 0.01451, 0.01451, 0.01451, 0.01451, 0.01451, 0.01451, 0.01451, 0.01451, 0.01451, 0.01451, 0.01451, 0.01451, 0.01451, 0.0145103, 0.01451, 0.0153268, 0.01451, 0.01451
16.1316, 1.23185, 0.0154557, 0.0146277, 1.79773, 1.21639, 0, 0.0146277, 0.0146277, 0.0146277, 0.0146277, 0.0146277, 0.0146277, 0.0146277, 0.0146277, 0.0146277, 0.0146277, 0.0146277, 0.0146277, 0.0146277, 0.0146277, 0.014628, 0.0146277, 0.0154554, 0.0146277, 0.0146277
16.1395, 0.768154, 0.0151095, 0.0142706, 1.66378, 0.753044, 0, 0.0142706, 0.0142706, 0.0142706, 0.0142706, 0.0142706, 0.0142706, 0.0142706, 0.0142706, 0.0142706, 0.0142706, 0.0142706, 0.0142706, 0.0142706, 0.0142706, 0.0142709, 0.0142706, 0.0151092, 0.0142706, 0.0142706
16.1473, 0, 0.0143454, 0.0134955, 1.41421, -0.0143454, 0, 0.0134955, 0.0134955, 0.0134955, 0.0134955, 0.0134955, 0.0134955, 0.0134955, 0.0134955, 0.0134955, 0.0134955, 0.0134955, 0.0134955, 0.0134955, 0.0134955, 0.0134958, 0.0134955, 0.0143452, 0.0134955, 0.0134955
16.1551, 0, 0.0134003, 0.0125392, 1.41421, -0.0134003, 0, 0.0125392, 0.0125392, 0.0125392, 0.0125392, 0.0125392, 0.0125392, 0.0125392, 0.0125392, 0.0125392, 0.0125392, 0.0125392, 0.0125392, 0.0125392, 0.0125392, 0.0125395, 0.0125392, 0.0134, 0.0125392, 0.0125392
16.163, 0, 0.0124904, 0.011618, 1.41421, -0.0124904, 0, 0.011618, 0.011618, 0.011618, 0.011618, 0.011618, 0.011618, 0.011618, 0.011618, 0.011618, 0.011618, 0.011618, 0.011618, 0.011618, 0.011618, 0.0116183, 0.011618, 0.0124901, 0.011618, 0.011618
16.1708, 0.219827, 0.0125575, 0.0116737, 1.48991, 0.207269, 0, 0.0116737, 0.0116737, 0.0116737, 0.0116737, 0.0116737, 0.0116737, 0.0116737, 0.0116737, 0.0116737, 0.0116737, 0.0116737, 0.0116737, 0.0116737, 0.0116737, 0.011674, 0.0116737, 0.0125572, 0.0116737, 0.0116737
16.1787, 0.780173, 0.0122228, 0.0113275, 1.66739, 0.767951, 0, 0.0113275, 0.0113275, 0.0113275, 0.0113275, 0.0113275, 0.0113275, 0.0113275, 0.0113275, 0.0113275, 0.0113275, 0.0113275, 0.0113275, 0.0113275, 0.0113275, 0.0113278, 0.0113275, 0.0122226, 0.0113275, 0.0113275
16.1865, 0, 0.0115322, 0.0106253, 1.41421, -0.0115322, 0, 0.0106253, 0.0106253, 0.0106253, 0.0106253, 0.0106253, 0.0106253, 0.0106253, 0.0106253, 0.0106253, 0.0106253, 0.0106253, 0.0106253, 0.0106253, 0.0106253, 0.0106255, 0.0106253, 0.011532, 0.0106253, 0.0106253
16.1944, 0, 0.0106917, 0.00977294, 1.41421, -0.0106917, 0, 0.00977294, 0.00977294, 0.00977294, 0.00977294, 0.00977294, 0.00977294, 0.00977294, 0.00977294, 0.00977294, 0.00977294, 0.00977294, 0.00977294, 0.00977294, 0.00977294, 0.00977321, 0.00977294, 0.0106914, 0.00977294, 0.00977294
16.2022, 0, 0.00988695, 0.00895624, 1.41421, -0.00988695, 0, 0.00895624, 0.00895624, 0.00895624, 0.00895624, 0.00895624, 0.00895624, 0.00895624, 0.00895624, 0.00895624, 0.00895624, 0.00895624, 0.00895624, 0.00895624, 0.00895624, 0.00895652, 0.00895624, 0.00988667, 0.00895624, 0.00895624
16.21, 0, 0.00991234, 0.00896956, 1.41421, -0.00991234, 0, 0.00896956, 0.00896956, 0.00896956, 0.00896956, 0.00896956, 0.00896956, 0.00896956, 0.00896956, 0.00896956, 0.00896956, 0.00896956, 0.00896956, 0.00896956, 0.00896956, 0.00896984, 0.00896956, 0.00991206, 0.00896956, 0.00896956
16.2179, 0, 0.00961146, 0.00865645, 1.41421, -0.00961146, 0, 0.00865645, 0.00865645, 0.00865645, 0.00865645, 0.00865645, 0.00865645, 0.00865645, 0.00865645, 0.00865645, 0.00865645, 0.00865645, 0.00865645, 0.00865645, 0.00865645, 0.00865673, 0.00865645, 0.00961118, 0.00865645, 0.00865645
16.2257, 0, 0.00901977, 0.00805239, 1.41421, -0.00901977, 0, 0.00805239, 0.00805239, 0.00805239, 0.00805239, 0.00805239, 0.00805239, 0.00805239, 0.00805239, 0.00805239, 0.00805239, 0.00805239, 0.00805239, 0.00805239, 0.00805239, 0.00805266, 0.00805239, 0.00901949, 0.00805239, 0.00805239
16.2336, 1.20037, 0.00830924, 0.00732933, 1.78896, 1.19206, 0, 0.00732933, 0.00732933, 0.00732933, 0.00732933, 0.00732933, 0.00732933, 0.00732933, 0.00732933, 0.00732933, 0.00732933, 0.00732933, 0.00732933, 0.00732933, 0.00732933, 0.00732961, 0.00732933, 0.00830896, 0.00732933, 0.00732933
16.2414, 0.799628, 0.00763287, 0.00664029, 1.67321, 0.791995, 0, 0.00664029, 0.00664029, 0.00664029, 0.00664029, 0.00664029, 0.00664029, 0.00664029, 0.00664029, 0.00664029, 0.00664029, 0.00664029, 0.00664029, 0.00664029, 0.00664029, 0.00664057, 0.00664029, 0.00763259, 0.00664029, 0.00664029
16.2493, 0, 0.0076104, 0.00660498, 1.41421, -0.0076104, 0, 0.00660498, 0.00660498, 0.00660498, 0.00660498, 0.00660498, 0.00660498, 0.00660498, 0.00660498, 0.00660498, 0.00660498, 0.00660498, 0.00660498, 0.00660498, 0.00660498, 0.00660526, 0.00660498, 0.00761012, 0.00660498, 0.00660498
16.2571, 0, 0.00733423, 0.00631583, 1.41421, -0.00733423, 0, 0.00631583, 0.00631583, 0.00631583, 0.00631583, 0.00631583, 0.00631583, 0.00631583, 0.00631583, 0.00631583, 0.00631583, 0.00631583, 0.00631583, 0.00631583, 0.00631583, 0.0063161, 0.00631583, 0.00733395, 0.00631583, 0.00631583
16.2649, 0, 0.0068316, 0.00580005, 1.41421, -0.0068316, 0, 0.00580005, 0.00580005, 0.00580005, 0.00580005, 0.00580005, 0.00580005, 0.00580005, 0.00580005, 0.00580005, 0.00580005, 0.00580005, 0.00580005, 0.00580005, 0.00580005, 0.00580033, 0.00580005, 0.00683132, 0.00580005, 0.00580005
16.2728, 0, 0.0062413, 0.00519644, 1.41421, -0.0062413, 0, 0.00519644, 0.00519644, 0.00519644, 0.00519644, 0.00519644, 0.00519644, 0.00519644, 0.00519644, 0.00519644, 0.00519644, 0.00519644, 0.00519644, 0.00519644, 0.00519644, 0.00519672, 0.00519644, 0.00624102, 0.00519644, 0.00519644
16.2806, 0.185998, 0.00568433, 0.00462598, 1.47851, 0.180313, 0, 0.00462598, 0.00462598, 0.00462598, 0.00462598, 0.00462598, 0.00462598, 0.00462598, 0.00462598, 0.00462598, 0.00462598, 0.00462598, 0.00462598, 0.00462598, 0.00462598, 0.00462627, 0.00462598, 0.00568405, 0.00462598, 0.00462598
16.2885, 0.814002, 0.00564025, 0.00456827, 1.6775, 0.808362, 0, 0.00456827, 0.00456827, 0.00456827, 0.00456827, 0.00456827, 0.00456827, 0.00456827, 0.00456827, 0.00456827, 0.00456827, 0.00456827, 0.00456827, 0.00456827, 0.00456827, 0.00456855, 0.00456827, 0.00563997, 0.00456827, 0.00456827
16.2963, 0, 0.00540606, 0.00432027, 1.41421, -0.00540606, 0, 0.00432027, 0.00432027, 0.00432027, 0.00432027, 0.00432027, 0.00432027, 0.00432027, 0.00432027, 0.00432027, 0.00432027, 0.00432027, 0.00432027, 0.00432027, 0.00432027, 0.00432055, 0.00432027, 0.00540578, 0.00432027, 0.00432027
16.3042, 0, 0.00500187, 0.0039021, 1.41421, -0.00500187, 0, 0.0039021, 0.0039021, 0.0039021, 0.0039021, 0.0039021, 0.0039021, 0.0039021, 0.0039021, 0.0039021, 0.0039021, 0.0039021, 0.0039021, 0.0039021, 0.0039021, 0.00390238, 0.0039021, 0.00500159, 0.0039021, 0.0039021
16.312, 1.17633, 0.00453664, 0.00342272, 1.78223, 1.1718, 0, 0.00342272, 0.00342272, 0.00342272, 0.00342272, 0.00342272, 0.00342272, 0.00342272, 0.00342272, 0.00342272, 0.00342272, 0.00342272, 0.00342272, 0.00342272, 0.00342272, 0.003423, 0.00342272, 0.00453636, 0.00342272, 0.00342272
16.3198, 0.823668, 0.00410299, 0.00297475, 1.68038, 0.819565, 0, 0.00297475, 0.00297475, 0.00297475, 0.00297475, 0.00297475, 0.00297475, 0.00297475, 0.00297475, 0.00297475, 0.00297475, 0.00297475, 0.00297475, 0.00297475, 0.00297475, 0.00297503, 0.00297475, 0.00410271, 0.00297475, 0.00297475
16.3277, 0, 0.00402584, 0.00288309, 1.41421, -0.00402584, 0, 0.00288309, 0.00288309, 0.00288309, 0.00288309, 0.00288309, 0.00288309, 0.00288309, 0.00288309, 0.00288309, 0.00288309, 0.00288309, 0.00288309, 0.00288309, 0.00288309, 0.00288337, 0.00288309, 0.00402555, 0.00288309, 0.00288309
16.3355, 0, 0.00382592, 0.00266849, 1.41421, -0.00382592, 0, 0.00266849, 0.00266849, 0.00266849, 0.00266849, 0.00266849, 0.00266849, 0.00266849, 0.00266849, 0.00266849, 0.00266849, 0.00266849, 0.00266849, 0.00266849, 0.00266849, 0.00266877, 0.00266849, 0.00382563, 0.00266849, 0.00266849
16.3434, 0, 0.00352069, 0.0023484, 1.41421, -0.00352069, 0, 0.0023484, 0.0023484, 0.0023484, 0.0023484, 0.0023484, 0.0023484, 0.0023484, 0.0023484, 0.0023484, 0.0023484, 0.0023484, 0.0023484, 0.0023484, 0.0023484, 0.00234868, 0.0023484, 0.00352041, 0.0023484, 0.0023484
16.3512, 0, 0.00318391, 0.00199658, 1.41421, -0.00318391, 0, 0.00199658, 0.00199658, 0.00199658, 0.00199658, 0.00199658, 0.00199658, 0.00199658, 0.00199658, 0.00199658, 0.00199658, 0.00199658, 0.00199658, 0.00199658, 0.00199658, 0.00199686, 0.00199658, 0.00318363, 0.00199658, 0.00199658
16.3591, 0.161874, 0.00287585, 0.00167329, 1.47033, 0.158998, 0, 0.00167329, 0.00167329, 0.00167329, 0.00167329, 0.00167329, 0.00167329, 0.00167329, 0.00167329, 0.00167329, 0.00167329, 0.00167329, 0.00167329, 0.00167329, 0.00167329, 0.00167358, 0.00167329, 0.00287557, 0.00167329, 0.00167329
16.3669, 0.838126, 0.00276224, 0.00154427, 1.68467, 0.835364, 0, 0.00154427, 0.00154427, 0.00154427, 0.00154427, 0.00154427, 0.00154427, 0.00154427, 0.00154427, 0.00154427, 0.00154427, 0.00154427, 0.00154427, 0.00154427, 0.00154427, 0.00154455, 0.00154427, 0.00276196, 0.00154427, 0.00154427
16.3747, 0, 0.0026018, 0.00136822, 1.41421, -0.0026018, 0, 0.00136822, 0.00136822, 0.00136822, 0.00136822, 0.00136822, 0.00136822, 0.00136822, 0.00136822, 0.00136822, 0.00136822, 0.00136822, 0.00136822, 0.00136822, 0.00136822, 0.00136851, 0.00136822, 0.00260152, 0.00136822, 0.00136822
16.3826, 0, 0.00240421, 0.00115483, 1.41421, -0.00240421, 0, 0.00115483, 0.00115483, 0.00115483, 0.00115483, 0.00115483, 0.00115483, 0.00115483, 0.00115483, 0.00115483, 0.00115483, 0.00115483, 0.00115483, 0.00115483, 0.00115483, 0.00115512, 0.00115483, 0.00240393, 0.00115483, 0.00115483
16.3904, 0.152131, 0.00220337, 0.000937997, 1.46701, 0.149927, 0, 0.000937997, 0.000937997, 0.000937997, 0.000937997, 0.000937997, 0.000937997, 0.000937997, 0.000937997, 0.000937997, 0.000937997, 0.000937997, 0.000937997, 0.000937997, 0.000937997, 0.00093828, 0.000937997, 0.00220308, 0.000937997, 0.000937997
16.3983, 0.847869, 0.00202524, 0.000743686, 1.68756, 0.845844, 0, 0.000743686, 0.000743686, 0.000743686, 0.000743686, 0.000743686, 0.000743686, 0.000743686, 0.000743686, 0.000743686, 0.000743686, 0.000743686, 0.000743686, 0.000743686, 0.000743686, 0.00074397, 0.000743686, 0.00202496, 0.000743686, 0.000743686
16.4061, 0, 0.00191109, 0.000613148, 1.41421, -0.00191109, 0, 0.000613148, 0.000613148, 0.000613148, 0.000613148, 0.000613148, 0.000613148, 0.000613148, 0.000613148, 0.000613148, 0.000613148, 0.000613148, 0.000613148, 0.000613148, 0.000613148, 0.000613432, 0.000613148, 0.00191081, 0.000613148, 0.000613148
16.414, 0.144769, 0.00180368, 0.000489145, 1.4645, 0.142966, 0, 0.000489145, 0.000489145, 0.000489145, 0.000489145, 0.000489145, 0.000489145, 0.000489145, 0.000489145, 0.000489145, 0.000489145, 0.000489145, 0.000489145, 0.000489145, 0.000489145, 0.000489429, 0.000489145, 0.00180339, 0.000489145, 0.000489145
16.4218, 0.855231, 0.00170516, 0.000373842, 1.68974, 0.853525, 0, 0.000373842, 0.000373842, 0.000373842, 0.000373842, 0.000373842, 0.000373842, 0.000373842, 0.000373842, 0.000373842, 0.000373842, 0.000373842, 0.000373842, 0.000373842, 0.000373842, 0.000374126, 0.000373842, 0.00170488, 0.000373842, 0.000373842
16.4296, 0, 0.00161605, 0.00026773, 1.41421, -0.00161605, 0, 0.00026773, 0.00026773, 0.00026773, 0.00026773, 0.00026773, 0.00026773, 0.00026773, 0.00026773, 0.00026773, 0.00026773, 0.00026773, 0.00026773, 0.00026773, 0.00026773, 0.000268014, 0.00026773, 0.00161576, 0.00026773, 0.00026773
16.4375, 0, 0.00154065, 0.000175116, 1.41421, -0.00154065, 0, 0.000175116, 0.000175116, 0.000175116, 0.000175116, 0.000175116, 0.000175116, 0.000175116, 0.000175116, 0.000175116, 0.000175116, 0.000175116, 0.000175116, 0.000175116, 0.000175116, 0.0001754, 0.000175116, 0.00154036, 0.000175116, 0.000175116
16.4453, 0, 0.00148284, 9.98943e-05, 1.41421, -0.00148284, 0, 9.98943e-05, 9.98943e-05, 9.98943e-05, 9.98943e-05, 9.98943e-05, 9.98943e-05, 9.98943e-05, 9.98943e-05, 9.98943e-05, 9.98943e-05, 9.98943e-05, 9.98943e-05, 9.98943e-05, 9.98943e-05, 0.000100179, 9.98943e-05, 0.00148256, 9.98943e-05, 9.98943e-05
16.4532, 0, 0.00144529, 4.47084e-05, 1.41421, -0.00144529, 0, 4.47084e-05, 4.47084e-05, 4.47084e-05, 4.47084e-05, 4.47084e-05, 4.47084e-05, 4.47084e-05, 4.47084e-05, 4.47084e-05, 4.47084e-05, 4.47084e-05, 4.47084e-05, 4.47084e-05, 4.47084e-05, 4.49937e-05, 4.47084e-05, 0.001445, 4.47084e-05, 4.47084e-05
16.461, 0, 0.00142961, 1.11771e-05, 1.41421, -0.00142961, 0, 1.11771e-05, 1.11771e-05, 1.11771e-05, 1.11771e-05, 1.11771e-05, 1.11771e-05, 1.11771e-05, 1.11771e-05, 1.11771e-05, 1.11771e-05, 1.11771e-05, 1.11771e-05, 1.11771e-05, 1.11771e-05, 1.14626e-05, 1.11771e-05, 0.00142932, 1.11771e-05, 1.11771e-05
16.4689, 0, 0.0014365, 0, 1.41421, -0.0014365, 0, 0, 0, 0, 0, 0, 0, 0, 0, 0, 0, 0, 0, 0, 0, 2.85772e-07, 0, 0.00143621, 0, 0
16.4767, 0, 0.00145479, 0, 1.41421, -0.00145479, 0, 0, 0, 0, 0, 0, 0, 0, 0, 0, 0, 0, 0, 0, 0, 2.8601e-07, 0, 0.0014545, 0, 0
16.4845, 0, 0.00147331, 5.01306e-11, 1.41421, -0.00147331, 0, 5.01306e-11, 5.01306e-11, 5.01306e-11, 5.01306e-11, 5.01306e-11, 5.01306e-11, 5.01306e-11, 5.01306e-11, 5.01306e-11, 5.01306e-11, 5.01306e-11, 5.01306e-11, 5.01306e-11, 5.01306e-11, 2.86299e-07, 5.01306e-11, 0.00147302, 5.01306e-11, 5.01306e-11
16.4924, 0, 0.00149205, 2.00522e-10, 1.41421, -0.00149205, 0, 2.00522e-10, 2.00522e-10, 2.00522e-10, 2.00522e-10, 2.00522e-10, 2.00522e-10, 2.00522e-10, 2.00522e-10, 2.00522e-10, 2.00522e-10, 2.00522e-10, 2.00522e-10, 2.00522e-10, 2.00522e-10, 2.86689e-07, 2.00522e-10, 0.00149177, 2.00522e-10, 2.00522e-10
16.5002, 0, 0.00151102, 4.85284e-10, 1.41421, -0.00151102, 0, 4.85284e-10, 4.85284e-10, 4.85284e-10, 4.85284e-10, 4.85284e-10, 4.85284e-10, 4.85284e-10, 4.85284e-10, 4.85284e-10, 4.85284e-10, 4.85284e-10, 4.85284e-10, 4.85284e-10, 4.85284e-10, 2.87215e-07, 4.85284e-10, 0.00151074, 4.85284e-10, 4.85284e-10
16.5081, 0, 0.00153023, 6.33789e-10, 1.41421, -0.00153023, 0, 6.33789e-10, 6.33789e-10, 6.33789e-10, 6.33789e-10, 6.33789e-10, 6.33789e-10, 6.33789e-10, 6.33789e-10, 6.33789e-10, 6.33789e-10, 6.33789e-10, 6.33789e-10, 6.33789e-10, 6.33789e-10, 2.87604e-07, 6.33789e-10, 0.00152995, 6.33789e-10, 6.33789e-10
16.5159, 0, 0.00154967, 8.02089e-10, 1.41421, -0.00154967, 0, 8.02089e-10, 8.02089e-10, 8.02089e-10, 8.02089e-10, 8.02089e-10, 8.02089e-10, 8.02089e-10, 8.02089e-10, 8.02089e-10, 8.02089e-10, 8.02089e-10, 8.02089e-10, 8.02089e-10, 8.02089e-10, 2.88014e-07, 8.02089e-10, 0.00154939, 8.02089e-10, 8.02089e-10
16.5238, 1.11125, 0.00156936, 3.52936e-09, 1.76387, 1.10968, 0, 3.52936e-09, 3.52936e-09, 3.52936e-09, 3.52936e-09, 3.52936e-09, 3.52936e-09, 3.52936e-09, 3.52936e-09, 3.52936e-09, 3.52936e-09, 3.52936e-09, 3.52936e-09, 3.52936e-09, 3.52936e-09, 2.90984e-07, 3.52936e-09, 0.00156907, 3.52936e-09, 3.52936e-09
16.5316, 0.888751, 0.00158929, 6.49764e-09, 1.69963, 0.887162, 0, 6.49764e-09, 6.49764e-09, 6.49764e-09, 6.49764e-09, 6.49764e-09, 6.49764e-09, 6.49764e-09, 6.49764e-09, 6.49764e-09, 6.49764e-09, 6.49764e-09, 6.49764e-09, 6.49764e-09, 6.49764e-09, 2.94196e-07, 6.49764e-09, 0.001589, 6.49764e-09, 6.49764e-09
16.5394, 0, 0.00160946, 6.38664e-09, 1.41421, -0.00160946, 0, 6.38664e-09, 6.38664e-09, 6.38664e-09, 6.38664e-09, 6.38664e-09, 6.38664e-09, 6.38664e-09, 6.38664e-09, 6.38664e-09, 6.38664e-09, 6.38664e-09, 6.38664e-09, 6.38664e-09, 6.38664e-09, 2.94329e-07, 6.38664e-09, 0.00160917, 6.38664e-09, 6.38664e-09
16.5473, 0, 0.00162987, 4.66208e-09, 1.41421, -0.00162987, 0, 4.66208e-09, 4.66208e-09, 4.66208e-09, 4.66208e-09, 4.66208e-09, 4.66208e-09, 4.66208e-09, 4.66208e-09, 4.66208e-09, 4.66208e-09, 4.66208e-09, 4.66208e-09, 4.66208e-09, 4.66208e-09, 2.92848e-07, 4.66208e-09, 0.00162958, 4.66208e-09, 4.66208e-09
16.5551, 0.101586, 0.00165054, 3.20836e-09, 1.44968, 0.0999352, 0, 3.20836e-09, 3.20836e-09, 3.20836e-09, 3.20836e-09, 3.20836e-09, 3.20836e-09, 3.20836e-09, 3.20836e-09, 3.20836e-09, 3.20836e-09, 3.20836e-09, 3.20836e-09, 3.20836e-09, 3.20836e-09, 2.9164e-07, 3.20836e-09, 0.00165025, 3.20836e-09, 3.20836e-09
16.563, 0.898414, 0.00167147, 1.20259e-08, 1.70247, 0.896743, 0, 1.20259e-08, 1.20259e-08, 1.20259e-08, 1.20259e-08, 1.20259e-08, 1.20259e-08, 1.20259e-08, 1.20259e-08, 1.20259e-08, 1.20259e-08, 1.20259e-08, 1.20259e-08, 1.20259e-08, 1.20259e-08, 3.00703e-07, 1.20259e-08, 0.00167118, 1.20259e-08, 1.20259e-08
16.5708, 0, 0.00169266, 1.87007e-08, 1.41421, -0.00169266, 0, 1.87007e-08, 1.87007e-08, 1.87007e-08, 1.87007e-08, 1.87007e-08, 1.87007e-08, 1.87007e-08, 1.87007e-08, 1.87007e-08, 1.87007e-08, 1.87007e-08, 1.87007e-08, 1.87007e-08, 1.87007e-08, 3.07625e-07, 1.87007e-08, 0.00169237, 1.87007e-08, 1.87007e-08
16.5787, 0, 0.00171409, 1.65128e-08, 1.41421, -0.00171409, 0, 1.65128e-08, 1.65128e-08, 1.65128e-08, 1.65128e-08, 1.65128e-08, 1.65128e-08, 1.65128e-08, 1.65128e-08, 1.65128e-08, 1.65128e-08, 1.65128e-08, 1.65128e-08, 1.65128e-08, 1.65128e-08, 3.05684e-07, 1.65128e-08, 0.0017138, 1.65128e-08, 1.65128e-08
16.5865, 0, 0.00173579, 1.05237e-08, 1.41421, -0.00173579, 0, 1.05237e-08, 1.05237e-08, 1.05237e-08, 1.05237e-08, 1.05237e-08, 1.05237e-08, 1.05237e-08, 1.05237e-08, 1.05237e-08, 1.05237e-08, 1.05237e-08, 1.05237e-08, 1.05237e-08, 1.05237e-08, 2.99943e-07, 1.05237e-08, 0.0017355, 1.05237e-08, 1.05237e-08
16.5943, 0, 0.00175776, 5.87805e-09, 1.41421, -0.00175776, 0, 5.87805e-09, 5.87805e-09, 5.87805e-09, 5.87805e-09, 5.87805e-09, 5.87805e-09, 5.87805e-09, 5.87805e-09, 5.87805e-09, 5.87805e-09, 5.87805e-09, 5.87805e-09, 5.87805e-09, 5.87805e-09, 2.95546e-07, 5.87805e-09, 0.00175747, 5.87805e-09, 5.87805e-09
16.6022, 0, 0.00178001, 2.20512e-08, 1.41421, -0.00178001, 0, 2.20512e-08, 2.20512e-08, 2.20512e-08, 2.20512e-08, 2.20512e-08, 2.20512e-08, 2.20512e-08, 2.20512e-08, 2.20512e-08, 2.20512e-08, 2.20512e-08, 2.20512e-08, 2.20512e-08, 2.20512e-08, 3.11969e-07, 2.20512e-08, 0.00177972, 2.20512e-08, 2.20512e-08
16.61, 0, 0.00180253, 3.33563e-08, 1.41421, -0.00180253, 0, 3.33563e-08, 3.33563e-08, 3.33563e-08, 3.33563e-08, 3.33563e-08, 3.33563e-08, 3.33563e-08, 3.33563e-08, 3.33563e-08, 3.33563e-08, 3.33563e-08, 3.33563e-08, 3.33563e-08, 3.33563e-08, 3.23524e-07, 3.33563e-08, 0.00180224, 3.33563e-08, 3.33563e-08
16.6179, 0, 0.00182532, 2.87936e-08, 1.41421, -0.00182532, 0, 2.87936e-08, 2.87936e-08, 2.87936e-08, 2.87936e-08, 2.87936e-08, 2.87936e-08, 2.87936e-08, 2.87936e-08, 2.87936e-08, 2.87936e-08, 2.87936e-08, 2.87936e-08, 2.87936e-08, 2.87936e-08, 3.19212e-07, 2.87936e-08, 0.00182503, 2.87936e-08, 2.87936e-08
16.6257, 1, 0.00184838, 1.77397e-08, 1.73205, 0.998152, 0, 1.77397e-08, 1.77397e-08, 1.77397e-08, 1.77397e-08, 1.77397e-08, 1.77397e-08, 1.77397e-08, 1.77397e-08, 1.77397e-08, 1.77397e-08, 1.77397e-08, 1.77397e-08, 1.77397e-08, 1.77397e-08, 3.08409e-07, 1.77397e-08, 0.00184809, 1.77397e-08, 1.77397e-08
16.6336, 0, 0.00187173, 9.34983e-09, 1.41421, -0.00187173, 0, 9.34983e-09, 9.34983e-09, 9.34983e-09, 9.34983e-09, 9.34983e-09, 9.34983e-09, 9.34983e-09, 9.34983e-09, 9.34983e-09, 9.34983e-09, 9.34983e-09, 9.34983e-09, 9.34983e-09, 9.34983e-09, 3.00271e-07, 9.34983e-09, 0.00187144, 9.34983e-09, 9.34983e-09
16.6414, 0, 0.00189539, 2.0169e-08, 1.41421, -0.00189539, 0, 2.0169e-08, 2.0169e-08, 2.0169e-08, 2.0169e-08, 2.0169e-08, 2.0169e-08, 2.0169e-08, 2.0169e-08, 2.0169e-08, 2.0169e-08, 2.0169e-08, 2.0169e-08, 2.0169e-08, 2.0169e-08, 3.11343e-07, 2.0169e-08, 0.00189509, 2.0169e-08, 2.0169e-08
16.6492, 0, 0.00191932, 2.5343e-08, 1.41421, -0.00191932, 0, 2.5343e-08, 2.5343e-08, 2.5343e-08, 2.5343e-08, 2.5343e-08, 2.5343e-08, 2.5343e-08, 2.5343e-08, 2.5343e-08, 2.5343e-08, 2.5343e-08, 2.5343e-08, 2.5343e-08, 2.5343e-08, 3.1677e-07, 2.5343e-08, 0.00191903, 2.5343e-08, 2.5343e-08
16.6571, 0, 0.00194354, 2.26104e-08, 1.41421, -0.00194354, 0, 2.26104e-08, 2.26104e-08, 2.26104e-08, 2.26104e-08, 2.26104e-08, 2.26104e-08, 2.26104e-08, 2.26104e-08, 2.26104e-08, 2.26104e-08, 2.26104e-08, 2.26104e-08, 2.26104e-08, 2.26104e-08, 3.14291e-07, 2.26104e-08, 0.00194325, 2.26104e-08, 2.26104e-08
16.6649, 0, 0.00196806, 1.65219e-08, 1.41421, -0.00196806, 0, 1.65219e-08, 1.65219e-08, 1.65219e-08, 1.65219e-08, 1.65219e-08, 1.65219e-08, 1.65219e-08, 1.65219e-08, 1.65219e-08, 1.65219e-08, 1.65219e-08, 1.65219e-08, 1.65219e-08, 1.65219e-08, 3.08458e-07, 1.65219e-08, 0.00196777, 1.65219e-08, 1.65219e-08
16.6728, 0, 0.00199288, 1.06157e-08, 1.41421, -0.00199288, 0, 1.06157e-08, 1.06157e-08, 1.06157e-08, 1.06157e-08, 1.06157e-08, 1.06157e-08, 1.06157e-08, 1.06157e-08, 1.06157e-08, 1.06157e-08, 1.06157e-08, 1.06157e-08, 1.06157e-08, 1.06157e-08, 3.02806e-07, 1.06157e-08, 0.00199259, 1.06157e-08, 1.06157e-08
16.6806, 0, 0.00201801, 5.72896e-09, 1.41421, -0.00201801, 0, 5.72896e-09, 5.72896e-09, 5.72896e-09, 5.72896e-09, 5.72896e-09, 5.72896e-09, 5.72896e-09, 5.72896e-09, 5.72896e-09, 5.72896e-09, 5.72896e-09, 5.72896e-09, 5.72896e-09, 5.72896e-09, 2.98176e-07, 5.72896e-09, 0.00201771, 5.72896e-09, 5.72896e-09
16.6885, 0.0609514, 0.00204345, 2.33746e-09, 1.4356, 0.058908, 0, 2.33746e-09, 2.33746e-09, 2.33746e-09, 2.33746e-09, 2.33746e-09, 2.33746e-09, 2.33746e-09, 2.33746e-09, 2.33746e-09, 2.33746e-09, 2.33746e-09, 2.33746e-09, 2.33746e-09, 2.33746e-09, 2.95041e-07, 2.33746e-09, 0.00204316, 2.33746e-09, 2.33746e-09
16.6963, 0.939049, 0.0020692, 1.78962e-09, 1.71437, 0.936979, 0, 1.78962e-09, 1.78962e-09, 1.78962e-09, 1.78962e-09, 1.78962e-09, 1.78962e-09, 1.78962e-09, 1.78962e-09, 1.78962e-09, 1.78962e-09, 1.78962e-09, 1.78962e-09, 1.78962e-09, 1.78962e-09, 2.9475e-07, 1.78962e-09, 0.00206891, 1.78962e-09, 1.78962e-09
16.7041, 0, 0.00209527, 1.31482e-09, 1.41421, -0.00209527, 0, 1.31482e-09, 1.31482e-09, 1.31482e-09, 1.31482e-09, 1.31482e-09, 1.31482e-09, 1.31482e-09, 1.31482e-09, 1.31482e-09, 1.31482e-09, 1.31482e-09, 1.31482e-09, 1.31482e-09, 1.31482e-09, 2.94533e-07, 1.31482e-09, 0.00209498, 1.31482e-09, 1.31482e-09
16.712, 0, 0.00212167, 9.1307e-10, 1.41421, -0.00212167, 0, 9.1307e-10, 9.1307e-10, 9.1307e-10, 9.1307e-10, 9.1307e-10, 9.1307e-10, 9.1307e-10, 9.1307e-10, 9.1307e-10, 9.1307e-10, 9.1307e-10, 9.1307e-10, 9.1307e-10, 9.1307e-10, 2.9439e-07, 9.1307e-10, 0.00212137, 9.1307e-10, 9.1307e-10
16.7198, 0, 0.00214838, 5.48413e-10, 1.41421, -0.00214838, 0, 5.48413e-10, 5.48413e-10, 5.48413e-10, 5.48413e-10, 5.48413e-10, 5.48413e-10, 5.48413e-10, 5.48413e-10, 5.48413e-10, 5.48413e-10, 5.48413e-10, 5.48413e-10, 5.48413e-10, 5.48413e-10, 2.94284e-07, 5.48413e-10, 0.00214809, 5.48413e-10, 5.48413e-10
16.7277, 0, 0.00217542, 2.51665e-10, 1.41421, -0.00217542, 0, 2.51665e-10, 2.51665e-10, 2.51665e-10, 2.51665e-10, 2.51665e-10, 2.51665e-10, 2.51665e-10, 2.51665e-10, 2.51665e-10, 2.51665e-10, 2.51665e-10, 2.51665e-10, 2.51665e-10, 2.51665e-10, 2.94247e-07, 2.51665e-10, 0.00217513, 2.51665e-10, 2.51665e-10
16.7355, 0, 0.00220281, 6.29162e-11, 1.41421, -0.00220281, 0, 6.29162e-11, 6.29162e-11, 6.29162e-11, 6.29162e-11, 6.29162e-11, 6.29162e-11, 6.29162e-11, 6.29162e-11, 6.29162e-11, 6.29162e-11, 6.29162e-11, 6.29162e-11, 6.29162e-11, 6.29162e-11, 2.94319e-07, 6.29162e-11, 0.00220252, 6.29162e-11, 6.29162e-11
16.7434, 0, 0.00223053, 0, 1.41421, -0.00223053, 0, 0, 0, 0, 0, 0, 0, 0, 0, 0, 0, 0, 0, 0, 0, 2.94517e-07, 0, 0.00223023, 0, 0
16.7512, 0, 0.00225858, 0, 1.41421, -0.00225858, 0, 0, 0, 0, 0, 0, 0, 0, 0, 0, 0, 0, 0, 0, 0, 2.94778e-07, 0, 0.00225829, 0, 0
16.759, 0, 0.00228699, 3.29701e-22, 1.41421, -0.00228699, 0, 3.29701e-22, 3.29701e-22, 3.29701e-22, 3.29701e-22, 3.29701e-22, 3.29701e-22, 3.29701e-22, 3.29701e-22, 3.29701e-22, 3.29701e-22, 3.29701e-22, 3.29701e-22, 3.29701e-22, 3.29701e-22, 2.9504e-07, 3.29701e-22, 0.0022867, 2.96285e-10, 3.29701e-22
16.7669, 0, 0.00231574, 1.18227e-21, 1.41421, -0.00231574, 0, 1.18227e-21, 1.18227e-21, 1.18227e-21, 1.18227e-21, 1.18227e-21, 1.18227e-21, 1.18227e-21, 1.18227e-21, 1.18227e-21, 1.18227e-21, 1.18227e-21, 1.18227e-21, 1.18227e-21, 1.18227e-21, 2.95303e-07, 1.18227e-21, 0.00231545, 6.26622e-10, 1.18227e-21
16.7747, 0, 0.00234485, 2.30423e-21, 1.41421, -0.00234485, 0, 2.30423e-21, 2.30423e-21, 2.30423e-21, 2.30423e-21, 2.30423e-21, 2.30423e-21, 2.30423e-21, 2.30423e-21, 2.30423e-21, 2.30423e-21, 2.30423e-21, 2.30423e-21, 2.30423e-21, 2.30423e-21, 2.95567e-07, 2.30423e-21, 0.00234455, 1.05201e-09, 2.30423e-21
16.7826, 0, 0.00237433, 3.63808e-21, 1.41421, -0.00237433, 0, 3.63808e-21, 3.63808e-21, 3.63808e-21, 3.63808e-21, 3.63808e-21, 3.63808e-21, 3.63808e-21, 3.63808e-21, 3.63808e-21, 3.63808e-21, 3.63808e-21, 3.63808e-21, 3.63808e-21, 3.63808e-21, 2.95831e-07, 3.63808e-21, 0.00237403, 1.75168e-09, 3.63808e-21
16.7904, 0, 0.00240416, 5.27521e-21, 1.41421, -0.00240416, 0, 5.27521e-21, 5.27521e-21, 5.27521e-21, 5.27521e-21, 5.27521e-21, 5.27521e-21, 5.27521e-21, 5.27521e-21, 5.27521e-21, 5.27521e-21, 5.27521e-21, 5.27521e-21, 5.27521e-21, 5.27521e-21, 2.96096e-07, 5.27521e-21, 0.00240386, 2.89125e-09, 5.27521e-21
16.7983, 0.0267724, 0.00243436, 8.49021e-21, 1.42365, 0.0243381, 0, 8.49021e-21, 8.49021e-21, 8.49021e-21, 8.49021e-21, 8.49021e-21, 8.49021e-21, 8.49021e-21, 8.49021e-21, 8.49021e-21, 8.49021e-21, 8.49021e-21, 8.49021e-21, 8.49021e-21, 8.49021e-21, 2.96361e-07, 8.49021e-21, 0.00243406, 4.7318e-09, 8.49021e-21
16.8061, 0.973228, 0.00246494, 1.18541e-20, 1.7243, 0.970763, 0, 1.18541e-20, 1.18541e-20, 1.18541e-20, 1.18541e-20, 1.18541e-20, 1.18541e-20, 1.18541e-20, 1.18541e-20, 1.18541e-20, 1.18541e-20, 1.18541e-20, 1.18541e-20, 1.18541e-20, 1.18541e-20, 2.96627e-07, 1.18541e-20, 0.00246463, 7.67953e-09, 1.18541e-20
16.8139, 0, 0.00249589, 1.49222e-20, 1.41421, -0.00249589, 0, 1.49222e-20, 1.49222e-20, 1.49222e-20, 1.49222e-20, 1.49222e-20, 1.49222e-20, 1.49222e-20, 1.49222e-20, 1.49222e-20, 1.49222e-20, 1.49222e-20, 1.49222e-20, 1.49222e-20, 1.49222e-20, 2.96894e-07, 1.49222e-20, 0.00249558, 1.23568e-08, 1.49222e-20
16.8218, 0, 0.00252723, 1.77775e-20, 1.41421, -0.00252723, 0, 1.77775e-20, 1.77775e-20, 1.77775e-20, 1.77775e-20, 1.77775e-20, 1.77775e-20, 1.77775e-20, 1.77775e-20, 1.77775e-20, 1.77775e-20, 1.77775e-20, 1.77775e-20, 1.77775e-20, 1.77775e-20, 2.97161e-07, 1.77775e-20, 0.00252692, 1.97169e-08, 1.77775e-20
16.8296, 0, 0.00255897, 2.05257e-20, 1.41421, -0.00255897, 0, 2.05257e-20, 2.05257e-20, 2.05257e-20, 2.05257e-20, 2.05257e-20, 2.05257e-20, 2.05257e-20, 2.05257e-20, 2.05257e-20, 2.05257e-20, 2.05257e-20, 2.05257e-20, 2.05257e-20, 2.05257e-20, 2.97429e-07, 2.05257e-20, 0.00255864, 3.11955e-08, 2.05257e-20
16.8375, 0, 0.0025911, 2.32818e-20, 1.41421, -0.0025911, 0, 2.32818e-20, 2.32818e-20, 2.32818e-20, 2.32818e-20, 2.32818e-20, 2.32818e-20, 2.32818e-20, 2.32818e-20, 2.32818e-20, 2.32818e-20, 2.32818e-20, 2.32818e-20, 2.32818e-20, 2.32818e-20, 2.97698e-07, 2.32818e-20, 0.00259075, 4.89343e-08, 2.32818e-20
16.8453, 0, 0.00262364, 2.53166e-20, 1.41421, -0.00262364, 0, 2.53166e-20, 2.53166e-20, 2.53166e-20, 2.53166e-20, 2.53166e-20, 2.53166e-20, 2.53166e-20, 2.53166e-20, 2.53166e-20, 2.53166e-20, 2.53166e-20, 2.53166e-20, 2.53166e-20, 2.53166e-20, 2.97967e-07, 2.53166e-20, 0.00262326, 7.61209e-08, 2.53166e-20
16.8532, 0, 0.00265658, 2.65339e-20, 1.41421, -0.00265658, 0, 2.65339e-20, 2.65339e-20, 2.65339e-20, 2.65339e-20, 2.65339e-20, 2.65339e-20, 2.65339e-20, 2.65339e-20, 2.65339e-20, 2.65339e-20, 2.65339e-20, 2.65339e-20, 2.65339e-20, 2.65339e-20, 2.98237e-07, 2.65339e-20, 0.00265617, 1.174e-07, 2.65339e-20
16.861, 0, 0.00268996, 2.73237e-20, 1.41421, -0.00268996, 0, 2.73237e-20, 2.73237e-20, 2.73237e-20, 2.73237e-20, 2.73237e-20, 2.73237e-20, 2.73237e-20, 2.73237e-20, 2.73237e-20, 2.73237e-20, 2.73237e-20, 2.73237e-20, 2.73237e-20, 2.73237e-20, 2.98507e-07, 2.73237e-20, 0.00268948, 1.79539e-07, 2.73237e-20
16.8688, 0.00495786, 0.00272379, 2.81251e-20, 1.41597, 0.00223407, 0, 2.81251e-20, 2.81251e-20, 2.81251e-20, 2.81251e-20, 2.81251e-20, 2.81251e-20, 2.81251e-20, 2.81251e-20, 2.81251e-20, 2.81251e-20, 2.81251e-20, 2.81251e-20, 2.81251e-20, 2.81251e-20, 2.98778e-07, 2.81251e-20, 0.00272322, 2.72283e-07, 2.81251e-20
16.8767, 0.995042, 0.00275807, 3.11321e-20, 1.73062, 0.992284, 0, 3.11321e-20, 3.11321e-20, 3.11321e-20, 3.11321e-20, 3.11321e-20, 3.11321e-20, 3.11321e-20, 3.11321e-20, 3.11321e-20, 3.11321e-20, 3.11321e-20, 3.11321e-20, 3.11321e-20, 3.11321e-20, 2.9905e-07, 3.11321e-20, 0.00275736, 4.09415e-07, 3.11321e-20
16.8845, 0, 0.00279285, 3.33535e-20, 1.41421, -0.00279285, 0, 3.33535e-20, 3.33535e-20, 3.33535e-20, 3.33535e-20, 3.33535e-20, 3.33535e-20, 3.33535e-20, 3.33535e-20, 3.33535e-20, 3.33535e-20, 3.33535e-20, 3.33535e-20, 3.33535e-20, 3.33535e-20, 2.99322e-07, 3.33535e-20, 0.00279194, 6.10493e-07, 3.33535e-20
16.8924, 0, 0.00282815, 3.46169e-20, 1.41421, -0.00282815, 0, 3.46169e-20, 3.46169e-20, 3.46169e-20, 3.46169e-20, 3.46169e-20, 3.46169e-20, 3.46169e-20, 3.46169e-20, 3.46169e-20, 3.46169e-20, 3.46169e-20, 3.46169e-20, 3.46169e-20, 3.46169e-20, 2.99595e-07, 3.46169e-20, 0.00282694, 9.02665e-07, 3.46169e-20
16.9002, 0, 0.002864, 3.51949e-20, 1.41421, -0.002864, 0, 3.51949e-20, 3.51949e-20, 3.51949e-20, 3.51949e-20, 3.51949e-20, 3.51949e-20, 3.51949e-20, 3.51949e-20, 3.51949e-20, 3.51949e-20, 3.51949e-20, 3.51949e-20, 3.51949e-20, 3.51949e-20, 2.99868e-07, 3.51949e-20, 0.00286237, 1.32332e-06, 3.51949e-20
16.9081, 0, 0.00290047, 3.53289e-20, 1.41421, -0.00290047, 0, 3.53289e-20, 3.53289e-20, 3.53289e-20, 3.53289e-20, 3.53289e-20, 3.53289e-20, 3.53289e-20, 3.53289e-20, 3.53289e-20, 3.53289e-20, 3.53289e-20, 3.53289e-20, 3.53289e-20, 3.53289e-20, 3.00142e-07, 3.53289e-20, 0.00289824, 1.92369e-06, 3.53289e-20
16.9159, 0, 0.00293764, 3.51925e-20, 1.41421, -0.00293764, 0, 3.51925e-20, 3.51925e-20, 3.51925e-20, 3.51925e-20, 3.51925e-20, 3.51925e-20, 3.51925e-20, 3.51925e-20, 3.51925e-20, 3.51925e-20, 3.51925e-20, 3.51925e-20, 3.51925e-20, 3.51925e-20, 3.00417e-07, 3.51925e-20, 0.00293457, 2.77321e-06, 3.51925e-20
16.9237, 0, 0.0029756, 3.43637e-20, 1.41421, -0.0029756, 0, 3.43637e-20, 3.43637e-20, 3.43637e-20, 3.43637e-20, 3.43637e-20, 3.43637e-20, 3.43637e-20, 3.43637e-20, 3.43637e-20, 3.43637e-20, 3.43637e-20, 3.43637e-20, 3.43637e-20, 3.43637e-20, 3.00693e-07, 3.43637e-20, 0.00297134, 3.96394e-06, 3.43637e-20
16.9316, 0, 0.00301449, 3.29325e-20, 1.41421, -0.00301449, 0, 3.29325e-20, 3.29325e-20, 3.29325e-20, 3.29325e-20, 3.29325e-20, 3.29325e-20, 3.29325e-20, 3.29325e-20, 3.29325e-20, 3.29325e-20, 3.29325e-20, 3.29325e-20, 3.29325e-20, 3.29325e-20, 3.00969e-07, 3.29325e-20, 0.00300857, 5.61888e-06, 3.29325e-20
16.9394, 1, 0.00305446, 3.12344e-20, 1.73205, 0.996946, 0, 3.12344e-20, 3.12344e-20, 3.12344e-20, 3.12344e-20, 3.12344e-20, 3.12344e-20, 3.12344e-20, 3.12344e-20, 3.12344e-20, 3.12344e-20, 3.12344e-20, 3.12344e-20, 3.12344e-20, 3.12344e-20, 3.01245e-07, 3.12344e-20, 0.00304627, 7.89791e-06, 3.12344e-20
16.9473, 0, 0.00309573, 2.95812e-20, 1.41421, -0.00309573, 0, 2.95812e-20, 2.95812e-20, 2.95812e-20, 2.95812e-20, 2.95812e-20, 2.95812e-20, 2.95812e-20, 2.95812e-20, 2.95812e-20, 2.95812e-20, 2.95812e-20, 2.95812e-20, 2.95812e-20, 2.95812e-20, 3.01522e-07, 2.95812e-20, 0.00308442, 1.10073e-05, 2.95812e-20
16.9551, 0, 0.00313857, 2.9009e-20, 1.41421, -0.00313857, 0, 2.9009e-20, 2.9009e-20, 2.9009e-20, 2.9009e-20, 2.9009e-20, 2.9009e-20, 2.9009e-20, 2.9009e-20, 2.9009e-20, 2.9009e-20, 2.9009e-20, 2.9009e-20, 2.9009e-20, 2.9009e-20, 3.018e-07, 2.9009e-20, 0.00312306, 1.52122e-05, 2.9009e-20
16.963, 0, 0.00318333, 2.80307e-20, 1.41421, -0.00318333, 0, 2.80307e-20, 2.80307e-20, 2.80307e-20, 2.80307e-20, 2.80307e-20, 2.80307e-20, 2.80307e-20, 2.80307e-20, 2.80307e-20, 2.80307e-20, 2.80307e-20, 2.80307e-20, 2.80307e-20, 2.80307e-20, 3.02079e-07, 2.80307e-20, 0.00316218, 2.08491e-05, 2.80307e-20
16.9708, 0, 0.00323042, 2.66676e-20, 1.41421, -0.00323042, 0, 2.66676e-20, 2.66676e-20, 2.66676e-20, 2.66676e-20, 2.66676e-20, 2.66676e-20, 2.66676e-20, 2.66676e-20, 2.66676e-20, 2.66676e-20, 2.66676e-20, 2.66676e-20, 2.66676e-20, 2.66676e-20, 3.02358e-07, 2.66676e-20, 0.00320178, 2.83331e-05, 2.66676e-20
16.9786, 0.971492, 0.00328038, 2.49763e-20, 1.7238, 0.968212, 0, 2.49763e-20, 2.49763e-20, 2.49763e-20, 2.49763e-20, 2.49763e-20, 2.49763e-20, 2.49763e-20, 2.49763e-20, 2.49763e-20, 2.49763e-20, 2.49763e-20, 2.49763e-20, 2.49763e-20, 2.49763e-20, 3.02638e-07, 2.49763e-20, 0.00324189, 3.81841e-05, 2.49763e-20
16.9865, 0.0285077, 0.00333383, 2.30858e-20, 1.42426, 0.0251739, 0, 2.30858e-20, 2.30858e-20, 2.30858e-20, 2.30858e-20, 2.30858e-20, 2.30858e-20, 2.30858e-20, 2.30858e-20, 2.30858e-20, 2.30858e-20, 2.30858e-20, 2.30858e-20, 2.30858e-20, 2.30858e-20, 3.02918e-07, 2.30858e-20, 0.0032825, 5.10296e-05, 2.30858e-20
16.9943, 0, 0.00339153, 2.11095e-20, 1.41421, -0.00339153, 0, 2.11095e-20, 2.11095e-20, 2.11095e-20, 2.11095e-20, 2.11095e-20, 2.11095e-20, 2.11095e-20, 2.11095e-20, 2.11095e-20, 2.11095e-20, 2.11095e-20, 2.11095e-20, 2.11095e-20, 2.11095e-20, 3.03199e-07, 2.11095e-20, 0.00332361, 6.76211e-05, 2.11095e-20
17.0022, 1, 0.0034544, 1.90877e-20, 1.73205, 0.996546, 0, 1.90877e-20, 1.90877e-20, 1.90877e-20, 1.90877e-20, 1.90877e-20, 1.90877e-20, 1.90877e-20, 1.90877e-20, 1.90877e-20, 1.90877e-20, 1.90877e-20, 1.90877e-20, 1.90877e-20, 1.90877e-20, 3.03481e-07, 1.90877e-20, 0.00336523, 8.8858e-05, 1.90877e-20
17.01, 0, 0.0035235, 1.70771e-20, 1.41421, -0.0035235, 0, 1.70771e-20, 1.70771e-20, 1.70771e-20, 1.70771e-20, 1.70771e-20, 1.70771e-20, 1.70771e-20, 1.70771e-20, 1.70771e-20, 1.70771e-20, 1.70771e-20, 1.70771e-20, 1.70771e-20, 1.70771e-20, 3.03763e-07, 1.70771e-20, 0.00340739, 0.000115797, 1.70771e-20
17.0178, 0, 0.00360001, 1.48635e-20, 1.41421, -0.00360001, 0, 1.48635e-20, 1.48635e-20, 1.48635e-20, 1.48635e-20, 1.48635e-20, 1.48635e-20, 1.48635e-20, 1.48635e-20, 1.48635e-20, 1.48635e-20, 1.48635e-20, 1.48635e-20, 1.48635e-20, 1.48635e-20, 3.04046e-07, 1.48635e-20, 0.00345007, 0.000149632, 1.48635e-20
17.0257, 0, 0.00368536, 1.25338e-20, 1.41421, -0.00368536, 0, 1.25338e-20, 1.25338e-20, 1.25338e-20, 1.25338e-20, 1.25338e-20, 1.25338e-20, 1.25338e-20, 1.25338e-20, 1.25338e-20, 1.25338e-20, 1.25338e-20, 1.25338e-20, 1.25338e-20, 1.25338e-20, 3.0433e-07, 1.25338e-20, 0.0034933, 0.000191752, 1.25338e-20
17.0335, 0, 0.00378106, 1.02808e-20, 1.41421, -0.00378106, 0, 1.02808e-20, 1.02808e-20, 1.02808e-20, 1.02808e-20, 1.02808e-20, 1.02808e-20, 1.02808e-20, 1.02808e-20, 1.02808e-20, 1.02808e-20, 1.02808e-20, 1.02808e-20, 1.02808e-20, 1.02808e-20, 3.04614e-07, 1.02808e-20, 0.00353708, 0.000243678, 1.02808e-20
17.0414, 1, 0.00388877, 8.25073e-21, 1.73205, 0.996111, 0, 8.25073e-21, 8.25073e-21, 8.25073e-21, 8.25073e-21, 8.25073e-21, 8.25073e-21, 8.25073e-21, 8.25073e-21, 8.25073e-21, 8.25073e-21, 8.25073e-21, 8.25073e-21, 8.25073e-21, 8.25073e-21, 3.04899e-07, 8.25073e-21, 0.0035814, 0.000307063, 8.25073e-21
17.0492, 1.94969, 0.0040103, 6.43522e-21, 1.98738, 1.94568, 0, 6.43522e-21, 6.43522e-21, 6.43522e-21, 6.43522e-21, 6.43522e-21, 6.43522e-21, 6.43522e-21, 6.43522e-21, 6.43522e-21, 6.43522e-21, 6.43522e-21, 6.43522e-21, 6.43522e-21, 6.43522e-21, 3.05185e-07, 6.43522e-21, 0.00362629, 0.000383711, 6.43522e-21
17.0571, 0.0503098, 0.00414758, 4.75463e-21, 1.43189, 0.0461622, 0, 4.75463e-21, 4.75463e-21, 4.75463e-21, 4.75463e-21, 4.75463e-21, 4.75463e-21, 4.75463e-21, 4.75463e-21, 4.75463e-21, 4.75463e-21, 4.75463e-21, 4.75463e-21, 4.75463e-21, 4.75463e-21, 3.05471e-07, 4.75463e-21, 0.00367175, 0.000475522, 4.75463e-21
17.0649, 0, 0.00430246, 3.32788e-21, 1.41421, -0.00430246, 0, 3.32788e-21, 3.32788e-21, 3.32788e-21, 3.32788e-21, 3.32788e-21, 3.32788e-21, 3.32788e-21, 3.32788e-21, 3.32788e-21, 3.32788e-21, 3.32788e-21, 3.32788e-21, 3.32788e-21, 3.32788e-21, 3.05758e-07, 3.32788e-21, 0.0037178, 0.000584361, 3.32788e-21
17.0728, 0, 0.00447692, 2.29056e-21, 1.41421, -0.00447692, 0, 2.29056e-21, 2.29056e-21, 2.29056e-21, 2.29056e-21, 2.29056e-21, 2.29056e-21, 2.29056e-21, 2.29056e-21, 2.29056e-21, 2.29056e-21, 2.29056e-21, 2.29056e-21, 2.29056e-21, 2.29056e-21, 3.06046e-07, 2.29056e-21, 0.00376444, 0.000712168, 2.29056e-21
17.0806, 0, 0.0046727, 1.36324e-21, 1.41421, -0.0046727, 0, 1.36324e-21, 1.36324e-21, 1.36324e-21, 1.36324e-21, 1.36324e-21, 1.36324e-21, 1.36324e-21, 1.36324e-21, 1.36324e-21, 1.36324e-21, 1.36324e-21, 1.36324e-21, 1.36324e-21, 1.36324e-21, 3.06335e-07, 1.36324e-21, 0.00381169, 0.000860703, 1.36324e-21
17.0884, 0, 0.00489137, 6.22859e-22, 1.41421, -0.00489137, 0, 6.22859e-22, 6.22859e-22, 6.22859e-22, 6.22859e-22, 6.22859e-22, 6.22859e-22, 6.22859e-22, 6.22859e-22, 6.22859e-22, 6.22859e-22, 6.22859e-22, 6.22859e-22, 6.22859e-22, 6.22859e-22, 3.06624e-07, 6.22859e-22, 0.00385954, 0.00103152, 6.22859e-22
17.0963, 0, 0.00513435, 1.55715e-22, 1.41421, -0.00513435, 0, 1.55715e-22, 1.55715e-22, 1.55715e-22, 1.55715e-22, 1.55715e-22, 1.55715e-22, 1.55715e-22, 1.55715e-22, 1.55715e-22, 1.55715e-22, 1.55715e-22, 1.55715e-22, 1.55715e-22, 1.55715e-22, 3.06914e-07, 1.55715e-22, 0.00390803, 0.00122601, 1.55715e-22
17.1041, 0, 0.00540245, 0, 1.41421, -0.00540245, 0, 0, 0, 0, 0, 0, 0, 0, 0, 0, 0, 0, 0, 0, 0, 3.07204e-07, 0, 0.00395715, 0.001445, 0
17.112, 0, 0.00569618, 0, 1.41421, -0.00569618, 0, 0, 0, 0, 0, 0, 0, 0, 0, 0, 0, 0, 0, 0, 0, 3.07495e-07, 0, 0.00400691, 0.00168896, 0
17.1198, 0, 0.00601546, 0, 1.41421, -0.00601546, 0, 0, 0, 0, 0, 0, 0, 0, 0, 0, 0, 0, 0, 0, 0, 3.07787e-07, 0, 0.00405736, 0.00195779, 0
17.1277, 0, 0.00635936, 0, 1.41421, -0.00635936, 0, 0, 0, 0, 0, 0, 0, 0, 0, 0, 0, 0, 0, 0, 0, 3.0808e-07, 0, 0.00410848, 0.00225057, 0
17.1355, 0, 0.00672618, 0, 1.41421, -0.00672618, 0, 0, 0, 0, 0, 0, 0, 0, 0, 0, 0, 0, 0, 0, 0, 3.08373e-07, 0, 0.00416029, 0.00256559, 0
17.1433, 0, 0.00711366, 0, 1.41421, -0.00711366, 0, 0, 0, 0, 0, 0, 0, 0, 0, 0, 0, 0, 0, 0, 0, 3.08667e-07, 0, 0.00421281, 0.00290054, 0
17.1512, 0, 0.0075183, 0, 1.41421, -0.0075183, 0, 0, 0, 0, 0, 0, 0, 0, 0, 0, 0, 0, 0, 0, 0, 3.08961e-07, 0, 0.00426605, 0.00325194, 0
17.159, 0, 0.00793607, 0, 1.41421, -0.00793607, 0, 0, 0, 0, 0, 0, 0, 0, 0, 0, 0, 0, 0, 0, 0, 3.09257e-07, 0, 0.00432003, 0.00361573, 0
17.1669, 0, 0.0083621, 0, 1.41421, -0.0083621, 0, 0, 0, 0, 0, 0, 0, 0, 0, 0, 0, 0, 0, 0, 0, 3.09552e-07, 0, 0.00437478, 0.00398701, 0
17.1747, 0, 0.00879064, 0, 1.41421, -0.00879064, 0, 0, 0, 0, 0, 0, 0, 0, 0, 0, 0, 0, 0, 0, 0, 3.09849e-07, 0, 0.0044303, 0.00436003, 0
17.1825, 0, 0.00921531, 0, 1.41421, -0.00921531, 0, 0, 0, 0, 0, 0, 0, 0, 0, 0, 0, 0, 0, 0, 0, 3.10146e-07, 0, 0.0044866, 0.00472839, 0
17.1904, 0, 0.00962961, 0, 1.41421, -0.00962961, 0, 0, 0, 0, 0, 0, 0, 0, 0, 0, 0, 0, 0, 0, 0, 3.10444e-07, 0, 0.00454372, 0.00508557, 0
17.1982, 0, 0.0100264, 0, 1.41421, -0.0100264, 0, 0, 0, 0, 0, 0, 0, 0, 0, 0, 0, 0, 0, 0, 0, 3.10743e-07, 0, 0.00460165, 0.00542443, 0
17.2061, 0, 0.0103988, 0, 1.41421, -0.0103988, 0, 0, 0, 0, 0, 0, 0, 0, 0, 0, 0, 0, 0, 0, 0, 3.11042e-07, 0, 0.00466041, 0.00573808, 0
17.2139, 0, 0.0107402, 0, 1.41421, -0.0107402, 0, 0, 0, 0, 0, 0, 0, 0, 0, 0, 0, 0, 0, 0, 0, 3.11342e-07, 0, 0.00472004, 0.00601981, 0
17.2218, 0, 0.011044, 0, 1.41421, -0.011044, 0, 0, 0, 0, 0, 0, 0, 0, 0, 0, 0, 0, 0, 0, 0, 3.11642e-07, 0, 0.00478053, 0.00626317, 0
17.2296, 0, 0.0113049, 0, 1.41421, -0.0113049, 0, 0, 0, 0, 0, 0, 0, 0, 0, 0, 0, 0, 0, 0, 0, 3.11943e-07, 0, 0.0048419, 0.00646267, 0
17.2374, 0, 0.011518, 0, 1.41421, -0.011518, 0, 0, 0, 0, 0, 0, 0, 0, 0, 0, 0, 0, 0, 0, 0, 3.12245e-07, 0, 0.00490416, 0.00661351, 0
17.2453, 0, 0.0116797, 0, 1.41421, -0.0116797, 0, 0, 0, 0, 0, 0, 0, 0, 0, 0, 0, 0, 0, 0, 0, 3.12547e-07, 0, 0.0049673, 0.00671204, 0
17.2531, 0, 0.0117876, 0, 1.41421, -0.0117876, 0, 0, 0, 0, 0, 0, 0, 0, 0, 0, 0, 0, 0, 0, 0, 3.1285e-07, 0, 0.00503136, 0.00675593, 0
17.261, 0, 0.0118408, 2.93471e-18, 1.41421, -0.0118408, 0, 2.93471e-18, 2.93471e-18, 2.93471e-18, 2.93471e-18, 2.93471e-18, 2.93471e-18, 2.93471e-18, 2.93471e-18, 2.93471e-18, 2.93471e-18, 2.93471e-18, 2.93471e-18, 2.93471e-18, 2.93471e-18, 3.13154e-07, 2.93471e-18, 0.00509634, 0.00674411, 2.93471e-18
17.2688, 1, 0.0118394, 5.08087e-18, 1.73205, 0.988161, 0, 5.08087e-18, 5.08087e-18, 5.08087e-18, 5.08087e-18, 5.08087e-18, 5.08087e-18, 5.08087e-18, 5.08087e-18, 5.08087e-18, 5.08087e-18, 5.08087e-18, 5.08087e-18, 5.08087e-18, 5.08087e-18, 3.13458e-07, 5.08087e-18, 0.00516224, 0.00667689, 5.08087e-18
17.2767, 0, 0.0117853, 3.33356e-18, 1.41421, -0.0117853, 0, 3.33356e-18, 3.33356e-18, 3.33356e-18, 3.33356e-18, 3.33356e-18, 3.33356e-18, 3.33356e-18, 3.33356e-18, 3.33356e-18, 3.33356e-18, 3.33356e-18, 3.33356e-18, 3.33356e-18, 3.33356e-18, 3.13763e-07, 3.33356e-18, 0.00522908, 0.00655593, 3.33356e-18
17.2845, 0, 0.0116814, 8.3339e-19, 1.41421, -0.0116814, 0, 8.3339e-19, 8.3339e-19, 8.3339e-19, 8.3339e-19, 8.3339e-19, 8.3339e-19, 8.3339e-19, 8.3339e-19, 8.3339e-19, 8.3339e-19, 8.3339e-19, 8.3339e-19, 8.3339e-19, 8.3339e-19, 3.14068e-07, 8.3339e-19, 0.00529686, 0.00638421, 8.3339e-19
17.2923, 0, 0.0115318, 0, 1.41421, -0.0115318, 0, 0, 0, 0, 0, 0, 0, 0, 0, 0, 0, 0, 0, 0, 0, 3.14374e-07, 0, 0.00536557, 0.00616591, 0
17.3002, 0, 0.0113417, 1.73988e-17, 1.41421, -0.0113417, 0, 1.73988e-17, 1.73988e-17, 1.73988e-17, 1.73988e-17, 1.73988e-17, 1.73988e-17, 1.73988e-17, 1.73988e-17, 1.73988e-17, 1.73988e-17, 1.73988e-17, 1.73988e-17, 1.73988e-17, 1.73988e-17, 3.14681e-07, 1.73988e-17, 0.00543525, 0.00590609, 1.73988e-17
17.308, 0, 0.011117, 3.01594e-17, 1.41421, -0.011117, 0, 3.01594e-17, 3.01594e-17, 3.01594e-17, 3.01594e-17, 3.01594e-17, 3.01594e-17, 3.01594e-17, 3.01594e-17, 3.01594e-17, 3.01594e-17, 3.01594e-17, 3.01594e-17, 3.01594e-17, 3.01594e-17, 3.14988e-07, 3.01594e-17, 0.00550587, 0.00561082, 3.01594e-17
17.3159, 1, 0.0108643, 1.97932e-17, 1.73205, 0.989136, 0, 1.97932e-17, 1.97932e-17, 1.97932e-17, 1.97932e-17, 1.97932e-17, 1.97932e-17, 1.97932e-17, 1.97932e-17, 1.97932e-17, 1.97932e-17, 1.97932e-17, 1.97932e-17, 1.97932e-17, 1.97932e-17, 3.15296e-07, 1.97932e-17, 0.00557745, 0.00528655, 1.97932e-17
17.3237, 0, 0.0105904, 4.94831e-18, 1.41421, -0.0105904, 0, 4.94831e-18, 4.94831e-18, 4.94831e-18, 4.94831e-18, 4.94831e-18, 4.94831e-18, 4.94831e-18, 4.94831e-18, 4.94831e-18, 4.94831e-18, 4.94831e-18, 4.94831e-18, 4.94831e-18, 4.94831e-18, 3.15605e-07, 4.94831e-18, 0.00565005, 0.00493999, 4.94831e-18
17.3316, 0, 0.0103023, 0, 1.41421, -0.0103023, 0, 0, 0, 0, 0, 0, 0, 0, 0, 0, 0, 0, 0, 0, 0, 3.15914e-07, 0, 0.00572359, 0.00457843, 0
17.3394, 0, 0.010007, 4.2148e-17, 1.41421, -0.010007, 0, 4.2148e-17, 4.2148e-17, 4.2148e-17, 4.2148e-17, 4.2148e-17, 4.2148e-17, 4.2148e-17, 4.2148e-17, 4.2148e-17, 4.2148e-17, 4.2148e-17, 4.2148e-17, 4.2148e-17, 4.2148e-17, 3.16224e-07, 4.2148e-17, 0.00579813, 0.00420856, 4.2148e-17
17.3472, 0, 0.0097108, 7.46603e-17, 1.41421, -0.0097108, 0, 7.46603e-17, 7.46603e-17, 7.46603e-17, 7.46603e-17, 7.46603e-17, 7.46603e-17, 7.46603e-17, 7.46603e-17, 7.46603e-17, 7.46603e-17, 7.46603e-17, 7.46603e-17, 7.46603e-17, 7.46603e-17, 3.16535e-07, 7.46603e-17, 0.00587371, 0.00383677, 7.46603e-17
17.3551, 0, 0.00941987, 4.92465e-17, 1.41421, -0.00941987, 0, 4.92465e-17, 4.92465e-17, 4.92465e-17, 4.92465e-17, 4.92465e-17, 4.92465e-17, 4.92465e-17, 4.92465e-17, 4.92465e-17, 4.92465e-17, 4.92465e-17, 4.92465e-17, 4.92465e-17, 4.92465e-17, 3.16846e-07, 4.92465e-17, 0.00595029, 0.00346926, 4.92465e-17
17.3629, 0, 0.00913952, 1.23116e-17, 1.41421, -0.00913952, 0, 1.23116e-17, 1.23116e-17, 1.23116e-17, 1.23116e-17, 1.23116e-17, 1.23116e-17, 1.23116e-17, 1.23116e-17, 1.23116e-17, 1.23116e-17, 1.23116e-17, 1.23116e-17, 1.23116e-17, 1.23116e-17, 3.17157e-07, 1.23116e-17, 0.00602792, 0.00311128, 1.23116e-17
17.3708, 0.850842, 0.00887421, 0, 1.68844, 0.841968, 0, 0, 0, 0, 0, 0, 0, 0, 0, 0, 0, 0, 0, 0, 0, 3.1747e-07, 0, 0.00610666, 0.00276724, 0
17.3786, 1.14916, 0.00862801, 4.86326e-17, 1.77459, 1.14053, 0, 4.86326e-17, 4.86326e-17, 4.86326e-17, 4.86326e-17, 4.86326e-17, 4.86326e-17, 4.86326e-17, 4.86326e-17, 4.86326e-17, 4.86326e-17, 4.86326e-17, 4.86326e-17, 4.86326e-17, 4.86326e-17, 3.17783e-07, 4.86326e-17, 0.00618645, 0.00244125, 4.86326e-17
17.3865, 0, 0.00840372, 8.65041e-17, 1.41421, -0.00840372, 0, 8.65041e-17, 8.65041e-17, 8.65041e-17, 8.65041e-17, 8.65041e-17, 8.65041e-17, 8.65041e-17, 8.65041e-17, 8.65041e-17, 8.65041e-17, 8.65041e-17, 8.65041e-17, 8.65041e-17, 8.65041e-17, 3.18096e-07, 8.65041e-17, 0.00626735, 0.00213605, 8.65041e-17
17.3943, 0, 0.00820341, 5.71132e-17, 1.41421, -0.00820341, 0, 5.71132e-17, 5.71132e-17, 5.71132e-17, 5.71132e-17, 5.71132e-17, 5.71132e-17, 5.71132e-17, 5.71132e-17, 5.71132e-17, 5.71132e-17, 5.71132e-17, 5.71132e-17, 5.71132e-17, 5.71132e-17, 3.1841e-07, 5.71132e-17, 0.00634942, 0.00185367, 5.71132e-17
17.4021, 1, 0.00802851, 1.42783e-17, 1.73205, 0.991971, 0, 1.42783e-17, 1.42783e-17, 1.42783e-17, 1.42783e-17, 1.42783e-17, 1.42783e-17, 1.42783e-17, 1.42783e-17, 1.42783e-17, 1.42783e-17, 1.42783e-17, 1.42783e-17, 1.42783e-17, 1.42783e-17, 3.18725e-07, 1.42783e-17, 0.00643265, 0.00159554, 1.42783e-17
17.41, 0, 0.00787954, 0, 1.41421, -0.00787954, 0, 0, 0, 0, 0, 0, 0, 0, 0, 0, 0, 0, 0, 0, 0, 3.1904e-07, 0, 0.00651708, 0.00136214, 0
17.4178, 0, 0.00775644, 4.45147e-17, 1.41421, -0.00775644, 0, 4.45147e-17, 4.45147e-17, 4.45147e-17, 4.45147e-17, 4.45147e-17, 4.45147e-17, 4.45147e-17, 4.45147e-17, 4.45147e-17, 4.45147e-17, 4.45147e-17, 4.45147e-17, 4.45147e-17, 4.45147e-17, 3.19356e-07, 4.45147e-17, 0.00660277, 0.00115335, 4.45147e-17
17.4257, 0, 0.00765865, 7.98534e-17, 1.41421, -0.00765865, 0, 7.98534e-17, 7.98534e-17, 7.98534e-17, 7.98534e-17, 7.98534e-17, 7.98534e-17, 7.98534e-17, 7.98534e-17, 7.98534e-17, 7.98534e-17, 7.98534e-17, 7.98534e-17, 7.98534e-17, 7.98534e-17, 3.19672e-07, 7.98534e-17, 0.00668974, 0.00096859, 7.98534e-17
17.4335, 0, 0.00758515, 5.28252e-17, 1.41421, -0.00758515, 0, 5.28252e-17, 5.28252e-17, 5.28252e-17, 5.28252e-17, 5.28252e-17, 5.28252e-17, 5.28252e-17, 5.28252e-17, 5.28252e-17, 5.28252e-17, 5.28252e-17, 5.28252e-17, 5.28252e-17, 5.28252e-17, 3.19989e-07, 5.28252e-17, 0.006778, 0.000806831, 5.28252e-17
17.4414, 0, 0.00753453, 1.32063e-17, 1.41421, -0.00753453, 0, 1.32063e-17, 1.32063e-17, 1.32063e-17, 1.32063e-17, 1.32063e-17, 1.32063e-17, 1.32063e-17, 1.32063e-17, 1.32063e-17, 1.32063e-17, 1.32063e-17, 1.32063e-17, 1.32063e-17, 1.32063e-17, 3.20307e-07, 1.32063e-17, 0.00686764, 0.000666577, 1.32063e-17
17.4492, 0, 0.0075052, 0, 1.41421, -0.0075052, 0, 0, 0, 0, 0, 0, 0, 0, 0, 0, 0, 0, 0, 0, 0, 3.20625e-07, 0, 0.00695864, 0.000546244, 0
17.457, 0, 0.00749538, 3.46743e-17, 1.41421, -0.00749538, 0, 3.46743e-17, 3.46743e-17, 3.46743e-17, 3.46743e-17, 3.46743e-17, 3.46743e-17, 3.46743e-17, 3.46743e-17, 3.46743e-17, 3.46743e-17, 3.46743e-17, 3.46743e-17, 3.46743e-17, 3.46743e-17, 3.20944e-07, 3.46743e-17, 0.00705107, 0.000443989, 3.46743e-17
17.4649, 0, 0.00750324, 6.23635e-17, 1.41421, -0.00750324, 0, 6.23635e-17, 6.23635e-17, 6.23635e-17, 6.23635e-17, 6.23635e-17, 6.23635e-17, 6.23635e-17, 6.23635e-17, 6.23635e-17, 6.23635e-17, 6.23635e-17, 6.23635e-17, 6.23635e-17, 6.23635e-17, 3.21263e-07, 6.23635e-17, 0.007145, 0.000357919, 6.23635e-17
17.4727, 0, 0.00752695, 4.12798e-17, 1.41421, -0.00752695, 0, 4.12798e-17, 4.12798e-17, 4.12798e-17, 4.12798e-17, 4.12798e-17, 4.12798e-17, 4.12798e-17, 4.12798e-17, 4.12798e-17, 4.12798e-17, 4.12798e-17, 4.12798e-17, 4.12798e-17, 4.12798e-17, 3.21583e-07, 4.12798e-17, 0.00724044, 0.000286187, 4.12798e-17
17.4806, 0, 0.00756472, 1.03199e-17, 1.41421, -0.00756472, 0, 1.03199e-17, 1.03199e-17, 1.03199e-17, 1.03199e-17, 1.03199e-17, 1.03199e-17, 1.03199e-17, 1.03199e-17, 1.03199e-17, 1.03199e-17, 1.03199e-17, 1.03199e-17, 1.03199e-17, 1.03199e-17, 3.21904e-07, 1.03199e-17, 0.00733742, 0.000226982, 1.03199e-17
17.4884, 0, 0.0076149, 0, 1.41421, -0.0076149, 0, 0, 0, 0, 0, 0, 0, 0, 0, 0, 0, 0, 0, 0, 0, 3.22225e-07, 0, 0.00743602, 0.000178552, 0
17.4963, 0.81219, 0.0076759, 2.33945e-17, 1.67696, 0.804514, 0, 2.33945e-17, 2.33945e-17, 2.33945e-17, 2.33945e-17, 2.33945e-17, 2.33945e-17, 2.33945e-17, 2.33945e-17, 2.33945e-17, 2.33945e-17, 2.33945e-17, 2.33945e-17, 2.33945e-17, 2.33945e-17, 3.22547e-07, 2.33945e-17, 0.00753625, 0.000139322, 2.33945e-17
17.5041, 1.18781, 0.00774632, 4.23981e-17, 1.78544, 1.18006, 0, 4.23981e-17, 4.23981e-17, 4.23981e-17, 4.23981e-17, 4.23981e-17, 4.23981e-17, 4.23981e-17, 4.23981e-17, 4.23981e-17, 4.23981e-17, 4.23981e-17, 4.23981e-17, 4.23981e-17, 4.23981e-17, 3.22869e-07, 4.23981e-17, 0.00763817, 0.000107828, 4.23981e-17
17.5119, 0, 0.00782495, 2.81131e-17, 1.41421, -0.00782495, 0, 2.81131e-17, 2.81131e-17, 2.81131e-17, 2.81131e-17, 2.81131e-17, 2.81131e-17, 2.81131e-17, 2.81131e-17, 2.81131e-17, 2.81131e-17, 2.81131e-17, 2.81131e-17, 2.81131e-17, 2.81131e-17, 3.23192e-07, 2.81131e-17, 0.00774185, 8.27711e-05, 2.81131e-17
17.5198, 0.805156, 0.00791067, 7.02829e-18, 1.67486, 0.797246, 0, 7.02829e-18, 7.02829e-18, 7.02829e-18, 7.02829e-18, 7.02829e-18, 7.02829e-18, 7.02829e-18, 7.02829e-18, 7.02829e-18, 7.02829e-18, 7.02829e-18, 7.02829e-18, 7.02829e-18, 7.02829e-18, 3.23515e-07, 7.02829e-18, 0.00784732, 6.3021e-05, 7.02829e-18
17.5276, 0.194844, 0.00800252, 0, 1.4815, 0.186841, 0, 0, 0, 0, 0, 0, 0, 0, 0, 0, 0, 0, 0, 0, 0, 3.23839e-07, 0, 0.0079546, 4.75976e-05, 0
17.5355, 0.800198, 0.00809977, 1.27416e-17, 1.67338, 0.792099, 0, 1.27416e-17, 1.27416e-17, 1.27416e-17, 1.27416e-17, 1.27416e-17, 1.27416e-17, 1.27416e-17, 1.27416e-17, 1.27416e-17, 1.27416e-17, 1.27416e-17, 1.27416e-17, 1.27416e-17, 1.27416e-17, 3.24164e-07, 1.27416e-17, 0.00806379, 3.56548e-05, 1.27416e-17
17.5433, 0.199802, 0.00820172, 2.32704e-17, 1.48317, 0.1916, 0, 2.32704e-17, 2.32704e-17, 2.32704e-17, 2.32704e-17, 2.32704e-17, 2.32704e-17, 2.32704e-17, 2.32704e-17, 2.32704e-17, 2.32704e-17, 2.32704e-17, 2.32704e-17, 2.32704e-17, 2.32704e-17, 3.24489e-07, 2.32704e-17, 0.0081749, 2.64941e-05, 2.32704e-17
17.5512, 0, 0.00830787, 1.54571e-17, 1.41421, -0.00830787, 0, 1.54571e-17, 1.54571e-17, 1.54571e-17, 1.54571e-17, 1.54571e-17, 1.54571e-17, 1.54571e-17, 1.54571e-17, 1.54571e-17, 1.54571e-17, 1.54571e-17, 1.54571e-17, 1.54571e-17, 1.54571e-17, 3.24815e-07, 1.54571e-17, 0.00828802, 1.95261e-05, 1.54571e-17
17.559, 0, 0.00841776, 3.86428e-18, 1.41421, -0.00841776, 0, 3.86428e-18, 3.86428e-18, 3.86428e-18, 3.86428e-18, 3.86428e-18, 3.86428e-18, 3.86428e-18, 3.86428e-18, 3.86428e-18, 3.86428e-18, 3.86428e-18, 3.86428e-18, 3.86428e-18, 3.86428e-18, 3.25141e-07, 3.86428e-18, 0.00840316, 1.42753e-05, 3.86428e-18
17.5668, 0, 0.00853108, 0, 1.41421, -0.00853108, 0, 0, 0, 0, 0, 0, 0, 0, 0, 0, 0, 0, 0, 0, 0, 3.25468e-07, 0, 0.0085204, 1.03521e-05, 0
17.5747, 0, 0.00864764, 4.14358e-18, 1.41421, -0.00864764, 0, 4.14358e-18, 4.14358e-18, 4.14358e-18, 4.14358e-18, 4.14358e-18, 4.14358e-18, 4.14358e-18, 4.14358e-18, 4.14358e-18, 4.14358e-18, 4.14358e-18, 4.14358e-18, 4.14358e-18, 4.14358e-18, 3.25796e-07, 4.14358e-18, 0.00863987, 7.44509e-06, 4.14358e-18
17.5825, 0, 0.00876713, 7.51604e-18, 1.41421, -0.00876713, 0, 7.51604e-18, 7.51604e-18, 7.51604e-18, 7.51604e-18, 7.51604e-18, 7.51604e-18, 7.51604e-18, 7.51604e-18, 7.51604e-18, 7.51604e-18, 7.51604e-18, 7.51604e-18, 7.51604e-18, 7.51604e-18, 3.26124e-07, 7.51604e-18, 0.0087615, 5.312e-06, 7.51604e-18
17.5904, 0, 0.0088895, 4.9847e-18, 1.41421, -0.0088895, 0, 4.9847e-18, 4.9847e-18, 4.9847e-18, 4.9847e-18, 4.9847e-18, 4.9847e-18, 4.9847e-18, 4.9847e-18, 4.9847e-18, 4.9847e-18, 4.9847e-18, 4.9847e-18, 4.9847e-18, 4.9847e-18, 3.26453e-07, 4.9847e-18, 0.00888541, 3.75944e-06, 4.9847e-18
17.5982, 0, 0.00901468, 1.24618e-18, 1.41421, -0.00901468, 0, 1.24618e-18, 1.24618e-18, 1.24618e-18, 1.24618e-18, 1.24618e-18, 1.24618e-18, 1.24618e-18, 1.24618e-18, 1.24618e-18, 1.24618e-18, 1.24618e-18, 1.24618e-18, 1.24618e-18, 1.24618e-18, 3.26782e-07, 1.24618e-18, 0.00901171, 2.63893e-06, 1.24618e-18
17.6061, 0.778384, 0.00914257, 0, 1.66685, 0.769241, 0, 0, 0, 0, 0, 0, 0, 0, 0, 0, 0, 0, 0, 0, 0, 3.27112e-07, 0, 0.00914041, 1.83759e-06, 0
17.6139, 0.221616, 0.00927319, 0, 1.49051, 0.212343, 0, 0, 0, 0, 0, 0, 0, 0, 0, 0, 0, 0, 0, 0, 0, 3.27442e-07, 0, 0.00927159, 1.26926e-06, 0
17.6217, 0, 0.00940661, 0, 1.41421, -0.00940661, 0, 0, 0, 0, 0, 0, 0, 0, 0, 0, 0, 0, 0, 0, 0, 3.27773e-07, 0, 0.00940542, 8.69473e-07, 0
17.6296, 0, 0.00954274, 0, 1.41421, -0.00954274, 0, 0, 0, 0, 0, 0, 0, 0, 0, 0, 0, 0, 0, 0, 0, 3.28105e-07, 0, 0.00954182, 5.90916e-07, 0
17.6374, 0, 0.00968169, 0, 1.41421, -0.00968169, 0, 0, 0, 0, 0, 0, 0, 0, 0, 0, 0, 0, 0, 0, 0, 3.28437e-07, 0, 0.00968096, 3.98365e-07, 0
17.6453, 0, 0.00982353, 0, 1.41421, -0.00982353, 0, 0, 0, 0, 0, 0, 0, 0, 0, 0, 0, 0, 0, 0, 0, 3.2877e-07, 0, 0.00982294, 2.66367e-07, 0
17.6531, 0, 0.0099683, 0, 1.41421, -0.0099683, 0, 0, 0, 0, 0, 0, 0, 0, 0, 0, 0, 0, 0, 0, 0, 3.29103e-07, 0, 0.00996779, 1.7669e-07, 0
17.661, 0, 0.0101161, 0, 1.41421, -0.0101161, 0, 0, 0, 0, 0, 0, 0, 0, 0, 0, 0, 0, 0, 0, 0, 3.29437e-07, 0, 0.0101156, 1.16261e-07, 0
17.6688, 0, 0.0102671, 0, 1.41421, -0.0102671, 0, 0, 0, 0, 0, 0, 0, 0, 0, 0, 0, 0, 0, 0, 0, 3.29772e-07, 0, 0.0102667, 7.58673e-08, 0
17.6766, 0, 0.0104212, 0, 1.41421, -0.0104212, 0, 0, 0, 0, 0, 0, 0, 0, 0, 0, 0, 0, 0, 0, 0, 3.30108e-07, 0, 0.0104208, 4.91203e-08, 0
17.6845, 0, 0.0105786, 0, 1.41421, -0.0105786, 0, 0, 0, 0, 0, 0, 0, 0, 0, 0, 0, 0, 0, 0, 0, 3.30444e-07, 0, 0.0105782, 3.15474e-08, 0
17.6923, 0, 0.0107395, 0, 1.41421, -0.0107395, 0, 0, 0, 0, 0, 0, 0, 0, 0, 0, 0, 0, 0, 0, 0, 3.30781e-07, 0, 0.0107391, 2.00961e-08, 0
17.7002, 0, 0.0109039, 0, 1.41421, -0.0109039, 0, 0, 0, 0, 0, 0, 0, 0, 0, 0, 0, 0, 0, 0, 0, 3.31119e-07, 0, 0.0109035, 1.27002e-08, 0
17.708, 0, 0.0110719, 0, 1.41421, -0.0110719, 0, 0, 0, 0, 0, 0, 0, 0, 0, 0, 0, 0, 0, 0, 0, 3.31458e-07, 0, 0.0110715, 7.96175e-09, 0
17.7159, 0, 0.0112437, 0, 1.41421, -0.0112437, 0, 0, 0, 0, 0, 0, 0, 0, 0, 0, 0, 0, 0, 0, 0, 3.31798e-07, 0, 0.0112434, 4.94999e-09, 0
17.7237, 0, 0.0114194, 0, 1.41421, -0.0114194, 0, 0, 0, 0, 0, 0, 0, 0, 0, 0, 0, 0, 0, 0, 0, 3.3214e-07, 0, 0.0114191, 3.05355e-09, 0
17.7315, 0, 0.0115992, 0, 1.41421, -0.0115992, 0, 0, 0, 0, 0, 0, 0, 0, 0, 0, 0, 0, 0, 0, 0, 3.32482e-07, 0, 0.0115988, 1.86857e-09, 0
17.7394, 0, 0.0117831, 0, 1.41421, -0.0117831, 0, 0, 0, 0, 0, 0, 0, 0, 0, 0, 0, 0, 0, 0, 0, 3.32827e-07, 0, 0.0117828, 1.13414e-09, 0
17.7472, 0, 0.0119713, 0, 1.41421, -0.0119713, 0, 0, 0, 0, 0, 0, 0, 0, 0, 0, 0, 0, 0, 0, 0, 3.33173e-07, 0, 0.011971, 6.82948e-10, 0
17.7551, 0, 0.012164, 0, 1.41421, -0.012164, 0, 0, 0, 0, 0, 0, 0, 0, 0, 0, 0, 0, 0, 0, 0, 3.33522e-07, 0, 0.0121636, 4.07959e-10, 0
17.7629, 0, 0.0123613, 0, 1.41421, -0.0123613, 0, 0, 0, 0, 0, 0, 0, 0, 0, 0, 0, 0, 0, 0, 0, 3.33873e-07, 0, 0.012361, 2.41712e-10, 0
17.7708, 0, 0.0125634, 0, 1.41421, -0.0125634, 0, 0, 0, 0, 0, 0, 0, 0, 0, 0, 0, 0, 0, 0, 0, 3.34227e-07, 0, 0.0125631, 5.97088e-11, 0
17.7786, 0, 0.0127704, 0, 1.41421, -0.0127704, 0, 0, 0, 0, 0, 0, 0, 0, 0, 0, 0, 0, 0, 0, 0, 3.34584e-07, 0, 0.0127701, 0, 0
17.7864, 0, 0.0129826, 0, 1.41421, -0.0129826, 0, 0, 0, 0, 0, 0, 0, 0, 0, 0, 0, 0, 0, 0, 0, 3.34946e-07, 0, 0.0129822, 0, 0
17.7943, 0, 0.0131999, 0, 1.41421, -0.0131999, 0, 0, 0, 0, 0, 0, 0, 0, 0, 0, 0, 0, 0, 0, 0, 3.35312e-07, 0, 0.0131996, 0, 0
17.8021, 0.718394, 0.0134228, 0, 1.64876, 0.704971, 0, 0, 0, 0, 0, 0, 0, 0, 0, 0, 0, 0, 0, 0, 0, 3.35684e-07, 0, 0.0134225, 0, 0
17.81, 0.281606, 0.0136513, 0, 1.5105, 0.267955, 0, 0, 0, 0, 0, 0, 0, 0, 0, 0, 0, 0, 0, 0, 0, 3.36061e-07, 0, 0.0136509, 0, 0
17.8178, 0, 0.0138856, 0, 1.41421, -0.0138856, 0, 0, 0, 0, 0, 0, 0, 0, 0, 0, 0, 0, 0, 0, 0, 3.36446e-07, 0, 0.0138852, 0, 0
17.8257, 0, 0.0141259, 0, 1.41421, -0.0141259, 0, 0, 0, 0, 0, 0, 0, 0, 0, 0, 0, 0, 0, 0, 0, 3.36839e-07, 0, 0.0141256, 0, 0
17.8335, 0, 0.0143724, 0, 1.41421, -0.0143724, 0, 0, 0, 0, 0, 0, 0, 0, 0, 0, 0, 0, 0, 0, 0, 3.37241e-07, 0, 0.014372, 0, 0
17.8413, 0, 0.0146252, 0, 1.41421, -0.0146252, 0, 0, 0, 0, 0, 0, 0, 0, 0, 0, 0, 0, 0, 0, 0, 3.37654e-07, 0, 0.0146249, 0, 0
17.8492, 0, 0.0148847, 0, 1.41421, -0.0148847, 0, 0, 0, 0, 0, 0, 0, 0, 0, 0, 0, 0, 0, 0, 0, 3.38079e-07, 0, 0.0148844, 0, 0
17.857, 0, 0.015151, 0, 1.41421, -0.015151, 0, 0, 0, 0, 0, 0, 0, 0, 0, 0, 0, 0, 0, 0, 0, 3.38518e-07, 0, 0.0151506, 0, 0
17.8649, 0, 0.0154244, 0, 1.41421, -0.0154244, 0, 0, 0, 0, 0, 0, 0, 0, 0, 0, 0, 0, 0, 0, 0, 3.38973e-07, 0, 0.015424, 0, 0
17.8727, 0, 0.015705, 6.57518e-13, 1.41421, -0.015705, 0, 6.57518e-13, 6.57518e-13, 6.57518e-13, 6.57518e-13, 6.57518e-13, 6.57518e-13, 6.57518e-13, 6.57518e-13, 6.57518e-13, 6.57518e-13, 6.57518e-13, 6.57518e-13, 6.57518e-13, 6.57518e-13, 3.39446e-07, 6.57518e-13, 0.0157046, 6.57518e-13, 6.57518e-13
17.8806, 0, 0.015993, 2.39641e-12, 1.41421, -0.015993, 0, 2.39641e-12, 2.39641e-12, 2.39641e-12, 2.39641e-12, 2.39641e-12, 2.39641e-12, 2.39641e-12, 2.39641e-12, 2.39641e-12, 2.39641e-12, 2.39641e-12, 2.39641e-12, 2.39641e-12, 2.39641e-12, 3.39942e-07, 2.39641e-12, 0.0159926, 2.39641e-12, 2.39641e-12
17.8884, 0, 0.0162887, 4.97248e-12, 1.41421, -0.0162887, 0, 4.97248e-12, 4.97248e-12, 4.97248e-12, 4.97248e-12, 4.97248e-12, 4.97248e-12, 4.97248e-12, 4.97248e-12, 4.97248e-12, 4.97248e-12, 4.97248e-12, 4.97248e-12, 4.97248e-12, 4.97248e-12, 3.40463e-07, 4.97248e-12, 0.0162884, 4.97248e-12, 4.97248e-12
17.8962, 0, 0.0165925, 8.26517e-12, 1.41421, -0.0165925, 0, 8.26517e-12, 8.26517e-12, 8.26517e-12, 8.26517e-12, 8.26517e-12, 8.26517e-12, 8.26517e-12, 8.26517e-12, 8.26517e-12, 8.26517e-12, 8.26517e-12, 8.26517e-12, 8.26517e-12, 8.26517e-12, 3.41015e-07, 8.26517e-12, 0.0165921, 8.26517e-12, 8.26517e-12
17.9041, 0, 0.0169044, 1.22283e-11, 1.41421, -0.0169044, 0, 1.22283e-11, 1.22283e-11, 1.22283e-11, 1.22283e-11, 1.22283e-11, 1.22283e-11, 1.22283e-11, 1.22283e-11, 1.22283e-11, 1.22283e-11, 1.22283e-11, 1.22283e-11, 1.22283e-11, 1.22283e-11, 3.41601e-07, 1.22283e-11, 0.016904, 1.22283e-11, 1.22283e-11
17.9119, 1, 0.0172247, 1.68704e-11, 1.73205, 0.982775, 0, 1.68704e-11, 1.68704e-11, 1.68704e-11, 1.68704e-11, 1.68704e-11, 1.68704e-11, 1.68704e-11, 1.68704e-11, 1.68704e-11, 1.68704e-11, 1.68704e-11, 1.68704e-11, 1.68704e-11, 1.68704e-11, 3.4223e-07, 1.68704e-11, 0.0172244, 1.68704e-11, 1.68704e-11
17.9198, 0, 0.0175539, 2.22578e-11, 1.41421, -0.0175539, 0, 2.22578e-11, 2.22578e-11, 2.22578e-11, 2.22578e-11, 2.22578e-11, 2.22578e-11, 2.22578e-11, 2.22578e-11, 2.22578e-11, 2.22578e-11, 2.22578e-11, 2.22578e-11, 2.22578e-11, 2.22578e-11, 3.4291e-07, 2.22578e-11, 0.0175536, 2.22578e-11, 2.22578e-11
17.9276, 0, 0.0178919, 3.07128e-11, 1.41421, -0.0178919, 0, 3.07128e-11, 3.07128e-11, 3.07128e-11, 3.07128e-11, 3.07128e-11, 3.07128e-11, 3.07128e-11, 3.07128e-11, 3.07128e-11, 3.07128e-11, 3.07128e-11, 3.07128e-11, 3.07128e-11, 3.07128e-11, 3.43656e-07, 3.07128e-11, 0.0178916, 3.07128e-11, 3.07128e-11
17.9355, 0, 0.0182392, 4.02429e-11, 1.41421, -0.0182392, 0, 4.02429e-11, 4.02429e-11, 4.02429e-11, 4.02429e-11, 4.02429e-11, 4.02429e-11, 4.02429e-11, 4.02429e-11, 4.02429e-11, 4.02429e-11, 4.02429e-11, 4.02429e-11, 4.02429e-11, 4.02429e-11, 3.44479e-07, 4.02429e-11, 0.0182389, 4.02429e-11, 4.02429e-11
17.9433, 0, 0.0185962, 4.87215e-11, 1.41421, -0.0185962, 0, 4.87215e-11, 4.87215e-11, 4.87215e-11, 4.87215e-11, 4.87215e-11, 4.87215e-11, 4.87215e-11, 4.87215e-11, 4.87215e-11, 4.87215e-11, 4.87215e-11, 4.87215e-11, 4.87215e-11, 4.87215e-11, 3.45397e-07, 4.87215e-11, 0.0185958, 4.87215e-11, 4.87215e-11
17.9511, 0, 0.0189628, 5.55998e-11, 1.41421, -0.0189628, 0, 5.55998e-11, 5.55998e-11, 5.55998e-11, 5.55998e-11, 5.55998e-11, 5.55998e-11, 5.55998e-11, 5.55998e-11, 5.55998e-11, 5.55998e-11, 5.55998e-11, 5.55998e-11, 5.55998e-11, 5.55998e-11, 3.46432e-07, 5.55998e-11, 0.0189625, 5.55998e-11, 5.55998e-11
17.959, 0, 0.0193396, 6.09168e-11, 1.41421, -0.0193396, 0, 6.09168e-11, 6.09168e-11, 6.09168e-11, 6.09168e-11, 6.09168e-11, 6.09168e-11, 6.09168e-11, 6.09168e-11, 6.09168e-11, 6.09168e-11, 6.09168e-11, 6.09168e-11, 6.09168e-11, 6.09168e-11, 3.47617e-07, 6.09168e-11, 0.0193393, 6.09168e-11, 6.09168e-11
17.9668, 0, 0.019727, 6.50481e-11, 1.41421, -0.019727, 0, 6.50481e-11, 6.50481e-11, 6.50481e-11, 6.50481e-11, 6.50481e-11, 6.50481e-11, 6.50481e-11, 6.50481e-11, 6.50481e-11, 6.50481e-11, 6.50481e-11, 6.50481e-11, 6.50481e-11, 6.50481e-11, 3.4899e-07, 6.50481e-11, 0.0197267, 6.50481e-11, 6.50481e-11
17.9747, 0, 0.020125, 6.83577e-11, 1.41421, -0.020125, 0, 6.83577e-11, 6.83577e-11, 6.83577e-11, 6.83577e-11, 6.83577e-11, 6.83577e-11, 6.83577e-11, 6.83577e-11, 6.83577e-11, 6.83577e-11, 6.83577e-11, 6.83577e-11, 6.83577e-11, 6.83577e-11, 3.50598e-07, 6.83577e-11, 0.0201246, 6.83577e-11, 6.83577e-11
17.9825, 0, 0.020534, 7.11465e-11, 1.41421, -0.020534, 0, 7.11465e-11, 7.11465e-11, 7.11465e-11, 7.11465e-11, 7.11465e-11, 7.11465e-11, 7.11465e-11, 7.11465e-11, 7.11465e-11, 7.11465e-11, 7.11465e-11, 7.11465e-11, 7.11465e-11, 7.11465e-11, 3.52504e-07, 7.11465e-11, 0.0205336, 7.11465e-11, 7.11465e-11
17.9904, 0, 0.0209545, 7.3332e-11, 1.41421, -0.0209545, 0, 7.3332e-11, 7.3332e-11, 7.3332e-11, 7.3332e-11, 7.3332e-11, 7.3332e-11, 7.3332e-11, 7.3332e-11, 7.3332e-11, 7.3332e-11, 7.3332e-11, 7.3332e-11, 7.3332e-11, 7.3332e-11, 3.54783e-07, 7.3332e-11, 0.0209541, 7.3332e-11, 7.3332e-11
17.9982, 1, 0.0213866, 7.5039e-11, 1.73205, 0.978613, 0, 7.5039e-11, 7.5039e-11, 7.5039e-11, 7.5039e-11, 7.5039e-11, 7.5039e-11, 7.5039e-11, 7.5039e-11, 7.5039e-11, 7.5039e-11, 7.5039e-11, 7.5039e-11, 7.5039e-11, 7.5039e-11, 3.57524e-07, 7.5039e-11, 0.0213863, 7.5039e-11, 7.5039e-11
18.006, 0, 0.0218308, 7.64176e-11, 1.41421, -0.0218308, 0, 7.64176e-11, 7.64176e-11, 7.64176e-11, 7.64176e-11, 7.64176e-11, 7.64176e-11, 7.64176e-11, 7.64176e-11, 7.64176e-11, 7.64176e-11, 7.64176e-11, 7.64176e-11, 7.64176e-11, 7.64176e-11, 3.60841e-07, 7.64176e-11, 0.0218305, 7.64176e-11, 7.64176e-11
18.0139, 0, 0.0222877, 7.72117e-11, 1.41421, -0.0222877, 0, 7.72117e-11, 7.72117e-11, 7.72117e-11, 7.72117e-11, 7.72117e-11, 7.72117e-11, 7.72117e-11, 7.72117e-11, 7.72117e-11, 7.72117e-11, 7.72117e-11, 7.72117e-11, 7.72117e-11, 7.72117e-11, 3.6487e-07, 7.72117e-11, 0.0222873, 7.72117e-11, 7.72117e-11
18.0217, 0, 0.022757, 7.74996e-11, 1.41421, -0.022757, 0, 7.74996e-11, 7.74996e-11, 7.74996e-11, 7.74996e-11, 7.74996e-11, 7.74996e-11, 7.74996e-11, 7.74996e-11, 7.74996e-11, 7.74996e-11, 7.74996e-11, 7.74996e-11, 7.74996e-11, 7.74996e-11, 3.69768e-07, 7.74996e-11, 0.0227567, 7.74996e-11, 7.74996e-11
18.0296, 0, 0.0232395, 7.6916e-11, 1.41421, -0.0232395, 0, 7.6916e-11, 7.6916e-11, 7.6916e-11, 7.6916e-11, 7.6916e-11, 7.6916e-11, 7.6916e-11, 7.6916e-11, 7.6916e-11, 7.6916e-11, 7.6916e-11, 7.6916e-11, 7.6916e-11, 7.6916e-11, 3.75728e-07, 7.6916e-11, 0.0232392, 7.6916e-11, 7.6916e-11
18.0374, 0, 0.0237357, 7.55967e-11, 1.41421, -0.0237357, 0, 7.55967e-11, 7.55967e-11, 7.55967e-11, 7.55967e-11, 7.55967e-11, 7.55967e-11, 7.55967e-11, 7.55967e-11, 7.55967e-11, 7.55967e-11, 7.55967e-11, 7.55967e-11, 7.55967e-11, 7.55967e-11, 3.82975e-07, 7.55967e-11, 0.0237353, 7.55967e-11, 7.55967e-11
18.0453, 0, 0.0242455, 7.39243e-11, 1.41421, -0.0242455, 0, 7.39243e-11, 7.39243e-11, 7.39243e-11, 7.39243e-11, 7.39243e-11, 7.39243e-11, 7.39243e-11, 7.39243e-11, 7.39243e-11, 7.39243e-11, 7.39243e-11, 7.39243e-11, 7.39243e-11, 7.39243e-11, 3.91767e-07, 7.39243e-11, 0.0242452, 7.39243e-11, 7.39243e-11
18.0531, 0, 0.0247698, 7.18552e-11, 1.41421, -0.0247698, 0, 7.18552e-11, 7.18552e-11, 7.18552e-11, 7.18552e-11, 7.18552e-11, 7.18552e-11, 7.18552e-11, 7.18552e-11, 7.18552e-11, 7.18552e-11, 7.18552e-11, 7.18552e-11, 7.18552e-11, 7.18552e-11, 4.02407e-07, 7.18552e-11, 0.0247694, 7.18552e-11, 7.18552e-11
18.0609, 1, 0.0253088, 6.90317e-11, 1.73205, 0.974691, 0, 6.90317e-11, 6.90317e-11, 6.90317e-11, 6.90317e-11, 6.90317e-11, 6.90317e-11, 6.90317e-11, 6.90317e-11, 6.90317e-11, 6.90317e-11, 6.90317e-11, 6.90317e-11, 6.90317e-11, 6.90317e-11, 4.15234e-07, 6.90317e-11, 0.0253083, 6.90317e-11, 6.90317e-11
18.0688, 0, 0.0258626, 6.55322e-11, 1.41421, -0.0258626, 0, 6.55322e-11, 6.55322e-11, 6.55322e-11, 6.55322e-11, 6.55322e-11, 6.55322e-11, 6.55322e-11, 6.55322e-11, 6.55322e-11, 6.55322e-11, 6.55322e-11, 6.55322e-11, 6.55322e-11, 6.55322e-11, 4.30627e-07, 6.55322e-11, 0.0258622, 6.55322e-11, 6.55322e-11
18.0766, 0, 0.0264321, 6.1599e-11, 1.41421, -0.0264321, 0, 6.1599e-11, 6.1599e-11, 6.1599e-11, 6.1599e-11, 6.1599e-11, 6.1599e-11, 6.1599e-11, 6.1599e-11, 6.1599e-11, 6.1599e-11, 6.1599e-11, 6.1599e-11, 6.1599e-11, 6.1599e-11, 4.49021e-07, 6.1599e-11, 0.0264316, 6.1599e-11, 6.1599e-11
18.0845, 0, 0.0270173, 5.75342e-11, 1.41421, -0.0270173, 0, 5.75342e-11, 5.75342e-11, 5.75342e-11, 5.75342e-11, 5.75342e-11, 5.75342e-11, 5.75342e-11, 5.75342e-11, 5.75342e-11, 5.75342e-11, 5.75342e-11, 5.75342e-11, 5.75342e-11, 5.75342e-11, 4.70875e-07, 5.75342e-11, 0.0270168, 5.75342e-11, 5.75342e-11
18.0923, 0, 0.0276187, 5.36082e-11, 1.41421, -0.0276187, 0, 5.36082e-11, 5.36082e-11, 5.36082e-11, 5.36082e-11, 5.36082e-11, 5.36082e-11, 5.36082e-11, 5.36082e-11, 5.36082e-11, 5.36082e-11, 5.36082e-11, 5.36082e-11, 5.36082e-11, 5.36082e-11, 4.96703e-07, 5.36082e-11, 0.0276182, 5.36082e-11, 5.36082e-11
18.1002, 0.626858, 0.0282371, 5.14646e-11, 1.62076, 0.598621, 0, 5.14646e-11, 5.14646e-11, 5.14646e-11, 5.14646e-11, 5.14646e-11, 5.14646e-11, 5.14646e-11, 5.14646e-11, 5.14646e-11, 5.14646e-11, 5.14646e-11, 5.14646e-11, 5.14646e-11, 5.14646e-11, 5.27058e-07, 5.14646e-11, 0.0282365, 5.14646e-11, 5.14646e-11
18.108, 1.37314, 0.0288724, 4.85385e-11, 1.83661, 1.34427, 0, 4.85385e-11, 4.85385e-11, 4.85385e-11, 4.85385e-11, 4.85385e-11, 4.85385e-11, 4.85385e-11, 4.85385e-11, 4.85385e-11, 4.85385e-11, 4.85385e-11, 4.85385e-11, 4.85385e-11, 4.85385e-11, 5.62496e-07, 4.85385e-11, 0.0288719, 4.85385e-11, 4.85385e-11
18.1158, 0, 0.0295255, 4.50116e-11, 1.41421, -0.0295255, 0, 4.50116e-11, 4.50116e-11, 4.50116e-11, 4.50116e-11, 4.50116e-11, 4.50116e-11, 4.50116e-11, 4.50116e-11, 4.50116e-11, 4.50116e-11, 4.50116e-11, 4.50116e-11, 4.50116e-11, 4.50116e-11, 6.03631e-07, 4.50116e-11, 0.0295249, 4.50116e-11, 4.50116e-11
18.1237, 0, 0.0301967, 4.12894e-11, 1.41421, -0.0301967, 0, 4.12894e-11, 4.12894e-11, 4.12894e-11, 4.12894e-11, 4.12894e-11, 4.12894e-11, 4.12894e-11, 4.12894e-11, 4.12894e-11, 4.12894e-11, 4.12894e-11, 4.12894e-11, 4.12894e-11, 4.12894e-11, 6.51062e-07, 4.12894e-11, 0.030196, 4.12894e-11, 4.12894e-11
18.1315, 0, 0.0308862, 3.77279e-11, 1.41421, -0.0308862, 0, 3.77279e-11, 3.77279e-11, 3.77279e-11, 3.77279e-11, 3.77279e-11, 3.77279e-11, 3.77279e-11, 3.77279e-11, 3.77279e-11, 3.77279e-11, 3.77279e-11, 3.77279e-11, 3.77279e-11, 3.77279e-11, 7.05384e-07, 3.77279e-11, 0.0308855, 3.77279e-11, 3.77279e-11
18.1394, 0, 0.0315947, 3.49846e-11, 1.41421, -0.0315947, 0, 3.49846e-11, 3.49846e-11, 3.49846e-11, 3.49846e-11, 3.49846e-11, 3.49846e-11, 3.49846e-11, 3.49846e-11, 3.49846e-11, 3.49846e-11, 3.49846e-11, 3.49846e-11, 3.49846e-11, 3.49846e-11, 7.67203e-07, 3.49846e-11, 0.0315939, 3.49846e-11, 3.49846e-11
18.1472, 2, 0.0323228, 3.17371e-11, 2, 1.96768, 0, 3.17371e-11, 3.17371e-11, 3.17371e-11, 3.17371e-11, 3.17371e-11, 3.17371e-11, 3.17371e-11, 3.17371e-11, 3.17371e-11, 3.17371e-11, 3.17371e-11, 3.17371e-11, 3.17371e-11, 3.17371e-11, 8.37102e-07, 3.17371e-11, 0.032322, 3.17371e-11, 3.17371e-11
18.1551, 0, 0.0330707, 2.81596e-11, 1.41421, -0.0330707, 0, 2.81596e-11, 2.81596e-11, 2.81596e-11, 2.81596e-11, 2.81596e-11, 2.81596e-11, 2.81596e-11, 2.81596e-11, 2.81596e-11, 2.81596e-11, 2.81596e-11, 2.81596e-11, 2.81596e-11, 2.81596e-11, 9.15572e-07, 2.81596e-11, 0.0330698, 2.81596e-11, 2.81596e-11
18.1629, 0, 0.0338392, 2.45683e-11, 1.41421, -0.0338392, 0, 2.45683e-11, 2.45683e-11, 2.45683e-11, 2.45683e-11, 2.45683e-11, 2.45683e-11, 2.45683e-11, 2.45683e-11, 2.45683e-11, 2.45683e-11, 2.45683e-11, 2.45683e-11, 2.45683e-11, 2.45683e-11, 1.00312e-06, 2.45683e-11, 0.0338382, 2.45683e-11, 2.45683e-11
18.1707, 0, 0.0346287, 2.1222e-11, 1.41421, -0.0346287, 0, 2.1222e-11, 2.1222e-11, 2.1222e-11, 2.1222e-11, 2.1222e-11, 2.1222e-11, 2.1222e-11, 2.1222e-11, 2.1222e-11, 2.1222e-11, 2.1222e-11, 2.1222e-11, 2.1222e-11, 2.1222e-11, 1.10011e-06, 2.1222e-11, 0.0346276, 2.1222e-11, 2.1222e-11
18.1786, 2, 0.0354395, 1.92228e-11, 2, 1.96456, 0, 1.92228e-11, 1.92228e-11, 1.92228e-11, 1.92228e-11, 1.92228e-11, 1.92228e-11, 1.92228e-11, 1.92228e-11, 1.92228e-11, 1.92228e-11, 1.92228e-11, 1.92228e-11, 1.92228e-11, 1.92228e-11, 1.20683e-06, 1.92228e-11, 0.0354382, 1.92228e-11, 1.92228e-11
18.1864, 0, 0.0362722, 1.68588e-11, 1.41421, -0.0362722, 0, 1.68588e-11, 1.68588e-11, 1.68588e-11, 1.68588e-11, 1.68588e-11, 1.68588e-11, 1.68588e-11, 1.68588e-11, 1.68588e-11, 1.68588e-11, 1.68588e-11, 1.68588e-11, 1.68588e-11, 1.68588e-11, 1.3235e-06, 1.68588e-11, 0.0362709, 1.68588e-11, 1.68588e-11
18.1943, 0, 0.0371277, 1.42706e-11, 1.41421, -0.0371277, 0, 1.42706e-11, 1.42706e-11, 1.42706e-11, 1.42706e-11, 1.42706e-11, 1.42706e-11, 1.42706e-11, 1.42706e-11, 1.42706e-11, 1.42706e-11, 1.42706e-11, 1.42706e-11, 1.42706e-11, 1.42706e-11, 1.45024e-06, 1.42706e-11, 0.0371262, 1.42706e-11, 1.42706e-11
18.2021, 0, 0.038006, 1.17265e-11, 1.41421, -0.038006, 0, 1.17265e-11, 1.17265e-11, 1.17265e-11, 1.17265e-11, 1.17265e-11, 1.17265e-11, 1.17265e-11, 1.17265e-11, 1.17265e-11, 1.17265e-11, 1.17265e-11, 1.17265e-11, 1.17265e-11, 1.17265e-11, 1.58696e-06, 1.17265e-11, 0.0380044, 1.17265e-11, 1.17265e-11
18.21, 0, 0.0389081, 9.43198e-12, 1.41421, -0.0389081, 0, 9.43198e-12, 9.43198e-12, 9.43198e-12, 9.43198e-12, 9.43198e-12, 9.43198e-12, 9.43198e-12, 9.43198e-12, 9.43198e-12, 9.43198e-12, 9.43198e-12, 9.43198e-12, 9.43198e-12, 9.43198e-12, 1.73357e-06, 9.43198e-12, 0.0389064, 9.43198e-12, 9.43198e-12
18.2178, 0, 0.0398345, 8.02491e-12, 1.41421, -0.0398345, 0, 8.02491e-12, 8.02491e-12, 8.02491e-12, 8.02491e-12, 8.02491e-12, 8.02491e-12, 8.02491e-12, 8.02491e-12, 8.02491e-12, 8.02491e-12, 8.02491e-12, 8.02491e-12, 8.02491e-12, 8.02491e-12, 1.88976e-06, 8.02491e-12, 0.0398326, 8.02491e-12, 8.02491e-12
18.2256, 0, 0.0407853, 6.49917e-12, 1.41421, -0.0407853, 0, 6.49917e-12, 6.49917e-12, 6.49917e-12, 6.49917e-12, 6.49917e-12, 6.49917e-12, 6.49917e-12, 6.49917e-12, 6.49917e-12, 6.49917e-12, 6.49917e-12, 6.49917e-12, 6.49917e-12, 6.49917e-12, 2.05507e-06, 6.49917e-12, 0.0407832, 6.49917e-12, 6.49917e-12
18.2335, 0, 0.0417614, 4.95078e-12, 1.41421, -0.0417614, 0, 4.95078e-12, 4.95078e-12, 4.95078e-12, 4.95078e-12, 4.95078e-12, 4.95078e-12, 4.95078e-12, 4.95078e-12, 4.95078e-12, 4.95078e-12, 4.95078e-12, 4.95078e-12, 4.95078e-12, 4.95078e-12, 2.22902e-06, 4.95078e-12, 0.0417592, 4.95078e-12, 4.95078e-12
18.2413, 1, 0.0427636, 3.53555e-12, 1.73205, 0.957236, 0, 3.53555e-12, 3.53555e-12, 3.53555e-12, 3.53555e-12, 3.53555e-12, 3.53555e-12, 3.53555e-12, 3.53555e-12, 3.53555e-12, 3.53555e-12, 3.53555e-12, 3.53555e-12, 3.53555e-12, 3.53555e-12, 2.41102e-06, 3.53555e-12, 0.0427612, 3.53555e-12, 3.53555e-12
18.2492, 0, 0.043792, 2.35799e-12, 1.41421, -0.043792, 0, 2.35799e-12, 2.35799e-12, 2.35799e-12, 2.35799e-12, 2.35799e-12, 2.35799e-12, 2.35799e-12, 2.35799e-12, 2.35799e-12, 2.35799e-12, 2.35799e-12, 2.35799e-12, 2.35799e-12, 2.35799e-12, 2.60023e-06, 2.35799e-12, 0.0437894, 2.35799e-12, 2.35799e-12
18.257, 0, 0.0448477, 1.62141e-12, 1.41421, -0.0448477, 0, 1.62141e-12, 1.62141e-12, 1.62141e-12, 1.62141e-12, 1.62141e-12, 1.62141e-12, 1.62141e-12, 1.62141e-12, 1.62141e-12, 1.62141e-12, 1.62141e-12, 1.62141e-12, 1.62141e-12, 1.62141e-12, 2.79592e-06, 1.62141e-12, 0.0448449, 1.62141e-12, 1.62141e-12
18.2649, 0, 0.0459311, 9.62964e-13, 1.41421, -0.0459311, 0, 9.62964e-13, 9.62964e-13, 9.62964e-13, 9.62964e-13, 9.62964e-13, 9.62964e-13, 9.62964e-13, 9.62964e-13, 9.62964e-13, 9.62964e-13, 9.62964e-13, 9.62964e-13, 9.62964e-13, 9.62964e-13, 2.99712e-06, 9.62964e-13, 0.0459281, 9.62964e-13, 9.62964e-13
18.2727, 0, 0.0470423, 4.3953e-13, 1.41421, -0.0470423, 0, 4.3953e-13, 4.3953e-13, 4.3953e-13, 4.3953e-13, 4.3953e-13, 4.3953e-13, 4.3953e-13, 4.3953e-13, 4.3953e-13, 4.3953e-13, 4.3953e-13, 4.3953e-13, 4.3953e-13, 4.3953e-13, 3.20282e-06, 4.3953e-13, 0.0470391, 4.3953e-13, 4.3953e-13
18.2805, 0, 0.0481827, 1.09882e-13, 1.41421, -0.0481827, 0, 1.09882e-13, 1.09882e-13, 1.09882e-13, 1.09882e-13, 1.09882e-13, 1.09882e-13, 1.09882e-13, 1.09882e-13, 1.09882e-13, 1.09882e-13, 1.09882e-13, 1.09882e-13, 1.09882e-13, 1.09882e-13, 3.4121e-06, 1.09882e-13, 0.0481793, 1.09882e-13, 1.09882e-13
18.2884, 0, 0.0493522, 0, 1.41421, -0.0493522, 0, 0, 0, 0, 0, 0, 0, 0, 0, 0, 0, 0, 0, 0, 0, 3.62377e-06, 0, 0.0493486, 0, 0
18.2962, 0, 0.0505519, 0, 1.41421, -0.0505519, 0, 0, 0, 0, 0, 0, 0, 0, 0, 0, 0, 0, 0, 0, 0, 3.8368e-06, 0, 0.0505481, 0, 0
18.3041, 0, 0.0517826, 0, 1.41421, -0.0517826, 0, 0, 0, 0, 0, 0, 0, 0, 0, 0, 0, 0, 0, 0, 0, 4.05009e-06, 0, 0.0517785, 0, 0
18.3119, 0, 0.0530446, 0, 1.41421, -0.0530446, 0, 0, 0, 0, 0, 0, 0, 0, 0, 0, 0, 0, 0, 0, 0, 4.26245e-06, 0, 0.0530404, 0, 0
18.3198, 0, 0.0543385, 0, 1.41421, -0.0543385, 0, 0, 0, 0, 0, 0, 0, 0, 0, 0, 0, 0, 0, 0, 0, 4.47264e-06, 0, 0.054334, 0, 0
18.3276, 0, 0.0556654, 0, 1.41421, -0.0556654, 0, 0, 0, 0, 0, 0, 0, 0, 0, 0, 0, 0, 0, 0, 0, 4.67956e-06, 0, 0.0556608, 0, 0
18.3354, 0, 0.0570256, 0, 1.41421, -0.0570256, 0, 0, 0, 0, 0, 0, 0, 0, 0, 0, 0, 0, 0, 0, 0, 4.88187e-06, 0, 0.0570207, 0, 0
18.3433, 0, 0.0584201, 0, 1.41421, -0.0584201, 0, 0, 0, 0, 0, 0, 0, 0, 0, 0, 0, 0, 0, 0, 0, 5.07837e-06, 0, 0.058415, 0, 0
18.3511, 0, 0.0598499, 0, 1.41421, -0.0598499, 0, 0, 0, 0, 0, 0, 0, 0, 0, 0, 0, 0, 0, 0, 0, 5.26778e-06, 0, 0.0598446, 0, 0
18.359, 0, 0.0613156, 0, 1.41421, -0.0613156, 0, 0, 0, 0, 0, 0, 0, 0, 0, 0, 0, 0, 0, 0, 0, 5.44873e-06, 0, 0.0613102, 0, 0
18.3668, 0.544621, 0.0628176, 0, 1.59519, 0.481803, 0, 0, 0, 0, 0, 0, 0, 0, 0, 0, 0, 0, 0, 0, 0, 5.61977e-06, 0, 0.062812, 0, 0
18.3747, 0.455379, 0.0643575, 0, 1.56696, 0.391022, 0, 0, 0, 0, 0, 0, 0, 0, 0, 0, 0, 0, 0, 0, 0, 5.77957e-06, 0, 0.0643517, 0, 0
18.3825, 0, 0.0659353, 0, 1.41421, -0.0659353, 0, 0, 0, 0, 0, 0, 0, 0, 0, 0, 0, 0, 0, 0, 0, 5.9266e-06, 0, 0.0659294, 0, 0
18.3903, 0, 0.0675522, 0, 1.41421, -0.0675522, 0, 0, 0, 0, 0, 0, 0, 0, 0, 0, 0, 0, 0, 0, 0, 6.05942e-06, 0, 0.0675462, 0, 0
18.3982, 0, 0.0692095, 0, 1.41421, -0.0692095, 0, 0, 0, 0, 0, 0, 0, 0, 0, 0, 0, 0, 0, 0, 0, 6.17658e-06, 0, 0.0692033, 0, 0
18.406, 0, 0.0709074, 0, 1.41421, -0.0709074, 0, 0, 0, 0, 0, 0, 0, 0, 0, 0, 0, 0, 0, 0, 0, 6.27659e-06, 0, 0.0709012, 0, 0
18.4139, 0, 0.0726463, 0, 1.41421, -0.0726463, 0, 0, 0, 0, 0, 0, 0, 0, 0, 0, 0, 0, 0, 0, 0, 6.35801e-06, 0, 0.0726399, 0, 0
18.4217, 0, 0.0744276, 0, 1.41421, -0.0744276, 0, 0, 0, 0, 0, 0, 0, 0, 0, 0, 0, 0, 0, 0, 0, 6.41953e-06, 0, 0.0744212, 0, 0
18.4296, 0, 0.0762509, 0, 1.41421, -0.0762509, 0, 0, 0, 0, 0, 0, 0, 0, 0, 0, 0, 0, 0, 0, 0, 6.45991e-06, 0, 0.0762444, 0, 0
18.4374, 0, 0.0781169, 0, 1.41421, -0.0781169, 0, 0, 0, 0, 0, 0, 0, 0, 0, 0, 0, 0, 0, 0, 0, 6.47808e-06, 0, 0.0781104, 0, 0
18.4452, 1.52058, 0.0800265, 0, 1.87632, 1.44055, 0, 0, 0, 0, 0, 0, 0, 0, 0, 0, 0, 0, 0, 0, 0, 6.47313e-06, 0, 0.08002, 0, 0
18.4531, 0.479425, 0.0819785, 0, 1.57462, 0.397446, 0, 0, 0, 0, 0, 0, 0, 0, 0, 0, 0, 0, 0, 0, 0, 6.44442e-06, 0, 0.081972, 0, 0
18.4609, 0, 0.0839736, 0, 1.41421, -0.0839736, 0, 0, 0, 0, 0, 0, 0, 0, 0, 0, 0, 0, 0, 0, 0, 6.3915e-06, 0, 0.0839672, 0, 0
18.4688, 0, 0.0860109, 0, 1.41421, -0.0860109, 0, 0, 0, 0, 0, 0, 0, 0, 0, 0, 0, 0, 0, 0, 0, 6.31427e-06, 0, 0.0860045, 0, 0
18.4766, 0, 0.0880888, 0, 1.41421, -0.0880888, 0, 0, 0, 0, 0, 0, 0, 0, 0, 0, 0, 0, 0, 0, 0, 6.21295e-06, 0, 0.0880826, 0, 0
18.4844, 0, 0.0902066, 0, 1.41421, -0.0902066, 0, 0, 0, 0, 0, 0, 0, 0, 0, 0, 0, 0, 0, 0, 0, 6.08806e-06, 0, 0.0902005, 0, 0
18.4923, 0, 0.0923631, 0, 1.41421, -0.0923631, 0, 0, 0, 0, 0, 0, 0, 0, 0, 0, 0, 0, 0, 0, 0, 5.94044e-06, 0, 0.0923571, 0, 0
18.5001, 0, 0.0945551, 0, 1.41421, -0.0945551, 0, 0, 0, 0, 0, 0, 0, 0, 0, 0, 0, 0, 0, 0, 0, 5.77138e-06, 0, 0.0945493, 0, 0
18.508, 0, 0.096781, 0, 1.41421, -0.096781, 0, 0, 0, 0, 0, 0, 0, 0, 0, 0, 0, 0, 0, 0, 0, 5.58235e-06, 0, 0.0967754, 0, 0
18.5158, 0, 0.0990371, 0, 1.41421, -0.0990371, 0, 0, 0, 0, 0, 0, 0, 0, 0, 0, 0, 0, 0, 0, 0, 5.37526e-06, 0, 0.0990317, 0, 0
18.5237, 0, 0.101319, 0, 1.41421, -0.101319, 0, 0, 0, 0, 0, 0, 0, 0, 0, 0, 0, 0, 0, 0, 0, 5.15229e-06, 0, 0.101314, 0, 0
18.5315, 0, 0.103624, 0, 1.41421, -0.103624, 0, 0, 0, 0, 0, 0, 0, 0, 0, 0, 0, 0, 0, 0, 0, 4.91573e-06, 0, 0.103619, 0, 0
18.5394, 0, 0.105946, 0, 1.41421, -0.105946, 0, 0, 0, 0, 0, 0, 0, 0, 0, 0, 0, 0, 0, 0, 0, 4.66826e-06, 0, 0.105941, 0, 0
18.5472, 0, 0.10828, 0, 1.41421, -0.10828, 0, 0, 0, 0, 0, 0, 0, 0, 0, 0, 0, 0, 0, 0, 0, 4.41252e-06, 0, 0.108275, 0, 0
18.555, 0, 0.110621, 0, 1.41421, -0.110621, 0, 0, 0, 0, 0, 0, 0, 0, 0, 0, 0, 0, 0, 0, 0, 4.15116e-06, 0, 0.110617, 0, 0
18.5629, 0, 0.11296, 1.69067e-34, 1.41421, -0.11296, 0, 1.69067e-34, 1.69067e-34, 1.69067e-34, 1.69067e-34, 1.69067e-34, 1.69067e-34, 1.69067e-34, 1.69067e-34, 1.69067e-34, 1.69067e-34, 1.69067e-34, 1.69067e-34, 1.69067e-34, 1.69067e-34, 3.88723e-06, 1.69067e-34, 0.112956, 1.69067e-34, 1.69067e-34
18.5707, 0, 0.115292, 6.21473e-34, 1.41421, -0.115292, 0, 6.21473e-34, 6.21473e-34, 6.21473e-34, 6.21473e-34, 6.21473e-34, 6.21473e-34, 6.21473e-34, 6.21473e-34, 6.21473e-34, 6.21473e-34, 6.21473e-34, 6.21473e-34, 6.21473e-34, 6.21473e-34, 3.62335e-06, 6.21473e-34, 0.115288, 6.21473e-34, 6.21473e-34
18.5786, 0, 0.117609, 1.28214e-33, 1.41421, -0.117609, 0, 1.28214e-33, 1.28214e-33, 1.28214e-33, 1.28214e-33, 1.28214e-33, 1.28214e-33, 1.28214e-33, 1.28214e-33, 1.28214e-33, 1.28214e-33, 1.28214e-33, 1.28214e-33, 1.28214e-33, 1.28214e-33, 3.36206e-06, 1.28214e-33, 0.117606, 1.28214e-33, 1.28214e-33
18.5864, 0, 0.119902, 2.07297e-33, 1.41421, -0.119902, 0, 2.07297e-33, 2.07297e-33, 2.07297e-33, 2.07297e-33, 2.07297e-33, 2.07297e-33, 2.07297e-33, 2.07297e-33, 2.07297e-33, 2.07297e-33, 2.07297e-33, 2.07297e-33, 2.07297e-33, 2.07297e-33, 3.10597e-06, 2.07297e-33, 0.119899, 2.07297e-33, 2.07297e-33
18.5942, 0, 0.122164, 2.95507e-33, 1.41421, -0.122164, 0, 2.95507e-33, 2.95507e-33, 2.95507e-33, 2.95507e-33, 2.95507e-33, 2.95507e-33, 2.95507e-33, 2.95507e-33, 2.95507e-33, 2.95507e-33, 2.95507e-33, 2.95507e-33, 2.95507e-33, 2.95507e-33, 2.85725e-06, 2.95507e-33, 0.122161, 2.95507e-33, 2.95507e-33
18.6021, 0.472484, 0.124386, 3.90959e-33, 1.57241, 0.348098, 0, 3.90959e-33, 3.90959e-33, 3.90959e-33, 3.90959e-33, 3.90959e-33, 3.90959e-33, 3.90959e-33, 3.90959e-33, 3.90959e-33, 3.90959e-33, 3.90959e-33, 3.90959e-33, 3.90959e-33, 3.90959e-33, 2.6178e-06, 3.90959e-33, 0.124383, 3.90959e-33, 3.90959e-33
18.6099, 0.527516, 0.126557, 4.86638e-33, 1.58982, 0.40096, 0, 4.86638e-33, 4.86638e-33, 4.86638e-33, 4.86638e-33, 4.86638e-33, 4.86638e-33, 4.86638e-33, 4.86638e-33, 4.86638e-33, 4.86638e-33, 4.86638e-33, 4.86638e-33, 4.86638e-33, 4.86638e-33, 2.38955e-06, 4.86638e-33, 0.126554, 4.86638e-33, 4.86638e-33
18.6178, 0, 0.128668, 5.78889e-33, 1.41421, -0.128668, 0, 5.78889e-33, 5.78889e-33, 5.78889e-33, 5.78889e-33, 5.78889e-33, 5.78889e-33, 5.78889e-33, 5.78889e-33, 5.78889e-33, 5.78889e-33, 5.78889e-33, 5.78889e-33, 5.78889e-33, 5.78889e-33, 2.17379e-06, 5.78889e-33, 0.128666, 5.78889e-33, 5.78889e-33
18.6256, 0, 0.130711, 6.67906e-33, 1.41421, -0.130711, 0, 6.67906e-33, 6.67906e-33, 6.67906e-33, 6.67906e-33, 6.67906e-33, 6.67906e-33, 6.67906e-33, 6.67906e-33, 6.67906e-33, 6.67906e-33, 6.67906e-33, 6.67906e-33, 6.67906e-33, 6.67906e-33, 1.97157e-06, 6.67906e-33, 0.130709, 6.67906e-33, 6.67906e-33
18.6335, 0, 0.132675, 7.44604e-33, 1.41421, -0.132675, 0, 7.44604e-33, 7.44604e-33, 7.44604e-33, 7.44604e-33, 7.44604e-33, 7.44604e-33, 7.44604e-33, 7.44604e-33, 7.44604e-33, 7.44604e-33, 7.44604e-33, 7.44604e-33, 7.44604e-33, 7.44604e-33, 1.78375e-06, 7.44604e-33, 0.132673, 7.44604e-33, 7.44604e-33
18.6413, 0.460357, 0.13455, 8.09111e-33, 1.56855, 0.325807, 0, 8.09111e-33, 8.09111e-33, 8.09111e-33, 8.09111e-33, 8.09111e-33, 8.09111e-33, 8.09111e-33, 8.09111e-33, 8.09111e-33, 8.09111e-33, 8.09111e-33, 8.09111e-33, 8.09111e-33, 8.09111e-33, 1.61075e-06, 8.09111e-33, 0.134549, 8.09111e-33, 8.09111e-33
18.6491, 0.539643, 0.136327, 8.60168e-33, 1.59363, 0.403316, 0, 8.60168e-33, 8.60168e-33, 8.60168e-33, 8.60168e-33, 8.60168e-33, 8.60168e-33, 8.60168e-33, 8.60168e-33, 8.60168e-33, 8.60168e-33, 8.60168e-33, 8.60168e-33, 8.60168e-33, 8.60168e-33, 1.45271e-06, 8.60168e-33, 0.136326, 8.60168e-33, 8.60168e-33
18.657, 0, 0.137995, 9.00397e-33, 1.41421, -0.137995, 0, 9.00397e-33, 9.00397e-33, 9.00397e-33, 9.00397e-33, 9.00397e-33, 9.00397e-33, 9.00397e-33, 9.00397e-33, 9.00397e-33, 9.00397e-33, 9.00397e-33, 9.00397e-33, 9.00397e-33, 9.00397e-33, 1.30959e-06, 9.00397e-33, 0.137994, 9.00397e-33, 9.00397e-33
18.6648, 0, 0.139546, 9.24202e-33, 1.41421, -0.139546, 0, 9.24202e-33, 9.24202e-33, 9.24202e-33, 9.24202e-33, 9.24202e-33, 9.24202e-33, 9.24202e-33, 9.24202e-33, 9.24202e-33, 9.24202e-33, 9.24202e-33, 9.24202e-33, 9.24202e-33, 9.24202e-33, 1.18108e-06, 9.24202e-33, 0.139544, 9.24202e-33, 9.24202e-33
18.6727, 0, 0.140969, 9.34054e-33, 1.41421, -0.140969, 0, 9.34054e-33, 9.34054e-33, 9.34054e-33, 9.34054e-33, 9.34054e-33, 9.34054e-33, 9.34054e-33, 9.34054e-33, 9.34054e-33, 9.34054e-33, 9.34054e-33, 9.34054e-33, 9.34054e-33, 9.34054e-33, 1.06661e-06, 9.34054e-33, 0.140968, 9.34054e-33, 9.34054e-33
18.6805, 0, 0.142256, 9.305e-33, 1.41421, -0.142256, 0, 9.305e-33, 9.305e-33, 9.305e-33, 9.305e-33, 9.305e-33, 9.305e-33, 9.305e-33, 9.305e-33, 9.305e-33, 9.305e-33, 9.305e-33, 9.305e-33, 9.305e-33, 9.305e-33, 9.65521e-07, 9.305e-33, 0.142255, 9.305e-33, 9.305e-33
18.6884, 0, 0.143398, 9.11198e-33, 1.41421, -0.143398, 0, 9.11198e-33, 9.11198e-33, 9.11198e-33, 9.11198e-33, 9.11198e-33, 9.11198e-33, 9.11198e-33, 9.11198e-33, 9.11198e-33, 9.11198e-33, 9.11198e-33, 9.11198e-33, 9.11198e-33, 9.11198e-33, 8.76976e-07, 9.11198e-33, 0.143397, 9.11198e-33, 9.11198e-33
18.6962, 1, 0.144388, 8.79194e-33, 1.73205, 0.855612, 0, 8.79194e-33, 8.79194e-33, 8.79194e-33, 8.79194e-33, 8.79194e-33, 8.79194e-33, 8.79194e-33, 8.79194e-33, 8.79194e-33, 8.79194e-33, 8.79194e-33, 8.79194e-33, 8.79194e-33, 8.79194e-33, 8.0004e-07, 8.79194e-33, 0.144387, 8.79194e-33, 8.79194e-33
18.704, 0, 0.145219, 8.37838e-33, 1.41421, -0.145219, 0, 8.37838e-33, 8.37838e-33, 8.37838e-33, 8.37838e-33, 8.37838e-33, 8.37838e-33, 8.37838e-33, 8.37838e-33, 8.37838e-33, 8.37838e-33, 8.37838e-33, 8.37838e-33, 8.37838e-33, 8.37838e-33, 7.33759e-07, 8.37838e-33, 0.145218, 8.37838e-33, 8.37838e-33
18.7119, 0, 0.145883, 7.87352e-33, 1.41421, -0.145883, 0, 7.87352e-33, 7.87352e-33, 7.87352e-33, 7.87352e-33, 7.87352e-33, 7.87352e-33, 7.87352e-33, 7.87352e-33, 7.87352e-33, 7.87352e-33, 7.87352e-33, 7.87352e-33, 7.87352e-33, 7.87352e-33, 6.77146e-07, 7.87352e-33, 0.145883, 7.87352e-33, 7.87352e-33
18.7197, 0, 0.146377, 7.26503e-33, 1.41421, -0.146377, 0, 7.26503e-33, 7.26503e-33, 7.26503e-33, 7.26503e-33, 7.26503e-33, 7.26503e-33, 7.26503e-33, 7.26503e-33, 7.26503e-33, 7.26503e-33, 7.26503e-33, 7.26503e-33, 7.26503e-33, 7.26503e-33, 6.29167e-07, 7.26503e-33, 0.146376, 7.26503e-33, 7.26503e-33
18.7276, 0.433598, 0.146695, 6.57676e-33, 1.56, 0.286903, 0, 6.57676e-33, 6.57676e-33, 6.57676e-33, 6.57676e-33, 6.57676e-33, 6.57676e-33, 6.57676e-33, 6.57676e-33, 6.57676e-33, 6.57676e-33, 6.57676e-33, 6.57676e-33, 6.57676e-33, 6.57676e-33, 5.88868e-07, 6.57676e-33, 0.146694, 6.57676e-33, 6.57676e-33
18.7354, 0.566402, 0.146833, 5.85124e-33, 1.602, 0.419569, 0, 5.85124e-33, 5.85124e-33, 5.85124e-33, 5.85124e-33, 5.85124e-33, 5.85124e-33, 5.85124e-33, 5.85124e-33, 5.85124e-33, 5.85124e-33, 5.85124e-33, 5.85124e-33, 5.85124e-33, 5.85124e-33, 5.55294e-07, 5.85124e-33, 0.146832, 5.85124e-33, 5.85124e-33
18.7433, 0, 0.14679, 5.10538e-33, 1.41421, -0.14679, 0, 5.10538e-33, 5.10538e-33, 5.10538e-33, 5.10538e-33, 5.10538e-33, 5.10538e-33, 5.10538e-33, 5.10538e-33, 5.10538e-33, 5.10538e-33, 5.10538e-33, 5.10538e-33, 5.10538e-33, 5.10538e-33, 5.27557e-07, 5.10538e-33, 0.14679, 5.10538e-33, 5.10538e-33
18.7511, 0.426376, 0.146565, 4.33964e-33, 1.55768, 0.279811, 0, 4.33964e-33, 4.33964e-33, 4.33964e-33, 4.33964e-33, 4.33964e-33, 4.33964e-33, 4.33964e-33, 4.33964e-33, 4.33964e-33, 4.33964e-33, 4.33964e-33, 4.33964e-33, 4.33964e-33, 4.33964e-33, 5.04847e-07, 4.33964e-33, 0.146564, 4.33964e-33, 4.33964e-33
18.7589, 1.57362, 0.146158, 3.57831e-33, 1.8904, 1.42747, 0, 3.57831e-33, 3.57831e-33, 3.57831e-33, 3.57831e-33, 3.57831e-33, 3.57831e-33, 3.57831e-33, 3.57831e-33, 3.57831e-33, 3.57831e-33, 3.57831e-33, 3.57831e-33, 3.57831e-33, 3.57831e-33, 4.86422e-07, 3.57831e-33, 0.146158, 3.57831e-33, 3.57831e-33
18.7668, 0, 0.145571, 2.85203e-33, 1.41421, -0.145571, 0, 2.85203e-33, 2.85203e-33, 2.85203e-33, 2.85203e-33, 2.85203e-33, 2.85203e-33, 2.85203e-33, 2.85203e-33, 2.85203e-33, 2.85203e-33, 2.85203e-33, 2.85203e-33, 2.85203e-33, 2.85203e-33, 4.71603e-07, 2.85203e-33, 0.145571, 2.85203e-33, 2.85203e-33
18.7746, 1, 0.144807, 2.17727e-33, 1.73205, 0.855193, 0, 2.17727e-33, 2.17727e-33, 2.17727e-33, 2.17727e-33, 2.17727e-33, 2.17727e-33, 2.17727e-33, 2.17727e-33, 2.17727e-33, 2.17727e-33, 2.17727e-33, 2.17727e-33, 2.17727e-33, 2.17727e-33, 4.59803e-07, 2.17727e-33, 0.144807, 2.17727e-33, 2.17727e-33
18.7825, 0, 0.14387, 1.55959e-33, 1.41421, -0.14387, 0, 1.55959e-33, 1.55959e-33, 1.55959e-33, 1.55959e-33, 1.55959e-33, 1.55959e-33, 1.55959e-33, 1.55959e-33, 1.55959e-33, 1.55959e-33, 1.55959e-33, 1.55959e-33, 1.55959e-33, 1.55959e-33, 4.50497e-07, 1.55959e-33, 0.14387, 1.55959e-33, 1.55959e-33
18.7903, 0, 0.142767, 1.02257e-33, 1.41421, -0.142767, 0, 1.02257e-33, 1.02257e-33, 1.02257e-33, 1.02257e-33, 1.02257e-33, 1.02257e-33, 1.02257e-33, 1.02257e-33, 1.02257e-33, 1.02257e-33, 1.02257e-33, 1.02257e-33, 1.02257e-33, 1.02257e-33, 4.43242e-07, 1.02257e-33, 0.142766, 1.02257e-33, 1.02257e-33
18.7982, 0, 0.141503, 5.84696e-34, 1.41421, -0.141503, 0, 5.84696e-34, 5.84696e-34, 5.84696e-34, 5.84696e-34, 5.84696e-34, 5.84696e-34, 5.84696e-34, 5.84696e-34, 5.84696e-34, 5.84696e-34, 5.84696e-34, 5.84696e-34, 5.84696e-34, 5.84696e-34, 4.3765e-07, 5.84696e-34, 0.141503, 5.84696e-34, 5.84696e-34
18.806, 0, 0.140088, 2.61988e-34, 1.41421, -0.140088, 0, 2.61988e-34, 2.61988e-34, 2.61988e-34, 2.61988e-34, 2.61988e-34, 2.61988e-34, 2.61988e-34, 2.61988e-34, 2.61988e-34, 2.61988e-34, 2.61988e-34, 2.61988e-34, 2.61988e-34, 2.61988e-34, 4.33396e-07, 2.61988e-34, 0.140087, 2.61988e-34, 2.61988e-34
18.8138, 0, 0.13853, 6.54971e-35, 1.41421, -0.13853, 0, 6.54971e-35, 6.54971e-35, 6.54971e-35, 6.54971e-35, 6.54971e-35, 6.54971e-35, 6.54971e-35, 6.54971e-35, 6.54971e-35, 6.54971e-35, 6.54971e-35, 6.54971e-35, 6.54971e-35, 6.54971e-35, 4.30214e-07, 6.54971e-35, 0.138529, 6.54971e-35, 6.54971e-35
18.8217, 0, 0.136839, 0, 1.41421, -0.136839, 0, 0, 0, 0, 0, 0, 0, 0, 0, 0, 0, 0, 0, 0, 0, 4.27878e-07, 0, 0.136839, 0, 0
18.8295, 0, 0.135026, 0, 1.41421, -0.135026, 0, 0, 0, 0, 0, 0, 0, 0, 0, 0, 0, 0, 0, 0, 0, 4.26205e-07, 0, 0.135026, 0, 0
18.8374, 0, 0.133104, 0, 1.41421, -0.133104, 0, 0, 0, 0, 0, 0, 0, 0, 0, 0, 0, 0, 0, 0, 0, 4.25048e-07, 0, 0.133103, 0, 0
18.8452, 0, 0.131083, 0, 1.41421, -0.131083, 0, 0, 0, 0, 0, 0, 0, 0, 0, 0, 0, 0, 0, 0, 0, 4.24288e-07, 0, 0.131082, 0, 0
18.8531, 0, 0.128974, 0, 1.41421, -0.128974, 0, 0, 0, 0, 0, 0, 0, 0, 0, 0, 0, 0, 0, 0, 0, 4.23831e-07, 0, 0.128974, 0, 0
18.8609, 0, 0.126793, 0, 1.41421, -0.126793, 0, 0, 0, 0, 0, 0, 0, 0, 0, 0, 0, 0, 0, 0, 0, 4.23605e-07, 0, 0.126793, 0, 0
18.8687, 0, 0.124549, 0, 1.41421, -0.124549, 0, 0, 0, 0, 0, 0, 0, 0, 0, 0, 0, 0, 0, 0, 0, 4.23551e-07, 0, 0.124549, 0, 0
18.8766, 0, 0.122255, 0, 1.41421, -0.122255, 0, 0, 0, 0, 0, 0, 0, 0, 0, 0, 0, 0, 0, 0, 0, 4.23626e-07, 0, 0.122255, 0, 0
18.8844, 0, 0.119923, 0, 1.41421, -0.119923, 0, 0, 0, 0, 0, 0, 0, 0, 0, 0, 0, 0, 0, 0, 0, 4.23796e-07, 0, 0.119922, 0, 0
18.8923, 0, 0.117563, 0, 1.41421, -0.117563, 0, 0, 0, 0, 0, 0, 0, 0, 0, 0, 0, 0, 0, 0, 0, 4.24036e-07, 0, 0.117562, 0, 0
18.9001, 0, 0.115184, 0, 1.41421, -0.115184, 0, 0, 0, 0, 0, 0, 0, 0, 0, 0, 0, 0, 0, 0, 0, 4.24327e-07, 0, 0.115183, 0, 0
18.908, 0, 0.112798, 0, 1.41421, -0.112798, 0, 0, 0, 0, 0, 0, 0, 0, 0, 0, 0, 0, 0, 0, 0, 4.24654e-07, 0, 0.112797, 0, 0
18.9158, 0, 0.110412, 0, 1.41421, -0.110412, 0, 0, 0, 0, 0, 0, 0, 0, 0, 0, 0, 0, 0, 0, 0, 4.25007e-07, 0, 0.110412, 0, 0
18.9236, 0, 0.108035, 0, 1.41421, -0.108035, 0, 0, 0, 0, 0, 0, 0, 0, 0, 0, 0, 0, 0, 0, 0, 4.25379e-07, 0, 0.108035, 0, 0
18.9315, 0, 0.105674, 0, 1.41421, -0.105674, 0, 0, 0, 0, 0, 0, 0, 0, 0, 0, 0, 0, 0, 0, 0, 4.25764e-07, 0, 0.105673, 0, 0
18.9393, 0, 0.103334, 0, 1.41421, -0.103334, 0, 0, 0, 0, 0, 0, 0, 0, 0, 0, 0, 0, 0, 0, 0, 4.26158e-07, 0, 0.103334, 0, 0
18.9472, 0, 0.10102, 0, 1.41421, -0.10102, 0, 0, 0, 0, 0, 0, 0, 0, 0, 0, 0, 0, 0, 0, 0, 4.26559e-07, 0, 0.10102, 0, 0
18.955, 0, 0.0987389, 0, 1.41421, -0.0987389, 0, 0, 0, 0, 0, 0, 0, 0, 0, 0, 0, 0, 0, 0, 0, 4.26965e-07, 0, 0.0987385, 0, 0
18.9629, 0, 0.0964925, 0, 1.41421, -0.0964925, 0, 0, 0, 0, 0, 0, 0, 0, 0, 0, 0, 0, 0, 0, 0, 4.27374e-07, 0, 0.0964921, 0, 0
18.9707, 0, 0.0942833, 0, 1.41421, -0.0942833, 0, 0, 0, 0, 0, 0, 0, 0, 0, 0, 0, 0, 0, 0, 0, 4.27785e-07, 0, 0.0942829, 0, 0
18.9785, 0, 0.0921149, 0, 1.41421, -0.0921149, 0, 0, 0, 0, 0, 0, 0, 0, 0, 0, 0, 0, 0, 0, 0, 4.28198e-07, 0, 0.0921145, 0, 0
18.9864, 0, 0.0899884, 0, 1.41421, -0.0899884, 0, 0, 0, 0, 0, 0, 0, 0, 0, 0, 0, 0, 0, 0, 0, 4.28613e-07, 0, 0.0899879, 0, 0
18.9942, 0, 0.0879043, 0, 1.41421, -0.0879043, 0, 0, 0, 0, 0, 0, 0, 0, 0, 0, 0, 0, 0, 0, 0, 4.29028e-07, 0, 0.0879039, 0, 0
19.0021, 0, 0.0858639, 0, 1.41421, -0.0858639, 0, 0, 0, 0, 0, 0, 0, 0, 0, 0, 0, 0, 0, 0, 0, 4.29444e-07, 0, 0.0858634, 0, 0
19.0099, 0, 0.0838679, 0, 1.41421, -0.0838679, 0, 0, 0, 0, 0, 0, 0, 0, 0, 0, 0, 0, 0, 0, 0, 4.29861e-07, 0, 0.0838675, 0, 0
19.0178, 0, 0.0819155, 0, 1.41421, -0.0819155, 0, 0, 0, 0, 0, 0, 0, 0, 0, 0, 0, 0, 0, 0, 0, 4.30278e-07, 0, 0.0819151, 0, 0
19.0256, 0, 0.0800073, 0, 1.41421, -0.0800073, 0, 0, 0, 0, 0, 0, 0, 0, 0, 0, 0, 0, 0, 0, 0, 4.30696e-07, 0, 0.0800069, 0, 0
19.0334, 0, 0.0781419, 0, 1.41421, -0.0781419, 0, 0, 0, 0, 0, 0, 0, 0, 0, 0, 0, 0, 0, 0, 0, 4.31115e-07, 0, 0.0781415, 0, 0
19.0413, 0, 0.0763195, 0, 1.41421, -0.0763195, 0, 0, 0, 0, 0, 0, 0, 0, 0, 0, 0, 0, 0, 0, 0, 4.31534e-07, 0, 0.0763191, 0, 0
19.0491, 0, 0.0745387, 0, 1.41421, -0.0745387, 0, 0, 0, 0, 0, 0, 0, 0, 0, 0, 0, 0, 0, 0, 0, 4.31953e-07, 0, 0.0745383, 0, 0
19.057, 0, 0.0727989, 0, 1.41421, -0.0727989, 0, 0, 0, 0, 0, 0, 0, 0, 0, 0, 0, 0, 0, 0, 0, 4.32373e-07, 0, 0.0727985, 0, 0
19.0648, 0, 0.0710998, 0, 1.41421, -0.0710998, 0, 0, 0, 0, 0, 0, 0, 0, 0, 0, 0, 0, 0, 0, 0, 4.32793e-07, 0, 0.0710993, 0, 0
19.0727, 0, 0.06944, 0, 1.41421, -0.06944, 0, 0, 0, 0, 0, 0, 0, 0, 0, 0, 0, 0, 0, 0, 0, 4.33214e-07, 0, 0.0694396, 0, 0
19.0805, 0, 0.0678183, 0, 1.41421, -0.0678183, 0, 0, 0, 0, 0, 0, 0, 0, 0, 0, 0, 0, 0, 0, 0, 4.33635e-07, 0, 0.0678179, 0, 0
19.0883, 0, 0.0662347, 0, 1.41421, -0.0662347, 0, 0, 0, 0, 0, 0, 0, 0, 0, 0, 0, 0, 0, 0, 0, 4.34056e-07, 0, 0.0662343, 0, 0
19.0962, 0, 0.0646875, 0, 1.41421, -0.0646875, 0, 0, 0, 0, 0, 0, 0, 0, 0, 0, 0, 0, 0, 0, 0, 4.34478e-07, 0, 0.0646871, 0, 0
19.104, 0, 0.0631764, 0, 1.41421, -0.0631764, 0, 0, 0, 0, 0, 0, 0, 0, 0, 0, 0, 0, 0, 0, 0, 4.34901e-07, 0, 0.0631759, 0, 0
19.1119, 0, 0.0617008, 0, 1.41421, -0.0617008, 0, 0, 0, 0, 0, 0, 0, 0, 0, 0, 0, 0, 0, 0, 0, 4.35324e-07, 0, 0.0617004, 0, 0
19.1197, 0, 0.0602598, 0, 1.41421, -0.0602598, 0, 0, 0, 0, 0, 0, 0, 0, 0, 0, 0, 0, 0, 0, 0, 4.35747e-07, 0, 0.0602594, 0, 0
19.1276, 0, 0.0588524, 0, 1.41421, -0.0588524, 0, 0, 0, 0, 0, 0, 0, 0, 0, 0, 0, 0, 0, 0, 0, 4.36171e-07, 0, 0.0588519, 0, 0
19.1354, 0, 0.0574784, 0, 1.41421, -0.0574784, 0, 0, 0, 0, 0, 0, 0, 0, 0, 0, 0, 0, 0, 0, 0, 4.36595e-07, 0, 0.057478, 0, 0
19.1432, 0, 0.0561371, 0, 1.41421, -0.0561371, 0, 0, 0, 0, 0, 0, 0, 0, 0, 0, 0, 0, 0, 0, 0, 4.37019e-07, 0, 0.0561367, 0, 0
19.1511, 0, 0.0548271, 0, 1.41421, -0.0548271, 0, 0, 0, 0, 0, 0, 0, 0, 0, 0, 0, 0, 0, 0, 0, 4.37444e-07, 0, 0.0548267, 0, 0
19.1589, 0, 0.0535493, 0, 1.41421, -0.0535493, 0, 0, 0, 0, 0, 0, 0, 0, 0, 0, 0, 0, 0, 0, 0, 4.3787e-07, 0, 0.0535489, 0, 0
19.1668, 0, 0.0523024, 0, 1.41421, -0.0523024, 0, 0, 0, 0, 0, 0, 0, 0, 0, 0, 0, 0, 0, 0, 0, 4.38295e-07, 0, 0.052302, 0, 0
19.1746, 0, 0.0510856, 0, 1.41421, -0.0510856, 0, 0, 0, 0, 0, 0, 0, 0, 0, 0, 0, 0, 0, 0, 0, 4.38722e-07, 0, 0.0510852, 0, 0
19.1825, 0, 0.049899, 0, 1.41421, -0.049899, 0, 0, 0, 0, 0, 0, 0, 0, 0, 0, 0, 0, 0, 0, 0, 4.39148e-07, 0, 0.0498985, 0, 0
19.1903, 0.583044, 0.0487417, 1.10796e-35, 1.60719, 0.534302, 0, 1.10796e-35, 1.10796e-35, 1.10796e-35, 1.10796e-35, 1.10796e-35, 1.10796e-35, 1.10796e-35, 1.10796e-35, 1.10796e-35, 1.10796e-35, 1.10796e-35, 1.10796e-35, 1.10796e-35, 1.10796e-35, 4.39575e-07, 1.10796e-35, 0.0487413, 1.10796e-35, 1.10796e-35
19.1981, 1.41696, 0.0476128, 1.9697e-35, 1.8485, 1.36934, 0, 1.9697e-35, 1.9697e-35, 1.9697e-35, 1.9697e-35, 1.9697e-35, 1.9697e-35, 1.9697e-35, 1.9697e-35, 1.9697e-35, 1.9697e-35, 1.9697e-35, 1.9697e-35, 1.9697e-35, 1.9697e-35, 4.40003e-07, 1.9697e-35, 0.0476123, 1.9697e-35, 1.9697e-35
19.206, 0, 0.0465128, 1.30031e-35, 1.41421, -0.0465128, 0, 1.30031e-35, 1.30031e-35, 1.30031e-35, 1.30031e-35, 1.30031e-35, 1.30031e-35, 1.30031e-35, 1.30031e-35, 1.30031e-35, 1.30031e-35, 1.30031e-35, 1.30031e-35, 1.30031e-35, 1.30031e-35, 4.4043e-07, 1.30031e-35, 0.0465123, 1.30031e-35, 1.30031e-35
19.2138, 0, 0.0454406, 3.25078e-36, 1.41421, -0.0454406, 0, 3.25078e-36, 3.25078e-36, 3.25078e-36, 3.25078e-36, 3.25078e-36, 3.25078e-36, 3.25078e-36, 3.25078e-36, 3.25078e-36, 3.25078e-36, 3.25078e-36, 3.25078e-36, 3.25078e-36, 3.25078e-36, 4.40859e-07, 3.25078e-36, 0.0454402, 3.25078e-36, 3.25078e-36
19.2217, 0, 0.0443955, 0, 1.41421, -0.0443955, 0, 0, 0, 0, 0, 0, 0, 0, 0, 0, 0, 0, 0, 0, 0, 4.41288e-07, 0, 0.0443951, 0, 0
19.2295, 0, 0.0433774, 2.69339e-35, 1.41421, -0.0433774, 0, 2.69339e-35, 2.69339e-35, 2.69339e-35, 2.69339e-35, 2.69339e-35, 2.69339e-35, 2.69339e-35, 2.69339e-35, 2.69339e-35, 2.69339e-35, 2.69339e-35, 2.69339e-35, 2.69339e-35, 2.69339e-35, 4.41717e-07, 2.69339e-35, 0.043377, 2.69339e-35, 2.69339e-35
19.2374, 0, 0.0423856, 4.67781e-35, 1.41421, -0.0423856, 0, 4.67781e-35, 4.67781e-35, 4.67781e-35, 4.67781e-35, 4.67781e-35, 4.67781e-35, 4.67781e-35, 4.67781e-35, 4.67781e-35, 4.67781e-35, 4.67781e-35, 4.67781e-35, 4.67781e-35, 4.67781e-35, 4.42146e-07, 4.67781e-35, 0.0423851, 4.67781e-35, 4.67781e-35
19.2452, 0, 0.0414189, 3.07138e-35, 1.41421, -0.0414189, 0, 3.07138e-35, 3.07138e-35, 3.07138e-35, 3.07138e-35, 3.07138e-35, 3.07138e-35, 3.07138e-35, 3.07138e-35, 3.07138e-35, 3.07138e-35, 3.07138e-35, 3.07138e-35, 3.07138e-35, 3.07138e-35, 4.42577e-07, 3.07138e-35, 0.0414184, 3.07138e-35, 3.07138e-35
19.253, 0, 0.0404777, 7.67845e-36, 1.41421, -0.0404777, 0, 7.67845e-36, 7.67845e-36, 7.67845e-36, 7.67845e-36, 7.67845e-36, 7.67845e-36, 7.67845e-36, 7.67845e-36, 7.67845e-36, 7.67845e-36, 7.67845e-36, 7.67845e-36, 7.67845e-36, 7.67845e-36, 4.43007e-07, 7.67845e-36, 0.0404773, 7.67845e-36, 7.67845e-36
19.2609, 0, 0.0395609, 0, 1.41421, -0.0395609, 0, 0, 0, 0, 0, 0, 0, 0, 0, 0, 0, 0, 0, 0, 0, 4.43438e-07, 0, 0.0395605, 0, 0
19.2687, 0, 0.0386681, 3.94469e-35, 1.41421, -0.0386681, 0, 3.94469e-35, 3.94469e-35, 3.94469e-35, 3.94469e-35, 3.94469e-35, 3.94469e-35, 3.94469e-35, 3.94469e-35, 3.94469e-35, 3.94469e-35, 3.94469e-35, 3.94469e-35, 3.94469e-35, 3.94469e-35, 4.43869e-07, 3.94469e-35, 0.0386677, 3.94469e-35, 3.94469e-35
19.2766, 0, 0.0377986, 7.08837e-35, 1.41421, -0.0377986, 0, 7.08837e-35, 7.08837e-35, 7.08837e-35, 7.08837e-35, 7.08837e-35, 7.08837e-35, 7.08837e-35, 7.08837e-35, 7.08837e-35, 7.08837e-35, 7.08837e-35, 7.08837e-35, 7.08837e-35, 7.08837e-35, 4.44301e-07, 7.08837e-35, 0.0377982, 7.08837e-35, 7.08837e-35
19.2844, 0.262636, 0.0369516, 4.69099e-35, 1.50421, 0.225685, 0, 4.69099e-35, 4.69099e-35, 4.69099e-35, 4.69099e-35, 4.69099e-35, 4.69099e-35, 4.69099e-35, 4.69099e-35, 4.69099e-35, 4.69099e-35, 4.69099e-35, 4.69099e-35, 4.69099e-35, 4.69099e-35, 4.44734e-07, 4.69099e-35, 0.0369511, 4.69099e-35, 4.69099e-35
19.2923, 0.737364, 0.0361265, 1.17275e-35, 1.6545, 0.701237, 0, 1.17275e-35, 1.17275e-35, 1.17275e-35, 1.17275e-35, 1.17275e-35, 1.17275e-35, 1.17275e-35, 1.17275e-35, 1.17275e-35, 1.17275e-35, 1.17275e-35, 1.17275e-35, 1.17275e-35, 1.17275e-35, 4.45167e-07, 1.17275e-35, 0.036126, 1.17275e-35, 1.17275e-35
19.3001, 0, 0.0353229, 0, 1.41421, -0.0353229, 0, 0, 0, 0, 0, 0, 0, 0, 0, 0, 0, 0, 0, 0, 0, 4.45601e-07, 0, 0.0353225, 0, 0
19.3079, 0, 0.0345398, 2.61022e-35, 1.41421, -0.0345398, 0, 2.61022e-35, 2.61022e-35, 2.61022e-35, 2.61022e-35, 2.61022e-35, 2.61022e-35, 2.61022e-35, 2.61022e-35, 2.61022e-35, 2.61022e-35, 2.61022e-35, 2.61022e-35, 2.61022e-35, 2.61022e-35, 4.46037e-07, 2.61022e-35, 0.0345394, 2.61022e-35, 2.61022e-35
19.3158, 0, 0.0337769, 4.74706e-35, 1.41421, -0.0337769, 0, 4.74706e-35, 4.74706e-35, 4.74706e-35, 4.74706e-35, 4.74706e-35, 4.74706e-35, 4.74706e-35, 4.74706e-35, 4.74706e-35, 4.74706e-35, 4.74706e-35, 4.74706e-35, 4.74706e-35, 4.74706e-35, 4.46474e-07, 4.74706e-35, 0.0337764, 4.74706e-35, 4.74706e-35
19.3236, 0.25062, 0.0330332, 3.15017e-35, 1.50021, 0.217587, 0, 3.15017e-35, 3.15017e-35, 3.15017e-35, 3.15017e-35, 3.15017e-35, 3.15017e-35, 3.15017e-35, 3.15017e-35, 3.15017e-35, 3.15017e-35, 3.15017e-35, 3.15017e-35, 3.15017e-35, 3.15017e-35, 4.46913e-07, 3.15017e-35, 0.0330328, 3.15017e-35, 3.15017e-35
19.3315, 0.74938, 0.0323079, 7.87542e-36, 1.65813, 0.717072, 0, 7.87542e-36, 7.87542e-36, 7.87542e-36, 7.87542e-36, 7.87542e-36, 7.87542e-36, 7.87542e-36, 7.87542e-36, 7.87542e-36, 7.87542e-36, 7.87542e-36, 7.87542e-36, 7.87542e-36, 7.87542e-36, 4.47355e-07, 7.87542e-36, 0.0323075, 7.87542e-36, 7.87542e-36
19.3393, 0, 0.0316007, 0, 1.41421, -0.0316007, 0, 0, 0, 0, 0, 0, 0, 0, 0, 0, 0, 0, 0, 0, 0, 4.47802e-07, 0, 0.0316003, 0, 0
19.3472, 0, 0.0309105, 6.90363e-38, 1.41421, -0.0309105, 0, 6.90363e-38, 6.90363e-38, 6.90363e-38, 6.90363e-38, 6.90363e-38, 6.90363e-38, 6.90363e-38, 6.90363e-38, 6.90363e-38, 6.90363e-38, 6.90363e-38, 6.90363e-38, 6.90363e-38, 6.90363e-38, 4.48256e-07, 6.90363e-38, 0.0309101, 6.90363e-38, 6.90363e-38
19.355, 0, 0.0302368, 1.72591e-38, 1.41421, -0.0302368, 0, 1.72591e-38, 1.72591e-38, 1.72591e-38, 1.72591e-38, 1.72591e-38, 1.72591e-38, 1.72591e-38, 1.72591e-38, 1.72591e-38, 1.72591e-38, 1.72591e-38, 1.72591e-38, 1.72591e-38, 1.72591e-38, 4.48721e-07, 1.72591e-38, 0.0302363, 1.72591e-38, 1.72591e-38
19.3628, 0, 0.0295789, 0, 1.41421, -0.0295789, 0, 0, 0, 0, 0, 0, 0, 0, 0, 0, 0, 0, 0, 0, 0, 4.49202e-07, 0, 0.0295785, 0, 0
19.3707, 0, 0.028936, 0, 1.41421, -0.028936, 0, 0, 0, 0, 0, 0, 0, 0, 0, 0, 0, 0, 0, 0, 0, 4.49706e-07, 0, 0.0289356, 0, 0
19.3785, 0, 0.0283073, 0, 1.41421, -0.0283073, 0, 0, 0, 0, 0, 0, 0, 0, 0, 0, 0, 0, 0, 0, 0, 4.50245e-07, 0, 0.0283068, 0, 0
19.3864, 0, 0.0276922, 0, 1.41421, -0.0276922, 0, 0, 0, 0, 0, 0, 0, 0, 0, 0, 0, 0, 0, 0, 0, 4.50835e-07, 0, 0.0276917, 0, 0
19.3942, 0, 0.0270897, 0, 1.41421, -0.0270897, 0, 0, 0, 0, 0, 0, 0, 0, 0, 0, 0, 0, 0, 0, 0, 4.51499e-07, 0, 0.0270892, 0, 0
19.4021, 0, 0.0264993, 0, 1.41421, -0.0264993, 0, 0, 0, 0, 0, 0, 0, 0, 0, 0, 0, 0, 0, 0, 0, 4.52271e-07, 0, 0.0264989, 0, 0
19.4099, 0, 0.0259204, 0, 1.41421, -0.0259204, 0, 0, 0, 0, 0, 0, 0, 0, 0, 0, 0, 0, 0, 0, 0, 4.53196e-07, 0, 0.02592, 0, 0
19.4177, 0, 0.0253522, 0, 1.41421, -0.0253522, 0, 0, 0, 0, 0, 0, 0, 0, 0, 0, 0, 0, 0, 0, 0, 4.54342e-07, 0, 0.0253518, 0, 0
19.4256, 0, 0.0247939, 0, 1.41421, -0.0247939, 0, 0, 0, 0, 0, 0, 0, 0, 0, 0, 0, 0, 0, 0, 0, 4.55798e-07, 0, 0.0247934, 0, 0
19.4334, 0, 0.024245, 0, 1.41421, -0.024245, 0, 0, 0, 0, 0, 0, 0, 0, 0, 0, 0, 0, 0, 0, 0, 4.57688e-07, 0, 0.0242446, 0, 0
19.4413, 1, 0.0237048, 0, 1.73205, 0.976295, 0, 0, 0, 0, 0, 0, 0, 0, 0, 0, 0, 0, 0, 0, 0, 4.60182e-07, 0, 0.0237043, 0, 0
19.4491, 0.211896, 0.0231727, 0, 1.48724, 0.188723, 0, 0, 0, 0, 0, 0, 0, 0, 0, 0, 0, 0, 0, 0, 0, 4.63508e-07, 0, 0.0231722, 0, 0
19.457, 1.7881, 0.0226483, 0, 1.94631, 1.76546, 0, 0, 0, 0, 0, 0, 0, 0, 0, 0, 0, 0, 0, 0, 0, 4.67967e-07, 0, 0.0226479, 0, 0
19.4648, 0, 0.022131, 0, 1.41421, -0.022131, 0, 0, 0, 0, 0, 0, 0, 0, 0, 0, 0, 0, 0, 0, 0, 4.73963e-07, 0, 0.0221306, 0, 0
19.4726, 0, 0.0216203, 0, 1.41421, -0.0216203, 0, 0, 0, 0, 0, 0, 0, 0, 0, 0, 0, 0, 0, 0, 0, 4.82022e-07, 0, 0.0216198, 0, 0
19.4805, 0, 0.0211158, 0, 1.41421, -0.0211158, 0, 0, 0, 0, 0, 0, 0, 0, 0, 0, 0, 0, 0, 0, 0, 4.92819e-07, 0, 0.0211153, 0, 0
19.4883, 0, 0.020617, 0, 1.41421, -0.020617, 0, 0, 0, 0, 0, 0, 0, 0, 0, 0, 0, 0, 0, 0, 0, 5.07231e-07, 0, 0.0206165, 0, 0
19.4962, 0, 0.0201238, 0, 1.41421, -0.0201238, 0, 0, 0, 0, 0, 0, 0, 0, 0, 0, 0, 0, 0, 0, 0, 5.26366e-07, 0, 0.0201232, 0, 0
19.504, 0, 0.0196358, 0, 1.41421, -0.0196358, 0, 0, 0, 0, 0, 0, 0, 0, 0, 0, 0, 0, 0, 0, 0, 5.51603e-07, 0, 0.0196352, 0, 0
19.5119, 0, 0.0191525, 0, 1.41421, -0.0191525, 0, 0, 0, 0, 0, 0, 0, 0, 0, 0, 0, 0, 0, 0, 0, 5.84682e-07, 0, 0.019152, 0, 0
19.5197, 0, 0.0186741, 0, 1.41421, -0.0186741, 0, 0, 0, 0, 0, 0, 0, 0, 0, 0, 0, 0, 0, 0, 0, 6.27705e-07, 0, 0.0186735, 0, 0
19.5275, 0, 0.0182002, 0, 1.41421, -0.0182002, 0, 0, 0, 0, 0, 0, 0, 0, 0, 0, 0, 0, 0, 0, 0, 6.83253e-07, 0, 0.0181996, 0, 0
19.5354, 0, 0.0177306, 0, 1.41421, -0.0177306, 0, 0, 0, 0, 0, 0, 0, 0, 0, 0, 0, 0, 0, 0, 0, 7.54433e-07, 0, 0.0177298, 0, 0
19.5432, 0, 0.0172651, 0, 1.41421, -0.0172651, 0, 0, 0, 0, 0, 0, 0, 0, 0, 0, 0, 0, 0, 0, 0, 8.44903e-07, 0, 0.0172643, 0, 0
19.5511, 0, 0.0168039, 0, 1.41421, -0.0168039, 0, 0, 0, 0, 0, 0, 0, 0, 0, 0, 0, 0, 0, 0, 0, 9.58944e-07, 0, 0.0168029, 0, 0
19.5589, 0, 0.0163467, 0, 1.41421, -0.0163467, 0, 0, 0, 0, 0, 0, 0, 0, 0, 0, 0, 0, 0, 0, 0, 1.10175e-06, 0, 0.0163456, 0, 0
19.5668, 0, 0.0158937, 0, 1.41421, -0.0158937, 0, 0, 0, 0, 0, 0, 0, 0, 0, 0, 0, 0, 0, 0, 0, 1.27916e-06, 0, 0.0158924, 0, 0
19.5746, 0, 0.0154447, 0, 1.41421, -0.0154447, 0, 0, 0, 0, 0, 0, 0, 0, 0, 0, 0, 0, 0, 0, 0, 1.49706e-06, 0, 0.0154433, 0, 0
19.5824, 0, 0.0149999, 0, 1.41421, -0.0149999, 0, 0, 0, 0, 0, 0, 0, 0, 0, 0, 0, 0, 0, 0, 0, 1.76293e-06, 0, 0.0149982, 0, 0
19.5903, 0, 0.0145594, 0, 1.41421, -0.0145594, 0, 0, 0, 0, 0, 0, 0, 0, 0, 0, 0, 0, 0, 0, 0, 2.08464e-06, 0, 0.0145573, 0, 0
19.5981, 0, 0.0141235, 0, 1.41421, -0.0141235, 0, 0, 0, 0, 0, 0, 0, 0, 0, 0, 0, 0, 0, 0, 0, 2.47063e-06, 0, 0.014121, 0, 0
19.606, 0, 0.0136921, 0, 1.41421, -0.0136921, 0, 0, 0, 0, 0, 0, 0, 0, 0, 0, 0, 0, 0, 0, 0, 2.93027e-06, 0, 0.0136892, 0, 0
19.6138, 0, 0.0132659, 0, 1.41421, -0.0132659, 0, 0, 0, 0, 0, 0, 0, 0, 0, 0, 0, 0, 0, 0, 0, 3.47306e-06, 0, 0.0132624, 0, 0
19.6217, 0, 0.0128449, 0, 1.41421, -0.0128449, 0, 0, 0, 0, 0, 0, 0, 0, 0, 0, 0, 0, 0, 0, 0, 4.10936e-06, 0, 0.0128408, 0, 0
19.6295, 0, 0.0124296, 0, 1.41421, -0.0124296, 0, 0, 0, 0, 0, 0, 0, 0, 0, 0, 0, 0, 0, 0, 0, 4.85017e-06, 0, 0.0124248, 0, 0
19.6373, 0, 0.0120204, 0, 1.41421, -0.0120204, 0, 0, 0, 0, 0, 0, 0, 0, 0, 0, 0, 0, 0, 0, 0, 5.70679e-06, 0, 0.0120147, 0, 0
19.6452, 0, 0.011618, 0, 1.41421, -0.011618, 0, 0, 0, 0, 0, 0, 0, 0, 0, 0, 0, 0, 0, 0, 0, 6.69135e-06, 0, 0.0116113, 0, 0
19.653, 0, 0.0112227, 0, 1.41421, -0.0112227, 0, 0, 0, 0, 0, 0, 0, 0, 0, 0, 0, 0, 0, 0, 0, 7.81813e-06, 0, 0.0112148, 0, 0
19.6609, 0, 0.0108351, 0, 1.41421, -0.0108351, 0, 0, 0, 0, 0, 0, 0, 0, 0, 0, 0, 0, 0, 0, 0, 9.10264e-06, 0, 0.010826, 0, 0
19.6687, 0, 0.0104559, 0, 1.41421, -0.0104559, 0, 0, 0, 0, 0, 0, 0, 0, 0, 0, 0, 0, 0, 0, 0, 1.05648e-05, 0, 0.0104454, 0, 0
19.6766, 0, 0.0100856, 0, 1.41421, -0.0100856, 0, 0, 0, 0, 0, 0, 0, 0, 0, 0, 0, 0, 0, 0, 0, 1.22301e-05, 0, 0.0100733, 0, 0
19.6844, 0, 0.00972485, 0, 1.41421, -0.00972485, 0, 0, 0, 0, 0, 0, 0, 0, 0, 0, 0, 0, 0, 0, 0, 1.41314e-05, 0, 0.00971072, 0, 0
19.6922, 0, 0.00937423, 0, 1.41421, -0.00937423, 0, 0, 0, 0, 0, 0, 0, 0, 0, 0, 0, 0, 0, 0, 0, 1.63152e-05, 0, 0.00935791, 0, 0
19.7001, 0, 0.00903439, 0, 1.41421, -0.00903439, 0, 0, 0, 0, 0, 0, 0, 0, 0, 0, 0, 0, 0, 0, 0, 1.88443e-05, 0, 0.00901554, 0, 0
19.7079, 0, 0.00870601, 0, 1.41421, -0.00870601, 0, 0, 0, 0, 0, 0, 0, 0, 0, 0, 0, 0, 0, 0, 0, 2.18061e-05, 0, 0.00868421, 0, 0
19.7158, 0, 0.0083896, 0, 1.41421, -0.0083896, 0, 0, 0, 0, 0, 0, 0, 0, 0, 0, 0, 0, 0, 0, 0, 2.53198e-05, 0, 0.00836428, 0, 0
19.7236, 0, 0.00808564, 0, 1.41421, -0.00808564, 0, 0, 0, 0, 0, 0, 0, 0, 0, 0, 0, 0, 0, 0, 0, 2.95515e-05, 0, 0.00805609, 0, 0
19.7315, 0, 0.00779485, 0, 1.41421, -0.00779485, 0, 0, 0, 0, 0, 0, 0, 0, 0, 0, 0, 0, 0, 0, 0, 3.47214e-05, 0, 0.00776013, 0, 0
19.7393, 0, 0.00751763, 0, 1.41421, -0.00751763, 0, 0, 0, 0, 0, 0, 0, 0, 0, 0, 0, 0, 0, 0, 0, 4.11291e-05, 0, 0.0074765, 0, 0
19.7471, 0, 0.00725465, 0, 1.41421, -0.00725465, 0, 0, 0, 0, 0, 0, 0, 0, 0, 0, 0, 0, 0, 0, 0, 4.91654e-05, 0, 0.00720548, 0, 0
19.755, 0, 0.00700657, 0, 1.41421, -0.00700657, 0, 0, 0, 0, 0, 0, 0, 0, 0, 0, 0, 0, 0, 0, 0, 5.9338e-05, 0, 0.00694724, 0, 0
19.7628, 0, 0.00677396, 0, 1.41421, -0.00677396, 0, 0, 0, 0, 0, 0, 0, 0, 0, 0, 0, 0, 0, 0, 0, 7.23082e-05, 0, 0.00670165, 0, 0
19.7707, 0, 0.0065577, 0, 1.41421, -0.0065577, 0, 0, 0, 0, 0, 0, 0, 0, 0, 0, 0, 0, 0, 0, 0, 8.89023e-05, 0, 0.00646879, 0, 0
19.7785, 0, 0.00635862, 0, 1.41421, -0.00635862, 0, 0, 0, 0, 0, 0, 0, 0, 0, 0, 0, 0, 0, 0, 0, 0.000110166, 0, 0.00624846, 0, 0
19.7864, 0, 0.00617773, 0, 1.41421, -0.00617773, 0, 0, 0, 0, 0, 0, 0, 0, 0, 0, 0, 0, 0, 0, 0, 0.000137406, 0, 0.00604033, 0, 0
19.7942, 0, 0.0060165, 0, 1.41421, -0.0060165, 0, 0, 0, 0, 0, 0, 0, 0, 0, 0, 0, 0, 0, 0, 0, 0.000172171, 0, 0.00584433, 0, 0
19.802, 0, 0.00587638, 0, 1.41421, -0.00587638, 0, 0, 0, 0, 0, 0, 0, 0, 0, 0, 0, 0, 0, 0, 0, 0.000216374, 0, 0.00566, 0, 0
19.8099, 0, 0.00575919, 0, 1.41421, -0.00575919, 0, 0, 0, 0, 0, 0, 0, 0, 0, 0, 0, 0, 0, 0, 0, 0.000272291, 0, 0.0054869, 0, 0
19.8177, 0, 0.00566721, 0, 1.41421, -0.00566721, 0, 0, 0, 0, 0, 0, 0, 0, 0, 0, 0, 0, 0, 0, 0, 0.000342554, 0, 0.00532466, 0, 0
19.8256, 0, 0.00560298, 0, 1.41421, -0.00560298, 0, 0, 0, 0, 0, 0, 0, 0, 0, 0, 0, 0, 0, 0, 0, 0.000430251, 0, 0.00517273, 0, 0
19.8334, 0, 0.00556948, 0, 1.41421, -0.00556948, 0, 0, 0, 0, 0, 0, 0, 0, 0, 0, 0, 0, 0, 0, 0, 0.00053896, 0, 0.00503052, 0, 0
19.8413, 0, 0.00557015, 0, 1.41421, -0.00557015, 0, 0, 0, 0, 0, 0, 0, 0, 0, 0, 0, 0, 0, 0, 0, 0.000672535, 0, 0.00489762, 0, 0
19.8491, 0, 0.0056088, 0, 1.41421, -0.0056088, 0, 0, 0, 0, 0, 0, 0, 0, 0, 0, 0, 0, 0, 0, 0, 0.000835417, 0, 0.00477338, 0, 0
19.8569, 0, 0.00568967, 0, 1.41421, -0.00568967, 0, 0, 0, 0, 0, 0, 0, 0, 0, 0, 0, 0, 0, 0, 0, 0.00103245, 0, 0.00465722, 0, 0
19.8648, 0, 0.00581728, 0, 1.41421, -0.00581728, 0, 0, 0, 0, 0, 0, 0, 0, 0, 0, 0, 0, 0, 0, 0, 0.00126868, 0, 0.0045486, 0, 0
19.8726, 0.0820119, 0.00599649, 1.12928e-36, 1.44292, 0.0760154, 0, 1.12928e-36, 1.12928e-36, 1.12928e-36, 1.12928e-36, 1.12928e-36, 1.12928e-36, 1.12928e-36, 1.12928e-36, 1.12928e-36, 1.12928e-36, 1.12928e-36, 1.12928e-36, 1.12928e-36, 1.12928e-36, 0.00154955, 1.12928e-36, 0.00444694, 1.12928e-36, 1.12928e-36
19.8805, 0.917988, 0.00623237, 2.06694e-36, 1.70821, 0.911756, 0, 2.06694e-36, 2.06694e-36, 2.06694e-36, 2.06694e-36, 2.06694e-36, 2.06694e-36, 2.06694e-36, 2.06694e-36, 2.06694e-36, 2.06694e-36, 2.06694e-36, 2.06694e-36, 2.06694e-36, 2.06694e-36, 0.00188071, 2.06694e-36, 0.00435166, 2.06694e-36, 2.06694e-36
19.8883, 0, 0.00652996, 1.37362e-36, 1.41421, -0.00652996, 0, 1.37362e-36, 1.37362e-36, 1.37362e-36, 1.37362e-36, 1.37362e-36, 1.37362e-36, 1.37362e-36, 1.37362e-36, 1.37362e-36, 1.37362e-36, 1.37362e-36, 1.37362e-36, 1.37362e-36, 1.37362e-36, 0.00226772, 1.37362e-36, 0.00426225, 1.37362e-36, 1.37362e-36
19.8962, 0, 0.00689414, 3.43406e-37, 1.41421, -0.00689414, 0, 3.43406e-37, 3.43406e-37, 3.43406e-37, 3.43406e-37, 3.43406e-37, 3.43406e-37, 3.43406e-37, 3.43406e-37, 3.43406e-37, 3.43406e-37, 3.43406e-37, 3.43406e-37, 3.43406e-37, 3.43406e-37, 0.00271591, 3.43406e-37, 0.00417822, 3.43406e-37, 3.43406e-37
19.904, 0, 0.00732978, 0, 1.41421, -0.00732978, 0, 0, 0, 0, 0, 0, 0, 0, 0, 0, 0, 0, 0, 0, 0, 0.00323071, 0, 0.00409906, 0, 0
19.9118, 0.0698712, 0.00784091, 2.57004e-36, 1.4387, 0.0620302, 0, 2.57004e-36, 2.57004e-36, 2.57004e-36, 2.57004e-36, 2.57004e-36, 2.57004e-36, 2.57004e-36, 2.57004e-36, 2.57004e-36, 2.57004e-36, 2.57004e-36, 2.57004e-36, 2.57004e-36, 2.57004e-36, 0.00381654, 2.57004e-36, 0.00402436, 2.57004e-36, 2.57004e-36
19.9197, 0.930129, 0.00843122, 4.59789e-36, 1.71176, 0.921698, 0, 4.59789e-36, 4.59789e-36, 4.59789e-36, 4.59789e-36, 4.59789e-36, 4.59789e-36, 4.59789e-36, 4.59789e-36, 4.59789e-36, 4.59789e-36, 4.59789e-36, 4.59789e-36, 4.59789e-36, 4.59789e-36, 0.00447753, 4.59789e-36, 0.00395369, 4.59789e-36, 4.59789e-36
19.9275, 0, 0.00910364, 3.03974e-36, 1.41421, -0.00910364, 0, 3.03974e-36, 3.03974e-36, 3.03974e-36, 3.03974e-36, 3.03974e-36, 3.03974e-36, 3.03974e-36, 3.03974e-36, 3.03974e-36, 3.03974e-36, 3.03974e-36, 3.03974e-36, 3.03974e-36, 3.03974e-36, 0.00521699, 3.03974e-36, 0.00388665, 3.03974e-36, 3.03974e-36
19.9354, 0, 0.00985975, 7.59935e-37, 1.41421, -0.00985975, 0, 7.59935e-37, 7.59935e-37, 7.59935e-37, 7.59935e-37, 7.59935e-37, 7.59935e-37, 7.59935e-37, 7.59935e-37, 7.59935e-37, 7.59935e-37, 7.59935e-37, 7.59935e-37, 7.59935e-37, 7.59935e-37, 0.00603683, 7.59935e-37, 0.00382292, 7.59935e-37, 7.59935e-37
19.9432, 0, 0.0106999, 0, 1.41421, -0.0106999, 0, 0, 0, 0, 0, 0, 0, 0, 0, 0, 0, 0, 0, 0, 0, 0.00693766, 0, 0.00376222, 0, 0
19.9511, 0, 0.0116237, 2.61493e-36, 1.41421, -0.0116237, 0, 2.61493e-36, 2.61493e-36, 2.61493e-36, 2.61493e-36, 2.61493e-36, 2.61493e-36, 2.61493e-36, 2.61493e-36, 2.61493e-36, 2.61493e-36, 2.61493e-36, 2.61493e-36, 2.61493e-36, 2.61493e-36, 0.00791942, 2.61493e-36, 0.00370424, 2.61493e-36, 2.61493e-36
19.9589, 0, 0.0126285, 4.73914e-36, 1.41421, -0.0126285, 0, 4.73914e-36, 4.73914e-36, 4.73914e-36, 4.73914e-36, 4.73914e-36, 4.73914e-36, 4.73914e-36, 4.73914e-36, 4.73914e-36, 4.73914e-36, 4.73914e-36, 4.73914e-36, 4.73914e-36, 4.73914e-36, 0.00897971, 4.73914e-36, 0.00364879, 4.73914e-36, 4.73914e-36
19.9667, 0, 0.013711, 3.14242e-36, 1.41421, -0.013711, 0, 3.14242e-36, 3.14242e-36, 3.14242e-36, 3.14242e-36, 3.14242e-36, 3.14242e-36, 3.14242e-36, 3.14242e-36, 3.14242e-36, 3.14242e-36, 3.14242e-36, 3.14242e-36, 3.14242e-36, 3.14242e-36, 0.0101154, 3.14242e-36, 0.00359565, 3.14242e-36, 3.14242e-36
19.9746, 0, 0.0148667, 7.85606e-37, 1.41421, -0.0148667, 0, 7.85606e-37, 7.85606e-37, 7.85606e-37, 7.85606e-37, 7.85606e-37, 7.85606e-37, 7.85606e-37, 7.85606e-37, 7.85606e-37, 7.85606e-37, 7.85606e-37, 7.85606e-37, 7.85606e-37, 7.85606e-37, 0.011322, 7.85606e-37, 0.00354463, 7.85606e-37, 7.85606e-37
19.9824, 1, 0.0160889, 0, 1.73205, 0.983911, 0, 0, 0, 0, 0, 0, 0, 0, 0, 0, 0, 0, 0, 0, 0, 0.0125933, 0, 0.00349562, 0, 0
19.9903, 0, 0.0173701, 5.15743e-37, 1.41421, -0.0173701, 0, 5.15743e-37, 5.15743e-37, 5.15743e-37, 5.15743e-37, 5.15743e-37, 5.15743e-37, 5.15743e-37, 5.15743e-37, 5.15743e-37, 5.15743e-37, 5.15743e-37, 5.15743e-37, 5.15743e-37, 5.15743e-37, 0.0139216, 5.15743e-37, 0.00344851, 5.15743e-37, 5.15743e-37
19.9981, 0, 0.0187027, 9.19507e-37, 1.41421, -0.0187027, 0, 9.19507e-37, 9.19507e-37, 9.19507e-37, 9.19507e-37, 9.19507e-37, 9.19507e-37, 9.19507e-37, 9.19507e-37, 9.19507e-37, 9.19507e-37, 9.19507e-37, 9.19507e-37, 9.19507e-37, 9.19507e-37, 0.0152995, 9.19507e-37, 0.00340319, 9.19507e-37, 9.19507e-37
20.0059, 0.0406544, 0.0200773, 6.07419e-37, 1.42851, 0.0205771, 0, 6.07419e-37, 6.07419e-37, 6.07419e-37, 6.07419e-37, 6.07419e-37, 6.07419e-37, 6.07419e-37, 6.07419e-37, 6.07419e-37, 6.07419e-37, 6.07419e-37, 6.07419e-37, 6.07419e-37, 6.07419e-37, 0.0167177, 6.07419e-37, 0.00335961, 6.07419e-37, 6.07419e-37
20.0138, 0.959346, 0.0214853, 1.51855e-37, 1.72027, 0.93786, 0, 1.51855e-37, 1.51855e-37, 1.51855e-37, 1.51855e-37, 1.51855e-37, 1.51855e-37, 1.51855e-37, 1.51855e-37, 1.51855e-37, 1.51855e-37, 1.51855e-37, 1.51855e-37, 1.51855e-37, 1.51855e-37, 0.0181676, 1.51855e-37, 0.00331772, 1.51855e-37, 1.51855e-37
20.0216, 0, 0.0229168, 0, 1.41421, -0.0229168, 0, 0, 0, 0, 0, 0, 0, 0, 0, 0, 0, 0, 0, 0, 0, 0.0196393, 0, 0.0032775, 0, 0
20.0295, 0, 0.0243631, 0, 1.41421, -0.0243631, 0, 0, 0, 0, 0, 0, 0, 0, 0, 0, 0, 0, 0, 0, 0, 0.0211242, 0, 0.00323893, 0, 0
20.0373, 0, 0.0258164, 0, 1.41421, -0.0258164, 0, 0, 0, 0, 0, 0, 0, 0, 0, 0, 0, 0, 0, 0, 0, 0.0226144, 0, 0.00320201, 0, 0
20.0452, 0, 0.0272674, 0, 1.41421, -0.0272674, 0, 0, 0, 0, 0, 0, 0, 0, 0, 0, 0, 0, 0, 0, 0, 0.0241006, 0, 0.0031668, 0, 0
20.053, 0, 0.0287095, 0, 1.41421, -0.0287095, 0, 0, 0, 0, 0, 0, 0, 0, 0, 0, 0, 0, 0, 0, 0, 0.0255762, 0, 0.00313332, 0, 0
20.0609, 0, 0.0301367, 0, 1.41421, -0.0301367, 0, 0, 0, 0, 0, 0, 0, 0, 0, 0, 0, 0, 0, 0, 0, 0.0270351, 0, 0.0031016, 0, 0
20.0687, 0, 0.0315427, 0, 1.41421, -0.0315427, 0, 0, 0, 0, 0, 0, 0, 0, 0, 0, 0, 0, 0, 0, 0, 0.0284709, 0, 0.00307174, 0, 0
20.0765, 0, 0.0329224, 0, 1.41421, -0.0329224, 0, 0, 0, 0, 0, 0, 0, 0, 0, 0, 0, 0, 0, 0, 0, 0.0298786, 0, 0.00304381, 0, 0
20.0844, 0, 0.0342717, 0, 1.41421, -0.0342717, 0, 0, 0, 0, 0, 0, 0, 0, 0, 0, 0, 0, 0, 0, 0, 0.0312539, 0, 0.00301787, 0, 0
20.0922, 0, 0.0355842, 0, 1.41421, -0.0355842, 0, 0, 0, 0, 0, 0, 0, 0, 0, 0, 0, 0, 0, 0, 0, 0.0325902, 0, 0.00299405, 0, 0
20.1001, 0, 0.0368552, 0, 1.41421, -0.0368552, 0, 0, 0, 0, 0, 0, 0, 0, 0, 0, 0, 0, 0, 0, 0, 0.0338827, 0, 0.00297246, 0, 0
20.1079, 0, 0.0380787, 0, 1.41421, -0.0380787, 0, 0, 0, 0, 0, 0, 0, 0, 0, 0, 0, 0, 0, 0, 0, 0.0351255, 0, 0.0029532, 0, 0
20.1157, 0, 0.0392468, 0, 1.41421, -0.0392468, 0, 0, 0, 0, 0, 0, 0, 0, 0, 0, 0, 0, 0, 0, 0, 0.0363104, 0, 0.0029364, 0, 0
20.1236, 0, 0.0403512, 0, 1.41421, -0.0403512, 0, 0, 0, 0, 0, 0, 0, 0, 0, 0, 0, 0, 0, 0, 0, 0.037429, 0, 0.00292219, 0, 0
20.1314, 0, 0.0413821, 0, 1.41421, -0.0413821, 0, 0, 0, 0, 0, 0, 0, 0, 0, 0, 0, 0, 0, 0, 0, 0.0384714, 0, 0.00291069, 0, 0
20.1393, 0, 0.0423266, 0, 1.41421, -0.0423266, 0, 0, 0, 0, 0, 0, 0, 0, 0, 0, 0, 0, 0, 0, 0, 0.0394246, 0, 0.00290204, 0, 0
20.1471, 0, 0.0431721, 0, 1.41421, -0.0431721, 0, 0, 0, 0, 0, 0, 0, 0, 0, 0, 0, 0, 0, 0, 0, 0.0402757, 0, 0.00289635, 0, 0
20.155, 0, 0.043904, 0, 1.41421, -0.043904, 0, 0, 0, 0, 0, 0, 0, 0, 0, 0, 0, 0, 0, 0, 0, 0.0410103, 0, 0.00289375, 0, 0
20.1628, 0, 0.0445067, 0, 1.41421, -0.0445067, 0, 0, 0, 0, 0, 0, 0, 0, 0, 0, 0, 0, 0, 0, 0, 0.0416123, 0, 0.00289434, 0, 0
20.1706, 0, 0.0449645, 0, 1.41421, -0.0449645, 0, 0, 0, 0, 0, 0, 0, 0, 0, 0, 0, 0, 0, 0, 0, 0.0420663, 0, 0.00289822, 0, 0
20.1785, 0, 0.0452624, 0, 1.41421, -0.0452624, 0, 0, 0, 0, 0, 0, 0, 0, 0, 0, 0, 0, 0, 0, 0, 0.0423569, 0, 0.0029055, 0, 0
20.1863, 0, 0.0453856, 0, 1.41421, -0.0453856, 0, 0, 0, 0, 0, 0, 0, 0, 0, 0, 0, 0, 0, 0, 0, 0.0424693, 0, 0.00291623, 0, 0
20.1942, 0, 0.0453219, 0, 1.41421, -0.0453219, 0, 0, 0, 0, 0, 0, 0, 0, 0, 0, 0, 0, 0, 0, 0, 0.0423914, 0, 0.00293048, 0, 0
20.202, 0, 0.0450613, 0, 1.41421, -0.0450613, 0, 0, 0, 0, 0, 0, 0, 0, 0, 0, 0, 0, 0, 0, 0, 0.042113, 0, 0.00294829, 0, 0
20.2099, 0, 0.0445973, 0, 1.41421, -0.0445973, 0, 0, 0, 0, 0, 0, 0, 0, 0, 0, 0, 0, 0, 0, 0, 0.0416276, 0, 0.0029697, 0, 0
20.2177, 1, 0.0439269, 0, 1.73205, 0.956073, 0, 0, 0, 0, 0, 0, 0, 0, 0, 0, 0, 0, 0, 0, 0, 0.0409322, 0, 0.00299471, 0, 0
20.2255, 0, 0.0430514, 0, 1.41421, -0.0430514, 0, 0, 0, 0, 0, 0, 0, 0, 0, 0, 0, 0, 0, 0, 0, 0.040028, 0, 0.00302333, 0, 0
20.2334, 0, 0.0419765, 0, 1.41421, -0.0419765, 0, 0, 0, 0, 0, 0, 0, 0, 0, 0, 0, 0, 0, 0, 0, 0.038921, 0, 0.00305553, 0, 0
20.2412, 0, 0.0407127, 0, 1.41421, -0.0407127, 0, 0, 0, 0, 0, 0, 0, 0, 0, 0, 0, 0, 0, 0, 0, 0.0376214, 0, 0.00309128, 0, 0
20.2491, 0, 0.0392749, 0, 1.41421, -0.0392749, 0, 0, 0, 0, 0, 0, 0, 0, 0, 0, 0, 0, 0, 0, 0, 0.0361444, 0, 0.00313052, 0, 0
20.2569, 0, 0.0376814, 0, 1.41421, -0.0376814, 0, 0, 0, 0, 0, 0, 0, 0, 0, 0, 0, 0, 0, 0, 0, 0.0345082, 0, 0.00317321, 0, 0
20.2648, 0, 0.0359538, 0, 1.41421, -0.0359538, 0, 0, 0, 0, 0, 0, 0, 0, 0, 0, 0, 0, 0, 0, 0, 0.0327345, 0, 0.0032193, 0, 0
20.2726, 0, 0.0341177, 0, 1.41421, -0.0341177, 0, 0, 0, 0, 0, 0, 0, 0, 0, 0, 0, 0, 0, 0, 0, 0.030849, 0, 0.00326869, 0, 0
20.2804, 0, 0.0321989, 0, 1.41421, -0.0321989, 0, 0, 0, 0, 0, 0, 0, 0, 0, 0, 0, 0, 0, 0, 0, 0.0288776, 0, 0.00332132, 0, 0
20.2883, 0, 0.0302258, 0, 1.41421, -0.0302258, 0, 0, 0, 0, 0, 0, 0, 0, 0, 0, 0, 0, 0, 0, 0, 0.0268487, 0, 0.00337711, 0, 0
20.2961, 0, 0.0282268, 0, 1.41421, -0.0282268, 0, 0, 0, 0, 0, 0, 0, 0, 0, 0, 0, 0, 0, 0, 0, 0.0247908, 0, 0.00343596, 0, 0
20.304, 0, 0.0262289, 0, 1.41421, -0.0262289, 0, 0, 0, 0, 0, 0, 0, 0, 0, 0, 0, 0, 0, 0, 0, 0.0227311, 0, 0.00349781, 0, 0
20.3118, 0, 0.0242576, 0, 1.41421, -0.0242576, 0, 0, 0, 0, 0, 0, 0, 0, 0, 0, 0, 0, 0, 0, 0, 0.020695, 0, 0.00356258, 0, 0
20.3197, 0, 0.0223378, 0, 1.41421, -0.0223378, 0, 0, 0, 0, 0, 0, 0, 0, 0, 0, 0, 0, 0, 0, 0, 0.0187076, 0, 0.00363019, 0, 0
20.3275, 0, 0.0204898, 0, 1.41421, -0.0204898, 0, 0, 0, 0, 0, 0, 0, 0, 0, 0, 0, 0, 0, 0, 0, 0.0167892, 0, 0.00370058, 0, 0
20.3353, 0, 0.0187323, 0, 1.41421, -0.0187323, 0, 0, 0, 0, 0, 0, 0, 0, 0, 0, 0, 0, 0, 0, 0, 0.0149586, 0, 0.00377369, 0, 0
20.3432, 0, 0.0170805, 0, 1.41421, -0.0170805, 0, 0, 0, 0, 0, 0, 0, 0, 0, 0, 0, 0, 0, 0, 0, 0.0132311, 0, 0.00384943, 0, 0
20.351, 0, 0.0155453, 0, 1.41421, -0.0155453, 0, 0, 0, 0, 0, 0, 0, 0, 0, 0, 0, 0, 0, 0, 0, 0.0116175, 0, 0.00392777, 0, 0
20.3589, 0, 0.0141342, 0, 1.41421, -0.0141342, 0, 0, 0, 0, 0, 0, 0, 0, 0, 0, 0, 0, 0, 0, 0, 0.0101255, 0, 0.0040087, 0, 0
20.3667, 0, 0.0128524, 0, 1.41421, -0.0128524, 0, 0, 0, 0, 0, 0, 0, 0, 0, 0, 0, 0, 0, 0, 0, 0.00876031, 0, 0.00409213, 0, 0
20.3746, 0, 0.0117013, 0, 1.41421, -0.0117013, 0, 0, 0, 0, 0, 0, 0, 0, 0, 0, 0, 0, 0, 0, 0, 0.0075232, 0, 0.00417807, 0, 0
20.3824, 0, 0.0106789, 0, 1.41421, -0.0106789, 0, 0, 0, 0, 0, 0, 0, 0, 0, 0, 0, 0, 0, 0, 0, 0.00641239, 0, 0.00426653, 0, 0
20.3902, 0, 0.00978284, 0, 1.41421, -0.00978284, 0, 0, 0, 0, 0, 0, 0, 0, 0, 0, 0, 0, 0, 0, 0, 0.00542542, 0, 0.00435742, 0, 0
20.3981, 0, 0.009007, 0, 1.41421, -0.009007, 0, 0, 0, 0, 0, 0, 0, 0, 0, 0, 0, 0, 0, 0, 0, 0.00455624, 0, 0.00445077, 0, 0
20.4059, 0, 0.00834423, 0, 1.41421, -0.00834423, 0, 0, 0, 0, 0, 0, 0, 0, 0, 0, 0, 0, 0, 0, 0, 0.00379762, 0, 0.00454661, 0, 0
20.4138, 0, 0.00778676, 0, 1.41421, -0.00778676, 0, 0, 0, 0, 0, 0, 0, 0, 0, 0, 0, 0, 0, 0, 0, 0.00314187, 0, 0.00464489, 0, 0
20.4216, 0, 0.00732561, 0, 1.41421, -0.00732561, 0, 0, 0, 0, 0, 0, 0, 0, 0, 0, 0, 0, 0, 0, 0, 0.00257995, 0, 0.00474566, 0, 0
20.4295, 0, 0.00695148, 0, 1.41421, -0.00695148, 0, 0, 0, 0, 0, 0, 0, 0, 0, 0, 0, 0, 0, 0, 0, 0.00210251, 0, 0.00484897, 0, 0
20.4373, 0, 0.00665556, 0, 1.41421, -0.00665556, 0, 0, 0, 0, 0, 0, 0, 0, 0, 0, 0, 0, 0, 0, 0, 0.00170081, 0, 0.00495475, 0, 0
20.4451, 0, 0.00642866, 0, 1.41421, -0.00642866, 0, 0, 0, 0, 0, 0, 0, 0, 0, 0, 0, 0, 0, 0, 0, 0.00136559, 0, 0.00506307, 0, 0
20.453, 0, 0.00626217, 0, 1.41421, -0.00626217, 0, 0, 0, 0, 0, 0, 0, 0, 0, 0, 0, 0, 0, 0, 0, 0.00108819, 0, 0.00517398, 0, 0
20.4608, 0, 0.00614819, 0, 1.41421, -0.00614819, 0, 0, 0, 0, 0, 0, 0, 0, 0, 0, 0, 0, 0, 0, 0, 0.000860731, 0, 0.00528746, 0, 0
20.4687, 0, 0.0060793, 0, 1.41421, -0.0060793, 0, 0, 0, 0, 0, 0, 0, 0, 0, 0, 0, 0, 0, 0, 0, 0.00067574, 0, 0.00540356, 0, 0
20.4765, 0, 0.00604888, 0, 1.41421, -0.00604888, 0, 0, 0, 0, 0, 0, 0, 0, 0, 0, 0, 0, 0, 0, 0, 0.000526491, 0, 0.00552239, 0, 0
20.4844, 0, 0.00605105, 0, 1.41421, -0.00605105, 0, 0, 0, 0, 0, 0, 0, 0, 0, 0, 0, 0, 0, 0, 0, 0.000407205, 0, 0.00564385, 0, 0
20.4922, 0, 0.00608066, 0, 1.41421, -0.00608066, 0, 0, 0, 0, 0, 0, 0, 0, 0, 0, 0, 0, 0, 0, 0, 0.000312584, 0, 0.00576808, 0, 0
20.5, 0, 0.00613323, 0, 1.41421, -0.00613323, 0, 0, 0, 0, 0, 0, 0, 0, 0, 0, 0, 0, 0, 0, 0, 0.000238185, 0, 0.00589504, 0, 0
20.5079, 0, 0.00620498, 0, 1.41421, -0.00620498, 0, 0, 0, 0, 0, 0, 0, 0, 0, 0, 0, 0, 0, 0, 0, 0.000180149, 0, 0.00602483, 0, 0
20.5157, 1, 0.00629274, 0, 1.73205, 0.993707, 0, 0, 0, 0, 0, 0, 0, 0, 0, 0, 0, 0, 0, 0, 0, 0.000135236, 0, 0.00615751, 0, 0
20.5236, 0, 0.00639387, 0, 1.41421, -0.00639387, 0, 0, 0, 0, 0, 0, 0, 0, 0, 0, 0, 0, 0, 0, 0, 0.000100771, 0, 0.0062931, 0, 0
20.5314, 0, 0.00650615, 0, 1.41421, -0.00650615, 0, 0, 0, 0, 0, 0, 0, 0, 0, 0, 0, 0, 0, 0, 0, 7.45417e-05, 0, 0.00643161, 0, 0
20.5393, 0, 0.0066279, 0, 1.41421, -0.0066279, 0, 0, 0, 0, 0, 0, 0, 0, 0, 0, 0, 0, 0, 0, 0, 5.47303e-05, 0, 0.00657317, 0, 0
20.5471, 0, 0.00675766, 0, 1.41421, -0.00675766, 0, 0, 0, 0, 0, 0, 0, 0, 0, 0, 0, 0, 0, 0, 0, 3.98933e-05, 0, 0.00671777, 0, 0
20.5549, 0, 0.00689437, 0, 1.41421, -0.00689437, 0, 0, 0, 0, 0, 0, 0, 0, 0, 0, 0, 0, 0, 0, 0, 2.88668e-05, 0, 0.0068655, 0, 0
20.5628, 0, 0.0070372, 0, 1.41421, -0.0070372, 0, 0, 0, 0, 0, 0, 0, 0, 0, 0, 0, 0, 0, 0, 0, 2.0735e-05, 0, 0.00701647, 0, 0
20.5706, 0, 0.00718545, 0, 1.41421, -0.00718545, 0, 0, 0, 0, 0, 0, 0, 0, 0, 0, 0, 0, 0, 0, 0, 1.47882e-05, 0, 0.00717066, 0, 0
20.5785, 0, 0.00733872, 0, 1.41421, -0.00733872, 0, 0, 0, 0, 0, 0, 0, 0, 0, 0, 0, 0, 0, 0, 0, 1.04712e-05, 0, 0.00732825, 0, 0
20.5863, 0, 0.00749662, 0, 1.41421, -0.00749662, 0, 0, 0, 0, 0, 0, 0, 0, 0, 0, 0, 0, 0, 0, 0, 7.36261e-06, 0, 0.00748926, 0, 0
20.5942, 0, 0.00765888, 0, 1.41421, -0.00765888, 0, 0, 0, 0, 0, 0, 0, 0, 0, 0, 0, 0, 0, 0, 0, 5.14196e-06, 0, 0.00765374, 0, 0
20.602, 0, 0.00782539, 0, 1.41421, -0.00782539, 0, 0, 0, 0, 0, 0, 0, 0, 0, 0, 0, 0, 0, 0, 0, 3.56734e-06, 0, 0.00782182, 0, 0
20.6098, 0, 0.00799611, 0, 1.41421, -0.00799611, 0, 0, 0, 0, 0, 0, 0, 0, 0, 0, 0, 0, 0, 0, 0, 2.45956e-06, 0, 0.00799365, 0, 0
20.6177, 0, 0.0081709, 0, 1.41421, -0.0081709, 0, 0, 0, 0, 0, 0, 0, 0, 0, 0, 0, 0, 0, 0, 0, 1.68645e-06, 0, 0.00816922, 0, 0
20.6255, 0, 0.00834987, 0, 1.41421, -0.00834987, 0, 0, 0, 0, 0, 0, 0, 0, 0, 0, 0, 0, 0, 0, 0, 1.15079e-06, 0, 0.00834872, 0, 0
20.6334, 0, 0.00853299, 0, 1.41421, -0.00853299, 0, 0, 0, 0, 0, 0, 0, 0, 0, 0, 0, 0, 0, 0, 0, 7.82642e-07, 0, 0.0085322, 0, 0
20.6412, 0, 0.00872025, 0, 1.41421, -0.00872025, 0, 0, 0, 0, 0, 0, 0, 0, 0, 0, 0, 0, 0, 0, 0, 5.31674e-07, 0, 0.00871972, 0, 0
20.6491, 0, 0.00891174, 0, 1.41421, -0.00891174, 0, 0, 0, 0, 0, 0, 0, 0, 0, 0, 0, 0, 0, 0, 0, 3.61936e-07, 0, 0.00891137, 0, 0
20.6569, 0, 0.00910755, 0, 1.41421, -0.00910755, 0, 0, 0, 0, 0, 0, 0, 0, 0, 0, 0, 0, 0, 0, 0, 2.48109e-07, 0, 0.00910731, 0, 0
20.6647, 0, 0.00930763, 0, 1.41421, -0.00930763, 0, 0, 0, 0, 0, 0, 0, 0, 0, 0, 0, 0, 0, 0, 0, 1.72553e-07, 0, 0.00930746, 0, 0
20.6726, 0, 0.00951208, 0, 1.41421, -0.00951208, 0, 0, 0, 0, 0, 0, 0, 0, 0, 0, 0, 0, 0, 0, 0, 1.22956e-07, 0, 0.00951196, 0, 0
20.6804, 0, 0.00972085, 0, 1.41421, -0.00972085, 0, 0, 0, 0, 0, 0, 0, 0, 0, 0, 0, 0, 0, 0, 0, 9.09081e-08, 0, 0.00972076, 0, 0
20.6883, 0, 0.00993383, 0, 1.41421, -0.00993383, 0, 0, 0, 0, 0, 0, 0, 0, 0, 0, 0, 0, 0, 0, 0, 7.06703e-08, 0, 0.00993375, 0, 0
20.6961, 0, 0.010151, 0, 1.41421, -0.010151, 0, 0, 0, 0, 0, 0, 0, 0, 0, 0, 0, 0, 0, 0, 0, 5.83674e-08, 0, 0.0101509, 0, 0
20.704, 0, 0.0103722, 0, 1.41421, -0.0103722, 0, 0, 0, 0, 0, 0, 0, 0, 0, 0, 0, 0, 0, 0, 0, 5.14219e-08, 0, 0.0103722, 0, 0
20.7118, 0, 0.0105972, 0, 1.41421, -0.0105972, 0, 0, 0, 0, 0, 0, 0, 0, 0, 0, 0, 0, 0, 0, 0, 4.81412e-08, 0, 0.0105972, 0, 0
20.7196, 0, 0.0108259, 0, 1.41421, -0.0108259, 0, 0, 0, 0, 0, 0, 0, 0, 0, 0, 0, 0, 0, 0, 0, 4.74235e-08, 0, 0.0108258, 0, 0
20.7275, 0, 0.0110578, 0, 1.41421, -0.0110578, 0, 0, 0, 0, 0, 0, 0, 0, 0, 0, 0, 0, 0, 0, 0, 4.8563e-08, 0, 0.0110577, 0, 0
20.7353, 0, 0.0112924, 0, 1.41421, -0.0112924, 0, 0, 0, 0, 0, 0, 0, 0, 0, 0, 0, 0, 0, 0, 0, 5.1039e-08, 0, 0.0112923, 0, 0
20.7432, 0, 0.0115293, 0, 1.41421, -0.0115293, 0, 0, 0, 0, 0, 0, 0, 0, 0, 0, 0, 0, 0, 0, 0, 5.43216e-08, 0, 0.0115292, 0, 0
20.751, 0.812097, 0.0117678, 0, 1.67693, 0.800329, 0, 0, 0, 0, 0, 0, 0, 0, 0, 0, 0, 0, 0, 0, 0, 5.9404e-08, 0, 0.0117678, 0, 0
20.7589, 0.187903, 0.0120073, 0, 1.47916, 0.175896, 0, 0, 0, 0, 0, 0, 0, 0, 0, 0, 0, 0, 0, 0, 0, 6.54466e-08, 0, 0.0120072, 0, 0
20.7667, 0, 0.0122469, 0, 1.41421, -0.0122469, 0, 0, 0, 0, 0, 0, 0, 0, 0, 0, 0, 0, 0, 0, 0, 7.24096e-08, 0, 0.0122469, 0, 0
20.7745, 0, 0.0124858, 0, 1.41421, -0.0124858, 0, 0, 0, 0, 0, 0, 0, 0, 0, 0, 0, 0, 0, 0, 0, 8.03155e-08, 0, 0.0124857, 0, 0
20.7824, 0, 0.0127228, 0, 1.41421, -0.0127228, 0, 0, 0, 0, 0, 0, 0, 0, 0, 0, 0, 0, 0, 0, 0, 8.91958e-08, 0, 0.0127227, 0, 0
20.7902, 0, 0.0129569, 0, 1.41421, -0.0129569, 0, 0, 0, 0, 0, 0, 0, 0, 0, 0, 0, 0, 0, 0, 0, 9.90865e-08, 0, 0.0129568, 0, 0
20.7981, 0, 0.0131868, 0, 1.41421, -0.0131868, 0, 0, 0, 0, 0, 0, 0, 0, 0, 0, 0, 0, 0, 0, 0, 1.10005e-07, 0, 0.0131867, 0, 0
20.8059, 0, 0.0134114, 0, 1.41421, -0.0134114, 0, 0, 0, 0, 0, 0, 0, 0, 0, 0, 0, 0, 0, 0, 0, 1.21962e-07, 0, 0.0134113, 0, 0
20.8138, 0, 0.0136294, 0, 1.41421, -0.0136294, 0, 0, 0, 0, 0, 0, 0, 0, 0, 0, 0, 0, 0, 0, 0, 1.34952e-07, 0, 0.0136293, 0, 0
20.8216, 0, 0.0138393, 0, 1.41421, -0.0138393, 0, 0, 0, 0, 0, 0, 0, 0, 0, 0, 0, 0, 0, 0, 0, 1.48947e-07, 0, 0.0138392, 0, 0
20.8294, 0, 0.0140398, 0, 1.41421, -0.0140398, 0, 0, 0, 0, 0, 0, 0, 0, 0, 0, 0, 0, 0, 0, 0, 1.6389e-07, 0, 0.0140396, 0, 0
20.8373, 0, 0.0142295, 0, 1.41421, -0.0142295, 0, 0, 0, 0, 0, 0, 0, 0, 0, 0, 0, 0, 0, 0, 0, 1.79715e-07, 0, 0.0142293, 0, 0
20.8451, 0, 0.014407, 0, 1.41421, -0.014407, 0, 0, 0, 0, 0, 0, 0, 0, 0, 0, 0, 0, 0, 0, 0, 1.96315e-07, 0, 0.0144068, 0, 0
20.853, 0, 0.0145711, 0, 1.41421, -0.0145711, 0, 0, 0, 0, 0, 0, 0, 0, 0, 0, 0, 0, 0, 0, 0, 2.13572e-07, 0, 0.0145709, 0, 0
20.8608, 0, 0.0147205, 0, 1.41421, -0.0147205, 0, 0, 0, 0, 0, 0, 0, 0, 0, 0, 0, 0, 0, 0, 0, 2.31341e-07, 0, 0.0147202, 0, 0
20.8687, 0, 0.014854, 0, 1.41421, -0.014854, 0, 0, 0, 0, 0, 0, 0, 0, 0, 0, 0, 0, 0, 0, 0, 2.49445e-07, 0, 0.0148538, 0, 0
20.8765, 0, 0.0149706, 0, 1.41421, -0.0149706, 0, 0, 0, 0, 0, 0, 0, 0, 0, 0, 0, 0, 0, 0, 0, 2.67688e-07, 0, 0.0149704, 0, 0
20.8843, 0, 0.0150695, 0, 1.41421, -0.0150695, 0, 0, 0, 0, 0, 0, 0, 0, 0, 0, 0, 0, 0, 0, 0, 2.85867e-07, 0, 0.0150692, 0, 0
20.8922, 0, 0.0151499, 0, 1.41421, -0.0151499, 0, 0, 0, 0, 0, 0, 0, 0, 0, 0, 0, 0, 0, 0, 0, 3.03745e-07, 0, 0.0151496, 0, 0
20.9, 0, 0.0152111, 0, 1.41421, -0.0152111, 0, 0, 0, 0, 0, 0, 0, 0, 0, 0, 0, 0, 0, 0, 0, 3.21091e-07, 0, 0.0152108, 0, 0
20.9079, 0, 0.015253, 0, 1.41421, -0.015253, 0, 0, 0, 0, 0, 0, 0, 0, 0, 0, 0, 0, 0, 0, 0, 3.37666e-07, 0, 0.0152526, 0, 0
20.9157, 0, 0.0152752, 0, 1.41421, -0.0152752, 0, 0, 0, 0, 0, 0, 0, 0, 0, 0, 0, 0, 0, 0, 0, 3.53222e-07, 0, 0.0152748, 0, 0
20.9236, 0, 0.0152777, 0, 1.41421, -0.0152777, 0, 0, 0, 0, 0, 0, 0, 0, 0, 0, 0, 0, 0, 0, 0, 3.67528e-07, 0, 0.0152774, 0, 0
20.9314, 0, 0.0152608, 0, 1.41421, -0.0152608, 0, 0, 0, 0, 0, 0, 0, 0, 0, 0, 0, 0, 0, 0, 0, 3.80358e-07, 0, 0.0152605, 0, 0
20.9392, 0, 0.0152249, 0, 1.41421, -0.0152249, 0, 0, 0, 0, 0, 0, 0, 0, 0, 0, 0, 0, 0, 0, 0, 3.915e-07, 0, 0.0152245, 0, 0
20.9471, 0, 0.0151706, 0, 1.41421, -0.0151706, 0, 0, 0, 0, 0, 0, 0, 0, 0, 0, 0, 0, 0, 0, 0, 4.00775e-07, 0, 0.0151702, 0, 0
20.9549, 0, 0.0150985, 0, 1.41421, -0.0150985, 0, 0, 0, 0, 0, 0, 0, 0, 0, 0, 0, 0, 0, 0, 0, 4.08028e-07, 0, 0.0150981, 0, 0
20.9628, 0, 0.0150096, 0, 1.41421, -0.0150096, 0, 0, 0, 0, 0, 0, 0, 0, 0, 0, 0, 0, 0, 0, 0, 4.13132e-07, 0, 0.0150092, 0, 0
20.9706, 0, 0.0149049, 0, 1.41421, -0.0149049, 0, 0, 0, 0, 0, 0, 0, 0, 0, 0, 0, 0, 0, 0, 0, 4.16e-07, 0, 0.0149045, 0, 0
20.9785, 0, 0.0147856, 0, 1.41421, -0.0147856, 0, 0, 0, 0, 0, 0, 0, 0, 0, 0, 0, 0, 0, 0, 0, 4.16582e-07, 0, 0.0147852, 0, 0
20.9863, 0, 0.0146529, 0, 1.41421, -0.0146529, 0, 0, 0, 0, 0, 0, 0, 0, 0, 0, 0, 0, 0, 0, 0, 4.14868e-07, 0, 0.0146525, 0, 0
20.9941, 0, 0.0145082, 0, 1.41421, -0.0145082, 0, 0, 0, 0, 0, 0, 0, 0, 0, 0, 0, 0, 0, 0, 0, 4.10887e-07, 0, 0.0145078, 0, 0
21.002, 0, 0.0143528, 0, 1.41421, -0.0143528, 0, 0, 0, 0, 0, 0, 0, 0, 0, 0, 0, 0, 0, 0, 0, 4.04709e-07, 0, 0.0143524, 0, 0
21.0098, 0, 0.0141881, 0, 1.41421, -0.0141881, 0, 0, 0, 0, 0, 0, 0, 0, 0, 0, 0, 0, 0, 0, 0, 3.96441e-07, 0, 0.0141877, 0, 0
21.0177, 0, 0.0140154, 0, 1.41421, -0.0140154, 0, 0, 0, 0, 0, 0, 0, 0, 0, 0, 0, 0, 0, 0, 0, 3.86217e-07, 0, 0.014015, 0, 0
21.0255, 0, 0.0138362, 0, 1.41421, -0.0138362, 0, 0, 0, 0, 0, 0, 0, 0, 0, 0, 0, 0, 0, 0, 0, 3.7422e-07, 0, 0.0138358, 0, 0
21.0334, 0, 0.0136517, 0, 1.41421, -0.0136517, 0, 0, 0, 0, 0, 0, 0, 0, 0, 0, 0, 0, 0, 0, 0, 3.60642e-07, 0, 0.0136513, 0, 0
21.0412, 0, 0.0134632, 0, 1.41421, -0.0134632, 0, 0, 0, 0, 0, 0, 0, 0, 0, 0, 0, 0, 0, 0, 0, 3.45698e-07, 0, 0.0134628, 0, 0
21.049, 0, 0.0132719, 0, 1.41421, -0.0132719, 0, 0, 0, 0, 0, 0, 0, 0, 0, 0, 0, 0, 0, 0, 0, 3.29629e-07, 0, 0.0132716, 0, 0
21.0569, 0, 0.0130789, 0, 1.41421, -0.0130789, 0, 0, 0, 0, 0, 0, 0, 0, 0, 0, 0, 0, 0, 0, 0, 3.12674e-07, 0, 0.0130786, 0, 0
21.0647, 0, 0.0128851, 0, 1.41421, -0.0128851, 0, 0, 0, 0, 0, 0, 0, 0, 0, 0, 0, 0, 0, 0, 0, 2.9507e-07, 0, 0.0128848, 0, 0
21.0726, 0, 0.0126916, 0, 1.41421, -0.0126916, 0, 0, 0, 0, 0, 0, 0, 0, 0, 0, 0, 0, 0, 0, 0, 2.77079e-07, 0, 0.0126913, 0, 0
21.0804, 0, 0.012499, 0, 1.41421, -0.012499, 0, 0, 0, 0, 0, 0, 0, 0, 0, 0, 0, 0, 0, 0, 0, 2.58929e-07, 0, 0.0124988, 0, 0
21.0883, 0, 0.0123081, 0, 1.41421, -0.0123081, 0, 0, 0, 0, 0, 0, 0, 0, 0, 0, 0, 0, 0, 0, 0, 2.40838e-07, 0, 0.0123079, 0, 0
21.0961, 0, 0.0121196, 0, 1.41421, -0.0121196, 0, 0, 0, 0, 0, 0, 0, 0, 0, 0, 0, 0, 0, 0, 0, 2.23022e-07, 0, 0.0121193, 0, 0
21.1039, 0, 0.0119338, 0, 1.41421, -0.0119338, 0, 0, 0, 0, 0, 0, 0, 0, 0, 0, 0, 0, 0, 0, 0, 2.05665e-07, 0, 0.0119335, 0, 0
21.1118, 0, 0.0117511, 0, 1.41421, -0.0117511, 0, 0, 0, 0, 0, 0, 0, 0, 0, 0, 0, 0, 0, 0, 0, 1.88927e-07, 0, 0.0117509, 0, 0
21.1196, 0, 0.0115718, 0, 1.41421, -0.0115718, 0, 0, 0, 0, 0, 0, 0, 0, 0, 0, 0, 0, 0, 0, 0, 1.7295e-07, 0, 0.0115716, 0, 0
21.1275, 0, 0.0113962, 0, 1.41421, -0.0113962, 0, 0, 0, 0, 0, 0, 0, 0, 0, 0, 0, 0, 0, 0, 0, 1.57856e-07, 0, 0.0113961, 0, 0
21.1353, 0, 0.0112244, 0, 1.41421, -0.0112244, 0, 0, 0, 0, 0, 0, 0, 0, 0, 0, 0, 0, 0, 0, 0, 1.43724e-07, 0, 0.0112242, 0, 0
21.1432, 0, 0.0110564, 0, 1.41421, -0.0110564, 0, 0, 0, 0, 0, 0, 0, 0, 0, 0, 0, 0, 0, 0, 0, 1.30628e-07, 0, 0.0110563, 0, 0
21.151, 0, 0.0108922, 0, 1.41421, -0.0108922, 0, 0, 0, 0, 0, 0, 0, 0, 0, 0, 0, 0, 0, 0, 0, 1.18605e-07, 0, 0.0108921, 0, 0
21.1588, 0, 0.0107317, 0, 1.41421, -0.0107317, 0, 0, 0, 0, 0, 0, 0, 0, 0, 0, 0, 0, 0, 0, 0, 1.07672e-07, 0, 0.0107316, 0, 0
21.1667, 0, 0.0105749, 0, 1.41421, -0.0105749, 0, 0, 0, 0, 0, 0, 0, 0, 0, 0, 0, 0, 0, 0, 0, 9.7834e-08, 0, 0.0105748, 0, 0
21.1745, 0, 0.0104215, 0, 1.41421, -0.0104215, 0, 0, 0, 0, 0, 0, 0, 0, 0, 0, 0, 0, 0, 0, 0, 8.90763e-08, 0, 0.0104214, 0, 0
21.1824, 0, 0.0102713, 0, 1.41421, -0.0102713, 0, 0, 0, 0, 0, 0, 0, 0, 0, 0, 0, 0, 0, 0, 0, 8.13649e-08, 0, 0.0102712, 0, 0
21.1902, 0, 0.0101241, 0, 1.41421, -0.0101241, 0, 0, 0, 0, 0, 0, 0, 0, 0, 0, 0, 0, 0, 0, 0, 7.46622e-08, 0, 0.010124, 0, 0
21.1981, 0, 0.00997969, 0, 1.41421, -0.00997969, 0, 0, 0, 0, 0, 0, 0, 0, 0, 0, 0, 0, 0, 0, 0, 6.89162e-08, 0, 0.00997963, 0, 0
21.2059, 0, 0.00983774, 0, 1.41421, -0.00983774, 0, 0, 0, 0, 0, 0, 0, 0, 0, 0, 0, 0, 0, 0, 0, 6.40694e-08, 0, 0.00983767, 0, 0
21.2137, 0, 0.00969798, 0, 1.41421, -0.00969798, 0, 0, 0, 0, 0, 0, 0, 0, 0, 0, 0, 0, 0, 0, 0, 6.00629e-08, 0, 0.00969792, 0, 0
21.2216, 0, 0.00956016, 0, 1.41421, -0.00956016, 0, 0, 0, 0, 0, 0, 0, 0, 0, 0, 0, 0, 0, 0, 0, 5.68342e-08, 0, 0.0095601, 0, 0
21.2294, 0, 0.00942402, 0, 1.41421, -0.00942402, 0, 0, 0, 0, 0, 0, 0, 0, 0, 0, 0, 0, 0, 0, 0, 5.43205e-08, 0, 0.00942396, 0, 0
21.2373, 0, 0.00928925, 0, 1.41421, -0.00928925, 0, 0, 0, 0, 0, 0, 0, 0, 0, 0, 0, 0, 0, 0, 0, 5.24586e-08, 0, 0.0092892, 0, 0
21.2451, 0, 0.00915557, 0, 1.41421, -0.00915557, 0, 0, 0, 0, 0, 0, 0, 0, 0, 0, 0, 0, 0, 0, 0, 5.11874e-08, 0, 0.00915552, 0, 0
21.253, 0, 0.0090228, 0, 1.41421, -0.0090228, 0, 0, 0, 0, 0, 0, 0, 0, 0, 0, 0, 0, 0, 0, 0, 5.04491e-08, 0, 0.00902275, 0, 0
21.2608, 0, 0.00889069, 0, 1.41421, -0.00889069, 0, 0, 0, 0, 0, 0, 0, 0, 0, 0, 0, 0, 0, 0, 0, 5.01876e-08, 0, 0.00889064, 0, 0
21.2686, 0, 0.00875895, 0, 1.41421, -0.00875895, 0, 0, 0, 0, 0, 0, 0, 0, 0, 0, 0, 0, 0, 0, 0, 5.03499e-08, 0, 0.0087589, 0, 0
21.2765, 0, 0.00862757, 0, 1.41421, -0.00862757, 0, 0, 0, 0, 0, 0, 0, 0, 0, 0, 0, 0, 0, 0, 0, 5.08856e-08, 0, 0.00862752, 0, 0
21.2843, 0, 0.00849632, 0, 1.41421, -0.00849632, 0, 0, 0, 0, 0, 0, 0, 0, 0, 0, 0, 0, 0, 0, 0, 5.1747e-08, 0, 0.00849627, 0, 0
21.2922, 0, 0.00836506, 0, 1.41421, -0.00836506, 0, 0, 0, 0, 0, 0, 0, 0, 0, 0, 0, 0, 0, 0, 0, 5.28888e-08, 0, 0.00836501, 0, 0
21.3, 0, 0.00823376, 0, 1.41421, -0.00823376, 0, 0, 0, 0, 0, 0, 0, 0, 0, 0, 0, 0, 0, 0, 0, 5.4267e-08, 0, 0.00823371, 0, 0
21.3078, 0, 0.00810234, 0, 1.41421, -0.00810234, 0, 0, 0, 0, 0, 0, 0, 0, 0, 0, 0, 0, 0, 0, 0, 5.584e-08, 0, 0.00810228, 0, 0
21.3157, 0, 0.00797071, 0, 1.41421, -0.00797071, 0, 0, 0, 0, 0, 0, 0, 0, 0, 0, 0, 0, 0, 0, 0, 5.75679e-08, 0, 0.00797065, 0, 0
21.3235, 0, 0.007839, 0, 1.41421, -0.007839, 0, 0, 0, 0, 0, 0, 0, 0, 0, 0, 0, 0, 0, 0, 0, 5.94097e-08, 0, 0.00783894, 0, 0
21.3314, 0, 0.00770719, 0, 1.41421, -0.00770719, 0, 0, 0, 0, 0, 0, 0, 0, 0, 0, 0, 0, 0, 0, 0, 6.13277e-08, 0, 0.00770713, 0, 0
21.3392, 0, 0.00757529, 0, 1.41421, -0.00757529, 0, 0, 0, 0, 0, 0, 0, 0, 0, 0, 0, 0, 0, 0, 0, 6.32847e-08, 0, 0.00757523, 0, 0
21.3471, 0, 0.00744347, 0, 1.41421, -0.00744347, 0, 0, 0, 0, 0, 0, 0, 0, 0, 0, 0, 0, 0, 0, 0, 6.52431e-08, 0, 0.00744341, 0, 0
21.3549, 0, 0.00731179, 0, 1.41421, -0.00731179, 0, 0, 0, 0, 0, 0, 0, 0, 0, 0, 0, 0, 0, 0, 0, 6.71677e-08, 0, 0.00731172, 0, 0
21.3628, 0, 0.0071803, 0, 1.41421, -0.0071803, 0, 0, 0, 0, 0, 0, 0, 0, 0, 0, 0, 0, 0, 0, 0, 6.90251e-08, 0, 0.00718023, 0, 0
21.3706, 0, 0.00704927, 0, 1.41421, -0.00704927, 0, 0, 0, 0, 0, 0, 0, 0, 0, 0, 0, 0, 0, 0, 0, 7.07807e-08, 0, 0.0070492, 0, 0
21.3784, 0, 0.00691879, 0, 1.41421, -0.00691879, 0, 0, 0, 0, 0, 0, 0, 0, 0, 0, 0, 0, 0, 0, 0, 7.24047e-08, 0, 0.00691871, 0, 0
21.3863, 0, 0.00678896, 0, 1.41421, -0.00678896, 0, 0, 0, 0, 0, 0, 0, 0, 0, 0, 0, 0, 0, 0, 0, 7.38687e-08, 0, 0.00678889, 0, 0
21.3941, 0, 0.00666003, 0, 1.41421, -0.00666003, 0, 0, 0, 0, 0, 0, 0, 0, 0, 0, 0, 0, 0, 0, 0, 7.51462e-08, 0, 0.00665995, 0, 0
21.402, 0, 0.0065321, 0, 1.41421, -0.0065321, 0, 0, 0, 0, 0, 0, 0, 0, 0, 0, 0, 0, 0, 0, 0, 7.62149e-08, 0, 0.00653203, 0, 0
21.4098, 0, 0.00640527, 0, 1.41421, -0.00640527, 0, 0, 0, 0, 0, 0, 0, 0, 0, 0, 0, 0, 0, 0, 0, 7.70558e-08, 0, 0.00640519, 0, 0
21.4177, 0, 0.00627982, 0, 1.41421, -0.00627982, 0, 0, 0, 0, 0, 0, 0, 0, 0, 0, 0, 0, 0, 0, 0, 7.76526e-08, 0, 0.00627974, 0, 0
21.4255, 0, 0.00615582, 0, 1.41421, -0.00615582, 0, 0, 0, 0, 0, 0, 0, 0, 0, 0, 0, 0, 0, 0, 0, 7.79945e-08, 0, 0.00615574, 0, 0
21.4333, 0, 0.00603337, 0, 1.41421, -0.00603337, 0, 0, 0, 0, 0, 0, 0, 0, 0, 0, 0, 0, 0, 0, 0, 7.80743e-08, 0, 0.00603329, 0, 0
21.4412, 0, 0.00591265, 0, 1.41421, -0.00591265, 0, 0, 0, 0, 0, 0, 0, 0, 0, 0, 0, 0, 0, 0, 0, 7.78893e-08, 0, 0.00591257, 0, 0
21.449, 0, 0.00579373, 0, 1.41421, -0.00579373, 0, 0, 0, 0, 0, 0, 0, 0, 0, 0, 0, 0, 0, 0, 0, 7.74413e-08, 0, 0.00579365, 0, 0
21.4569, 0, 0.00567668, 0, 1.41421, -0.00567668, 0, 0, 0, 0, 0, 0, 0, 0, 0, 0, 0, 0, 0, 0, 0, 7.67363e-08, 0, 0.0056766, 0, 0
21.4647, 0, 0.0055616, 0, 1.41421, -0.0055616, 0, 0, 0, 0, 0, 0, 0, 0, 0, 0, 0, 0, 0, 0, 0, 7.57845e-08, 0, 0.00556153, 0, 0
21.4726, 0, 0.00544856, 0, 1.41421, -0.00544856, 0, 0, 0, 0, 0, 0, 0, 0, 0, 0, 0, 0, 0, 0, 0, 7.46003e-08, 0, 0.00544849, 0, 0
21.4804, 0, 0.00533764, 0, 1.41421, -0.00533764, 0, 0, 0, 0, 0, 0, 0, 0, 0, 0, 0, 0, 0, 0, 0, 7.32018e-08, 0, 0.00533756, 0, 0
21.4882, 0, 0.00522882, 0, 1.41421, -0.00522882, 0, 0, 0, 0, 0, 0, 0, 0, 0, 0, 0, 0, 0, 0, 0, 7.16095e-08, 0, 0.00522875, 0, 0
21.4961, 0, 0.00512212, 0, 1.41421, -0.00512212, 0, 0, 0, 0, 0, 0, 0, 0, 0, 0, 0, 0, 0, 0, 0, 6.98466e-08, 0, 0.00512205, 0, 0
21.5039, 0, 0.0050176, 0, 1.41421, -0.0050176, 0, 0, 0, 0, 0, 0, 0, 0, 0, 0, 0, 0, 0, 0, 0, 6.79393e-08, 0, 0.00501754, 0, 0
21.5118, 0, 0.0049152, 0, 1.41421, -0.0049152, 0, 0, 0, 0, 0, 0, 0, 0, 0, 0, 0, 0, 0, 0, 0, 6.59138e-08, 0, 0.00491514, 0, 0
21.5196, 0, 0.00481494, 0, 1.41421, -0.00481494, 0, 0, 0, 0, 0, 0, 0, 0, 0, 0, 0, 0, 0, 0, 0, 6.37982e-08, 0, 0.00481488, 0, 0
21.5274, 0, 0.00471683, 0, 1.41421, -0.00471683, 0, 0, 0, 0, 0, 0, 0, 0, 0, 0, 0, 0, 0, 0, 0, 6.16212e-08, 0, 0.00471676, 0, 0
21.5353, 0.57065, 0.0046208, 0, 1.60332, 0.566029, 0, 0, 0, 0, 0, 0, 0, 0, 0, 0, 0, 0, 0, 0, 0, 5.94095e-08, 0, 0.00462074, 0, 0
21.5431, 0.429351, 0.00452682, 0, 1.55864, 0.424824, 0, 0, 0, 0, 0, 0, 0, 0, 0, 0, 0, 0, 0, 0, 0, 5.71893e-08, 0, 0.00452676, 0, 0
21.551, 0, 0.00443488, 0, 1.41421, -0.00443488, 0, 0, 0, 0, 0, 0, 0, 0, 0, 0, 0, 0, 0, 0, 0, 5.49867e-08, 0, 0.00443482, 0, 0
21.5588, 0, 0.00434491, 0, 1.41421, -0.00434491, 0, 0, 0, 0, 0, 0, 0, 0, 0, 0, 0, 0, 0, 0, 0, 5.28235e-08, 0, 0.00434486, 0, 0
21.5667, 0, 0.00425689, 0, 1.41421, -0.00425689, 0, 0, 0, 0, 0, 0, 0, 0, 0, 0, 0, 0, 0, 0, 0, 5.07212e-08, 0, 0.00425684, 0, 0
21.5745, 0, 0.00417079, 0, 1.41421, -0.00417079, 0, 0, 0, 0, 0, 0, 0, 0, 0, 0, 0, 0, 0, 0, 0, 4.86983e-08, 0, 0.00417075, 0, 0
21.5823, 0, 0.00408656, 0, 1.41421, -0.00408656, 0, 0, 0, 0, 0, 0, 0, 0, 0, 0, 0, 0, 0, 0, 0, 4.67695e-08, 0, 0.00408652, 0, 0
21.5902, 0, 0.00400414, 0, 1.41421, -0.00400414, 0, 0, 0, 0, 0, 0, 0, 0, 0, 0, 0, 0, 0, 0, 0, 4.49468e-08, 0, 0.00400409, 0, 0
21.598, 0, 0.00392351, 0, 1.41421, -0.00392351, 0, 0, 0, 0, 0, 0, 0, 0, 0, 0, 0, 0, 0, 0, 0, 4.32405e-08, 0, 0.00392347, 0, 0
21.6059, 0, 0.00384463, 0, 1.41421, -0.00384463, 0, 0, 0, 0, 0, 0, 0, 0, 0, 0, 0, 0, 0, 0, 0, 4.16567e-08, 0, 0.00384459, 0, 0
21.6137, 0, 0.00376743, 0, 1.41421, -0.00376743, 0, 0, 0, 0, 0, 0, 0, 0, 0, 0, 0, 0, 0, 0, 0, 4.01986e-08, 0, 0.00376739, 0, 0
21.6216, 0, 0.00369193, 0, 1.41421, -0.00369193, 0, 0, 0, 0, 0, 0, 0, 0, 0, 0, 0, 0, 0, 0, 0, 3.8869e-08, 0, 0.0036919, 0, 0
21.6294, 0, 0.00361808, 0, 1.41421, -0.00361808, 0, 0, 0, 0, 0, 0, 0, 0, 0, 0, 0, 0, 0, 0, 0, 3.7666e-08, 0, 0.00361805, 0, 0
21.6372, 0, 0.00354583, 0, 1.41421, -0.00354583, 0, 0, 0, 0, 0, 0, 0, 0, 0, 0, 0, 0, 0, 0, 0, 3.65866e-08, 0, 0.0035458, 0, 0
21.6451, 0, 0.00347518, 0, 1.41421, -0.00347518, 0, 0, 0, 0, 0, 0, 0, 0, 0, 0, 0, 0, 0, 0, 0, 3.56265e-08, 0, 0.00347515, 0, 0
21.6529, 0, 0.0034061, 0, 1.41421, -0.0034061, 0, 0, 0, 0, 0, 0, 0, 0, 0, 0, 0, 0, 0, 0, 0, 3.47795e-08, 0, 0.00340606, 0, 0
21.6608, 0, 0.00333852, 0, 1.41421, -0.00333852, 0, 0, 0, 0, 0, 0, 0, 0, 0, 0, 0, 0, 0, 0, 0, 3.40383e-08, 0, 0.00333848, 0, 0
21.6686, 0, 0.00327249, 0, 1.41421, -0.00327249, 0, 0, 0, 0, 0, 0, 0, 0, 0, 0, 0, 0, 0, 0, 0, 3.33957e-08, 0, 0.00327245, 0, 0
21.6765, 0, 0.00320795, 0, 1.41421, -0.00320795, 0, 0, 0, 0, 0, 0, 0, 0, 0, 0, 0, 0, 0, 0, 0, 3.28432e-08, 0, 0.00320792, 0, 0
21.6843, 0, 0.00314487, 0, 1.41421, -0.00314487, 0, 0, 0, 0, 0, 0, 0, 0, 0, 0, 0, 0, 0, 0, 0, 3.23722e-08, 0, 0.00314484, 0, 0
21.6921, 0, 0.00308326, 0, 1.41421, -0.00308326, 0, 0, 0, 0, 0, 0, 0, 0, 0, 0, 0, 0, 0, 0, 0, 3.19745e-08, 0, 0.00308323, 0, 0
21.7, 0, 0.00302308, 0, 1.41421, -0.00302308, 0, 0, 0, 0, 0, 0, 0, 0, 0, 0, 0, 0, 0, 0, 0, 3.16418e-08, 0, 0.00302305, 0, 0
21.7078, 0, 0.00296428, 0, 1.41421, -0.00296428, 0, 0, 0, 0, 0, 0, 0, 0, 0, 0, 0, 0, 0, 0, 0, 3.13661e-08, 0, 0.00296425, 0, 0
21.7157, 0, 0.0029069, 0, 1.41421, -0.0029069, 0, 0, 0, 0, 0, 0, 0, 0, 0, 0, 0, 0, 0, 0, 0, 3.11402e-08, 0, 0.00290687, 0, 0
21.7235, 0, 0.00285088, 0, 1.41421, -0.00285088, 0, 0, 0, 0, 0, 0, 0, 0, 0, 0, 0, 0, 0, 0, 0, 3.09572e-08, 0, 0.00285084, 0, 0
21.7314, 0, 0.00279621, 0, 1.41421, -0.00279621, 0, 0, 0, 0, 0, 0, 0, 0, 0, 0, 0, 0, 0, 0, 0, 3.08109e-08, 0, 0.00279618, 0, 0
21.7392, 0, 0.00274285, 0, 1.41421, -0.00274285, 0, 0, 0, 0, 0, 0, 0, 0, 0, 0, 0, 0, 0, 0, 0, 3.06956e-08, 0, 0.00274282, 0, 0
21.747, 0, 0.00269078, 0, 1.41421, -0.00269078, 0, 0, 0, 0, 0, 0, 0, 0, 0, 0, 0, 0, 0, 0, 0, 3.06063e-08, 0, 0.00269075, 0, 0
21.7549, 0, 0.00263997, 0, 1.41421, -0.00263997, 0, 0, 0, 0, 0, 0, 0, 0, 0, 0, 0, 0, 0, 0, 0, 3.05386e-08, 0, 0.00263994, 0, 0
21.7627, 0, 0.00259041, 0, 1.41421, -0.00259041, 0, 0, 0, 0, 0, 0, 0, 0, 0, 0, 0, 0, 0, 0, 0, 3.04888e-08, 0, 0.00259038, 0, 0
21.7706, 0, 0.00254205, 0, 1.41421, -0.00254205, 0, 0, 0, 0, 0, 0, 0, 0, 0, 0, 0, 0, 0, 0, 0, 3.04536e-08, 0, 0.00254202, 0, 0
21.7784, 0, 0.00249488, 0, 1.41421, -0.00249488, 0, 0, 0, 0, 0, 0, 0, 0, 0, 0, 0, 0, 0, 0, 0, 3.04302e-08, 0, 0.00249485, 0, 0
21.7863, 0, 0.00244885, 0, 1.41421, -0.00244885, 0, 0, 0, 0, 0, 0, 0, 0, 0, 0, 0, 0, 0, 0, 0, 3.04163e-08, 0, 0.00244882, 0, 0
21.7941, 0, 0.00240393, 0, 1.41421, -0.00240393, 0, 0, 0, 0, 0, 0, 0, 0, 0, 0, 0, 0, 0, 0, 0, 3.041e-08, 0, 0.0024039, 0, 0
21.8019, 0, 0.00236011, 0, 1.41421, -0.00236011, 0, 0, 0, 0, 0, 0, 0, 0, 0, 0, 0, 0, 0, 0, 0, 3.04096e-08, 0, 0.00236007, 0, 0
21.8098, 0, 0.00231732, 0, 1.41421, -0.00231732, 0, 0, 0, 0, 0, 0, 0, 0, 0, 0, 0, 0, 0, 0, 0, 3.0414e-08, 0, 0.00231729, 0, 0
21.8176, 0, 0.00227556, 0, 1.41421, -0.00227556, 0, 0, 0, 0, 0, 0, 0, 0, 0, 0, 0, 0, 0, 0, 0, 3.0422e-08, 0, 0.00227553, 0, 0
21.8255, 0, 0.00223479, 0, 1.41421, -0.00223479, 0, 0, 0, 0, 0, 0, 0, 0, 0, 0, 0, 0, 0, 0, 0, 3.04329e-08, 0, 0.00223476, 0, 0
21.8333, 0, 0.00219498, 0, 1.41421, -0.00219498, 0, 0, 0, 0, 0, 0, 0, 0, 0, 0, 0, 0, 0, 0, 0, 3.04459e-08, 0, 0.00219495, 0, 0
21.8412, 0, 0.00215608, 0, 1.41421, -0.00215608, 0, 0, 0, 0, 0, 0, 0, 0, 0, 0, 0, 0, 0, 0, 0, 3.04606e-08, 0, 0.00215605, 0, 0
21.849, 0, 0.00211809, 0, 1.41421, -0.00211809, 0, 0, 0, 0, 0, 0, 0, 0, 0, 0, 0, 0, 0, 0, 0, 3.04764e-08, 0, 0.00211806, 0, 0
21.8568, 0, 0.00208095, 0, 1.41421, -0.00208095, 0, 0, 0, 0, 0, 0, 0, 0, 0, 0, 0, 0, 0, 0, 0, 3.04933e-08, 0, 0.00208092, 0, 0
21.8647, 0, 0.00204464, 0, 1.41421, -0.00204464, 0, 0, 0, 0, 0, 0, 0, 0, 0, 0, 0, 0, 0, 0, 0, 3.05108e-08, 0, 0.00204461, 0, 0
21.8725, 0, 0.00200913, 0, 1.41421, -0.00200913, 0, 0, 0, 0, 0, 0, 0, 0, 0, 0, 0, 0, 0, 0, 0, 3.05288e-08, 0, 0.0020091, 0, 0
21.8804, 0, 0.00197439, 0, 1.41421, -0.00197439, 0, 0, 0, 0, 0, 0, 0, 0, 0, 0, 0, 0, 0, 0, 0, 3.05472e-08, 0, 0.00197436, 0, 0
21.8882, 0, 0.00194039, 0, 1.41421, -0.00194039, 0, 0, 0, 0, 0, 0, 0, 0, 0, 0, 0, 0, 0, 0, 0, 3.05659e-08, 0, 0.00194036, 0, 0
21.8961, 0, 0.00190709, 0, 1.41421, -0.00190709, 0, 0, 0, 0, 0, 0, 0, 0, 0, 0, 0, 0, 0, 0, 0, 3.05848e-08, 0, 0.00190706, 0, 0
21.9039, 0, 0.00187446, 0, 1.41421, -0.00187446, 0, 0, 0, 0, 0, 0, 0, 0, 0, 0, 0, 0, 0, 0, 0, 3.06038e-08, 0, 0.00187443, 0, 0
21.9117, 0, 0.00184247, 0, 1.41421, -0.00184247, 0, 0, 0, 0, 0, 0, 0, 0, 0, 0, 0, 0, 0, 0, 0, 3.06229e-08, 0, 0.00184244, 0, 0
21.9196, 1, 0.0018111, 0, 1.73205, 0.998189, 0, 0, 0, 0, 0, 0, 0, 0, 0, 0, 0, 0, 0, 0, 0, 3.06421e-08, 0, 0.00181107, 0, 0
21.9274, 0, 0.0017803, 0, 1.41421, -0.0017803, 0, 0, 0, 0, 0, 0, 0, 0, 0, 0, 0, 0, 0, 0, 0, 3.06613e-08, 0, 0.00178027, 0, 0
21.9353, 0, 0.00175004, 0, 1.41421, -0.00175004, 0, 0, 0, 0, 0, 0, 0, 0, 0, 0, 0, 0, 0, 0, 0, 3.06806e-08, 0, 0.00175001, 0, 0
21.9431, 0, 0.00172028, 0, 1.41421, -0.00172028, 0, 0, 0, 0, 0, 0, 0, 0, 0, 0, 0, 0, 0, 0, 0, 3.06999e-08, 0, 0.00172025, 0, 0
21.951, 0, 0.00169099, 0, 1.41421, -0.00169099, 0, 0, 0, 0, 0, 0, 0, 0, 0, 0, 0, 0, 0, 0, 0, 3.07192e-08, 0, 0.00169096, 0, 0
21.9588, 0, 0.0016621, 0, 1.41421, -0.0016621, 0, 0, 0, 0, 0, 0, 0, 0, 0, 0, 0, 0, 0, 0, 0, 3.07385e-08, 0, 0.00166207, 0, 0
21.9666, 0, 0.00163361, 0, 1.41421, -0.00163361, 0, 0, 0, 0, 0, 0, 0, 0, 0, 0, 0, 0, 0, 0, 0, 3.07578e-08, 0, 0.00163358, 0, 0
21.9745, 0, 0.00160545, 0, 1.41421, -0.00160545, 0, 0, 0, 0, 0, 0, 0, 0, 0, 0, 0, 0, 0, 0, 0, 3.0777e-08, 0, 0.00160542, 0, 0
21.9823, 0, 0.00157759, 0, 1.41421, -0.00157759, 0, 0, 0, 0, 0, 0, 0, 0, 0, 0, 0, 0, 0, 0, 0, 3.07963e-08, 0, 0.00157756, 0, 0
21.9902, 0, 0.00154998, 0, 1.41421, -0.00154998, 0, 0, 0, 0, 0, 0, 0, 0, 0, 0, 0, 0, 0, 0, 0, 3.08154e-08, 0, 0.00154995, 0, 0
21.998, 0, 0.00152255, 0, 1.41421, -0.00152255, 0, 0, 0, 0, 0, 0, 0, 0, 0, 0, 0, 0, 0, 0, 0, 3.08346e-08, 0, 0.00152252, 0, 0
22.0059, 0, 0.00149526, 0, 1.41421, -0.00149526, 0, 0, 0, 0, 0, 0, 0, 0, 0, 0, 0, 0, 0, 0, 0, 3.08537e-08, 0, 0.00149523, 0, 0
22.0137, 0, 0.00146808, 0, 1.41421, -0.00146808, 0, 0, 0, 0, 0, 0, 0, 0, 0, 0, 0, 0, 0, 0, 0, 3.08727e-08, 0, 0.00146804, 0, 0
22.0215, 0, 0.00144092, 0, 1.41421, -0.00144092, 0, 0, 0, 0, 0, 0, 0, 0, 0, 0, 0, 0, 0, 0, 0, 3.08916e-08, 0, 0.00144089, 0, 0
22.0294, 0, 0.00141376, 0, 1.41421, -0.00141376, 0, 0, 0, 0, 0, 0, 0, 0, 0, 0, 0, 0, 0, 0, 0, 3.09105e-08, 0, 0.00141373, 0, 0
22.0372, 0, 0.00138654, 0, 1.41421, -0.00138654, 0, 0, 0, 0, 0, 0, 0, 0, 0, 0, 0, 0, 0, 0, 0, 3.09293e-08, 0, 0.00138651, 0, 0
22.0451, 0, 0.0013592, 0, 1.41421, -0.0013592, 0, 0, 0, 0, 0, 0, 0, 0, 0, 0, 0, 0, 0, 0, 0, 3.09479e-08, 0, 0.00135917, 0, 0
22.0529, 0, 0.0013317, 0, 1.41421, -0.0013317, 0, 0, 0, 0, 0, 0, 0, 0, 0, 0, 0, 0, 0, 0, 0, 3.09664e-08, 0, 0.00133167, 0, 0
22.0608, 0, 0.00130402, 0, 1.41421, -0.00130402, 0, 0, 0, 0, 0, 0, 0, 0, 0, 0, 0, 0, 0, 0, 0, 3.09848e-08, 0, 0.00130399, 0, 0
22.0686, 0, 0.00127609, 0, 1.41421, -0.00127609, 0, 0, 0, 0, 0, 0, 0, 0, 0, 0, 0, 0, 0, 0, 0, 3.10031e-08, 0, 0.00127606, 0, 0
22.0764, 0, 0.00124792, 0, 1.41421, -0.00124792, 0, 0, 0, 0, 0, 0, 0, 0, 0, 0, 0, 0, 0, 0, 0, 3.10213e-08, 0, 0.00124789, 0, 0
22.0843, 0, 0.00121946, 0, 1.41421, -0.00121946, 0, 0, 0, 0, 0, 0, 0, 0, 0, 0, 0, 0, 0, 0, 0, 3.10393e-08, 0, 0.00121943, 0, 0
22.0921, 0, 0.0011907, 0, 1.41421, -0.0011907, 0, 0, 0, 0, 0, 0, 0, 0, 0, 0, 0, 0, 0, 0, 0, 3.10571e-08, 0, 0.00119066, 0, 0
22.1, 0, 0.00116164, 0, 1.41421, -0.00116164, 0, 0, 0, 0, 0, 0, 0, 0, 0, 0, 0, 0, 0, 0, 0, 3.10748e-08, 0, 0.0011616, 0, 0
22.1078, 0, 0.00113229, 0, 1.41421, -0.00113229, 0, 0, 0, 0, 0, 0, 0, 0, 0, 0, 0, 0, 0, 0, 0, 3.10926e-08, 0, 0.00113226, 0, 0
22.1157, 0, 0.00110266, 0, 1.41421, -0.00110266, 0, 0, 0, 0, 0, 0, 0, 0, 0, 0, 0, 0, 0, 0, 0, 3.11103e-08, 0, 0.00110263, 0, 0
22.1235, 0, 0.00107279, 0, 1.41421, -0.00107279, 0, 0, 0, 0, 0, 0, 0, 0, 0, 0, 0, 0, 0, 0, 0, 3.11282e-08, 0, 0.00107276, 0, 0
22.1313, 0, 0.00104271, 0, 1.41421, -0.00104271, 0, 0, 0, 0, 0, 0, 0, 0, 0, 0, 0, 0, 0, 0, 0, 3.11463e-08, 0, 0.00104268, 0, 0
22.1392, 0, 0.00101245, 0, 1.41421, -0.00101245, 0, 0, 0, 0, 0, 0, 0, 0, 0, 0, 0, 0, 0, 0, 0, 3.11655e-08, 0, 0.00101242, 0, 0
22.147, 0, 0.000982097, 0, 1.41421, -0.000982097, 0, 0, 0, 0, 0, 0, 0, 0, 0, 0, 0, 0, 0, 0, 0, 3.11862e-08, 0, 0.000982066, 0, 0
22.1549, 0, 0.000951691, 0, 1.41421, -0.000951691, 0, 0, 0, 0, 0, 0, 0, 0, 0, 0, 0, 0, 0, 0, 0, 3.12097e-08, 0, 0.00095166, 0, 0
22.1627, 0, 0.000921314, 0, 1.41421, -0.000921314, 0, 0, 0, 0, 0, 0, 0, 0, 0, 0, 0, 0, 0, 0, 0, 3.12385e-08, 0, 0.000921283, 0, 0
22.1706, 0, 0.000891053, 0, 1.41421, -0.000891053, 0, 0, 0, 0, 0, 0, 0, 0, 0, 0, 0, 0, 0, 0, 0, 3.12793e-08, 0, 0.000891022, 0, 0
22.1784, 0, 0.000860983, 0, 1.41421, -0.000860983, 0, 0, 0, 0, 0, 0, 0, 0, 0, 0, 0, 0, 0, 0, 0, 3.13781e-08, 0, 0.000860952, 0, 0
22.1862, 0, 0.000831183, 0, 1.41421, -0.000831183, 0, 0, 0, 0, 0, 0, 0, 0, 0, 0, 0, 0, 0, 0, 0, 3.15028e-08, 0, 0.000831152, 0, 0
22.1941, 0, 0.000801755, 0, 1.41421, -0.000801755, 0, 0, 0, 0, 0, 0, 0, 0, 0, 0, 0, 0, 0, 0, 0, 3.16807e-08, 0, 0.000801723, 0, 0
22.2019, 0, 0.000772762, 0, 1.41421, -0.000772762, 0, 0, 0, 0, 0, 0, 0, 0, 0, 0, 0, 0, 0, 0, 0, 3.20069e-08, 0, 0.00077273, 0, 0
22.2098, 0, 0.000744322, 0, 1.41421, -0.000744322, 0, 0, 0, 0, 0, 0, 0, 0, 0, 0, 0, 0, 0, 0, 0, 3.25137e-08, 0, 0.000744289, 0, 0
22.2176, 0, 0.000716497, 0, 1.41421, -0.000716497, 0, 0, 0, 0, 0, 0, 0, 0, 0, 0, 0, 0, 0, 0, 0, 3.3242e-08, 0, 0.000716464, 0, 0
22.2255, 0, 0.00068936, 0, 1.41421, -0.00068936, 0, 0, 0, 0, 0, 0, 0, 0, 0, 0, 0, 0, 0, 0, 0, 3.43571e-08, 0, 0.000689326, 0, 0
22.2333, 0, 0.000662995, 0, 1.41421, -0.000662995, 0, 0, 0, 0, 0, 0, 0, 0, 0, 0, 0, 0, 0, 0, 0, 3.60651e-08, 0, 0.000662958, 0, 0
22.2411, 0, 0.000637456, 0, 1.41421, -0.000637456, 0, 0, 0, 0, 0, 0, 0, 0, 0, 0, 0, 0, 0, 0, 0, 3.86699e-08, 0, 0.000637417, 0, 0
22.249, 0, 0.000612787, 0, 1.41421, -0.000612787, 0, 0, 0, 0, 0, 0, 0, 0, 0, 0, 0, 0, 0, 0, 0, 4.26215e-08, 0, 0.000612744, 0, 0
22.2568, 0, 0.000589058, 0, 1.41421, -0.000589058, 0, 0, 0, 0, 0, 0, 0, 0, 0, 0, 0, 0, 0, 0, 0, 4.85719e-08, 0, 0.00058901, 0, 0
22.2647, 0, 0.000566295, 0, 1.41421, -0.000566295, 0, 0, 0, 0, 0, 0, 0, 0, 0, 0, 0, 0, 0, 0, 0, 5.74747e-08, 0, 0.000566238, 0, 0
22.2725, 0, 0.00054452, 0, 1.41421, -0.00054452, 0, 0, 0, 0, 0, 0, 0, 0, 0, 0, 0, 0, 0, 0, 0, 7.07061e-08, 0, 0.00054445, 0, 0
22.2804, 0, 0.000523763, 0, 1.41421, -0.000523763, 0, 0, 0, 0, 0, 0, 0, 0, 0, 0, 0, 0, 0, 0, 0, 9.02201e-08, 0, 0.000523673, 0, 0
22.2882, 0, 0.000504029, 0, 1.41421, -0.000504029, 0, 0, 0, 0, 0, 0, 0, 0, 0, 0, 0, 0, 0, 0, 0, 1.18798e-07, 0, 0.00050391, 0, 0
22.296, 0, 0.000485311, 0, 1.41421, -0.000485311, 0, 0, 0, 0, 0, 0, 0, 0, 0, 0, 0, 0, 0, 0, 0, 1.6037e-07, 0, 0.000485151, 0, 0
22.3039, 0, 0.000467624, 0, 1.41421, -0.000467624, 0, 0, 0, 0, 0, 0, 0, 0, 0, 0, 0, 0, 0, 0, 0, 2.20339e-07, 0, 0.000467403, 0, 0
22.3117, 0, 0.000450947, 0, 1.41421, -0.000450947, 0, 0, 0, 0, 0, 0, 0, 0, 0, 0, 0, 0, 0, 0, 0, 3.0624e-07, 0, 0.000450641, 0, 0
22.3196, 0, 0.000435262, 0, 1.41421, -0.000435262, 0, 0, 0, 0, 0, 0, 0, 0, 0, 0, 0, 0, 0, 0, 0, 4.28411e-07, 0, 0.000434833, 0, 0
22.3274, 0, 0.000420559, 0, 1.41421, -0.000420559, 0, 0, 0, 0, 0, 0, 0, 0, 0, 0, 0, 0, 0, 0, 0, 6.00782e-07, 0, 0.000419958, 0, 0
22.3353, 0, 0.000406816, 0, 1.41421, -0.000406816, 0, 0, 0, 0, 0, 0, 0, 0, 0, 0, 0, 0, 0, 0, 0, 8.42207e-07, 0, 0.000405974, 0, 0
22.3431, 0, 0.000394014, 0, 1.41421, -0.000394014, 0, 0, 0, 0, 0, 0, 0, 0, 0, 0, 0, 0, 0, 0, 0, 1.1779e-06, 0, 0.000392836, 0, 0
22.3509, 0, 0.000382144, 0, 1.41421, -0.000382144, 0, 0, 0, 0, 0, 0, 0, 0, 0, 0, 0, 0, 0, 0, 0, 1.64106e-06, 0, 0.000380503, 0, 0
22.3588, 0, 0.000371203, 0, 1.41421, -0.000371203, 0, 0, 0, 0, 0, 0, 0, 0, 0, 0, 0, 0, 0, 0, 0, 2.27504e-06, 0, 0.000368928, 0, 0
22.3666, 0, 0.000361192, 0, 1.41421, -0.000361192, 0, 0, 0, 0, 0, 0, 0, 0, 0, 0, 0, 0, 0, 0, 0, 3.13668e-06, 0, 0.000358055, 0, 0
22.3745, 0, 0.000352137, 0, 1.41421, -0.000352137, 0, 0, 0, 0, 0, 0, 0, 0, 0, 0, 0, 0, 0, 0, 0, 4.2982e-06, 0, 0.000347839, 0, 0
22.3823, 0, 0.000344074, 0, 1.41421, -0.000344074, 0, 0, 0, 0, 0, 0, 0, 0, 0, 0, 0, 0, 0, 0, 0, 5.8523e-06, 0, 0.000338222, 0, 0
22.3902, 0, 0.000337068, 0, 1.41421, -0.000337068, 0, 0, 0, 0, 0, 0, 0, 0, 0, 0, 0, 0, 0, 0, 0, 7.91624e-06, 0, 0.000329152, 0, 0
22.398, 0, 0.000331213, 0, 1.41421, -0.000331213, 0, 0, 0, 0, 0, 0, 0, 0, 0, 0, 0, 0, 0, 0, 0, 1.06355e-05, 0, 0.000320577, 0, 0
22.4058, 0, 0.000326639, 0, 1.41421, -0.000326639, 0, 0, 0, 0, 0, 0, 0, 0, 0, 0, 0, 0, 0, 0, 0, 1.41893e-05, 0, 0.00031245, 0, 0
22.4137, 0, 0.000323516, 0, 1.41421, -0.000323516, 0, 0, 0, 0, 0, 0, 0, 0, 0, 0, 0, 0, 0, 0, 0, 1.87998e-05, 0, 0.000304716, 0, 0
22.4215, 0, 0.000322063, 0, 1.41421, -0.000322063, 0, 0, 0, 0, 0, 0, 0, 0, 0, 0, 0, 0, 0, 0, 0, 2.47314e-05, 0, 0.000297332, 0, 0
22.4294, 0, 0.000322553, 0, 1.41421, -0.000322553, 0, 0, 0, 0, 0, 0, 0, 0, 0, 0, 0, 0, 0, 0, 0, 3.23042e-05, 0, 0.000290249, 0, 0
22.4372, 0, 0.00032532, 0, 1.41421, -0.00032532, 0, 0, 0, 0, 0, 0, 0, 0, 0, 0, 0, 0, 0, 0, 0, 4.18984e-05, 0, 0.000283422, 0, 0
22.4451, 0, 0.000330765, 0, 1.41421, -0.000330765, 0, 0, 0, 0, 0, 0, 0, 0, 0, 0, 0, 0, 0, 0, 0, 5.39539e-05, 0, 0.000276811, 0, 0
22.4529, 0, 0.000339359, 0, 1.41421, -0.000339359, 0, 0, 0, 0, 0, 0, 0, 0, 0, 0, 0, 0, 0, 0, 0, 6.89807e-05, 0, 0.000270378, 0, 0
22.4607, 0, 0.000351642, 0, 1.41421, -0.000351642, 0, 0, 0, 0, 0, 0, 0, 0, 0, 0, 0, 0, 0, 0, 0, 8.75549e-05, 0, 0.000264087, 0, 0
22.4686, 0, 0.000368236, 0, 1.41421, -0.000368236, 0, 0, 0, 0, 0, 0, 0, 0, 0, 0, 0, 0, 0, 0, 0, 0.000110333, 0, 0.000257904, 0, 0
22.4764, 0, 0.000389838, 0, 1.41421, -0.000389838, 0, 0, 0, 0, 0, 0, 0, 0, 0, 0, 0, 0, 0, 0, 0, 0.000138044, 0, 0.000251794, 0, 0
22.4843, 0, 0.000417194, 0, 1.41421, -0.000417194, 0, 0, 0, 0, 0, 0, 0, 0, 0, 0, 0, 0, 0, 0, 0, 0.000171462, 0, 0.000245732, 0, 0
22.4921, 0, 0.000451129, 0, 1.41421, -0.000451129, 0, 0, 0, 0, 0, 0, 0, 0, 0, 0, 0, 0, 0, 0, 0, 0.000211436, 0, 0.000239692, 0, 0
22.5, 0, 0.000492523, 0, 1.41421, -0.000492523, 0, 0, 0, 0, 0, 0, 0, 0, 0, 0, 0, 0, 0, 0, 0, 0.000258877, 0, 0.000233647, 0, 0
22.5078, 0, 0.000542225, 0, 1.41421, -0.000542225, 0, 0, 0, 0, 0, 0, 0, 0, 0, 0, 0, 0, 0, 0, 0, 0.000314643, 0, 0.000227582, 0, 0
22.5156, 0, 0.000601142, 0, 1.41421, -0.000601142, 0, 0, 0, 0, 0, 0, 0, 0, 0, 0, 0, 0, 0, 0, 0, 0.000379663, 0, 0.000221478, 0, 0
22.5235, 0, 0.000670153, 0, 1.41421, -0.000670153, 0, 0, 0, 0, 0, 0, 0, 0, 0, 0, 0, 0, 0, 0, 0, 0.000454833, 0, 0.00021532, 0, 0
22.5313, 0, 0.000750026, 0, 1.41421, -0.000750026, 0, 0, 0, 0, 0, 0, 0, 0, 0, 0, 0, 0, 0, 0, 0, 0.000540927, 0, 0.000209099, 0, 0
22.5392, 0, 0.000841477, 0, 1.41421, -0.000841477, 0, 0, 0, 0, 0, 0, 0, 0, 0, 0, 0, 0, 0, 0, 0, 0.000638671, 0, 0.000202806, 0, 0
22.547, 0, 0.000945122, 0, 1.41421, -0.000945122, 0, 0, 0, 0, 0, 0, 0, 0, 0, 0, 0, 0, 0, 0, 0, 0.000748687, 0, 0.000196435, 0, 0
22.5549, 0, 0.00106123, 0, 1.41421, -0.00106123, 0, 0, 0, 0, 0, 0, 0, 0, 0, 0, 0, 0, 0, 0, 0, 0.000871243, 0, 0.00018999, 0, 0
22.5627, 0, 0.00119001, 0, 1.41421, -0.00119001, 0, 0, 0, 0, 0, 0, 0, 0, 0, 0, 0, 0, 0, 0, 0, 0.00100653, 0, 0.000183472, 0, 0
22.5705, 0, 0.00133135, 0, 1.41421, -0.00133135, 0, 0, 0, 0, 0, 0, 0, 0, 0, 0, 0, 0, 0, 0, 0, 0.00115447, 0, 0.000176884, 0, 0
22.5784, 0, 0.00148476, 0, 1.41421, -0.00148476, 0, 0, 0, 0, 0, 0, 0, 0, 0, 0, 0, 0, 0, 0, 0, 0.00131453, 0, 0.000170239, 0, 0
22.5862, 0, 0.0016495, 0, 1.41421, -0.0016495, 0, 0, 0, 0, 0, 0, 0, 0, 0, 0, 0, 0, 0, 0, 0, 0.00148596, 0, 0.000163547, 0, 0
22.5941, 0, 0.00182452, 0, 1.41421, -0.00182452, 0, 0, 0, 0, 0, 0, 0, 0, 0, 0, 0, 0, 0, 0, 0, 0.0016677, 0, 0.000156819, 0, 0
22.6019, 0, 0.00200811, 0, 1.41421, -0.00200811, 0, 0, 0, 0, 0, 0, 0, 0, 0, 0, 0, 0, 0, 0, 0, 0.00185802, 0, 0.000150081, 0, 0
22.6098, 0, 0.00219846, 0, 1.41421, -0.00219846, 0, 0, 0, 0, 0, 0, 0, 0, 0, 0, 0, 0, 0, 0, 0, 0.00205511, 0, 0.000143348, 0, 0
22.6176, 0, 0.00239336, 0, 1.41421, -0.00239336, 0, 0, 0, 0, 0, 0, 0, 0, 0, 0, 0, 0, 0, 0, 0, 0.00225673, 0, 0.000136639, 0, 0
22.6254, 0, 0.00259013, 0, 1.41421, -0.00259013, 0, 0, 0, 0, 0, 0, 0, 0, 0, 0, 0, 0, 0, 0, 0, 0.00246015, 0, 0.00012998, 0, 0
22.6333, 0, 0.00278593, 0, 1.41421, -0.00278593, 0, 0, 0, 0, 0, 0, 0, 0, 0, 0, 0, 0, 0, 0, 0, 0.00266253, 0, 0.000123394, 0, 0
22.6411, 0, 0.00297774, 0, 1.41421, -0.00297774, 0, 0, 0, 0, 0, 0, 0, 0, 0, 0, 0, 0, 0, 0, 0, 0.00286084, 0, 0.0001169, 0, 0
22.649, 0, 0.00316214, 0, 1.41421, -0.00316214, 0, 0, 0, 0, 0, 0, 0, 0, 0, 0, 0, 0, 0, 0, 0, 0.00305161, 0, 0.000110528, 0, 0
22.6568, 0, 0.00333589, 0, 1.41421, -0.00333589, 0, 0, 0, 0, 0, 0, 0, 0, 0, 0, 0, 0, 0, 0, 0, 0.00323159, 0, 0.000104298, 0, 0
22.6647, 0, 0.00349574, 0, 1.41421, -0.00349574, 0, 0, 0, 0, 0, 0, 0, 0, 0, 0, 0, 0, 0, 0, 0, 0.00339751, 0, 9.823e-05, 0, 0
22.6725, 0, 0.00363848, 0, 1.41421, -0.00363848, 0, 0, 0, 0, 0, 0, 0, 0, 0, 0, 0, 0, 0, 0, 0, 0.00354614, 0, 9.23477e-05, 0, 0
22.6803, 0, 0.00376122, 0, 1.41421, -0.00376122, 0, 0, 0, 0, 0, 0, 0, 0, 0, 0, 0, 0, 0, 0, 0, 0.00367456, 0, 8.66679e-05, 0, 0
22.6882, 0, 0.0038614, 0, 1.41421, -0.0038614, 0, 0, 0, 0, 0, 0, 0, 0, 0, 0, 0, 0, 0, 0, 0, 0.0037802, 0, 8.12056e-05, 0, 0
22.696, 0, 0.00393681, 0, 1.41421, -0.00393681, 0, 0, 0, 0, 0, 0, 0, 0, 0, 0, 0, 0, 0, 0, 0, 0.00386083, 0, 7.59761e-05, 0, 0
22.7039, 0, 0.00398576, 0, 1.41421, -0.00398576, 0, 0, 0, 0, 0, 0, 0, 0, 0, 0, 0, 0, 0, 0, 0, 0.00391477, 0, 7.09911e-05, 0, 0
22.7117, 0, 0.00400713, 0, 1.41421, -0.00400713, 0, 0, 0, 0, 0, 0, 0, 0, 0, 0, 0, 0, 0, 0, 0, 0.00394087, 0, 6.62605e-05, 0, 0
22.7196, 0, 0.00400041, 0, 1.41421, -0.00400041, 0, 0, 0, 0, 0, 0, 0, 0, 0, 0, 0, 0, 0, 0, 0, 0.00393862, 0, 6.17891e-05, 0, 0
22.7274, 0, 0.00396565, 0, 1.41421, -0.00396565, 0, 0, 0, 0, 0, 0, 0, 0, 0, 0, 0, 0, 0, 0, 0, 0.00390807, 0, 5.75795e-05, 0, 0
22.7352, 0, 0.00390356, 0, 1.41421, -0.00390356, 0, 0, 0, 0, 0, 0, 0, 0, 0, 0, 0, 0, 0, 0, 0, 0.00384993, 0, 5.36345e-05, 0, 0
22.7431, 0, 0.00381539, 0, 1.41421, -0.00381539, 0, 0, 0, 0, 0, 0, 0, 0, 0, 0, 0, 0, 0, 0, 0, 0.00376544, 0, 4.99507e-05, 0, 0
22.7509, 0, 0.00370296, 0, 1.41421, -0.00370296, 0, 0, 0, 0, 0, 0, 0, 0, 0, 0, 0, 0, 0, 0, 0, 0.00365643, 0, 4.65253e-05, 0, 0
22.7588, 0, 0.00356858, 0, 1.41421, -0.00356858, 0, 0, 0, 0, 0, 0, 0, 0, 0, 0, 0, 0, 0, 0, 0, 0.00352523, 0, 4.33529e-05, 0, 0
22.7666, 0, 0.00341492, 0, 1.41421, -0.00341492, 0, 0, 0, 0, 0, 0, 0, 0, 0, 0, 0, 0, 0, 0, 0, 0.00337449, 0, 4.0425e-05, 0, 0
22.7745, 0, 0.00324491, 0, 1.41421, -0.00324491, 0, 0, 0, 0, 0, 0, 0, 0, 0, 0, 0, 0, 0, 0, 0, 0.00320718, 0, 3.77315e-05, 0, 0
22.7823, 0, 0.00306183, 0, 1.41421, -0.00306183, 0, 0, 0, 0, 0, 0, 0, 0, 0, 0, 0, 0, 0, 0, 0, 0.00302657, 0, 3.52631e-05, 0, 0
22.7901, 0, 0.00286889, 0, 1.41421, -0.00286889, 0, 0, 0, 0, 0, 0, 0, 0, 0, 0, 0, 0, 0, 0, 0, 0.00283588, 0, 3.30066e-05, 0, 0
22.798, 0, 0.00266944, 0, 1.41421, -0.00266944, 0, 0, 0, 0, 0, 0, 0, 0, 0, 0, 0, 0, 0, 0, 0, 0.00263849, 0, 3.09501e-05, 0, 0
22.8058, 0, 0.00246676, 0, 1.41421, -0.00246676, 0, 0, 0, 0, 0, 0, 0, 0, 0, 0, 0, 0, 0, 0, 0, 0.00243768, 0, 2.90809e-05, 0, 0
22.8137, 0, 0.00226383, 0, 1.41421, -0.00226383, 0, 0, 0, 0, 0, 0, 0, 0, 0, 0, 0, 0, 0, 0, 0, 0.00223645, 0, 2.73848e-05, 0, 0
22.8215, 0, 0.00206344, 0, 1.41421, -0.00206344, 0, 0, 0, 0, 0, 0, 0, 0, 0, 0, 0, 0, 0, 0, 0, 0.00203759, 0, 2.58478e-05, 0, 0
22.8293, 0, 0.00186819, 0, 1.41421, -0.00186819, 0, 0, 0, 0, 0, 0, 0, 0, 0, 0, 0, 0, 0, 0, 0, 0.00184373, 0, 2.44571e-05, 0, 0
22.8372, 0, 0.00168021, 0, 1.41421, -0.00168021, 0, 0, 0, 0, 0, 0, 0, 0, 0, 0, 0, 0, 0, 0, 0, 0.00165701, 0, 2.31991e-05, 0, 0
22.845, 0, 0.00150121, 0, 1.41421, -0.00150121, 0, 0, 0, 0, 0, 0, 0, 0, 0, 0, 0, 0, 0, 0, 0, 0.00147915, 0, 2.206e-05, 0, 0
22.8529, 0, 0.00133283, 0, 1.41421, -0.00133283, 0, 0, 0, 0, 0, 0, 0, 0, 0, 0, 0, 0, 0, 0, 0, 0.0013118, 0, 2.10288e-05, 0, 0
22.8607, 0, 0.00117602, 0, 1.41421, -0.00117602, 0, 0, 0, 0, 0, 0, 0, 0, 0, 0, 0, 0, 0, 0, 0, 0.00115593, 0, 2.00929e-05, 0, 0
22.8686, 0, 0.00103147, 0, 1.41421, -0.00103147, 0, 0, 0, 0, 0, 0, 0, 0, 0, 0, 0, 0, 0, 0, 0, 0.00101223, 0, 1.9241e-05, 0, 0
22.8764, 0, 0.000899641, 0, 1.41421, -0.000899641, 0, 0, 0, 0, 0, 0, 0, 0, 0, 0, 0, 0, 0, 0, 0, 0.000881178, 0, 1.84631e-05, 0, 0
22.8842, 0, 0.000780575, 0, 1.41421, -0.000780575, 0, 0, 0, 0, 0, 0, 0, 0, 0, 0, 0, 0, 0, 0, 0, 0.000762826, 0, 1.77492e-05, 0, 0
22.8921, 0, 0.000674064, 0, 1.41421, -0.000674064, 0, 0, 0, 0, 0, 0, 0, 0, 0, 0, 0, 0, 0, 0, 0, 0.000656974, 0, 1.70902e-05, 0, 0
22.8999, 0, 0.000579846, 0, 1.41421, -0.000579846, 0, 0, 0, 0, 0, 0, 0, 0, 0, 0, 0, 0, 0, 0, 0, 0.000563368, 0, 1.64786e-05, 0, 0
22.9078, 0, 0.000497332, 0, 1.41421, -0.000497332, 0, 0, 0, 0, 0, 0, 0, 0, 0, 0, 0, 0, 0, 0, 0, 0.000481425, 0, 1.59067e-05, 0, 0
22.9156, 0, 0.000425852, 0, 1.41421, -0.000425852, 0, 0, 0, 0, 0, 0, 0, 0, 0, 0, 0, 0, 0, 0, 0, 0.000410484, 0, 1.53677e-05, 0, 0
22.9235, 0, 0.000364709, 0, 1.41421, -0.000364709, 0, 0, 0, 0, 0, 0, 0, 0, 0, 0, 0, 0, 0, 0, 0, 0.000349853, 0, 1.4856e-05, 0, 0
22.9313, 0, 0.000313111, 0, 1.41421, -0.000313111, 0, 0, 0, 0, 0, 0, 0, 0, 0, 0, 0, 0, 0, 0, 0, 0.000298745, 0, 1.43662e-05, 0, 0
22.9391, 0, 0.000270252, 0, 1.41421, -0.000270252, 0, 0, 0, 0, 0, 0, 0, 0, 0, 0, 0, 0, 0, 0, 0, 0.000256358, 0, 1.38934e-05, 0, 0
22.947, 0, 0.000235405, 0, 1.41421, -0.000235405, 0, 0, 0, 0, 0, 0, 0, 0, 0, 0, 0, 0, 0, 0, 0, 0.000221971, 0, 1.34341e-05, 0, 0
22.9548, 0, 0.000207808, 0, 1.41421, -0.000207808, 0, 0, 0, 0, 0, 0, 0, 0, 0, 0, 0, 0, 0, 0, 0, 0.000194823, 0, 1.29846e-05, 0, 0
22.9627, 0, 0.00018679, 0, 1.41421, -0.00018679, 0, 0, 0, 0, 0, 0, 0, 0, 0, 0, 0, 0, 0, 0, 0, 0.000174247, 0, 1.2542e-05, 0, 0
22.9705, 0, 0.000171718, 0, 1.41421, -0.000171718, 0, 0, 0, 0, 0, 0, 0, 0, 0, 0, 0, 0, 0, 0, 0, 0.000159614, 0, 1.2104e-05, 0, 0
22.9784, 0, 0.000162028, 0, 1.41421, -0.000162028, 0, 0, 0, 0, 0, 0, 0, 0, 0, 0, 0, 0, 0, 0, 0, 0.000150359, 0, 1.16684e-05, 0, 0
22.9862, 0, 0.000157223, 0, 1.41421, -0.000157223, 0, 0, 0, 0, 0, 0, 0, 0, 0, 0, 0, 0, 0, 0, 0, 0.000145989, 0, 1.12339e-05, 0, 0
22.994, 0, 0.00015686, 0, 1.41421, -0.00015686, 0, 0, 0, 0, 0, 0, 0, 0, 0, 0, 0, 0, 0, 0, 0, 0.00014606, 0, 1.07994e-05, 0, 0
23.0019, 0, 0.000160543, 0, 1.41421, -0.000160543, 0, 0, 0, 0, 0, 0, 0, 0, 0, 0, 0, 0, 0, 0, 0, 0.000150179, 0, 1.03641e-05, 0, 0
23.0097, 0, 0.000167916, 0, 1.41421, -0.000167916, 0, 0, 0, 0, 0, 0, 0, 0, 0, 0, 0, 0, 0, 0, 0, 0.000157988, 0, 9.9277e-06, 0, 0
23.0176, 0, 0.000178654, 0, 1.41421, -0.000178654, 0, 0, 0, 0, 0, 0, 0, 0, 0, 0, 0, 0, 0, 0, 0, 0.000169164, 0, 9.49016e-06, 0, 0
23.0254, 0, 0.000192453, 0, 1.41421, -0.000192453, 0, 0, 0, 0, 0, 0, 0, 0, 0, 0, 0, 0, 0, 0, 0, 0.000183402, 0, 9.0516e-06, 0, 0
23.0333, 0, 0.000209003, 0, 1.41421, -0.000209003, 0, 0, 0, 0, 0, 0, 0, 0, 0, 0, 0, 0, 0, 0, 0, 0.00020039, 0, 8.6128e-06, 0, 0
23.0411, 0, 0.000228002, 0, 1.41421, -0.000228002, 0, 0, 0, 0, 0, 0, 0, 0, 0, 0, 0, 0, 0, 0, 0, 0.000219828, 0, 8.17431e-06, 0, 0
23.0489, 0, 0.000249126, 0, 1.41421, -0.000249126, 0, 0, 0, 0, 0, 0, 0, 0, 0, 0, 0, 0, 0, 0, 0, 0.000241389, 0, 7.73726e-06, 0, 0
23.0568, 0, 0.000272024, 0, 1.41421, -0.000272024, 0, 0, 0, 0, 0, 0, 0, 0, 0, 0, 0, 0, 0, 0, 0, 0.000264721, 0, 7.30291e-06, 0, 0
23.0646, 0, 0.00029633, 0, 1.41421, -0.00029633, 0, 0, 0, 0, 0, 0, 0, 0, 0, 0, 0, 0, 0, 0, 0, 0.000289457, 0, 6.87247e-06, 0, 0
23.0725, 0, 0.00032165, 0, 1.41421, -0.00032165, 0, 0, 0, 0, 0, 0, 0, 0, 0, 0, 0, 0, 0, 0, 0, 0.000315202, 0, 6.44725e-06, 0, 0
23.0803, 0, 0.000347543, 0, 1.41421, -0.000347543, 0, 0, 0, 0, 0, 0, 0, 0, 0, 0, 0, 0, 0, 0, 0, 0.000341514, 0, 6.02896e-06, 0, 0
23.0882, 0, 0.000373567, 0, 1.41421, -0.000373567, 0, 0, 0, 0, 0, 0, 0, 0, 0, 0, 0, 0, 0, 0, 0, 0.000367948, 0, 5.61888e-06, 0, 0
23.096, 0, 0.000399242, 0, 1.41421, -0.000399242, 0, 0, 0, 0, 0, 0, 0, 0, 0, 0, 0, 0, 0, 0, 0, 0.000394024, 0, 5.21862e-06, 0, 0
23.1038, 0, 0.000424075, 0, 1.41421, -0.000424075, 0, 0, 0, 0, 0, 0, 0, 0, 0, 0, 0, 0, 0, 0, 0, 0.000419246, 0, 4.82974e-06, 0, 0
23.1117, 0, 0.000447586, 0, 1.41421, -0.000447586, 0, 0, 0, 0, 0, 0, 0, 0, 0, 0, 0, 0, 0, 0, 0, 0.000443132, 0, 4.45351e-06, 0, 0
23.1195, 0, 0.000469302, 0, 1.41421, -0.000469302, 0, 0, 0, 0, 0, 0, 0, 0, 0, 0, 0, 0, 0, 0, 0, 0.00046521, 0, 4.09111e-06, 0, 0
23.1274, 0, 0.000488757, 0, 1.41421, -0.000488757, 0, 0, 0, 0, 0, 0, 0, 0, 0, 0, 0, 0, 0, 0, 0, 0.000485013, 0, 3.74387e-06, 0, 0
23.1352, 0, 0.000505543, 0, 1.41421, -0.000505543, 0, 0, 0, 0, 0, 0, 0, 0, 0, 0, 0, 0, 0, 0, 0, 0.00050213, 0, 3.41259e-06, 0, 0
23.1431, 0, 0.000519284, 0, 1.41421, -0.000519284, 0, 0, 0, 0, 0, 0, 0, 0, 0, 0, 0, 0, 0, 0, 0, 0.000516185, 0, 3.09817e-06, 0, 0
23.1509, 0, 0.000529666, 0, 1.41421, -0.000529666, 0, 0, 0, 0, 0, 0, 0, 0, 0, 0, 0, 0, 0, 0, 0, 0.000526865, 0, 2.80132e-06, 0, 0
23.1587, 0, 0.000536454, 0, 1.41421, -0.000536454, 0, 0, 0, 0, 0, 0, 0, 0, 0, 0, 0, 0, 0, 0, 0, 0.000533932, 0, 2.52241e-06, 0, 0
23.1666, 0, 0.000539485, 0, 1.41421, -0.000539485, 0, 0, 0, 0, 0, 0, 0, 0, 0, 0, 0, 0, 0, 0, 0, 0.000537224, 0, 2.26162e-06, 0, 0
23.1744, 0, 0.000538678, 0, 1.41421, -0.000538678, 0, 0, 0, 0, 0, 0, 0, 0, 0, 0, 0, 0, 0, 0, 0, 0.000536659, 0, 2.01916e-06, 0, 0
23.1823, 0, 0.000534037, 0, 1.41421, -0.000534037, 0, 0, 0, 0, 0, 0, 0, 0, 0, 0, 0, 0, 0, 0, 0, 0.000532242, 0, 1.79475e-06, 0, 0
23.1901, 0, 0.000525656, 0, 1.41421, -0.000525656, 0, 0, 0, 0, 0, 0, 0, 0, 0, 0, 0, 0, 0, 0, 0, 0.000524067, 0, 1.58833e-06, 0, 0
23.198, 0, 0.000513705, 0, 1.41421, -0.000513705, 0, 0, 0, 0, 0, 0, 0, 0, 0, 0, 0, 0, 0, 0, 0, 0.000512306, 0, 1.39937e-06, 0, 0
23.2058, 0, 0.000498428, 0, 1.41421, -0.000498428, 0, 0, 0, 0, 0, 0, 0, 0, 0, 0, 0, 0, 0, 0, 0, 0.0004972, 0, 1.22726e-06, 0, 0
23.2136, 0, 0.000480142, 0, 1.41421, -0.000480142, 0, 0, 0, 0, 0, 0, 0, 0, 0, 0, 0, 0, 0, 0, 0, 0.00047907, 0, 1.07141e-06, 0, 0
23.2215, 0, 0.000459211, 0, 1.41421, -0.000459211, 0, 0, 0, 0, 0, 0, 0, 0, 0, 0, 0, 0, 0, 0, 0, 0.00045828, 0, 9.31009e-07, 0, 0
23.2293, 0, 0.000436037, 0, 1.41421, -0.000436037, 0, 0, 0, 0, 0, 0, 0, 0, 0, 0, 0, 0, 0, 0, 0, 0.000435232, 0, 8.0517e-07, 0, 0
23.2372, 0, 0.000411063, 0, 1.41421, -0.000411063, 0, 0, 0, 0, 0, 0, 0, 0, 0, 0, 0, 0, 0, 0, 0, 0.00041037, 0, 6.93025e-07, 0, 0
23.245, 0, 0.000384746, 0, 1.41421, -0.000384746, 0, 0, 0, 0, 0, 0, 0, 0, 0, 0, 0, 0, 0, 0, 0, 0.000384152, 0, 5.93647e-07, 0, 0
23.2529, 0, 0.000357526, 0, 1.41421, -0.000357526, 0, 0, 0, 0, 0, 0, 0, 0, 0, 0, 0, 0, 0, 0, 0, 0.00035702, 0, 5.06023e-07, 0, 0
23.2607, 0, 0.000329858, 0, 1.41421, -0.000329858, 0, 0, 0, 0, 0, 0, 0, 0, 0, 0, 0, 0, 0, 0, 0, 0.000329429, 0, 4.29223e-07, 0, 0
23.2685, 0, 0.000302153, 0, 1.41421, -0.000302153, 0, 0, 0, 0, 0, 0, 0, 0, 0, 0, 0, 0, 0, 0, 0, 0.00030179, 0, 3.62264e-07, 0, 0
23.2764, 0, 0.000274788, 0, 1.41421, -0.000274788, 0, 0, 0, 0, 0, 0, 0, 0, 0, 0, 0, 0, 0, 0, 0, 0.000274484, 0, 3.04197e-07, 0, 0
23.2842, 0, 0.000248114, 0, 1.41421, -0.000248114, 0, 0, 0, 0, 0, 0, 0, 0, 0, 0, 0, 0, 0, 0, 0, 0.00024786, 0, 2.54134e-07, 0, 0
23.2921, 0, 0.000222435, 0, 1.41421, -0.000222435, 0, 0, 0, 0, 0, 0, 0, 0, 0, 0, 0, 0, 0, 0, 0, 0.000222223, 0, 2.11225e-07, 0, 0
23.2999, 0, 0.000197984, 0, 1.41421, -0.000197984, 0, 0, 0, 0, 0, 0, 0, 0, 0, 0, 0, 0, 0, 0, 0, 0.00019781, 0, 1.74639e-07, 0, 0
23.3078, 0, 0.00017497, 0, 1.41421, -0.00017497, 0, 0, 0, 0, 0, 0, 0, 0, 0, 0, 0, 0, 0, 0, 0, 0.000174827, 0, 1.43635e-07, 0, 0
23.3156, 0, 0.000153531, 0, 1.41421, -0.000153531, 0, 0, 0, 0, 0, 0, 0, 0, 0, 0, 0, 0, 0, 0, 0, 0.000153413, 0, 1.17507e-07, 0, 0
23.3234, 0, 0.000133755, 0, 1.41421, -0.000133755, 0, 0, 0, 0, 0, 0, 0, 0, 0, 0, 0, 0, 0, 0, 0, 0.00013366, 0, 9.56101e-08, 0, 0
23.3313, 0, 0.000115699, 0, 1.41421, -0.000115699, 0, 0, 0, 0, 0, 0, 0, 0, 0, 0, 0, 0, 0, 0, 0, 0.000115621, 0, 7.73705e-08, 0, 0
23.3391, 0, 9.93732e-05, 0, 1.41421, -9.93732e-05, 0, 0, 0, 0, 0, 0, 0, 0, 0, 0, 0, 0, 0, 0, 0, 9.93109e-05, 0, 6.227e-08, 0, 0
23.347, 0, 8.47431e-05, 0, 1.41421, -8.47431e-05, 0, 0, 0, 0, 0, 0, 0, 0, 0, 0, 0, 0, 0, 0, 0, 8.46932e-05, 0, 4.98361e-08, 0, 0
23.3548, 0, 7.17583e-05, 0, 1.41421, -7.17583e-05, 0, 0, 0, 0, 0, 0, 0, 0, 0, 0, 0, 0, 0, 0, 0, 7.17186e-05, 0, 3.96639e-08, 0, 0
23.3627, 0, 6.03338e-05, 0, 1.41421, -6.03338e-05, 0, 0, 0, 0, 0, 0, 0, 0, 0, 0, 0, 0, 0, 0, 0, 6.03024e-05, 0, 3.13897e-08, 0, 0
23.3705, 0, 5.0368e-05, 0, 1.41421, -5.0368e-05, 0, 0, 0, 0, 0, 0, 0, 0, 0, 0, 0, 0, 0, 0, 0, 5.03433e-05, 0, 2.46984e-08, 0, 0
23.3783, 0, 4.17539e-05, 0, 1.41421, -4.17539e-05, 0, 0, 0, 0, 0, 0, 0, 0, 0, 0, 0, 0, 0, 0, 0, 4.17346e-05, 0, 1.93229e-08, 0, 0
23.3862, 0, 3.43679e-05, 0, 1.41421, -3.43679e-05, 0, 0, 0, 0, 0, 0, 0, 0, 0, 0, 0, 0, 0, 0, 0, 3.43529e-05, 0, 1.50287e-08, 0, 0
23.394, 0, 2.80897e-05, 0, 1.41421, -2.80897e-05, 0, 0, 0, 0, 0, 0, 0, 0, 0, 0, 0, 0, 0, 0, 0, 2.80781e-05, 0, 1.16203e-08, 0, 0
23.4019, 0, 2.27986e-05, 0, 1.41421, -2.27986e-05, 0, 0, 0, 0, 0, 0, 0, 0, 0, 0, 0, 0, 0, 0, 0, 2.27897e-05, 0, 8.93259e-09, 0, 0
23.4097, 0, 1.83747e-05, 0, 1.41421, -1.83747e-05, 0, 0, 0, 0, 0, 0, 0, 0, 0, 0, 0, 0, 0, 0, 0, 1.83679e-05, 0, 6.82572e-09, 0, 0
23.4176, 0, 1.4705e-05, 0, 1.41421, -1.4705e-05, 0, 0, 0, 0, 0, 0, 0, 0, 0, 0, 0, 0, 0, 0, 0, 1.46998e-05, 0, 5.18419e-09, 0, 0
23.4254, 0, 1.16867e-05, 0, 1.41421, -1.16867e-05, 0, 0, 0, 0, 0, 0, 0, 0, 0, 0, 0, 0, 0, 0, 0, 1.16828e-05, 0, 3.91397e-09, 0, 0
23.4332, 0, 9.22224e-06, 0, 1.41421, -9.22224e-06, 0, 0, 0, 0, 0, 0, 0, 0, 0, 0, 0, 0, 0, 0, 0, 9.21931e-06, 0, 2.93663e-09, 0, 0
23.4411, 0, 7.22778e-06, 0, 1.41421, -7.22778e-06, 0, 0, 0, 0, 0, 0, 0, 0, 0, 0, 0, 0, 0, 0, 0, 7.22559e-06, 0, 2.19018e-09, 0, 0
23.4489, 0, 5.62539e-06, 0, 1.41421, -5.62539e-06, 0, 0, 0, 0, 0, 0, 0, 0, 0, 0, 0, 0, 0, 0, 0, 5.62377e-06, 0, 1.62344e-09, 0, 0
23.4568, 0, 4.34769e-06, 0, 1.41421, -4.34769e-06, 0, 0, 0, 0, 0, 0, 0, 0, 0, 0, 0, 0, 0, 0, 0, 4.34649e-06, 0, 1.19581e-09, 0, 0
23.4646, 0, 3.33722e-06, 0, 1.41421, -3.33722e-06, 0, 0, 0, 0, 0, 0, 0, 0, 0, 0, 0, 0, 0, 0, 0, 3.33634e-06, 0, 8.75422e-10, 0, 0
23.4725, 0, 2.54395e-06, 0, 1.41421, -2.54395e-06, 0, 0, 0, 0, 0, 0, 0, 0, 0, 0, 0, 0, 0, 0, 0, 2.54332e-06, 0, 6.36866e-10, 0, 0
23.4803, 0, 1.92566e-06, 0, 1.41421, -1.92566e-06, 0, 0, 0, 0, 0, 0, 0, 0, 0, 0, 0, 0, 0, 0, 0, 1.9252e-06, 0, 4.60333e-10, 0, 0
23.4881, 0, 1.44784e-06, 0, 1.41421, -1.44784e-06, 0, 0, 0, 0, 0, 0, 0, 0, 0, 0, 0, 0, 0, 0, 0, 1.44751e-06, 0, 3.30686e-10, 0, 0
23.496, 0, 1.08114e-06, 0, 1.41421, -1.08114e-06, 0, 0, 0, 0, 0, 0, 0, 0, 0, 0, 0, 0, 0, 0, 0, 1.0809e-06, 0, 2.36046e-10, 0, 0
23.5038, 0, 8.01745e-07, 0, 1.41421, -8.01745e-07, 0, 0, 0, 0, 0, 0, 0, 0, 0, 0, 0, 0, 0, 0, 0, 8.01577e-07, 0, 1.67403e-10, 0, 0
23.5117, 0, 5.90551e-07, 0, 1.41421, -5.90551e-07, 0, 0, 0, 0, 0, 0, 0, 0, 0, 0, 0, 0, 0, 0, 0, 5.90433e-07, 0, 1.17973e-10, 0, 0
23.5195, 0, 4.32034e-07, 0, 1.41421, -4.32034e-07, 0, 0, 0, 0, 0, 0, 0, 0, 0, 0, 0, 0, 0, 0, 0, 4.31952e-07, 0, 8.26032e-11, 0, 0
23.5274, 0, 3.13876e-07, 0, 1.41421, -3.13876e-07, 0, 0, 0, 0, 0, 0, 0, 0, 0, 0, 0, 0, 0, 0, 0, 3.13819e-07, 0, 5.74536e-11, 0, 0
23.5352, 0, 2.26528e-07, 0, 1.41421, -2.26528e-07, 0, 0, 0, 0, 0, 0, 0, 0, 0, 0, 0, 0, 0, 0, 0, 2.26488e-07, 0, 3.97086e-11, 0, 0
23.543, 0, 1.62386e-07, 0, 1.41421, -1.62386e-07, 0, 0, 0, 0, 0, 0, 0, 0, 0, 0, 0, 0, 0, 0, 0, 1.62359e-07, 0, 2.72648e-11, 0, 0
23.5509, 0, 1.15613e-07, 0, 1.41421, -1.15613e-07, 0, 0, 0, 0, 0, 0, 0, 0, 0, 0, 0, 0, 0, 0, 0, 1.15595e-07, 0, 1.85955e-11, 0, 0
23.5587, 0, 8.17678e-08, 0, 1.41421, -8.17678e-08, 0, 0, 0, 0, 0, 0, 0, 0, 0, 0, 0, 0, 0, 0, 0, 8.17552e-08, 0, 1.25995e-11, 0, 0
23.5666, 0, 5.74438e-08, 0, 1.41421, -5.74438e-08, 0, 0, 0, 0, 0, 0, 0, 0, 0, 0, 0, 0, 0, 0, 0, 5.74353e-08, 0, 8.47918e-12, 0, 0
23.5744, 0, 4.00827e-08, 0, 1.41421, -4.00827e-08, 0, 0, 0, 0, 0, 0, 0, 0, 0, 0, 0, 0, 0, 0, 0, 4.0077e-08, 0, 5.6664e-12, 0, 0
23.5823, 0, 2.77824e-08, 0, 1.41421, -2.77824e-08, 0, 0, 0, 0, 0, 0, 0, 0, 0, 0, 0, 0, 0, 0, 0, 2.77786e-08, 0, 3.76004e-12, 0, 0
23.5901, 0, 1.91306e-08, 0, 1.41421, -1.91306e-08, 0, 0, 0, 0, 0, 0, 0, 0, 0, 0, 0, 0, 0, 0, 0, 1.91282e-08, 0, 2.47689e-12, 0, 0
23.5979, 0, 1.30847e-08, 0, 1.41421, -1.30847e-08, 0, 0, 0, 0, 0, 0, 0, 0, 0, 0, 0, 0, 0, 0, 0, 1.30831e-08, 0, 1.61867e-12, 0, 0
23.6058, 0, 8.89123e-09, 0, 1.41421, -8.89123e-09, 0, 0, 0, 0, 0, 0, 0, 0, 0, 0, 0, 0, 0, 0, 0, 8.89018e-09, 0, 1.04888e-12, 0, 0
23.6136, 0, 6.00193e-09, 0, 1.41421, -6.00193e-09, 0, 0, 0, 0, 0, 0, 0, 0, 0, 0, 0, 0, 0, 0, 0, 6.00125e-09, 0, 6.77028e-13, 0, 0
23.6215, 0, 4.02451e-09, 0, 1.41421, -4.02451e-09, 0, 0, 0, 0, 0, 0, 0, 0, 0, 0, 0, 0, 0, 0, 0, 4.02408e-09, 0, 4.33267e-13, 0, 0
23.6293, 0, 2.68087e-09, 0, 1.41421, -2.68087e-09, 0, 0, 0, 0, 0, 0, 0, 0, 0, 0, 0, 0, 0, 0, 0, 2.68059e-09, 0, 2.74787e-13, 0, 0
23.6372, 0, 1.77432e-09, 0, 1.41421, -1.77432e-09, 0, 0, 0, 0, 0, 0, 0, 0, 0, 0, 0, 0, 0, 0, 0, 1.77414e-09, 0, 1.72336e-13, 0, 0
23.645, 0, 1.16653e-09, 0, 1.41421, -1.16653e-09, 0, 0, 0, 0, 0, 0, 0, 0, 0, 0, 0, 0, 0, 0, 0, 1.16642e-09, 0, 1.06855e-13, 0, 0
23.6528, 0, 7.62005e-10, 0, 1.41421, -7.62005e-10, 0, 0, 0, 0, 0, 0, 0, 0, 0, 0, 0, 0, 0, 0, 0, 7.6194e-10, 0, 6.51166e-14, 0, 0
23.6607, 0, 4.94506e-10, 0, 1.41421, -4.94506e-10, 0, 0, 0, 0, 0, 0, 0, 0, 0, 0, 0, 0, 0, 0, 0, 4.94467e-10, 0, 3.87265e-14, 0, 0
23.6685, 0, 3.18762e-10, 0, 1.41421, -3.18762e-10, 0, 0, 0, 0, 0, 0, 0, 0, 0, 0, 0, 0, 0, 0, 0, 3.18739e-10, 0, 2.25978e-14, 0, 0
23.6764, 0, 2.04089e-10, 0, 1.41421, -2.04089e-10, 0, 0, 0, 0, 0, 0, 0, 0, 0, 0, 0, 0, 0, 0, 0, 2.04076e-10, 0, 1.25399e-14, 0, 0
23.6842, 0, 1.2972e-10, 0, 1.41421, -1.2972e-10, 0, 0, 0, 0, 0, 0, 0, 0, 0, 0, 0, 0, 0, 0, 0, 1.29713e-10, 0, 6.66169e-15, 0, 0
23.6921, 0, 8.16953e-11, 0, 1.41421, -8.16953e-11, 0, 0, 0, 0, 0, 0, 0, 0, 0, 0, 0, 0, 0, 0, 0, 8.16922e-11, 0, 3.051e-15, 0, 0
23.6999, 0, 5.03676e-11, 0, 1.41421, -5.03676e-11, 0, 0, 0, 0, 0, 0, 0, 0, 0, 0, 0, 0, 0, 0, 0, 5.03667e-11, 0, 8.53445e-16, 0, 0
23.7077, 0, 2.55261e-11, 0, 1.41421, -2.55261e-11, 0, 0, 0, 0, 0, 0, 0, 0, 0, 0, 0, 0, 0, 0, 0, 2.55257e-11, 0, 4.10672e-16, 0, 0
23.7156, 0, 1.25615e-11, 0, 1.41421, -1.25615e-11, 0, 0, 0, 0, 0, 0, 0, 0, 0, 0, 0, 0, 0, 0, 0, 1.25612e-11, 0, 2.33818e-16, 0, 0
23.7234, 0, 7.16065e-12, 0, 1.41421, -7.16065e-12, 0, 0, 0, 0, 0, 0, 0, 0, 0, 0, 0, 0, 0, 0, 0, 7.16053e-12, 0, 1.2503e-16, 0, 0
23.7313, 0, 4.18643e-12, 0, 1.41421, -4.18643e-12, 0, 0, 0, 0, 0, 0, 0, 0, 0, 0, 0, 0, 0, 0, 0, 4.18637e-12, 0, 6.27817e-17, 0, 0
23.7391, 0, 2.44942e-12, 0, 1.41421, -2.44942e-12, 0, 0, 0, 0, 0, 0, 0, 0, 0, 0, 0, 0, 0, 0, 0, 2.44939e-12, 0, 2.48496e-17, 0, 0
23.747, 0, 1.41579e-12, 0, 1.41421, -1.41579e-12, 0, 0, 0, 0, 0, 0, 0, 0, 0, 0, 0, 0, 0, 0, 0, 1.41579e-12, 0, 1.99123e-18, 0, 0
23.7548, 0, 7.8315e-13, 0, 1.41421, -7.8315e-13, 0, 0, 0, 0, 0, 0, 0, 0, 0, 0, 0, 0, 0, 0, 0, 7.8315e-13, 0, 0, 0, 0
23.7626, 0, 3.22388e-13, 0, 1.41421, -3.22388e-13, 0, 0, 0, 0, 0, 0, 0, 0, 0, 0, 0, 0, 0, 0, 0, 3.22388e-13, 0, 0, 0, 0
23.7705, 0, 1.49561e-13, 0, 1.41421, -1.49561e-13, 0, 0, 0, 0, 0, 0, 0, 0, 0, 0, 0, 0, 0, 0, 0, 1.49561e-13, 0, 0, 0, 0
23.7783, 0, 5.94701e-14, 0, 1.41421, -5.94701e-14, 0, 0, 0, 0, 0, 0, 0, 0, 0, 0, 0, 0, 0, 0, 0, 5.94701e-14, 0, 0, 0, 0
23.7862, 0, 1.18476e-14, 0, 1.41421, -1.18476e-14, 0, 0, 0, 0, 0, 0, 0, 0, 0, 0, 0, 0, 0, 0, 0, 1.18476e-14, 0, 0, 0, 0
23.794, 0, 6.2113e-15, 0, 1.41421, -6.2113e-15, 0, 0, 0, 0, 0, 0, 0, 0, 0, 0, 0, 0, 0, 0, 0, 6.2113e-15, 0, 0, 0, 0
23.8019, 0, 3.09871e-15, 0, 1.41421, -3.09871e-15, 0, 0, 0, 0, 0, 0, 0, 0, 0, 0, 0, 0, 0, 0, 0, 3.09871e-15, 0, 0, 0, 0
23.8097, 0, 1.39164e-15, 0, 1.41421, -1.39164e-15, 0, 0, 0, 0, 0, 0, 0, 0, 0, 0, 0, 0, 0, 0, 0, 1.39164e-15, 0, 0, 0, 0
23.8175, 0, 4.74327e-16, 0, 1.41421, -4.74327e-16, 0, 0, 0, 0, 0, 0, 0, 0, 0, 0, 0, 0, 0, 0, 0, 4.74327e-16, 0, 0, 0, 0
23.8254, 0, 0, 0, 1.41421, 0, 0, 0, 0, 0, 0, 0, 0, 0, 0, 0, 0, 0, 0, 0, 0, 0, 0, 0, 0, 0
23.8332, 0, 0, 0, 1.41421, 0, 0, 0, 0, 0, 0, 0, 0, 0, 0, 0, 0, 0, 0, 0, 0, 0, 0, 0, 0, 0
23.8411, 0, 0, 0, 1.41421, 0, 0, 0, 0, 0, 0, 0, 0, 0, 0, 0, 0, 0, 0, 0, 0, 0, 0, 0, 0, 0
23.8489, 0, 0, 0, 1.41421, 0, 0, 0, 0, 0, 0, 0, 0, 0, 0, 0, 0, 0, 0, 0, 0, 0, 0, 0, 0, 0
23.8568, 0, 0, 0, 1.41421, 0, 0, 0, 0, 0, 0, 0, 0, 0, 0, 0, 0, 0, 0, 0, 0, 0, 0, 0, 0, 0
23.8646, 0, 0, 0, 1.41421, 0, 0, 0, 0, 0, 0, 0, 0, 0, 0, 0, 0, 0, 0, 0, 0, 0, 0, 0, 0, 0
23.8724, 0, 0, 0, 1.41421, 0, 0, 0, 0, 0, 0, 0, 0, 0, 0, 0, 0, 0, 0, 0, 0, 0, 0, 0, 0, 0
23.8803, 0, 0, 0, 1.41421, 0, 0, 0, 0, 0, 0, 0, 0, 0, 0, 0, 0, 0, 0, 0, 0, 0, 0, 0, 0, 0
23.8881, 0, 0, 0, 1.41421, 0, 0, 0, 0, 0, 0, 0, 0, 0, 0, 0, 0, 0, 0, 0, 0, 0, 0, 0, 0, 0
23.896, 0, 0, 0, 1.41421, 0, 0, 0, 0, 0, 0, 0, 0, 0, 0, 0, 0, 0, 0, 0, 0, 0, 0, 0, 0, 0
23.9038, 0, 0, 0, 1.41421, 0, 0, 0, 0, 0, 0, 0, 0, 0, 0, 0, 0, 0, 0, 0, 0, 0, 0, 0, 0, 0
23.9117, 0, 0, 0, 1.41421, 0, 0, 0, 0, 0, 0, 0, 0, 0, 0, 0, 0, 0, 0, 0, 0, 0, 0, 0, 0, 0
23.9195, 0, 0, 0, 1.41421, 0, 0, 0, 0, 0, 0, 0, 0, 0, 0, 0, 0, 0, 0, 0, 0, 0, 0, 0, 0, 0
23.9273, 0, 0, 0, 1.41421, 0, 0, 0, 0, 0, 0, 0, 0, 0, 0, 0, 0, 0, 0, 0, 0, 0, 0, 0, 0, 0
23.9352, 0, 0, 0, 1.41421, 0, 0, 0, 0, 0, 0, 0, 0, 0, 0, 0, 0, 0, 0, 0, 0, 0, 0, 0, 0, 0
23.943, 0, 0, 0, 1.41421, 0, 0, 0, 0, 0, 0, 0, 0, 0, 0, 0, 0, 0, 0, 0, 0, 0, 0, 0, 0, 0
23.9509, 0, 0, 0, 1.41421, 0, 0, 0, 0, 0, 0, 0, 0, 0, 0, 0, 0, 0, 0, 0, 0, 0, 0, 0, 0, 0
23.9587, 0, 0, 0, 1.41421, 0, 0, 0, 0, 0, 0, 0, 0, 0, 0, 0, 0, 0, 0, 0, 0, 0, 0, 0, 0, 0
23.9666, 0, 0, 0, 1.41421, 0, 0, 0, 0, 0, 0, 0, 0, 0, 0, 0, 0, 0, 0, 0, 0, 0, 0, 0, 0, 0
23.9744, 0, 0, 0, 1.41421, 0, 0, 0, 0, 0, 0, 0, 0, 0, 0, 0, 0, 0, 0, 0, 0, 0, 0, 0, 0, 0
23.9822, 0, 0, 0, 1.41421, 0, 0, 0, 0, 0, 0, 0, 0, 0, 0, 0, 0, 0, 0, 0, 0, 0, 0, 0, 0, 0
23.9901, 0, 0, 0, 1.41421, 0, 0, 0, 0, 0, 0, 0, 0, 0, 0, 0, 0, 0, 0, 0, 0, 0, 0, 0, 0, 0
23.9979, 0, 0, 0, 1.41421, 0, 0, 0, 0, 0, 0, 0, 0, 0, 0, 0, 0, 0, 0, 0, 0, 0, 0, 0, 0, 0
24.0058, 0, 0, 0, 1.41421, 0, 0, 0, 0, 0, 0, 0, 0, 0, 0, 0, 0, 0, 0, 0, 0, 0, 0, 0, 0, 0
24.0136, 0, 0, 0, 1.41421, 0, 0, 0, 0, 0, 0, 0, 0, 0, 0, 0, 0, 0, 0, 0, 0, 0, 0, 0, 0, 0
24.0215, 0, 0, 0, 1.41421, 0, 0, 0, 0, 0, 0, 0, 0, 0, 0, 0, 0, 0, 0, 0, 0, 0, 0, 0, 0, 0
24.0293, 0, 0, 0, 1.41421, 0, 0, 0, 0, 0, 0, 0, 0, 0, 0, 0, 0, 0, 0, 0, 0, 0, 0, 0, 0, 0
24.0371, 0, 0, 0, 1.41421, 0, 0, 0, 0, 0, 0, 0, 0, 0, 0, 0, 0, 0, 0, 0, 0, 0, 0, 0, 0, 0
24.045, 0, 0, 0, 1.41421, 0, 0, 0, 0, 0, 0, 0, 0, 0, 0, 0, 0, 0, 0, 0, 0, 0, 0, 0, 0, 0
24.0528, 0, 0, 0, 1.41421, 0, 0, 0, 0, 0, 0, 0, 0, 0, 0, 0, 0, 0, 0, 0, 0, 0, 0, 0, 0, 0
24.0607, 0, 0, 0, 1.41421, 0, 0, 0, 0, 0, 0, 0, 0, 0, 0, 0, 0, 0, 0, 0, 0, 0, 0, 0, 0, 0
24.0685, 0, 0, 0, 1.41421, 0, 0, 0, 0, 0, 0, 0, 0, 0, 0, 0, 0, 0, 0, 0, 0, 0, 0, 0, 0, 0
24.0764, 0, 0, 0, 1.41421, 0, 0, 0, 0, 0, 0, 0, 0, 0, 0, 0, 0, 0, 0, 0, 0, 0, 0, 0, 0, 0
24.0842, 0, 0, 0, 1.41421, 0, 0, 0, 0, 0, 0, 0, 0, 0, 0, 0, 0, 0, 0, 0, 0, 0, 0, 0, 0, 0
24.092, 0, 0, 0, 1.41421, 0, 0, 0, 0, 0, 0, 0, 0, 0, 0, 0, 0, 0, 0, 0, 0, 0, 0, 0, 0, 0
24.0999, 0, 0, 0, 1.41421, 0, 0, 0, 0, 0, 0, 0, 0, 0, 0, 0, 0, 0, 0, 0, 0, 0, 0, 0, 0, 0
24.1077, 0, 0, 0, 1.41421, 0, 0, 0, 0, 0, 0, 0, 0, 0, 0, 0, 0, 0, 0, 0, 0, 0, 0, 0, 0, 0
24.1156, 0, 0, 0, 1.41421, 0, 0, 0, 0, 0, 0, 0, 0, 0, 0, 0, 0, 0, 0, 0, 0, 0, 0, 0, 0, 0
24.1234, 0, 0, 0, 1.41421, 0, 0, 0, 0, 0, 0, 0, 0, 0, 0, 0, 0, 0, 0, 0, 0, 0, 0, 0, 0, 0
24.1313, 0, 0, 0, 1.41421, 0, 0, 0, 0, 0, 0, 0, 0, 0, 0, 0, 0, 0, 0, 0, 0, 0, 0, 0, 0, 0
24.1391, 0, 0, 0, 1.41421, 0, 0, 0, 0, 0, 0, 0, 0, 0, 0, 0, 0, 0, 0, 0, 0, 0, 0, 0, 0, 0
24.1469, 0, 0, 0, 1.41421, 0, 0, 0, 0, 0, 0, 0, 0, 0, 0, 0, 0, 0, 0, 0, 0, 0, 0, 0, 0, 0
24.1548, 0, 0, 0, 1.41421, 0, 0, 0, 0, 0, 0, 0, 0, 0, 0, 0, 0, 0, 0, 0, 0, 0, 0, 0, 0, 0
24.1626, 0, 0, 0, 1.41421, 0, 0, 0, 0, 0, 0, 0, 0, 0, 0, 0, 0, 0, 0, 0, 0, 0, 0, 0, 0, 0
24.1705, 0, 0, 0, 1.41421, 0, 0, 0, 0, 0, 0, 0, 0, 0, 0, 0, 0, 0, 0, 0, 0, 0, 0, 0, 0, 0
24.1783, 0, 0, 0, 1.41421, 0, 0, 0, 0, 0, 0, 0, 0, 0, 0, 0, 0, 0, 0, 0, 0, 0, 0, 0, 0, 0
24.1862, 0, 0, 0, 1.41421, 0, 0, 0, 0, 0, 0, 0, 0, 0, 0, 0, 0, 0, 0, 0, 0, 0, 0, 0, 0, 0
24.194, 0, 0, 0, 1.41421, 0, 0, 0, 0, 0, 0, 0, 0, 0, 0, 0, 0, 0, 0, 0, 0, 0, 0, 0, 0, 0
24.2018, 0, 0, 0, 1.41421, 0, 0, 0, 0, 0, 0, 0, 0, 0, 0, 0, 0, 0, 0, 0, 0, 0, 0, 0, 0, 0
24.2097, 0, 0, 0, 1.41421, 0, 0, 0, 0, 0, 0, 0, 0, 0, 0, 0, 0, 0, 0, 0, 0, 0, 0, 0, 0, 0
24.2175, 0, 0, 0, 1.41421, 0, 0, 0, 0, 0, 0, 0, 0, 0, 0, 0, 0, 0, 0, 0, 0, 0, 0, 0, 0, 0
24.2254, 0, 0, 0, 1.41421, 0, 0, 0, 0, 0, 0, 0, 0, 0, 0, 0, 0, 0, 0, 0, 0, 0, 0, 0, 0, 0
24.2332, 0, 0, 0, 1.41421, 0, 0, 0, 0, 0, 0, 0, 0, 0, 0, 0, 0, 0, 0, 0, 0, 0, 0, 0, 0, 0
24.2411, 0, 0, 0, 1.41421, 0, 0, 0, 0, 0, 0, 0, 0, 0, 0, 0, 0, 0, 0, 0, 0, 0, 0, 0, 0, 0
24.2489, 0, 0, 0, 1.41421, 0, 0, 0, 0, 0, 0, 0, 0, 0, 0, 0, 0, 0, 0, 0, 0, 0, 0, 0, 0, 0
24.2567, 0, 0, 0, 1.41421, 0, 0, 0, 0, 0, 0, 0, 0, 0, 0, 0, 0, 0, 0, 0, 0, 0, 0, 0, 0, 0
24.2646, 0, 0, 0, 1.41421, 0, 0, 0, 0, 0, 0, 0, 0, 0, 0, 0, 0, 0, 0, 0, 0, 0, 0, 0, 0, 0
24.2724, 0, 0, 0, 1.41421, 0, 0, 0, 0, 0, 0, 0, 0, 0, 0, 0, 0, 0, 0, 0, 0, 0, 0, 0, 0, 0
24.2803, 0, 0, 0, 1.41421, 0, 0, 0, 0, 0, 0, 0, 0, 0, 0, 0, 0, 0, 0, 0, 0, 0, 0, 0, 0, 0
24.2881, 0, 0, 0, 1.41421, 0, 0, 0, 0, 0, 0, 0, 0, 0, 0, 0, 0, 0, 0, 0, 0, 0, 0, 0, 0, 0
24.2959, 0, 0, 0, 1.41421, 0, 0, 0, 0, 0, 0, 0, 0, 0, 0, 0, 0, 0, 0, 0, 0, 0, 0, 0, 0, 0
24.3038, 0, 0, 0, 1.41421, 0, 0, 0, 0, 0, 0, 0, 0, 0, 0, 0, 0, 0, 0, 0, 0, 0, 0, 0, 0, 0
24.3116, 0, 0, 0, 1.41421, 0, 0, 0, 0, 0, 0, 0, 0, 0, 0, 0, 0, 0, 0, 0, 0, 0, 0, 0, 0, 0
24.3195, 0, 0, 0, 1.41421, 0, 0, 0, 0, 0, 0, 0, 0, 0, 0, 0, 0, 0, 0, 0, 0, 0, 0, 0, 0, 0
24.3273, 0, 0, 0, 1.41421, 0, 0, 0, 0, 0, 0, 0, 0, 0, 0, 0, 0, 0, 0, 0, 0, 0, 0, 0, 0, 0
24.3352, 0, 0, 0, 1.41421, 0, 0, 0, 0, 0, 0, 0, 0, 0, 0, 0, 0, 0, 0, 0, 0, 0, 0, 0, 0, 0
24.343, 0, 0, 0, 1.41421, 0, 0, 0, 0, 0, 0, 0, 0, 0, 0, 0, 0, 0, 0, 0, 0, 0, 0, 0, 0, 0
24.3508, 0, 0, 0, 1.41421, 0, 0, 0, 0, 0, 0, 0, 0, 0, 0, 0, 0, 0, 0, 0, 0, 0, 0, 0, 0, 0
24.3587, 0, 0, 0, 1.41421, 0, 0, 0, 0, 0, 0, 0, 0, 0, 0, 0, 0, 0, 0, 0, 0, 0, 0, 0, 0, 0
24.3665, 0, 0, 0, 1.41421, 0, 0, 0, 0, 0, 0, 0, 0, 0, 0, 0, 0, 0, 0, 0, 0, 0, 0, 0, 0, 0
24.3744, 0, 0, 0, 1.41421, 0, 0, 0, 0, 0, 0, 0, 0, 0, 0, 0, 0, 0, 0, 0, 0, 0, 0, 0, 0, 0
24.3822, 0, 0, 0, 1.41421, 0, 0, 0, 0, 0, 0, 0, 0, 0, 0, 0, 0, 0, 0, 0, 0, 0, 0, 0, 0, 0
24.3901, 0, 0, 0, 1.41421, 0, 0, 0, 0, 0, 0, 0, 0, 0, 0, 0, 0, 0, 0, 0, 0, 0, 0, 0, 0, 0
24.3979, 0, 0, 0, 1.41421, 0, 0, 0, 0, 0, 0, 0, 0, 0, 0, 0, 0, 0, 0, 0, 0, 0, 0, 0, 0, 0
24.4057, 0, 0, 0, 1.41421, 0, 0, 0, 0, 0, 0, 0, 0, 0, 0, 0, 0, 0, 0, 0, 0, 0, 0, 0, 0, 0
24.4136, 0, 0, 0, 1.41421, 0, 0, 0, 0, 0, 0, 0, 0, 0, 0, 0, 0, 0, 0, 0, 0, 0, 0, 0, 0, 0
24.4214, 0, 0, 0, 1.41421, 0, 0, 0, 0, 0, 0, 0, 0, 0, 0, 0, 0, 0, 0, 0, 0, 0, 0, 0, 0, 0
24.4293, 0, 0, 0, 1.41421, 0, 0, 0, 0, 0, 0, 0, 0, 0, 0, 0, 0, 0, 0, 0, 0, 0, 0, 0, 0, 0
24.4371, 0, 0, 0, 1.41421, 0, 0, 0, 0, 0, 0, 0, 0, 0, 0, 0, 0, 0, 0, 0, 0, 0, 0, 0, 0, 0
24.445, 0, 0, 0, 1.41421, 0, 0, 0, 0, 0, 0, 0, 0, 0, 0, 0, 0, 0, 0, 0, 0, 0, 0, 0, 0, 0
24.4528, 0, 0, 0, 1.41421, 0, 0, 0, 0, 0, 0, 0, 0, 0, 0, 0, 0, 0, 0, 0, 0, 0, 0, 0, 0, 0
24.4606, 0, 0, 0, 1.41421, 0, 0, 0, 0, 0, 0, 0, 0, 0, 0, 0, 0, 0, 0, 0, 0, 0, 0, 0, 0, 0
24.4685, 0, 0, 0, 1.41421, 0, 0, 0, 0, 0, 0, 0, 0, 0, 0, 0, 0, 0, 0, 0, 0, 0, 0, 0, 0, 0
24.4763, 0, 0, 0, 1.41421, 0, 0, 0, 0, 0, 0, 0, 0, 0, 0, 0, 0, 0, 0, 0, 0, 0, 0, 0, 0, 0
24.4842, 0, 0, 0, 1.41421, 0, 0, 0, 0, 0, 0, 0, 0, 0, 0, 0, 0, 0, 0, 0, 0, 0, 0, 0, 0, 0
24.492, 0, 0, 0, 1.41421, 0, 0, 0, 0, 0, 0, 0, 0, 0, 0, 0, 0, 0, 0, 0, 0, 0, 0, 0, 0, 0
24.4999, 0, 0, 0, 1.41421, 0, 0, 0, 0, 0, 0, 0, 0, 0, 0, 0, 0, 0, 0, 0, 0, 0, 0, 0, 0, 0
24.5077, 0, 0, 0, 1.41421, 0, 0, 0, 0, 0, 0, 0, 0, 0, 0, 0, 0, 0, 0, 0, 0, 0, 0, 0, 0, 0
24.5155, 0, 0, 0, 1.41421, 0, 0, 0, 0, 0, 0, 0, 0, 0, 0, 0, 0, 0, 0, 0, 0, 0, 0, 0, 0, 0
24.5234, 0, 0, 0, 1.41421, 0, 0, 0, 0, 0, 0, 0, 0, 0, 0, 0, 0, 0, 0, 0, 0, 0, 0, 0, 0, 0
24.5312, 0, 0, 0, 1.41421, 0, 0, 0, 0, 0, 0, 0, 0, 0, 0, 0, 0, 0, 0, 0, 0, 0, 0, 0, 0, 0
24.5391, 0, 0, 0, 1.41421, 0, 0, 0, 0, 0, 0, 0, 0, 0, 0, 0, 0, 0, 0, 0, 0, 0, 0, 0, 0, 0
24.5469, 0, 0, 0, 1.41421, 0, 0, 0, 0, 0, 0, 0, 0, 0, 0, 0, 0, 0, 0, 0, 0, 0, 0, 0, 0, 0
24.5548, 0, 0, 0, 1.41421, 0, 0, 0, 0, 0, 0, 0, 0, 0, 0, 0, 0, 0, 0, 0, 0, 0, 0, 0, 0, 0
24.5626, 0, 0, 0, 1.41421, 0, 0, 0, 0, 0, 0, 0, 0, 0, 0, 0, 0, 0, 0, 0, 0, 0, 0, 0, 0, 0
24.5704, 0, 0, 0, 1.41421, 0, 0, 0, 0, 0, 0, 0, 0, 0, 0, 0, 0, 0, 0, 0, 0, 0, 0, 0, 0, 0
24.5783, 0, 0, 0, 1.41421, 0, 0, 0, 0, 0, 0, 0, 0, 0, 0, 0, 0, 0, 0, 0, 0, 0, 0, 0, 0, 0
24.5861, 0, 0, 0, 1.41421, 0, 0, 0, 0, 0, 0, 0, 0, 0, 0, 0, 0, 0, 0, 0, 0, 0, 0, 0, 0, 0
24.594, 0, 0, 0, 1.41421, 0, 0, 0, 0, 0, 0, 0, 0, 0, 0, 0, 0, 0, 0, 0, 0, 0, 0, 0, 0, 0
24.6018, 0, 0, 0, 1.41421, 0, 0, 0, 0, 0, 0, 0, 0, 0, 0, 0, 0, 0, 0, 0, 0, 0, 0, 0, 0, 0
24.6097, 0, 0, 0, 1.41421, 0, 0, 0, 0, 0, 0, 0, 0, 0, 0, 0, 0, 0, 0, 0, 0, 0, 0, 0, 0, 0
24.6175, 0, 0, 0, 1.41421, 0, 0, 0, 0, 0, 0, 0, 0, 0, 0, 0, 0, 0, 0, 0, 0, 0, 0, 0, 0, 0
24.6253, 0, 0, 0, 1.41421, 0, 0, 0, 0, 0, 0, 0, 0, 0, 0, 0, 0, 0, 0, 0, 0, 0, 0, 0, 0, 0
24.6332, 0, 0, 0, 1.41421, 0, 0, 0, 0, 0, 0, 0, 0, 0, 0, 0, 0, 0, 0, 0, 0, 0, 0, 0, 0, 0
24.641, 0, 0, 0, 1.41421, 0, 0, 0, 0, 0, 0, 0, 0, 0, 0, 0, 0, 0, 0, 0, 0, 0, 0, 0, 0, 0
24.6489, 0, 0, 0, 1.41421, 0, 0, 0, 0, 0, 0, 0, 0, 0, 0, 0, 0, 0, 0, 0, 0, 0, 0, 0, 0, 0
24.6567, 0, 0, 0, 1.41421, 0, 0, 0, 0, 0, 0, 0, 0, 0, 0, 0, 0, 0, 0, 0, 0, 0, 0, 0, 0, 0
24.6646, 0, 0, 0, 1.41421, 0, 0, 0, 0, 0, 0, 0, 0, 0, 0, 0, 0, 0, 0, 0, 0, 0, 0, 0, 0, 0
24.6724, 0, 0, 0, 1.41421, 0, 0, 0, 0, 0, 0, 0, 0, 0, 0, 0, 0, 0, 0, 0, 0, 0, 0, 0, 0, 0
24.6802, 0, 0, 0, 1.41421, 0, 0, 0, 0, 0, 0, 0, 0, 0, 0, 0, 0, 0, 0, 0, 0, 0, 0, 0, 0, 0
24.6881, 0, 0, 0, 1.41421, 0, 0, 0, 0, 0, 0, 0, 0, 0, 0, 0, 0, 0, 0, 0, 0, 0, 0, 0, 0, 0
24.6959, 0, 0, 0, 1.41421, 0, 0, 0, 0, 0, 0, 0, 0, 0, 0, 0, 0, 0, 0, 0, 0, 0, 0, 0, 0, 0
24.7038, 0, 0, 0, 1.41421, 0, 0, 0, 0, 0, 0, 0, 0, 0, 0, 0, 0, 0, 0, 0, 0, 0, 0, 0, 0, 0
24.7116, 0, 0, 0, 1.41421, 0, 0, 0, 0, 0, 0, 0, 0, 0, 0, 0, 0, 0, 0, 0, 0, 0, 0, 0, 0, 0
24.7195, 0, 0, 0, 1.41421, 0, 0, 0, 0, 0, 0, 0, 0, 0, 0, 0, 0, 0, 0, 0, 0, 0, 0, 0, 0, 0
24.7273, 0, 0, 0, 1.41421, 0, 0, 0, 0, 0, 0, 0, 0, 0, 0, 0, 0, 0, 0, 0, 0, 0, 0, 0, 0, 0
24.7351, 0, 0, 0, 1.41421, 0, 0, 0, 0, 0, 0, 0, 0, 0, 0, 0, 0, 0, 0, 0, 0, 0, 0, 0, 0, 0
24.743, 0, 0, 0, 1.41421, 0, 0, 0, 0, 0, 0, 0, 0, 0, 0, 0, 0, 0, 0, 0, 0, 0, 0, 0, 0, 0
24.7508, 0, 0, 0, 1.41421, 0, 0, 0, 0, 0, 0, 0, 0, 0, 0, 0, 0, 0, 0, 0, 0, 0, 0, 0, 0, 0
24.7587, 0, 0, 0, 1.41421, 0, 0, 0, 0, 0, 0, 0, 0, 0, 0, 0, 0, 0, 0, 0, 0, 0, 0, 0, 0, 0
24.7665, 0, 0, 0, 1.41421, 0, 0, 0, 0, 0, 0, 0, 0, 0, 0, 0, 0, 0, 0, 0, 0, 0, 0, 0, 0, 0
24.7744, 0, 0, 0, 1.41421, 0, 0, 0, 0, 0, 0, 0, 0, 0, 0, 0, 0, 0, 0, 0, 0, 0, 0, 0, 0, 0
24.7822, 0, 0, 0, 1.41421, 0, 0, 0, 0, 0, 0, 0, 0, 0, 0, 0, 0, 0, 0, 0, 0, 0, 0, 0, 0, 0
24.79, 0, 0, 0, 1.41421, 0, 0, 0, 0, 0, 0, 0, 0, 0, 0, 0, 0, 0, 0, 0, 0, 0, 0, 0, 0, 0
24.7979, 0, 0, 0, 1.41421, 0, 0, 0, 0, 0, 0, 0, 0, 0, 0, 0, 0, 0, 0, 0, 0, 0, 0, 0, 0, 0
24.8057, 0, 0, 0, 1.41421, 0, 0, 0, 0, 0, 0, 0, 0, 0, 0, 0, 0, 0, 0, 0, 0, 0, 0, 0, 0, 0
24.8136, 0, 0, 0, 1.41421, 0, 0, 0, 0, 0, 0, 0, 0, 0, 0, 0, 0, 0, 0, 0, 0, 0, 0, 0, 0, 0
24.8214, 0, 0, 0, 1.41421, 0, 0, 0, 0, 0, 0, 0, 0, 0, 0, 0, 0, 0, 0, 0, 0, 0, 0, 0, 0, 0
24.8293, 0, 0, 0, 1.41421, 0, 0, 0, 0, 0, 0, 0, 0, 0, 0, 0, 0, 0, 0, 0, 0, 0, 0, 0, 0, 0
24.8371, 0, 0, 0, 1.41421, 0, 0, 0, 0, 0, 0, 0, 0, 0, 0, 0, 0, 0, 0, 0, 0, 0, 0, 0, 0, 0
24.8449, 0, 0, 0, 1.41421, 0, 0, 0, 0, 0, 0, 0, 0, 0, 0, 0, 0, 0, 0, 0, 0, 0, 0, 0, 0, 0
24.8528, 0, 0, 0, 1.41421, 0, 0, 0, 0, 0, 0, 0, 0, 0, 0, 0, 0, 0, 0, 0, 0, 0, 0, 0, 0, 0
24.8606, 0, 0, 0, 1.41421, 0, 0, 0, 0, 0, 0, 0, 0, 0, 0, 0, 0, 0, 0, 0, 0, 0, 0, 0, 0, 0
24.8685, 0, 0, 0, 1.41421, 0, 0, 0, 0, 0, 0, 0, 0, 0, 0, 0, 0, 0, 0, 0, 0, 0, 0, 0, 0, 0
24.8763, 0, 0, 0, 1.41421, 0, 0, 0, 0, 0, 0, 0, 0, 0, 0, 0, 0, 0, 0, 0, 0, 0, 0, 0, 0, 0
24.8842, 0, 0, 0, 1.41421, 0, 0, 0, 0, 0, 0, 0, 0, 0, 0, 0, 0, 0, 0, 0, 0, 0, 0, 0, 0, 0
24.892, 0, 0, 0, 1.41421, 0, 0, 0, 0, 0, 0, 0, 0, 0, 0, 0, 0, 0, 0, 0, 0, 0, 0, 0, 0, 0
24.8998, 0, 0, 0, 1.41421, 0, 0, 0, 0, 0, 0, 0, 0, 0, 0, 0, 0, 0, 0, 0, 0, 0, 0, 0, 0, 0
24.9077, 0, 0, 0, 1.41421, 0, 0, 0, 0, 0, 0, 0, 0, 0, 0, 0, 0, 0, 0, 0, 0, 0, 0, 0, 0, 0
24.9155, 0, 0, 0, 1.41421, 0, 0, 0, 0, 0, 0, 0, 0, 0, 0, 0, 0, 0, 0, 0, 0, 0, 0, 0, 0, 0
24.9234, 0, 0, 0, 1.41421, 0, 0, 0, 0, 0, 0, 0, 0, 0, 0, 0, 0, 0, 0, 0, 0, 0, 0, 0, 0, 0
24.9312, 0, 0, 0, 1.41421, 0, 0, 0, 0, 0, 0, 0, 0, 0, 0, 0, 0, 0, 0, 0, 0, 0, 0, 0, 0, 0
24.9391, 0, 0, 0, 1.41421, 0, 0, 0, 0, 0, 0, 0, 0, 0, 0, 0, 0, 0, 0, 0, 0, 0, 0, 0, 0, 0
24.9469, 0, 0, 0, 1.41421, 0, 0, 0, 0, 0, 0, 0, 0, 0, 0, 0, 0, 0, 0, 0, 0, 0, 0, 0, 0, 0
24.9547, 0, 0, 0, 1.41421, 0, 0, 0, 0, 0, 0, 0, 0, 0, 0, 0, 0, 0, 0, 0, 0, 0, 0, 0, 0, 0
24.9626, 0, 0, 0, 1.41421, 0, 0, 0, 0, 0, 0, 0, 0, 0, 0, 0, 0, 0, 0, 0, 0, 0, 0, 0, 0, 0
24.9704, 0, 0, 0, 1.41421, 0, 0, 0, 0, 0, 0, 0, 0, 0, 0, 0, 0, 0, 0, 0, 0, 0, 0, 0, 0, 0
24.9783, 0, 0, 0, 1.41421, 0, 0, 0, 0, 0, 0, 0, 0, 0, 0, 0, 0, 0, 0, 0, 0, 0, 0, 0, 0, 0
24.9861, 0, 0, 0, 1.41421, 0, 0, 0, 0, 0, 0, 0, 0, 0, 0, 0, 0, 0, 0, 0, 0, 0, 0, 0, 0, 0
24.994, 0, 0, 0, 1.41421, 0, 0, 0, 0, 0, 0, 0, 0, 0, 0, 0, 0, 0, 0, 0, 0, 0, 0, 0, 0, 0
25.0018, 0, 0, 0, 1.41421, 0, 0, 0, 0, 0, 0, 0, 0, 0, 0, 0, 0, 0, 0, 0, 0, 0, 0, 0, 0, 0
25.0096, 0, 0, 0, 1.41421, 0, 0, 0, 0, 0, 0, 0, 0, 0, 0, 0, 0, 0, 0, 0, 0, 0, 0, 0, 0, 0
25.0175, 0, 0, 0, 1.41421, 0, 0, 0, 0, 0, 0, 0, 0, 0, 0, 0, 0, 0, 0, 0, 0, 0, 0, 0, 0, 0
25.0253, 0, 0, 0, 1.41421, 0, 0, 0, 0, 0, 0, 0, 0, 0, 0, 0, 0, 0, 0, 0, 0, 0, 0, 0, 0, 0
25.0332, 0, 0, 0, 1.41421, 0, 0, 0, 0, 0, 0, 0, 0, 0, 0, 0, 0, 0, 0, 0, 0, 0, 0, 0, 0, 0
25.041, 0, 0, 0, 1.41421, 0, 0, 0, 0, 0, 0, 0, 0, 0, 0, 0, 0, 0, 0, 0, 0, 0, 0, 0, 0, 0
25.0489, 0, 0, 0, 1.41421, 0, 0, 0, 0, 0, 0, 0, 0, 0, 0, 0, 0, 0, 0, 0, 0, 0, 0, 0, 0, 0
25.0567, 0, 0, 0, 1.41421, 0, 0, 0, 0, 0, 0, 0, 0, 0, 0, 0, 0, 0, 0, 0, 0, 0, 0, 0, 0, 0
25.0645, 0, 0, 0, 1.41421, 0, 0, 0, 0, 0, 0, 0, 0, 0, 0, 0, 0, 0, 0, 0, 0, 0, 0, 0, 0, 0
25.0724, 0, 0, 0, 1.41421, 0, 0, 0, 0, 0, 0, 0, 0, 0, 0, 0, 0, 0, 0, 0, 0, 0, 0, 0, 0, 0
25.0802, 0, 0, 0, 1.41421, 0, 0, 0, 0, 0, 0, 0, 0, 0, 0, 0, 0, 0, 0, 0, 0, 0, 0, 0, 0, 0
25.0881, 0, 0, 0, 1.41421, 0, 0, 0, 0, 0, 0, 0, 0, 0, 0, 0, 0, 0, 0, 0, 0, 0, 0, 0, 0, 0
25.0959, 0, 0, 0, 1.41421, 0, 0, 0, 0, 0, 0, 0, 0, 0, 0, 0, 0, 0, 0, 0, 0, 0, 0, 0, 0, 0
25.1038, 0, 0, 0, 1.41421, 0, 0, 0, 0, 0, 0, 0, 0, 0, 0, 0, 0, 0, 0, 0, 0, 0, 0, 0, 0, 0
25.1116, 0, 0, 0, 1.41421, 0, 0, 0, 0, 0, 0, 0, 0, 0, 0, 0, 0, 0, 0, 0, 0, 0, 0, 0, 0, 0
25.1194, 0, 0, 0, 1.41421, 0, 0, 0, 0, 0, 0, 0, 0, 0, 0, 0, 0, 0, 0, 0, 0, 0, 0, 0, 0, 0
25.1273, 0, 0, 0, 1.41421, 0, 0, 0, 0, 0, 0, 0, 0, 0, 0, 0, 0, 0, 0, 0, 0, 0, 0, 0, 0, 0
25.1351, 0, 0, 0, 1.41421, 0, 0, 0, 0, 0, 0, 0, 0, 0, 0, 0, 0, 0, 0, 0, 0, 0, 0, 0, 0, 0
25.143, 0, 0, 0, 1.41421, 0, 0, 0, 0, 0, 0, 0, 0, 0, 0, 0, 0, 0, 0, 0, 0, 0, 0, 0, 0, 0
25.1508, 0, 0, 0, 1.41421, 0, 0, 0, 0, 0, 0, 0, 0, 0, 0, 0, 0, 0, 0, 0, 0, 0, 0, 0, 0, 0
25.1587, 0, 0, 0, 1.41421, 0, 0, 0, 0, 0, 0, 0, 0, 0, 0, 0, 0, 0, 0, 0, 0, 0, 0, 0, 0, 0
25.1665, 0, 0, 0, 1.41421, 0, 0, 0, 0, 0, 0, 0, 0, 0, 0, 0, 0, 0, 0, 0, 0, 0, 0, 0, 0, 0
25.1743, 0, 0, 0, 1.41421, 0, 0, 0, 0, 0, 0, 0, 0, 0, 0, 0, 0, 0, 0, 0, 0, 0, 0, 0, 0, 0
25.1822, 0, 0, 0, 1.41421, 0, 0, 0, 0, 0, 0, 0, 0, 0, 0, 0, 0, 0, 0, 0, 0, 0, 0, 0, 0, 0
25.19, 0, 0, 0, 1.41421, 0, 0, 0, 0, 0, 0, 0, 0, 0, 0, 0, 0, 0, 0, 0, 0, 0, 0, 0, 0, 0
25.1979, 0, 0, 0, 1.41421, 0, 0, 0, 0, 0, 0, 0, 0, 0, 0, 0, 0, 0, 0, 0, 0, 0, 0, 0, 0, 0
25.2057, 0, 0, 0, 1.41421, 0, 0, 0, 0, 0, 0, 0, 0, 0, 0, 0, 0, 0, 0, 0, 0, 0, 0, 0, 0, 0
25.2136, 0, 0, 0, 1.41421, 0, 0, 0, 0, 0, 0, 0, 0, 0, 0, 0, 0, 0, 0, 0, 0, 0, 0, 0, 0, 0
25.2214, 0, 0, 0, 1.41421, 0, 0, 0, 0, 0, 0, 0, 0, 0, 0, 0, 0, 0, 0, 0, 0, 0, 0, 0, 0, 0
25.2292, 0, 0, 0, 1.41421, 0, 0, 0, 0, 0, 0, 0, 0, 0, 0, 0, 0, 0, 0, 0, 0, 0, 0, 0, 0, 0
25.2371, 0, 0, 0, 1.41421, 0, 0, 0, 0, 0, 0, 0, 0, 0, 0, 0, 0, 0, 0, 0, 0, 0, 0, 0, 0, 0
25.2449, 0, 0, 0, 1.41421, 0, 0, 0, 0, 0, 0, 0, 0, 0, 0, 0, 0, 0, 0, 0, 0, 0, 0, 0, 0, 0
25.2528, 0, 0, 0, 1.41421, 0, 0, 0, 0, 0, 0, 0, 0, 0, 0, 0, 0, 0, 0, 0, 0, 0, 0, 0, 0, 0
25.2606, 0, 0, 0, 1.41421, 0, 0, 0, 0, 0, 0, 0, 0, 0, 0, 0, 0, 0, 0, 0, 0, 0, 0, 0, 0, 0
25.2685, 0, 0, 0, 1.41421, 0, 0, 0, 0, 0, 0, 0, 0, 0, 0, 0, 0, 0, 0, 0, 0, 0, 0, 0, 0, 0
25.2763, 0, 0, 0, 1.41421, 0, 0, 0, 0, 0, 0, 0, 0, 0, 0, 0, 0, 0, 0, 0, 0, 0, 0, 0, 0, 0
25.2841, 0, 0, 0, 1.41421, 0, 0, 0, 0, 0, 0, 0, 0, 0, 0, 0, 0, 0, 0, 0, 0, 0, 0, 0, 0, 0
25.292, 0, 0, 0, 1.41421, 0, 0, 0, 0, 0, 0, 0, 0, 0, 0, 0, 0, 0, 0, 0, 0, 0, 0, 0, 0, 0
25.2998, 0, 0, 0, 1.41421, 0, 0, 0, 0, 0, 0, 0, 0, 0, 0, 0, 0, 0, 0, 0, 0, 0, 0, 0, 0, 0
25.3077, 0, 0, 0, 1.41421, 0, 0, 0, 0, 0, 0, 0, 0, 0, 0, 0, 0, 0, 0, 0, 0, 0, 0, 0, 0, 0
25.3155, 0, 0, 0, 1.41421, 0, 0, 0, 0, 0, 0, 0, 0, 0, 0, 0, 0, 0, 0, 0, 0, 0, 0, 0, 0, 0
25.3234, 0, 0, 0, 1.41421, 0, 0, 0, 0, 0, 0, 0, 0, 0, 0, 0, 0, 0, 0, 0, 0, 0, 0, 0, 0, 0
25.3312, 0, 0, 0, 1.41421, 0, 0, 0, 0, 0, 0, 0, 0, 0, 0, 0, 0, 0, 0, 0, 0, 0, 0, 0, 0, 0
25.339, 0, 0, 0, 1.41421, 0, 0, 0, 0, 0, 0, 0, 0, 0, 0, 0, 0, 0, 0, 0, 0, 0, 0, 0, 0, 0
25.3469, 0, 0, 0, 1.41421, 0, 0, 0, 0, 0, 0, 0, 0, 0, 0, 0, 0, 0, 0, 0, 0, 0, 0, 0, 0, 0
25.3547, 0, 0, 0, 1.41421, 0, 0, 0, 0, 0, 0, 0, 0, 0, 0, 0, 0, 0, 0, 0, 0, 0, 0, 0, 0, 0
25.3626, 0, 0, 0, 1.41421, 0, 0, 0, 0, 0, 0, 0, 0, 0, 0, 0, 0, 0, 0, 0, 0, 0, 0, 0, 0, 0
25.3704, 0, 0, 0, 1.41421, 0, 0, 0, 0, 0, 0, 0, 0, 0, 0, 0, 0, 0, 0, 0, 0, 0, 0, 0, 0, 0
25.3783, 0, 0, 0, 1.41421, 0, 0, 0, 0, 0, 0, 0, 0, 0, 0, 0, 0, 0, 0, 0, 0, 0, 0, 0, 0, 0
25.3861, 0, 0, 0, 1.41421, 0, 0, 0, 0, 0, 0, 0, 0, 0, 0, 0, 0, 0, 0, 0, 0, 0, 0, 0, 0, 0
25.3939, 0, 0, 0, 1.41421, 0, 0, 0, 0, 0, 0, 0, 0, 0, 0, 0, 0, 0, 0, 0, 0, 0, 0, 0, 0, 0
25.4018, 0, 0, 0, 1.41421, 0, 0, 0, 0, 0, 0, 0, 0, 0, 0, 0, 0, 0, 0, 0, 0, 0, 0, 0, 0, 0
25.4096, 0, 0, 0, 1.41421, 0, 0, 0, 0, 0, 0, 0, 0, 0, 0, 0, 0, 0, 0, 0, 0, 0, 0, 0, 0, 0
25.4175, 0, 0, 0, 1.41421, 0, 0, 0, 0, 0, 0, 0, 0, 0, 0, 0, 0, 0, 0, 0, 0, 0, 0, 0, 0, 0
25.4253, 0, 0, 0, 1.41421, 0, 0, 0, 0, 0, 0, 0, 0, 0, 0, 0, 0, 0, 0, 0, 0, 0, 0, 0, 0, 0
25.4332, 0, 0, 0, 1.41421, 0, 0, 0, 0, 0, 0, 0, 0, 0, 0, 0, 0, 0, 0, 0, 0, 0, 0, 0, 0, 0
25.441, 0, 0, 0, 1.41421, 0, 0, 0, 0, 0, 0, 0, 0, 0, 0, 0, 0, 0, 0, 0, 0, 0, 0, 0, 0, 0
25.4488, 0, 0, 0, 1.41421, 0, 0, 0, 0, 0, 0, 0, 0, 0, 0, 0, 0, 0, 0, 0, 0, 0, 0, 0, 0, 0
25.4567, 0, 0, 0, 1.41421, 0, 0, 0, 0, 0, 0, 0, 0, 0, 0, 0, 0, 0, 0, 0, 0, 0, 0, 0, 0, 0
25.4645, 0, 0, 0, 1.41421, 0, 0, 0, 0, 0, 0, 0, 0, 0, 0, 0, 0, 0, 0, 0, 0, 0, 0, 0, 0, 0
25.4724, 0, 0, 0, 1.41421, 0, 0, 0, 0, 0, 0, 0, 0, 0, 0, 0, 0, 0, 0, 0, 0, 0, 0, 0, 0, 0
25.4802, 0, 0, 0, 1.41421, 0, 0, 0, 0, 0, 0, 0, 0, 0, 0, 0, 0, 0, 0, 0, 0, 0, 0, 0, 0, 0
25.4881, 0, 0, 0, 1.41421, 0, 0, 0, 0, 0, 0, 0, 0, 0, 0, 0, 0, 0, 0, 0, 0, 0, 0, 0, 0, 0
25.4959, 0, 0, 0, 1.41421, 0, 0, 0, 0, 0, 0, 0, 0, 0, 0, 0, 0, 0, 0, 0, 0, 0, 0, 0, 0, 0
25.5037, 0, 0, 0, 1.41421, 0, 0, 0, 0, 0, 0, 0, 0, 0, 0, 0, 0, 0, 0, 0, 0, 0, 0, 0, 0, 0
25.5116, 0, 0, 0, 1.41421, 0, 0, 0, 0, 0, 0, 0, 0, 0, 0, 0, 0, 0, 0, 0, 0, 0, 0, 0, 0, 0
25.5194, 0, 0, 0, 1.41421, 0, 0, 0, 0, 0, 0, 0, 0, 0, 0, 0, 0, 0, 0, 0, 0, 0, 0, 0, 0, 0
25.5273, 0, 0, 0, 1.41421, 0, 0, 0, 0, 0, 0, 0, 0, 0, 0, 0, 0, 0, 0, 0, 0, 0, 0, 0, 0, 0
25.5351, 0, 0, 0, 1.41421, 0, 0, 0, 0, 0, 0, 0, 0, 0, 0, 0, 0, 0, 0, 0, 0, 0, 0, 0, 0, 0
25.543, 0, 0, 0, 1.41421, 0, 0, 0, 0, 0, 0, 0, 0, 0, 0, 0, 0, 0, 0, 0, 0, 0, 0, 0, 0, 0
25.5508, 0, 0, 0, 1.41421, 0, 0, 0, 0, 0, 0, 0, 0, 0, 0, 0, 0, 0, 0, 0, 0, 0, 0, 0, 0, 0
25.5586, 0, 0, 0, 1.41421, 0, 0, 0, 0, 0, 0, 0, 0, 0, 0, 0, 0, 0, 0, 0, 0, 0, 0, 0, 0, 0
25.5665, 0, 0, 0, 1.41421, 0, 0, 0, 0, 0, 0, 0, 0, 0, 0, 0, 0, 0, 0, 0, 0, 0, 0, 0, 0, 0
25.5743, 0, 0, 0, 1.41421, 0, 0, 0, 0, 0, 0, 0, 0, 0, 0, 0, 0, 0, 0, 0, 0, 0, 0, 0, 0, 0
25.5822, 0, 0, 0, 1.41421, 0, 0, 0, 0, 0, 0, 0, 0, 0, 0, 0, 0, 0, 0, 0, 0, 0, 0, 0, 0, 0
25.59, 0, 0, 0, 1.41421, 0, 0, 0, 0, 0, 0, 0, 0, 0, 0, 0, 0, 0, 0, 0, 0, 0, 0, 0, 0, 0
25.5979, 0, 0, 0, 1.41421, 0, 0, 0, 0, 0, 0, 0, 0, 0, 0, 0, 0, 0, 0, 0, 0, 0, 0, 0, 0, 0
25.6057, 0, 0, 0, 1.41421, 0, 0, 0, 0, 0, 0, 0, 0, 0, 0, 0, 0, 0, 0, 0, 0, 0, 0, 0, 0, 0
25.6135, 0, 0, 0, 1.41421, 0, 0, 0, 0, 0, 0, 0, 0, 0, 0, 0, 0, 0, 0, 0, 0, 0, 0, 0, 0, 0
25.6214, 0, 0, 0, 1.41421, 0, 0, 0, 0, 0, 0, 0, 0, 0, 0, 0, 0, 0, 0, 0, 0, 0, 0, 0, 0, 0
25.6292, 0, 0, 0, 1.41421, 0, 0, 0, 0, 0, 0, 0, 0, 0, 0, 0, 0, 0, 0, 0, 0, 0, 0, 0, 0, 0
25.6371, 0, 0, 0, 1.41421, 0, 0, 0, 0, 0, 0, 0, 0, 0, 0, 0, 0, 0, 0, 0, 0, 0, 0, 0, 0, 0
25.6449, 0, 0, 0, 1.41421, 0, 0, 0, 0, 0, 0, 0, 0, 0, 0, 0, 0, 0, 0, 0, 0, 0, 0, 0, 0, 0
25.6528, 0, 0, 0, 1.41421, 0, 0, 0, 0, 0, 0, 0, 0, 0, 0, 0, 0, 0, 0, 0, 0, 0, 0, 0, 0, 0
25.6606, 0, 0, 0, 1.41421, 0, 0, 0, 0, 0, 0, 0, 0, 0, 0, 0, 0, 0, 0, 0, 0, 0, 0, 0, 0, 0
25.6684, 0, 0, 0, 1.41421, 0, 0, 0, 0, 0, 0, 0, 0, 0, 0, 0, 0, 0, 0, 0, 0, 0, 0, 0, 0, 0
25.6763, 0, 0, 0, 1.41421, 0, 0, 0, 0, 0, 0, 0, 0, 0, 0, 0, 0, 0, 0, 0, 0, 0, 0, 0, 0, 0
25.6841, 0, 0, 0, 1.41421, 0, 0, 0, 0, 0, 0, 0, 0, 0, 0, 0, 0, 0, 0, 0, 0, 0, 0, 0, 0, 0
25.692, 0, 0, 0, 1.41421, 0, 0, 0, 0, 0, 0, 0, 0, 0, 0, 0, 0, 0, 0, 0, 0, 0, 0, 0, 0, 0
25.6998, 0, 0, 0, 1.41421, 0, 0, 0, 0, 0, 0, 0, 0, 0, 0, 0, 0, 0, 0, 0, 0, 0, 0, 0, 0, 0
25.7077, 0, 0, 0, 1.41421, 0, 0, 0, 0, 0, 0, 0, 0, 0, 0, 0, 0, 0, 0, 0, 0, 0, 0, 0, 0, 0
25.7155, 0, 0, 0, 1.41421, 0, 0, 0, 0, 0, 0, 0, 0, 0, 0, 0, 0, 0, 0, 0, 0, 0, 0, 0, 0, 0
25.7233, 0, 0, 0, 1.41421, 0, 0, 0, 0, 0, 0, 0, 0, 0, 0, 0, 0, 0, 0, 0, 0, 0, 0, 0, 0, 0
25.7312, 0, 0, 0, 1.41421, 0, 0, 0, 0, 0, 0, 0, 0, 0, 0, 0, 0, 0, 0, 0, 0, 0, 0, 0, 0, 0
25.739, 0, 0, 0, 1.41421, 0, 0, 0, 0, 0, 0, 0, 0, 0, 0, 0, 0, 0, 0, 0, 0, 0, 0, 0, 0, 0
25.7469, 0, 0, 0, 1.41421, 0, 0, 0, 0, 0, 0, 0, 0, 0, 0, 0, 0, 0, 0, 0, 0, 0, 0, 0, 0, 0
25.7547, 0, 0, 0, 1.41421, 0, 0, 0, 0, 0, 0, 0, 0, 0, 0, 0, 0, 0, 0, 0, 0, 0, 0, 0, 0, 0
25.7626, 0, 0, 0, 1.41421, 0, 0, 0, 0, 0, 0, 0, 0, 0, 0, 0, 0, 0, 0, 0, 0, 0, 0, 0, 0, 0
25.7704, 0, 0, 0, 1.41421, 0, 0, 0, 0, 0, 0, 0, 0, 0, 0, 0, 0, 0, 0, 0, 0, 0, 0, 0, 0, 0
25.7782, 0, 0, 0, 1.41421, 0, 0, 0, 0, 0, 0, 0, 0, 0, 0, 0, 0, 0, 0, 0, 0, 0, 0, 0, 0, 0
25.7861, 0, 0, 0, 1.41421, 0, 0, 0, 0, 0, 0, 0, 0, 0, 0, 0, 0, 0, 0, 0, 0, 0, 0, 0, 0, 0
25.7939, 0, 0, 0, 1.41421, 0, 0, 0, 0, 0, 0, 0, 0, 0, 0, 0, 0, 0, 0, 0, 0, 0, 0, 0, 0, 0
25.8018, 0, 0, 0, 1.41421, 0, 0, 0, 0, 0, 0, 0, 0, 0, 0, 0, 0, 0, 0, 0, 0, 0, 0, 0, 0, 0
25.8096, 0, 0, 0, 1.41421, 0, 0, 0, 0, 0, 0, 0, 0, 0, 0, 0, 0, 0, 0, 0, 0, 0, 0, 0, 0, 0
25.8174, 0, 0, 0, 1.41421, 0, 0, 0, 0, 0, 0, 0, 0, 0, 0, 0, 0, 0, 0, 0, 0, 0, 0, 0, 0, 0
25.8253, 0, 0, 0, 1.41421, 0, 0, 0, 0, 0, 0, 0, 0, 0, 0, 0, 0, 0, 0, 0, 0, 0, 0, 0, 0, 0
25.8331, 0, 0, 0, 1.41421, 0, 0, 0, 0, 0, 0, 0, 0, 0, 0, 0, 0, 0, 0, 0, 0, 0, 0, 0, 0, 0
25.841, 0, 0, 0, 1.41421, 0, 0, 0, 0, 0, 0, 0, 0, 0, 0, 0, 0, 0, 0, 0, 0, 0, 0, 0, 0, 0
25.8488, 0, 0, 0, 1.41421, 0, 0, 0, 0, 0, 0, 0, 0, 0, 0, 0, 0, 0, 0, 0, 0, 0, 0, 0, 0, 0
25.8567, 0, 0, 0, 1.41421, 0, 0, 0, 0, 0, 0, 0, 0, 0, 0, 0, 0, 0, 0, 0, 0, 0, 0, 0, 0, 0
25.8645, 0, 0, 0, 1.41421, 0, 0, 0, 0, 0, 0, 0, 0, 0, 0, 0, 0, 0, 0, 0, 0, 0, 0, 0, 0, 0
25.8723, 0, 0, 0, 1.41421, 0, 0, 0, 0, 0, 0, 0, 0, 0, 0, 0, 0, 0, 0, 0, 0, 0, 0, 0, 0, 0
25.8802, 0, 0, 0, 1.41421, 0, 0, 0, 0, 0, 0, 0, 0, 0, 0, 0, 0, 0, 0, 0, 0, 0, 0, 0, 0, 0
25.888, 0, 0, 0, 1.41421, 0, 0, 0, 0, 0, 0, 0, 0, 0, 0, 0, 0, 0, 0, 0, 0, 0, 0, 0, 0, 0
25.8959, 0, 0, 0, 1.41421, 0, 0, 0, 0, 0, 0, 0, 0, 0, 0, 0, 0, 0, 0, 0, 0, 0, 0, 0, 0, 0
25.9037, 0, 0, 0, 1.41421, 0, 0, 0, 0, 0, 0, 0, 0, 0, 0, 0, 0, 0, 0, 0, 0, 0, 0, 0, 0, 0
25.9116, 0, 0, 0, 1.41421, 0, 0, 0, 0, 0, 0, 0, 0, 0, 0, 0, 0, 0, 0, 0, 0, 0, 0, 0, 0, 0
25.9194, 0, 0, 0, 1.41421, 0, 0, 0, 0, 0, 0, 0, 0, 0, 0, 0, 0, 0, 0, 0, 0, 0, 0, 0, 0, 0
25.9272, 0, 0, 0, 1.41421, 0, 0, 0, 0, 0, 0, 0, 0, 0, 0, 0, 0, 0, 0, 0, 0, 0, 0, 0, 0, 0
25.9351, 0, 0, 0, 1.41421, 0, 0, 0, 0, 0, 0, 0, 0, 0, 0, 0, 0, 0, 0, 0, 0, 0, 0, 0, 0, 0
25.9429, 0, 0, 0, 1.41421, 0, 0, 0, 0, 0, 0, 0, 0, 0, 0, 0, 0, 0, 0, 0, 0, 0, 0, 0, 0, 0
25.9508, 0, 0, 0, 1.41421, 0, 0, 0, 0, 0, 0, 0, 0, 0, 0, 0, 0, 0, 0, 0, 0, 0, 0, 0, 0, 0
25.9586, 0, 0, 0, 1.41421, 0, 0, 0, 0, 0, 0, 0, 0, 0, 0, 0, 0, 0, 0, 0, 0, 0, 0, 0, 0, 0
25.9665, 0, 0, 0, 1.41421, 0, 0, 0, 0, 0, 0, 0, 0, 0, 0, 0, 0, 0, 0, 0, 0, 0, 0, 0, 0, 0
25.9743, 0, 0, 0, 1.41421, 0, 0, 0, 0, 0, 0, 0, 0, 0, 0, 0, 0, 0, 0, 0, 0, 0, 0, 0, 0, 0
25.9821, 0, 0, 0, 1.41421, 0, 0, 0, 0, 0, 0, 0, 0, 0, 0, 0, 0, 0, 0, 0, 0, 0, 0, 0, 0, 0
25.99, 0, 0, 0, 1.41421, 0, 0, 0, 0, 0, 0, 0, 0, 0, 0, 0, 0, 0, 0, 0, 0, 0, 0, 0, 0, 0
25.9978, 0, 0, 0, 1.41421, 0, 0, 0, 0, 0, 0, 0, 0, 0, 0, 0, 0, 0, 0, 0, 0, 0, 0, 0, 0, 0
26.0057, 0, 0, 0, 1.41421, 0, 0, 0, 0, 0, 0, 0, 0, 0, 0, 0, 0, 0, 0, 0, 0, 0, 0, 0, 0, 0
26.0135, 0, 0, 0, 1.41421, 0, 0, 0, 0, 0, 0, 0, 0, 0, 0, 0, 0, 0, 0, 0, 0, 0, 0, 0, 0, 0
26.0214, 0, 0, 0, 1.41421, 0, 0, 0, 0, 0, 0, 0, 0, 0, 0, 0, 0, 0, 0, 0, 0, 0, 0, 0, 0, 0
26.0292, 0, 0, 0, 1.41421, 0, 0, 0, 0, 0, 0, 0, 0, 0, 0, 0, 0, 0, 0, 0, 0, 0, 0, 0, 0, 0
26.037, 0, 0, 0, 1.41421, 0, 0, 0, 0, 0, 0, 0, 0, 0, 0, 0, 0, 0, 0, 0, 0, 0, 0, 0, 0, 0
26.0449, 0, 0, 0, 1.41421, 0, 0, 0, 0, 0, 0, 0, 0, 0, 0, 0, 0, 0, 0, 0, 0, 0, 0, 0, 0, 0
26.0527, 0, 0, 0, 1.41421, 0, 0, 0, 0, 0, 0, 0, 0, 0, 0, 0, 0, 0, 0, 0, 0, 0, 0, 0, 0, 0
26.0606, 0, 0, 0, 1.41421, 0, 0, 0, 0, 0, 0, 0, 0, 0, 0, 0, 0, 0, 0, 0, 0, 0, 0, 0, 0, 0
26.0684, 0, 0, 0, 1.41421, 0, 0, 0, 0, 0, 0, 0, 0, 0, 0, 0, 0, 0, 0, 0, 0, 0, 0, 0, 0, 0
26.0763, 0, 0, 0, 1.41421, 0, 0, 0, 0, 0, 0, 0, 0, 0, 0, 0, 0, 0, 0, 0, 0, 0, 0, 0, 0, 0
26.0841, 0, 0, 0, 1.41421, 0, 0, 0, 0, 0, 0, 0, 0, 0, 0, 0, 0, 0, 0, 0, 0, 0, 0, 0, 0, 0
26.0919, 0, 0, 0, 1.41421, 0, 0, 0, 0, 0, 0, 0, 0, 0, 0, 0, 0, 0, 0, 0, 0, 0, 0, 0, 0, 0
26.0998, 0, 0, 0, 1.41421, 0, 0, 0, 0, 0, 0, 0, 0, 0, 0, 0, 0, 0, 0, 0, 0, 0, 0, 0, 0, 0
26.1076, 0, 0, 0, 1.41421, 0, 0, 0, 0, 0, 0, 0, 0, 0, 0, 0, 0, 0, 0, 0, 0, 0, 0, 0, 0, 0
26.1155, 0, 0, 0, 1.41421, 0, 0, 0, 0, 0, 0, 0, 0, 0, 0, 0, 0, 0, 0, 0, 0, 0, 0, 0, 0, 0
26.1233, 0, 0, 0, 1.41421, 0, 0, 0, 0, 0, 0, 0, 0, 0, 0, 0, 0, 0, 0, 0, 0, 0, 0, 0, 0, 0
26.1312, 0, 0, 0, 1.41421, 0, 0, 0, 0, 0, 0, 0, 0, 0, 0, 0, 0, 0, 0, 0, 0, 0, 0, 0, 0, 0
26.139, 0, 0, 0, 1.41421, 0, 0, 0, 0, 0, 0, 0, 0, 0, 0, 0, 0, 0, 0, 0, 0, 0, 0, 0, 0, 0
26.1468, 0, 0, 0, 1.41421, 0, 0, 0, 0, 0, 0, 0, 0, 0, 0, 0, 0, 0, 0, 0, 0, 0, 0, 0, 0, 0
26.1547, 0, 0, 0, 1.41421, 0, 0, 0, 0, 0, 0, 0, 0, 0, 0, 0, 0, 0, 0, 0, 0, 0, 0, 0, 0, 0
26.1625, 0, 0, 0, 1.41421, 0, 0, 0, 0, 0, 0, 0, 0, 0, 0, 0, 0, 0, 0, 0, 0, 0, 0, 0, 0, 0
26.1704, 0, 0, 0, 1.41421, 0, 0, 0, 0, 0, 0, 0, 0, 0, 0, 0, 0, 0, 0, 0, 0, 0, 0, 0, 0, 0
26.1782, 0, 0, 0, 1.41421, 0, 0, 0, 0, 0, 0, 0, 0, 0, 0, 0, 0, 0, 0, 0, 0, 0, 0, 0, 0, 0
26.1861, 0, 0, 0, 1.41421, 0, 0, 0, 0, 0, 0, 0, 0, 0, 0, 0, 0, 0, 0, 0, 0, 0, 0, 0, 0, 0
26.1939, 0, 0, 0, 1.41421, 0, 0, 0, 0, 0, 0, 0, 0, 0, 0, 0, 0, 0, 0, 0, 0, 0, 0, 0, 0, 0
26.2017, 0, 0, 0, 1.41421, 0, 0, 0, 0, 0, 0, 0, 0, 0, 0, 0, 0, 0, 0, 0, 0, 0, 0, 0, 0, 0
26.2096, 0, 0, 0, 1.41421, 0, 0, 0, 0, 0, 0, 0, 0, 0, 0, 0, 0, 0, 0, 0, 0, 0, 0, 0, 0, 0
26.2174, 0, 0, 0, 1.41421, 0, 0, 0, 0, 0, 0, 0, 0, 0, 0, 0, 0, 0, 0, 0, 0, 0, 0, 0, 0, 0
26.2253, 0, 0, 0, 1.41421, 0, 0, 0, 0, 0, 0, 0, 0, 0, 0, 0, 0, 0, 0, 0, 0, 0, 0, 0, 0, 0
26.2331, 0, 0, 0, 1.41421, 0, 0, 0, 0, 0, 0, 0, 0, 0, 0, 0, 0, 0, 0, 0, 0, 0, 0, 0, 0, 0
26.241, 0, 0, 0, 1.41421, 0, 0, 0, 0, 0, 0, 0, 0, 0, 0, 0, 0, 0, 0, 0, 0, 0, 0, 0, 0, 0
26.2488, 0, 0, 0, 1.41421, 0, 0, 0, 0, 0, 0, 0, 0, 0, 0, 0, 0, 0, 0, 0, 0, 0, 0, 0, 0, 0
26.2566, 0, 0, 0, 1.41421, 0, 0, 0, 0, 0, 0, 0, 0, 0, 0, 0, 0, 0, 0, 0, 0, 0, 0, 0, 0, 0
26.2645, 0, 0, 0, 1.41421, 0, 0, 0, 0, 0, 0, 0, 0, 0, 0, 0, 0, 0, 0, 0, 0, 0, 0, 0, 0, 0
26.2723, 0, 0, 0, 1.41421, 0, 0, 0, 0, 0, 0, 0, 0, 0, 0, 0, 0, 0, 0, 0, 0, 0, 0, 0, 0, 0
26.2802, 0, 0, 0, 1.41421, 0, 0, 0, 0, 0, 0, 0, 0, 0, 0, 0, 0, 0, 0, 0, 0, 0, 0, 0, 0, 0
26.288, 0, 0, 0, 1.41421, 0, 0, 0, 0, 0, 0, 0, 0, 0, 0, 0, 0, 0, 0, 0, 0, 0, 0, 0, 0, 0
26.2959, 0, 0, 0, 1.41421, 0, 0, 0, 0, 0, 0, 0, 0, 0, 0, 0, 0, 0, 0, 0, 0, 0, 0, 0, 0, 0
26.3037, 0, 0, 0, 1.41421, 0, 0, 0, 0, 0, 0, 0, 0, 0, 0, 0, 0, 0, 0, 0, 0, 0, 0, 0, 0, 0
26.3115, 0, 0, 0, 1.41421, 0, 0, 0, 0, 0, 0, 0, 0, 0, 0, 0, 0, 0, 0, 0, 0, 0, 0, 0, 0, 0
26.3194, 0, 0, 0, 1.41421, 0, 0, 0, 0, 0, 0, 0, 0, 0, 0, 0, 0, 0, 0, 0, 0, 0, 0, 0, 0, 0
26.3272, 0, 0, 0, 1.41421, 0, 0, 0, 0, 0, 0, 0, 0, 0, 0, 0, 0, 0, 0, 0, 0, 0, 0, 0, 0, 0
26.3351, 0, 0, 0, 1.41421, 0, 0, 0, 0, 0, 0, 0, 0, 0, 0, 0, 0, 0, 0, 0, 0, 0, 0, 0, 0, 0
26.3429, 0, 0, 0, 1.41421, 0, 0, 0, 0, 0, 0, 0, 0, 0, 0, 0, 0, 0, 0, 0, 0, 0, 0, 0, 0, 0
26.3508, 0, 0, 0, 1.41421, 0, 0, 0, 0, 0, 0, 0, 0, 0, 0, 0, 0, 0, 0, 0, 0, 0, 0, 0, 0, 0
26.3586, 0, 0, 0, 1.41421, 0, 0, 0, 0, 0, 0, 0, 0, 0, 0, 0, 0, 0, 0, 0, 0, 0, 0, 0, 0, 0
26.3664, 0, 0, 0, 1.41421, 0, 0, 0, 0, 0, 0, 0, 0, 0, 0, 0, 0, 0, 0, 0, 0, 0, 0, 0, 0, 0
26.3743, 0, 0, 0, 1.41421, 0, 0, 0, 0, 0, 0, 0, 0, 0, 0, 0, 0, 0, 0, 0, 0, 0, 0, 0, 0, 0
26.3821, 0, 0, 0, 1.41421, 0, 0, 0, 0, 0, 0, 0, 0, 0, 0, 0, 0, 0, 0, 0, 0, 0, 0, 0, 0, 0
26.39, 0, 0, 0, 1.41421, 0, 0, 0, 0, 0, 0, 0, 0, 0, 0, 0, 0, 0, 0, 0, 0, 0, 0, 0, 0, 0
26.3978, 0, 0, 0, 1.41421, 0, 0, 0, 0, 0, 0, 0, 0, 0, 0, 0, 0, 0, 0, 0, 0, 0, 0, 0, 0, 0
26.4057, 0, 0, 0, 1.41421, 0, 0, 0, 0, 0, 0, 0, 0, 0, 0, 0, 0, 0, 0, 0, 0, 0, 0, 0, 0, 0
26.4135, 0, 0, 0, 1.41421, 0, 0, 0, 0, 0, 0, 0, 0, 0, 0, 0, 0, 0, 0, 0, 0, 0, 0, 0, 0, 0
26.4213, 0, 0, 0, 1.41421, 0, 0, 0, 0, 0, 0, 0, 0, 0, 0, 0, 0, 0, 0, 0, 0, 0, 0, 0, 0, 0
26.4292, 0, 0, 0, 1.41421, 0, 0, 0, 0, 0, 0, 0, 0, 0, 0, 0, 0, 0, 0, 0, 0, 0, 0, 0, 0, 0
26.437, 0, 0, 0, 1.41421, 0, 0, 0, 0, 0, 0, 0, 0, 0, 0, 0, 0, 0, 0, 0, 0, 0, 0, 0, 0, 0
26.4449, 0, 0, 0, 1.41421, 0, 0, 0, 0, 0, 0, 0, 0, 0, 0, 0, 0, 0, 0, 0, 0, 0, 0, 0, 0, 0
26.4527, 0, 0, 0, 1.41421, 0, 0, 0, 0, 0, 0, 0, 0, 0, 0, 0, 0, 0, 0, 0, 0, 0, 0, 0, 0, 0
26.4606, 0, 0, 0, 1.41421, 0, 0, 0, 0, 0, 0, 0, 0, 0, 0, 0, 0, 0, 0, 0, 0, 0, 0, 0, 0, 0
26.4684, 0, 0, 0, 1.41421, 0, 0, 0, 0, 0, 0, 0, 0, 0, 0, 0, 0, 0, 0, 0, 0, 0, 0, 0, 0, 0
26.4762, 0, 0, 0, 1.41421, 0, 0, 0, 0, 0, 0, 0, 0, 0, 0, 0, 0, 0, 0, 0, 0, 0, 0, 0, 0, 0
26.4841, 0, 0, 0, 1.41421, 0, 0, 0, 0, 0, 0, 0, 0, 0, 0, 0, 0, 0, 0, 0, 0, 0, 0, 0, 0, 0
26.4919, 0, 0, 0, 1.41421, 0, 0, 0, 0, 0, 0, 0, 0, 0, 0, 0, 0, 0, 0, 0, 0, 0, 0, 0, 0, 0
26.4998, 0, 0, 0, 1.41421, 0, 0, 0, 0, 0, 0, 0, 0, 0, 0, 0, 0, 0, 0, 0, 0, 0, 0, 0, 0, 0
26.5076, 0, 0, 0, 1.41421, 0, 0, 0, 0, 0, 0, 0, 0, 0, 0, 0, 0, 0, 0, 0, 0, 0, 0, 0, 0, 0
26.5155, 0, 0, 0, 1.41421, 0, 0, 0, 0, 0, 0, 0, 0, 0, 0, 0, 0, 0, 0, 0, 0, 0, 0, 0, 0, 0
26.5233, 0, 0, 0, 1.41421, 0, 0, 0, 0, 0, 0, 0, 0, 0, 0, 0, 0, 0, 0, 0, 0, 0, 0, 0, 0, 0
26.5311, 0, 0, 0, 1.41421, 0, 0, 0, 0, 0, 0, 0, 0, 0, 0, 0, 0, 0, 0, 0, 0, 0, 0, 0, 0, 0
26.539, 0, 0, 0, 1.41421, 0, 0, 0, 0, 0, 0, 0, 0, 0, 0, 0, 0, 0, 0, 0, 0, 0, 0, 0, 0, 0
26.5468, 0, 0, 0, 1.41421, 0, 0, 0, 0, 0, 0, 0, 0, 0, 0, 0, 0, 0, 0, 0, 0, 0, 0, 0, 0, 0
26.5547, 0, 0, 0, 1.41421, 0, 0, 0, 0, 0, 0, 0, 0, 0, 0, 0, 0, 0, 0, 0, 0, 0, 0, 0, 0, 0
26.5625, 0, 0, 0, 1.41421, 0, 0, 0, 0, 0, 0, 0, 0, 0, 0, 0, 0, 0, 0, 0, 0, 0, 0, 0, 0, 0
26.5704, 0, 0, 0, 1.41421, 0, 0, 0, 0, 0, 0, 0, 0, 0, 0, 0, 0, 0, 0, 0, 0, 0, 0, 0, 0, 0
26.5782, 0, 0, 0, 1.41421, 0, 0, 0, 0, 0, 0, 0, 0, 0, 0, 0, 0, 0, 0, 0, 0, 0, 0, 0, 0, 0
26.586, 0, 0, 0, 1.41421, 0, 0, 0, 0, 0, 0, 0, 0, 0, 0, 0, 0, 0, 0, 0, 0, 0, 0, 0, 0, 0
26.5939, 0, 0, 0, 1.41421, 0, 0, 0, 0, 0, 0, 0, 0, 0, 0, 0, 0, 0, 0, 0, 0, 0, 0, 0, 0, 0
26.6017, 0, 0, 0, 1.41421, 0, 0, 0, 0, 0, 0, 0, 0, 0, 0, 0, 0, 0, 0, 0, 0, 0, 0, 0, 0, 0
26.6096, 0, 0, 0, 1.41421, 0, 0, 0, 0, 0, 0, 0, 0, 0, 0, 0, 0, 0, 0, 0, 0, 0, 0, 0, 0, 0
26.6174, 0, 0, 0, 1.41421, 0, 0, 0, 0, 0, 0, 0, 0, 0, 0, 0, 0, 0, 0, 0, 0, 0, 0, 0, 0, 0
26.6253, 0, 0, 0, 1.41421, 0, 0, 0, 0, 0, 0, 0, 0, 0, 0, 0, 0, 0, 0, 0, 0, 0, 0, 0, 0, 0
26.6331, 0, 0, 0, 1.41421, 0, 0, 0, 0, 0, 0, 0, 0, 0, 0, 0, 0, 0, 0, 0, 0, 0, 0, 0, 0, 0
26.6409, 0, 0, 0, 1.41421, 0, 0, 0, 0, 0, 0, 0, 0, 0, 0, 0, 0, 0, 0, 0, 0, 0, 0, 0, 0, 0
26.6488, 0, 0, 0, 1.41421, 0, 0, 0, 0, 0, 0, 0, 0, 0, 0, 0, 0, 0, 0, 0, 0, 0, 0, 0, 0, 0
26.6566, 0, 0, 0, 1.41421, 0, 0, 0, 0, 0, 0, 0, 0, 0, 0, 0, 0, 0, 0, 0, 0, 0, 0, 0, 0, 0
26.6645, 0, 0, 0, 1.41421, 0, 0, 0, 0, 0, 0, 0, 0, 0, 0, 0, 0, 0, 0, 0, 0, 0, 0, 0, 0, 0
26.6723, 0, 0, 0, 1.41421, 0, 0, 0, 0, 0, 0, 0, 0, 0, 0, 0, 0, 0, 0, 0, 0, 0, 0, 0, 0, 0
26.6802, 0, 0, 0, 1.41421, 0, 0, 0, 0, 0, 0, 0, 0, 0, 0, 0, 0, 0, 0, 0, 0, 0, 0, 0, 0, 0
26.688, 0, 0, 0, 1.41421, 0, 0, 0, 0, 0, 0, 0, 0, 0, 0, 0, 0, 0, 0, 0, 0, 0, 0, 0, 0, 0
26.6958, 0, 0, 0, 1.41421, 0, 0, 0, 0, 0, 0, 0, 0, 0, 0, 0, 0, 0, 0, 0, 0, 0, 0, 0, 0, 0
26.7037, 0, 0, 0, 1.41421, 0, 0, 0, 0, 0, 0, 0, 0, 0, 0, 0, 0, 0, 0, 0, 0, 0, 0, 0, 0, 0
26.7115, 0, 0, 0, 1.41421, 0, 0, 0, 0, 0, 0, 0, 0, 0, 0, 0, 0, 0, 0, 0, 0, 0, 0, 0, 0, 0
26.7194, 0, 0, 0, 1.41421, 0, 0, 0, 0, 0, 0, 0, 0, 0, 0, 0, 0, 0, 0, 0, 0, 0, 0, 0, 0, 0
26.7272, 0, 0, 0, 1.41421, 0, 0, 0, 0, 0, 0, 0, 0, 0, 0, 0, 0, 0, 0, 0, 0, 0, 0, 0, 0, 0
26.7351, 0, 0, 0, 1.41421, 0, 0, 0, 0, 0, 0, 0, 0, 0, 0, 0, 0, 0, 0, 0, 0, 0, 0, 0, 0, 0
26.7429, 0, 0, 0, 1.41421, 0, 0, 0, 0, 0, 0, 0, 0, 0, 0, 0, 0, 0, 0, 0, 0, 0, 0, 0, 0, 0
26.7507, 0, 0, 0, 1.41421, 0, 0, 0, 0, 0, 0, 0, 0, 0, 0, 0, 0, 0, 0, 0, 0, 0, 0, 0, 0, 0
26.7586, 0, 0, 0, 1.41421, 0, 0, 0, 0, 0, 0, 0, 0, 0, 0, 0, 0, 0, 0, 0, 0, 0, 0, 0, 0, 0
26.7664, 0, 0, 0, 1.41421, 0, 0, 0, 0, 0, 0, 0, 0, 0, 0, 0, 0, 0, 0, 0, 0, 0, 0, 0, 0, 0
26.7743, 0, 0, 0, 1.41421, 0, 0, 0, 0, 0, 0, 0, 0, 0, 0, 0, 0, 0, 0, 0, 0, 0, 0, 0, 0, 0
26.7821, 0, 0, 0, 1.41421, 0, 0, 0, 0, 0, 0, 0, 0, 0, 0, 0, 0, 0, 0, 0, 0, 0, 0, 0, 0, 0
26.79, 0, 0, 0, 1.41421, 0, 0, 0, 0, 0, 0, 0, 0, 0, 0, 0, 0, 0, 0, 0, 0, 0, 0, 0, 0, 0
26.7978, 0, 0, 0, 1.41421, 0, 0, 0, 0, 0, 0, 0, 0, 0, 0, 0, 0, 0, 0, 0, 0, 0, 0, 0, 0, 0
26.8056, 0, 0, 0, 1.41421, 0, 0, 0, 0, 0, 0, 0, 0, 0, 0, 0, 0, 0, 0, 0, 0, 0, 0, 0, 0, 0
26.8135, 0, 0, 0, 1.41421, 0, 0, 0, 0, 0, 0, 0, 0, 0, 0, 0, 0, 0, 0, 0, 0, 0, 0, 0, 0, 0
26.8213, 0, 0, 0, 1.41421, 0, 0, 0, 0, 0, 0, 0, 0, 0, 0, 0, 0, 0, 0, 0, 0, 0, 0, 0, 0, 0
26.8292, 0, 0, 0, 1.41421, 0, 0, 0, 0, 0, 0, 0, 0, 0, 0, 0, 0, 0, 0, 0, 0, 0, 0, 0, 0, 0
26.837, 0, 0, 0, 1.41421, 0, 0, 0, 0, 0, 0, 0, 0, 0, 0, 0, 0, 0, 0, 0, 0, 0, 0, 0, 0, 0
26.8449, 0, 0, 0, 1.41421, 0, 0, 0, 0, 0, 0, 0, 0, 0, 0, 0, 0, 0, 0, 0, 0, 0, 0, 0, 0, 0
26.8527, 0, 0, 0, 1.41421, 0, 0, 0, 0, 0, 0, 0, 0, 0, 0, 0, 0, 0, 0, 0, 0, 0, 0, 0, 0, 0
26.8605, 0, 0, 0, 1.41421, 0, 0, 0, 0, 0, 0, 0, 0, 0, 0, 0, 0, 0, 0, 0, 0, 0, 0, 0, 0, 0
26.8684, 0, 0, 0, 1.41421, 0, 0, 0, 0, 0, 0, 0, 0, 0, 0, 0, 0, 0, 0, 0, 0, 0, 0, 0, 0, 0
26.8762, 0, 0, 0, 1.41421, 0, 0, 0, 0, 0, 0, 0, 0, 0, 0, 0, 0, 0, 0, 0, 0, 0, 0, 0, 0, 0
26.8841, 0, 0, 0, 1.41421, 0, 0, 0, 0, 0, 0, 0, 0, 0, 0, 0, 0, 0, 0, 0, 0, 0, 0, 0, 0, 0
26.8919, 0, 0, 0, 1.41421, 0, 0, 0, 0, 0, 0, 0, 0, 0, 0, 0, 0, 0, 0, 0, 0, 0, 0, 0, 0, 0
26.8998, 0, 0, 0, 1.41421, 0, 0, 0, 0, 0, 0, 0, 0, 0, 0, 0, 0, 0, 0, 0, 0, 0, 0, 0, 0, 0
26.9076, 0, 0, 0, 1.41421, 0, 0, 0, 0, 0, 0, 0, 0, 0, 0, 0, 0, 0, 0, 0, 0, 0, 0, 0, 0, 0
26.9154, 0, 0, 0, 1.41421, 0, 0, 0, 0, 0, 0, 0, 0, 0, 0, 0, 0, 0, 0, 0, 0, 0, 0, 0, 0, 0
26.9233, 0, 0, 0, 1.41421, 0, 0, 0, 0, 0, 0, 0, 0, 0, 0, 0, 0, 0, 0, 0, 0, 0, 0, 0, 0, 0
26.9311, 0, 0, 0, 1.41421, 0, 0, 0, 0, 0, 0, 0, 0, 0, 0, 0, 0, 0, 0, 0, 0, 0, 0, 0, 0, 0
26.939, 0, 0, 0, 1.41421, 0, 0, 0, 0, 0, 0, 0, 0, 0, 0, 0, 0, 0, 0, 0, 0, 0, 0, 0, 0, 0
26.9468, 0, 0, 0, 1.41421, 0, 0, 0, 0, 0, 0, 0, 0, 0, 0, 0, 0, 0, 0, 0, 0, 0, 0, 0, 0, 0
26.9547, 0, 0, 0, 1.41421, 0, 0, 0, 0, 0, 0, 0, 0, 0, 0, 0, 0, 0, 0, 0, 0, 0, 0, 0, 0, 0
26.9625, 0, 0, 0, 1.41421, 0, 0, 0, 0, 0, 0, 0, 0, 0, 0, 0, 0, 0, 0, 0, 0, 0, 0, 0, 0, 0
26.9703, 0, 0, 0, 1.41421, 0, 0, 0, 0, 0, 0, 0, 0, 0, 0, 0, 0, 0, 0, 0, 0, 0, 0, 0, 0, 0
26.9782, 0, 0, 0, 1.41421, 0, 0, 0, 0, 0, 0, 0, 0, 0, 0, 0, 0, 0, 0, 0, 0, 0, 0, 0, 0, 0
26.986, 0, 0, 0, 1.41421, 0, 0, 0, 0, 0, 0, 0, 0, 0, 0, 0, 0, 0, 0, 0, 0, 0, 0, 0, 0, 0
26.9939, 0, 0, 0, 1.41421, 0, 0, 0, 0, 0, 0, 0, 0, 0, 0, 0, 0, 0, 0, 0, 0, 0, 0, 0, 0, 0
27.0017, 0, 0, 0, 1.41421, 0, 0, 0, 0, 0, 0, 0, 0, 0, 0, 0, 0, 0, 0, 0, 0, 0, 0, 0, 0, 0
27.0096, 0, 0, 0, 1.41421, 0, 0, 0, 0, 0, 0, 0, 0, 0, 0, 0, 0, 0, 0, 0, 0, 0, 0, 0, 0, 0
27.0174, 0, 0, 0, 1.41421, 0, 0, 0, 0, 0, 0, 0, 0, 0, 0, 0, 0, 0, 0, 0, 0, 0, 0, 0, 0, 0
27.0252, 0, 0, 0, 1.41421, 0, 0, 0, 0, 0, 0, 0, 0, 0, 0, 0, 0, 0, 0, 0, 0, 0, 0, 0, 0, 0
27.0331, 0, 0, 0, 1.41421, 0, 0, 0, 0, 0, 0, 0, 0, 0, 0, 0, 0, 0, 0, 0, 0, 0, 0, 0, 0, 0
27.0409, 0, 0, 0, 1.41421, 0, 0, 0, 0, 0, 0, 0, 0, 0, 0, 0, 0, 0, 0, 0, 0, 0, 0, 0, 0, 0
27.0488, 0, 0, 0, 1.41421, 0, 0, 0, 0, 0, 0, 0, 0, 0, 0, 0, 0, 0, 0, 0, 0, 0, 0, 0, 0, 0
27.0566, 0, 0, 0, 1.41421, 0, 0, 0, 0, 0, 0, 0, 0, 0, 0, 0, 0, 0, 0, 0, 0, 0, 0, 0, 0, 0
27.0645, 0, 0, 0, 1.41421, 0, 0, 0, 0, 0, 0, 0, 0, 0, 0, 0, 0, 0, 0, 0, 0, 0, 0, 0, 0, 0
27.0723, 0, 0, 0, 1.41421, 0, 0, 0, 0, 0, 0, 0, 0, 0, 0, 0, 0, 0, 0, 0, 0, 0, 0, 0, 0, 0
27.0801, 0, 0, 0, 1.41421, 0, 0, 0, 0, 0, 0, 0, 0, 0, 0, 0, 0, 0, 0, 0, 0, 0, 0, 0, 0, 0
27.088, 0, 0, 0, 1.41421, 0, 0, 0, 0, 0, 0, 0, 0, 0, 0, 0, 0, 0, 0, 0, 0, 0, 0, 0, 0, 0
27.0958, 0, 0, 0, 1.41421, 0, 0, 0, 0, 0, 0, 0, 0, 0, 0, 0, 0, 0, 0, 0, 0, 0, 0, 0, 0, 0
27.1037, 0, 0, 0, 1.41421, 0, 0, 0, 0, 0, 0, 0, 0, 0, 0, 0, 0, 0, 0, 0, 0, 0, 0, 0, 0, 0
27.1115, 0, 0, 0, 1.41421, 0, 0, 0, 0, 0, 0, 0, 0, 0, 0, 0, 0, 0, 0, 0, 0, 0, 0, 0, 0, 0
27.1194, 0, 0, 0, 1.41421, 0, 0, 0, 0, 0, 0, 0, 0, 0, 0, 0, 0, 0, 0, 0, 0, 0, 0, 0, 0, 0
27.1272, 0, 0, 0, 1.41421, 0, 0, 0, 0, 0, 0, 0, 0, 0, 0, 0, 0, 0, 0, 0, 0, 0, 0, 0, 0, 0
27.135, 0, 0, 0, 1.41421, 0, 0, 0, 0, 0, 0, 0, 0, 0, 0, 0, 0, 0, 0, 0, 0, 0, 0, 0, 0, 0
27.1429, 0, 0, 0, 1.41421, 0, 0, 0, 0, 0, 0, 0, 0, 0, 0, 0, 0, 0, 0, 0, 0, 0, 0, 0, 0, 0
27.1507, 0, 0, 0, 1.41421, 0, 0, 0, 0, 0, 0, 0, 0, 0, 0, 0, 0, 0, 0, 0, 0, 0, 0, 0, 0, 0
27.1586, 0, 0, 0, 1.41421, 0, 0, 0, 0, 0, 0, 0, 0, 0, 0, 0, 0, 0, 0, 0, 0, 0, 0, 0, 0, 0
27.1664, 0, 0, 0, 1.41421, 0, 0, 0, 0, 0, 0, 0, 0, 0, 0, 0, 0, 0, 0, 0, 0, 0, 0, 0, 0, 0
27.1743, 0, 0, 0, 1.41421, 0, 0, 0, 0, 0, 0, 0, 0, 0, 0, 0, 0, 0, 0, 0, 0, 0, 0, 0, 0, 0
27.1821, 0, 0, 0, 1.41421, 0, 0, 0, 0, 0, 0, 0, 0, 0, 0, 0, 0, 0, 0, 0, 0, 0, 0, 0, 0, 0
27.1899, 0, 0, 0, 1.41421, 0, 0, 0, 0, 0, 0, 0, 0, 0, 0, 0, 0, 0, 0, 0, 0, 0, 0, 0, 0, 0
27.1978, 0, 0, 0, 1.41421, 0, 0, 0, 0, 0, 0, 0, 0, 0, 0, 0, 0, 0, 0, 0, 0, 0, 0, 0, 0, 0
27.2056, 0, 0, 0, 1.41421, 0, 0, 0, 0, 0, 0, 0, 0, 0, 0, 0, 0, 0, 0, 0, 0, 0, 0, 0, 0, 0
27.2135, 0, 0, 0, 1.41421, 0, 0, 0, 0, 0, 0, 0, 0, 0, 0, 0, 0, 0, 0, 0, 0, 0, 0, 0, 0, 0
27.2213, 0, 0, 0, 1.41421, 0, 0, 0, 0, 0, 0, 0, 0, 0, 0, 0, 0, 0, 0, 0, 0, 0, 0, 0, 0, 0
27.2292, 0, 0, 0, 1.41421, 0, 0, 0, 0, 0, 0, 0, 0, 0, 0, 0, 0, 0, 0, 0, 0, 0, 0, 0, 0, 0
27.237, 0, 0, 0, 1.41421, 0, 0, 0, 0, 0, 0, 0, 0, 0, 0, 0, 0, 0, 0, 0, 0, 0, 0, 0, 0, 0
27.2448, 0, 0, 0, 1.41421, 0, 0, 0, 0, 0, 0, 0, 0, 0, 0, 0, 0, 0, 0, 0, 0, 0, 0, 0, 0, 0
27.2527, 0, 0, 0, 1.41421, 0, 0, 0, 0, 0, 0, 0, 0, 0, 0, 0, 0, 0, 0, 0, 0, 0, 0, 0, 0, 0
27.2605, 0, 0, 0, 1.41421, 0, 0, 0, 0, 0, 0, 0, 0, 0, 0, 0, 0, 0, 0, 0, 0, 0, 0, 0, 0, 0
27.2684, 0, 0, 0, 1.41421, 0, 0, 0, 0, 0, 0, 0, 0, 0, 0, 0, 0, 0, 0, 0, 0, 0, 0, 0, 0, 0
27.2762, 0, 0, 0, 1.41421, 0, 0, 0, 0, 0, 0, 0, 0, 0, 0, 0, 0, 0, 0, 0, 0, 0, 0, 0, 0, 0
27.284, 0, 0, 0, 1.41421, 0, 0, 0, 0, 0, 0, 0, 0, 0, 0, 0, 0, 0, 0, 0, 0, 0, 0, 0, 0, 0
27.2919, 0, 0, 0, 1.41421, 0, 0, 0, 0, 0, 0, 0, 0, 0, 0, 0, 0, 0, 0, 0, 0, 0, 0, 0, 0, 0
27.2997, 0, 0, 0, 1.41421, 0, 0, 0, 0, 0, 0, 0, 0, 0, 0, 0, 0, 0, 0, 0, 0, 0, 0, 0, 0, 0
27.3076, 0, 0, 0, 1.41421, 0, 0, 0, 0, 0, 0, 0, 0, 0, 0, 0, 0, 0, 0, 0, 0, 0, 0, 0, 0, 0
27.3154, 0, 0, 0, 1.41421, 0, 0, 0, 0, 0, 0, 0, 0, 0, 0, 0, 0, 0, 0, 0, 0, 0, 0, 0, 0, 0
27.3233, 0, 0, 0, 1.41421, 0, 0, 0, 0, 0, 0, 0, 0, 0, 0, 0, 0, 0, 0, 0, 0, 0, 0, 0, 0, 0
27.3311, 0, 0, 0, 1.41421, 0, 0, 0, 0, 0, 0, 0, 0, 0, 0, 0, 0, 0, 0, 0, 0, 0, 0, 0, 0, 0
27.3389, 0, 0, 0, 1.41421, 0, 0, 0, 0, 0, 0, 0, 0, 0, 0, 0, 0, 0, 0, 0, 0, 0, 0, 0, 0, 0
27.3468, 0, 0, 0, 1.41421, 0, 0, 0, 0, 0, 0, 0, 0, 0, 0, 0, 0, 0, 0, 0, 0, 0, 0, 0, 0, 0
27.3546, 0, 0, 0, 1.41421, 0, 0, 0, 0, 0, 0, 0, 0, 0, 0, 0, 0, 0, 0, 0, 0, 0, 0, 0, 0, 0
27.3625, 0, 0, 0, 1.41421, 0, 0, 0, 0, 0, 0, 0, 0, 0, 0, 0, 0, 0, 0, 0, 0, 0, 0, 0, 0, 0
27.3703, 0, 0, 0, 1.41421, 0, 0, 0, 0, 0, 0, 0, 0, 0, 0, 0, 0, 0, 0, 0, 0, 0, 0, 0, 0, 0
27.3782, 0, 0, 0, 1.41421, 0, 0, 0, 0, 0, 0, 0, 0, 0, 0, 0, 0, 0, 0, 0, 0, 0, 0, 0, 0, 0
27.386, 0, 0, 0, 1.41421, 0, 0, 0, 0, 0, 0, 0, 0, 0, 0, 0, 0, 0, 0, 0, 0, 0, 0, 0, 0, 0
27.3938, 0, 0, 0, 1.41421, 0, 0, 0, 0, 0, 0, 0, 0, 0, 0, 0, 0, 0, 0, 0, 0, 0, 0, 0, 0, 0
27.4017, 0, 0, 0, 1.41421, 0, 0, 0, 0, 0, 0, 0, 0, 0, 0, 0, 0, 0, 0, 0, 0, 0, 0, 0, 0, 0
27.4095, 0, 0, 0, 1.41421, 0, 0, 0, 0, 0, 0, 0, 0, 0, 0, 0, 0, 0, 0, 0, 0, 0, 0, 0, 0, 0
27.4174, 0, 0, 0, 1.41421, 0, 0, 0, 0, 0, 0, 0, 0, 0, 0, 0, 0, 0, 0, 0, 0, 0, 0, 0, 0, 0
27.4252, 0, 0, 0, 1.41421, 0, 0, 0, 0, 0, 0, 0, 0, 0, 0, 0, 0, 0, 0, 0, 0, 0, 0, 0, 0, 0
27.4331, 0, 0, 0, 1.41421, 0, 0, 0, 0, 0, 0, 0, 0, 0, 0, 0, 0, 0, 0, 0, 0, 0, 0, 0, 0, 0
27.4409, 0, 0, 0, 1.41421, 0, 0, 0, 0, 0, 0, 0, 0, 0, 0, 0, 0, 0, 0, 0, 0, 0, 0, 0, 0, 0
27.4487, 0, 0, 0, 1.41421, 0, 0, 0, 0, 0, 0, 0, 0, 0, 0, 0, 0, 0, 0, 0, 0, 0, 0, 0, 0, 0
27.4566, 0, 0, 0, 1.41421, 0, 0, 0, 0, 0, 0, 0, 0, 0, 0, 0, 0, 0, 0, 0, 0, 0, 0, 0, 0, 0
27.4644, 0, 0, 0, 1.41421, 0, 0, 0, 0, 0, 0, 0, 0, 0, 0, 0, 0, 0, 0, 0, 0, 0, 0, 0, 0, 0
27.4723, 0, 0, 0, 1.41421, 0, 0, 0, 0, 0, 0, 0, 0, 0, 0, 0, 0, 0, 0, 0, 0, 0, 0, 0, 0, 0
27.4801, 0, 0, 0, 1.41421, 0, 0, 0, 0, 0, 0, 0, 0, 0, 0, 0, 0, 0, 0, 0, 0, 0, 0, 0, 0, 0
27.488, 0, 0, 0, 1.41421, 0, 0, 0, 0, 0, 0, 0, 0, 0, 0, 0, 0, 0, 0, 0, 0, 0, 0, 0, 0, 0
27.4958, 0, 0, 0, 1.41421, 0, 0, 0, 0, 0, 0, 0, 0, 0, 0, 0, 0, 0, 0, 0, 0, 0, 0, 0, 0, 0
27.5036, 0, 0, 0, 1.41421, 0, 0, 0, 0, 0, 0, 0, 0, 0, 0, 0, 0, 0, 0, 0, 0, 0, 0, 0, 0, 0
27.5115, 0, 0, 0, 1.41421, 0, 0, 0, 0, 0, 0, 0, 0, 0, 0, 0, 0, 0, 0, 0, 0, 0, 0, 0, 0, 0
27.5193, 0, 0, 0, 1.41421, 0, 0, 0, 0, 0, 0, 0, 0, 0, 0, 0, 0, 0, 0, 0, 0, 0, 0, 0, 0, 0
27.5272, 0, 0, 0, 1.41421, 0, 0, 0, 0, 0, 0, 0, 0, 0, 0, 0, 0, 0, 0, 0, 0, 0, 0, 0, 0, 0
27.535, 0, 0, 0, 1.41421, 0, 0, 0, 0, 0, 0, 0, 0, 0, 0, 0, 0, 0, 0, 0, 0, 0, 0, 0, 0, 0
27.5429, 0, 0, 0, 1.41421, 0, 0, 0, 0, 0, 0, 0, 0, 0, 0, 0, 0, 0, 0, 0, 0, 0, 0, 0, 0, 0
27.5507, 0, 0, 0, 1.41421, 0, 0, 0, 0, 0, 0, 0, 0, 0, 0, 0, 0, 0, 0, 0, 0, 0, 0, 0, 0, 0
27.5585, 0, 0, 0, 1.41421, 0, 0, 0, 0, 0, 0, 0, 0, 0, 0, 0, 0, 0, 0, 0, 0, 0, 0, 0, 0, 0
27.5664, 0, 0, 0, 1.41421, 0, 0, 0, 0, 0, 0, 0, 0, 0, 0, 0, 0, 0, 0, 0, 0, 0, 0, 0, 0, 0
27.5742, 0, 0, 0, 1.41421, 0, 0, 0, 0, 0, 0, 0, 0, 0, 0, 0, 0, 0, 0, 0, 0, 0, 0, 0, 0, 0
27.5821, 0, 0, 0, 1.41421, 0, 0, 0, 0, 0, 0, 0, 0, 0, 0, 0, 0, 0, 0, 0, 0, 0, 0, 0, 0, 0
27.5899, 0, 0, 0, 1.41421, 0, 0, 0, 0, 0, 0, 0, 0, 0, 0, 0, 0, 0, 0, 0, 0, 0, 0, 0, 0, 0
27.5978, 0, 0, 0, 1.41421, 0, 0, 0, 0, 0, 0, 0, 0, 0, 0, 0, 0, 0, 0, 0, 0, 0, 0, 0, 0, 0
27.6056, 0, 0, 0, 1.41421, 0, 0, 0, 0, 0, 0, 0, 0, 0, 0, 0, 0, 0, 0, 0, 0, 0, 0, 0, 0, 0
27.6134, 0, 0, 0, 1.41421, 0, 0, 0, 0, 0, 0, 0, 0, 0, 0, 0, 0, 0, 0, 0, 0, 0, 0, 0, 0, 0
27.6213, 0, 0, 0, 1.41421, 0, 0, 0, 0, 0, 0, 0, 0, 0, 0, 0, 0, 0, 0, 0, 0, 0, 0, 0, 0, 0
27.6291, 0, 0, 0, 1.41421, 0, 0, 0, 0, 0, 0, 0, 0, 0, 0, 0, 0, 0, 0, 0, 0, 0, 0, 0, 0, 0
27.637, 0, 0, 0, 1.41421, 0, 0, 0, 0, 0, 0, 0, 0, 0, 0, 0, 0, 0, 0, 0, 0, 0, 0, 0, 0, 0
27.6448, 0, 0, 0, 1.41421, 0, 0, 0, 0, 0, 0, 0, 0, 0, 0, 0, 0, 0, 0, 0, 0, 0, 0, 0, 0, 0
27.6527, 0, 0, 0, 1.41421, 0, 0, 0, 0, 0, 0, 0, 0, 0, 0, 0, 0, 0, 0, 0, 0, 0, 0, 0, 0, 0
27.6605, 0, 0, 0, 1.41421, 0, 0, 0, 0, 0, 0, 0, 0, 0, 0, 0, 0, 0, 0, 0, 0, 0, 0, 0, 0, 0
27.6683, 0, 0, 0, 1.41421, 0, 0, 0, 0, 0, 0, 0, 0, 0, 0, 0, 0, 0, 0, 0, 0, 0, 0, 0, 0, 0
27.6762, 0, 0, 0, 1.41421, 0, 0, 0, 0, 0, 0, 0, 0, 0, 0, 0, 0, 0, 0, 0, 0, 0, 0, 0, 0, 0
27.684, 0, 0, 0, 1.41421, 0, 0, 0, 0, 0, 0, 0, 0, 0, 0, 0, 0, 0, 0, 0, 0, 0, 0, 0, 0, 0
27.6919, 0, 0, 0, 1.41421, 0, 0, 0, 0, 0, 0, 0, 0, 0, 0, 0, 0, 0, 0, 0, 0, 0, 0, 0, 0, 0
27.6997, 0, 0, 0, 1.41421, 0, 0, 0, 0, 0, 0, 0, 0, 0, 0, 0, 0, 0, 0, 0, 0, 0, 0, 0, 0, 0
27.7076, 0, 0, 0, 1.41421, 0, 0, 0, 0, 0, 0, 0, 0, 0, 0, 0, 0, 0, 0, 0, 0, 0, 0, 0, 0, 0
27.7154, 0, 0, 0, 1.41421, 0, 0, 0, 0, 0, 0, 0, 0, 0, 0, 0, 0, 0, 0, 0, 0, 0, 0, 0, 0, 0
27.7232, 0, 0, 0, 1.41421, 0, 0, 0, 0, 0, 0, 0, 0, 0, 0, 0, 0, 0, 0, 0, 0, 0, 0, 0, 0, 0
27.7311, 0, 0, 0, 1.41421, 0, 0, 0, 0, 0, 0, 0, 0, 0, 0, 0, 0, 0, 0, 0, 0, 0, 0, 0, 0, 0
27.7389, 0, 0, 0, 1.41421, 0, 0, 0, 0, 0, 0, 0, 0, 0, 0, 0, 0, 0, 0, 0, 0, 0, 0, 0, 0, 0
27.7468, 0, 0, 0, 1.41421, 0, 0, 0, 0, 0, 0, 0, 0, 0, 0, 0, 0, 0, 0, 0, 0, 0, 0, 0, 0, 0
27.7546, 0, 0, 0, 1.41421, 0, 0, 0, 0, 0, 0, 0, 0, 0, 0, 0, 0, 0, 0, 0, 0, 0, 0, 0, 0, 0
27.7625, 0, 0, 0, 1.41421, 0, 0, 0, 0, 0, 0, 0, 0, 0, 0, 0, 0, 0, 0, 0, 0, 0, 0, 0, 0, 0
27.7703, 0, 0, 0, 1.41421, 0, 0, 0, 0, 0, 0, 0, 0, 0, 0, 0, 0, 0, 0, 0, 0, 0, 0, 0, 0, 0
27.7781, 0, 0, 0, 1.41421, 0, 0, 0, 0, 0, 0, 0, 0, 0, 0, 0, 0, 0, 0, 0, 0, 0, 0, 0, 0, 0
27.786, 0, 0, 0, 1.41421, 0, 0, 0, 0, 0, 0, 0, 0, 0, 0, 0, 0, 0, 0, 0, 0, 0, 0, 0, 0, 0
27.7938, 0, 0, 0, 1.41421, 0, 0, 0, 0, 0, 0, 0, 0, 0, 0, 0, 0, 0, 0, 0, 0, 0, 0, 0, 0, 0
27.8017, 0, 0, 0, 1.41421, 0, 0, 0, 0, 0, 0, 0, 0, 0, 0, 0, 0, 0, 0, 0, 0, 0, 0, 0, 0, 0
27.8095, 0, 0, 0, 1.41421, 0, 0, 0, 0, 0, 0, 0, 0, 0, 0, 0, 0, 0, 0, 0, 0, 0, 0, 0, 0, 0
27.8174, 0, 0, 0, 1.41421, 0, 0, 0, 0, 0, 0, 0, 0, 0, 0, 0, 0, 0, 0, 0, 0, 0, 0, 0, 0, 0
27.8252, 0, 0, 0, 1.41421, 0, 0, 0, 0, 0, 0, 0, 0, 0, 0, 0, 0, 0, 0, 0, 0, 0, 0, 0, 0, 0
27.833, 0, 0, 0, 1.41421, 0, 0, 0, 0, 0, 0, 0, 0, 0, 0, 0, 0, 0, 0, 0, 0, 0, 0, 0, 0, 0
27.8409, 0, 0, 0, 1.41421, 0, 0, 0, 0, 0, 0, 0, 0, 0, 0, 0, 0, 0, 0, 0, 0, 0, 0, 0, 0, 0
27.8487, 0, 0, 0, 1.41421, 0, 0, 0, 0, 0, 0, 0, 0, 0, 0, 0, 0, 0, 0, 0, 0, 0, 0, 0, 0, 0
27.8566, 0, 0, 0, 1.41421, 0, 0, 0, 0, 0, 0, 0, 0, 0, 0, 0, 0, 0, 0, 0, 0, 0, 0, 0, 0, 0
27.8644, 0, 0, 0, 1.41421, 0, 0, 0, 0, 0, 0, 0, 0, 0, 0, 0, 0, 0, 0, 0, 0, 0, 0, 0, 0, 0
27.8723, 0, 0, 0, 1.41421, 0, 0, 0, 0, 0, 0, 0, 0, 0, 0, 0, 0, 0, 0, 0, 0, 0, 0, 0, 0, 0
27.8801, 0, 0, 0, 1.41421, 0, 0, 0, 0, 0, 0, 0, 0, 0, 0, 0, 0, 0, 0, 0, 0, 0, 0, 0, 0, 0
27.8879, 0, 0, 0, 1.41421, 0, 0, 0, 0, 0, 0, 0, 0, 0, 0, 0, 0, 0, 0, 0, 0, 0, 0, 0, 0, 0
27.8958, 0, 0, 0, 1.41421, 0, 0, 0, 0, 0, 0, 0, 0, 0, 0, 0, 0, 0, 0, 0, 0, 0, 0, 0, 0, 0
27.9036, 0, 0, 0, 1.41421, 0, 0, 0, 0, 0, 0, 0, 0, 0, 0, 0, 0, 0, 0, 0, 0, 0, 0, 0, 0, 0
27.9115, 0, 0, 0, 1.41421, 0, 0, 0, 0, 0, 0, 0, 0, 0, 0, 0, 0, 0, 0, 0, 0, 0, 0, 0, 0, 0
27.9193, 0, 0, 0, 1.41421, 0, 0, 0, 0, 0, 0, 0, 0, 0, 0, 0, 0, 0, 0, 0, 0, 0, 0, 0, 0, 0
27.9272, 0, 0, 0, 1.41421, 0, 0, 0, 0, 0, 0, 0, 0, 0, 0, 0, 0, 0, 0, 0, 0, 0, 0, 0, 0, 0
27.935, 0, 0, 0, 1.41421, 0, 0, 0, 0, 0, 0, 0, 0, 0, 0, 0, 0, 0, 0, 0, 0, 0, 0, 0, 0, 0
27.9428, 0, 0, 0, 1.41421, 0, 0, 0, 0, 0, 0, 0, 0, 0, 0, 0, 0, 0, 0, 0, 0, 0, 0, 0, 0, 0
27.9507, 0, 0, 0, 1.41421, 0, 0, 0, 0, 0, 0, 0, 0, 0, 0, 0, 0, 0, 0, 0, 0, 0, 0, 0, 0, 0
27.9585, 0, 0, 0, 1.41421, 0, 0, 0, 0, 0, 0, 0, 0, 0, 0, 0, 0, 0, 0, 0, 0, 0, 0, 0, 0, 0
27.9664, 0, 0, 0, 1.41421, 0, 0, 0, 0, 0, 0, 0, 0, 0, 0, 0, 0, 0, 0, 0, 0, 0, 0, 0, 0, 0
27.9742, 0, 0, 0, 1.41421, 0, 0, 0, 0, 0, 0, 0, 0, 0, 0, 0, 0, 0, 0, 0, 0, 0, 0, 0, 0, 0
27.9821, 0, 0, 0, 1.41421, 0, 0, 0, 0, 0, 0, 0, 0, 0, 0, 0, 0, 0, 0, 0, 0, 0, 0, 0, 0, 0
27.9899, 0, 0, 0, 1.41421, 0, 0, 0, 0, 0, 0, 0, 0, 0, 0, 0, 0, 0, 0, 0, 0, 0, 0, 0, 0, 0
27.9977, 0, 0, 0, 1.41421, 0, 0, 0, 0, 0, 0, 0, 0, 0, 0, 0, 0, 0, 0, 0, 0, 0, 0, 0, 0, 0
28.0056, 0, 0, 0, 1.41421, 0, 0, 0, 0, 0, 0, 0, 0, 0, 0, 0, 0, 0, 0, 0, 0, 0, 0, 0, 0, 0
28.0134, 0, 0, 0, 1.41421, 0, 0, 0, 0, 0, 0, 0, 0, 0, 0, 0, 0, 0, 0, 0, 0, 0, 0, 0, 0, 0
28.0213, 0, 0, 0, 1.41421, 0, 0, 0, 0, 0, 0, 0, 0, 0, 0, 0, 0, 0, 0, 0, 0, 0, 0, 0, 0, 0
28.0291, 0, 0, 0, 1.41421, 0, 0, 0, 0, 0, 0, 0, 0, 0, 0, 0, 0, 0, 0, 0, 0, 0, 0, 0, 0, 0
28.037, 0, 0, 0, 1.41421, 0, 0, 0, 0, 0, 0, 0, 0, 0, 0, 0, 0, 0, 0, 0, 0, 0, 0, 0, 0, 0
28.0448, 0, 0, 0, 1.41421, 0, 0, 0, 0, 0, 0, 0, 0, 0, 0, 0, 0, 0, 0, 0, 0, 0, 0, 0, 0, 0
28.0526, 0, 0, 0, 1.41421, 0, 0, 0, 0, 0, 0, 0, 0, 0, 0, 0, 0, 0, 0, 0, 0, 0, 0, 0, 0, 0
28.0605, 0, 0, 0, 1.41421, 0, 0, 0, 0, 0, 0, 0, 0, 0, 0, 0, 0, 0, 0, 0, 0, 0, 0, 0, 0, 0
28.0683, 0, 0, 0, 1.41421, 0, 0, 0, 0, 0, 0, 0, 0, 0, 0, 0, 0, 0, 0, 0, 0, 0, 0, 0, 0, 0
28.0762, 0, 0, 0, 1.41421, 0, 0, 0, 0, 0, 0, 0, 0, 0, 0, 0, 0, 0, 0, 0, 0, 0, 0, 0, 0, 0
28.084, 0, 0, 0, 1.41421, 0, 0, 0, 0, 0, 0, 0, 0, 0, 0, 0, 0, 0, 0, 0, 0, 0, 0, 0, 0, 0
28.0919, 0, 0, 0, 1.41421, 0, 0, 0, 0, 0, 0, 0, 0, 0, 0, 0, 0, 0, 0, 0, 0, 0, 0, 0, 0, 0
28.0997, 0, 0, 0, 1.41421, 0, 0, 0, 0, 0, 0, 0, 0, 0, 0, 0, 0, 0, 0, 0, 0, 0, 0, 0, 0, 0
28.1075, 0, 0, 0, 1.41421, 0, 0, 0, 0, 0, 0, 0, 0, 0, 0, 0, 0, 0, 0, 0, 0, 0, 0, 0, 0, 0
28.1154, 0, 0, 0, 1.41421, 0, 0, 0, 0, 0, 0, 0, 0, 0, 0, 0, 0, 0, 0, 0, 0, 0, 0, 0, 0, 0
28.1232, 0, 0, 0, 1.41421, 0, 0, 0, 0, 0, 0, 0, 0, 0, 0, 0, 0, 0, 0, 0, 0, 0, 0, 0, 0, 0
28.1311, 0, 0, 0, 1.41421, 0, 0, 0, 0, 0, 0, 0, 0, 0, 0, 0, 0, 0, 0, 0, 0, 0, 0, 0, 0, 0
28.1389, 0, 0, 0, 1.41421, 0, 0, 0, 0, 0, 0, 0, 0, 0, 0, 0, 0, 0, 0, 0, 0, 0, 0, 0, 0, 0
28.1468, 0, 0, 0, 1.41421, 0, 0, 0, 0, 0, 0, 0, 0, 0, 0, 0, 0, 0, 0, 0, 0, 0, 0, 0, 0, 0
28.1546, 0, 0, 0, 1.41421, 0, 0, 0, 0, 0, 0, 0, 0, 0, 0, 0, 0, 0, 0, 0, 0, 0, 0, 0, 0, 0
28.1624, 0, 0, 0, 1.41421, 0, 0, 0, 0, 0, 0, 0, 0, 0, 0, 0, 0, 0, 0, 0, 0, 0, 0, 0, 0, 0
28.1703, 0, 0, 0, 1.41421, 0, 0, 0, 0, 0, 0, 0, 0, 0, 0, 0, 0, 0, 0, 0, 0, 0, 0, 0, 0, 0
28.1781, 0, 0, 0, 1.41421, 0, 0, 0, 0, 0, 0, 0, 0, 0, 0, 0, 0, 0, 0, 0, 0, 0, 0, 0, 0, 0
28.186, 0, 0, 0, 1.41421, 0, 0, 0, 0, 0, 0, 0, 0, 0, 0, 0, 0, 0, 0, 0, 0, 0, 0, 0, 0, 0
28.1938, 0, 0, 0, 1.41421, 0, 0, 0, 0, 0, 0, 0, 0, 0, 0, 0, 0, 0, 0, 0, 0, 0, 0, 0, 0, 0
28.2017, 0, 0, 0, 1.41421, 0, 0, 0, 0, 0, 0, 0, 0, 0, 0, 0, 0, 0, 0, 0, 0, 0, 0, 0, 0, 0
28.2095, 0, 0, 0, 1.41421, 0, 0, 0, 0, 0, 0, 0, 0, 0, 0, 0, 0, 0, 0, 0, 0, 0, 0, 0, 0, 0
28.2173, 0, 0, 0, 1.41421, 0, 0, 0, 0, 0, 0, 0, 0, 0, 0, 0, 0, 0, 0, 0, 0, 0, 0, 0, 0, 0
28.2252, 0, 0, 0, 1.41421, 0, 0, 0, 0, 0, 0, 0, 0, 0, 0, 0, 0, 0, 0, 0, 0, 0, 0, 0, 0, 0
28.233, 0, 0, 0, 1.41421, 0, 0, 0, 0, 0, 0, 0, 0, 0, 0, 0, 0, 0, 0, 0, 0, 0, 0, 0, 0, 0
28.2409, 0, 0, 0, 1.41421, 0, 0, 0, 0, 0, 0, 0, 0, 0, 0, 0, 0, 0, 0, 0, 0, 0, 0, 0, 0, 0
28.2487, 0, 0, 0, 1.41421, 0, 0, 0, 0, 0, 0, 0, 0, 0, 0, 0, 0, 0, 0, 0, 0, 0, 0, 0, 0, 0
28.2566, 0, 0, 0, 1.41421, 0, 0, 0, 0, 0, 0, 0, 0, 0, 0, 0, 0, 0, 0, 0, 0, 0, 0, 0, 0, 0
28.2644, 0, 0, 0, 1.41421, 0, 0, 0, 0, 0, 0, 0, 0, 0, 0, 0, 0, 0, 0, 0, 0, 0, 0, 0, 0, 0
28.2722, 0, 0, 0, 1.41421, 0, 0, 0, 0, 0, 0, 0, 0, 0, 0, 0, 0, 0, 0, 0, 0, 0, 0, 0, 0, 0
28.2801, 0, 0, 0, 1.41421, 0, 0, 0, 0, 0, 0, 0, 0, 0, 0, 0, 0, 0, 0, 0, 0, 0, 0, 0, 0, 0
28.2879, 0, 0, 0, 1.41421, 0, 0, 0, 0, 0, 0, 0, 0, 0, 0, 0, 0, 0, 0, 0, 0, 0, 0, 0, 0, 0
28.2958, 0, 0, 0, 1.41421, 0, 0, 0, 0, 0, 0, 0, 0, 0, 0, 0, 0, 0, 0, 0, 0, 0, 0, 0, 0, 0
28.3036, 0, 0, 0, 1.41421, 0, 0, 0, 0, 0, 0, 0, 0, 0, 0, 0, 0, 0, 0, 0, 0, 0, 0, 0, 0, 0
28.3115, 0, 0, 0, 1.41421, 0, 0, 0, 0, 0, 0, 0, 0, 0, 0, 0, 0, 0, 0, 0, 0, 0, 0, 0, 0, 0
28.3193, 0, 0, 0, 1.41421, 0, 0, 0, 0, 0, 0, 0, 0, 0, 0, 0, 0, 0, 0, 0, 0, 0, 0, 0, 0, 0
28.3271, 0, 0, 0, 1.41421, 0, 0, 0, 0, 0, 0, 0, 0, 0, 0, 0, 0, 0, 0, 0, 0, 0, 0, 0, 0, 0
28.335, 0, 0, 0, 1.41421, 0, 0, 0, 0, 0, 0, 0, 0, 0, 0, 0, 0, 0, 0, 0, 0, 0, 0, 0, 0, 0
28.3428, 0, 0, 0, 1.41421, 0, 0, 0, 0, 0, 0, 0, 0, 0, 0, 0, 0, 0, 0, 0, 0, 0, 0, 0, 0, 0
28.3507, 0, 0, 0, 1.41421, 0, 0, 0, 0, 0, 0, 0, 0, 0, 0, 0, 0, 0, 0, 0, 0, 0, 0, 0, 0, 0
28.3585, 0, 0, 0, 1.41421, 0, 0, 0, 0, 0, 0, 0, 0, 0, 0, 0, 0, 0, 0, 0, 0, 0, 0, 0, 0, 0
28.3664, 0, 0, 0, 1.41421, 0, 0, 0, 0, 0, 0, 0, 0, 0, 0, 0, 0, 0, 0, 0, 0, 0, 0, 0, 0, 0
28.3742, 0, 0, 0, 1.41421, 0, 0, 0, 0, 0, 0, 0, 0, 0, 0, 0, 0, 0, 0, 0, 0, 0, 0, 0, 0, 0
28.382, 0, 0, 0, 1.41421, 0, 0, 0, 0, 0, 0, 0, 0, 0, 0, 0, 0, 0, 0, 0, 0, 0, 0, 0, 0, 0
28.3899, 0, 0, 0, 1.41421, 0, 0, 0, 0, 0, 0, 0, 0, 0, 0, 0, 0, 0, 0, 0, 0, 0, 0, 0, 0, 0
28.3977, 0, 0, 0, 1.41421, 0, 0, 0, 0, 0, 0, 0, 0, 0, 0, 0, 0, 0, 0, 0, 0, 0, 0, 0, 0, 0
28.4056, 0, 0, 0, 1.41421, 0, 0, 0, 0, 0, 0, 0, 0, 0, 0, 0, 0, 0, 0, 0, 0, 0, 0, 0, 0, 0
28.4134, 0, 0, 0, 1.41421, 0, 0, 0, 0, 0, 0, 0, 0, 0, 0, 0, 0, 0, 0, 0, 0, 0, 0, 0, 0, 0
28.4213, 0, 0, 0, 1.41421, 0, 0, 0, 0, 0, 0, 0, 0, 0, 0, 0, 0, 0, 0, 0, 0, 0, 0, 0, 0, 0
28.4291, 0, 0, 0, 1.41421, 0, 0, 0, 0, 0, 0, 0, 0, 0, 0, 0, 0, 0, 0, 0, 0, 0, 0, 0, 0, 0
28.4369, 0, 0, 0, 1.41421, 0, 0, 0, 0, 0, 0, 0, 0, 0, 0, 0, 0, 0, 0, 0, 0, 0, 0, 0, 0, 0
28.4448, 0, 0, 0, 1.41421, 0, 0, 0, 0, 0, 0, 0, 0, 0, 0, 0, 0, 0, 0, 0, 0, 0, 0, 0, 0, 0
28.4526, 0, 0, 0, 1.41421, 0, 0, 0, 0, 0, 0, 0, 0, 0, 0, 0, 0, 0, 0, 0, 0, 0, 0, 0, 0, 0
28.4605, 0, 0, 0, 1.41421, 0, 0, 0, 0, 0, 0, 0, 0, 0, 0, 0, 0, 0, 0, 0, 0, 0, 0, 0, 0, 0
28.4683, 0, 0, 0, 1.41421, 0, 0, 0, 0, 0, 0, 0, 0, 0, 0, 0, 0, 0, 0, 0, 0, 0, 0, 0, 0, 0
28.4762, 0, 0, 0, 1.41421, 0, 0, 0, 0, 0, 0, 0, 0, 0, 0, 0, 0, 0, 0, 0, 0, 0, 0, 0, 0, 0
28.484, 0, 0, 0, 1.41421, 0, 0, 0, 0, 0, 0, 0, 0, 0, 0, 0, 0, 0, 0, 0, 0, 0, 0, 0, 0, 0
28.4918, 0, 0, 0, 1.41421, 0, 0, 0, 0, 0, 0, 0, 0, 0, 0, 0, 0, 0, 0, 0, 0, 0, 0, 0, 0, 0
28.4997, 0, 0, 0, 1.41421, 0, 0, 0, 0, 0, 0, 0, 0, 0, 0, 0, 0, 0, 0, 0, 0, 0, 0, 0, 0, 0
28.5075, 0, 0, 0, 1.41421, 0, 0, 0, 0, 0, 0, 0, 0, 0, 0, 0, 0, 0, 0, 0, 0, 0, 0, 0, 0, 0
28.5154, 0, 0, 0, 1.41421, 0, 0, 0, 0, 0, 0, 0, 0, 0, 0, 0, 0, 0, 0, 0, 0, 0, 0, 0, 0, 0
28.5232, 0, 0, 0, 1.41421, 0, 0, 0, 0, 0, 0, 0, 0, 0, 0, 0, 0, 0, 0, 0, 0, 0, 0, 0, 0, 0
28.5311, 0, 0, 0, 1.41421, 0, 0, 0, 0, 0, 0, 0, 0, 0, 0, 0, 0, 0, 0, 0, 0, 0, 0, 0, 0, 0
28.5389, 0, 0, 0, 1.41421, 0, 0, 0, 0, 0, 0, 0, 0, 0, 0, 0, 0, 0, 0, 0, 0, 0, 0, 0, 0, 0
28.5467, 0, 0, 0, 1.41421, 0, 0, 0, 0, 0, 0, 0, 0, 0, 0, 0, 0, 0, 0, 0, 0, 0, 0, 0, 0, 0
28.5546, 0, 0, 0, 1.41421, 0, 0, 0, 0, 0, 0, 0, 0, 0, 0, 0, 0, 0, 0, 0, 0, 0, 0, 0, 0, 0
28.5624, 0, 0, 0, 1.41421, 0, 0, 0, 0, 0, 0, 0, 0, 0, 0, 0, 0, 0, 0, 0, 0, 0, 0, 0, 0, 0
28.5703, 0, 0, 0, 1.41421, 0, 0, 0, 0, 0, 0, 0, 0, 0, 0, 0, 0, 0, 0, 0, 0, 0, 0, 0, 0, 0
28.5781, 0, 0, 0, 1.41421, 0, 0, 0, 0, 0, 0, 0, 0, 0, 0, 0, 0, 0, 0, 0, 0, 0, 0, 0, 0, 0
28.586, 0, 0, 0, 1.41421, 0, 0, 0, 0, 0, 0, 0, 0, 0, 0, 0, 0, 0, 0, 0, 0, 0, 0, 0, 0, 0
28.5938, 0, 0, 0, 1.41421, 0, 0, 0, 0, 0, 0, 0, 0, 0, 0, 0, 0, 0, 0, 0, 0, 0, 0, 0, 0, 0
28.6016, 0, 0, 0, 1.41421, 0, 0, 0, 0, 0, 0, 0, 0, 0, 0, 0, 0, 0, 0, 0, 0, 0, 0, 0, 0, 0
28.6095, 0, 0, 0, 1.41421, 0, 0, 0, 0, 0, 0, 0, 0, 0, 0, 0, 0, 0, 0, 0, 0, 0, 0, 0, 0, 0
28.6173, 0, 0, 0, 1.41421, 0, 0, 0, 0, 0, 0, 0, 0, 0, 0, 0, 0, 0, 0, 0, 0, 0, 0, 0, 0, 0
28.6252, 0, 0, 0, 1.41421, 0, 0, 0, 0, 0, 0, 0, 0, 0, 0, 0, 0, 0, 0, 0, 0, 0, 0, 0, 0, 0
28.633, 0, 0, 0, 1.41421, 0, 0, 0, 0, 0, 0, 0, 0, 0, 0, 0, 0, 0, 0, 0, 0, 0, 0, 0, 0, 0
28.6409, 0, 0, 0, 1.41421, 0, 0, 0, 0, 0, 0, 0, 0, 0, 0, 0, 0, 0, 0, 0, 0, 0, 0, 0, 0, 0
28.6487, 0, 0, 0, 1.41421, 0, 0, 0, 0, 0, 0, 0, 0, 0, 0, 0, 0, 0, 0, 0, 0, 0, 0, 0, 0, 0
28.6565, 0, 0, 0, 1.41421, 0, 0, 0, 0, 0, 0, 0, 0, 0, 0, 0, 0, 0, 0, 0, 0, 0, 0, 0, 0, 0
28.6644, 0, 0, 0, 1.41421, 0, 0, 0, 0, 0, 0, 0, 0, 0, 0, 0, 0, 0, 0, 0, 0, 0, 0, 0, 0, 0
28.6722, 0, 0, 0, 1.41421, 0, 0, 0, 0, 0, 0, 0, 0, 0, 0, 0, 0, 0, 0, 0, 0, 0, 0, 0, 0, 0
28.6801, 0, 0, 0, 1.41421, 0, 0, 0, 0, 0, 0, 0, 0, 0, 0, 0, 0, 0, 0, 0, 0, 0, 0, 0, 0, 0
28.6879, 0, 0, 0, 1.41421, 0, 0, 0, 0, 0, 0, 0, 0, 0, 0, 0, 0, 0, 0, 0, 0, 0, 0, 0, 0, 0
28.6957, 0, 0, 0, 1.41421, 0, 0, 0, 0, 0, 0, 0, 0, 0, 0, 0, 0, 0, 0, 0, 0, 0, 0, 0, 0, 0
28.7036, 0, 0, 0, 1.41421, 0, 0, 0, 0, 0, 0, 0, 0, 0, 0, 0, 0, 0, 0, 0, 0, 0, 0, 0, 0, 0
28.7114, 0, 0, 0, 1.41421, 0, 0, 0, 0, 0, 0, 0, 0, 0, 0, 0, 0, 0, 0, 0, 0, 0, 0, 0, 0, 0
28.7193, 0, 0, 0, 1.41421, 0, 0, 0, 0, 0, 0, 0, 0, 0, 0, 0, 0, 0, 0, 0, 0, 0, 0, 0, 0, 0
28.7271, 0, 0, 0, 1.41421, 0, 0, 0, 0, 0, 0, 0, 0, 0, 0, 0, 0, 0, 0, 0, 0, 0, 0, 0, 0, 0
28.735, 0, 0, 0, 1.41421, 0, 0, 0, 0, 0, 0, 0, 0, 0, 0, 0, 0, 0, 0, 0, 0, 0, 0, 0, 0, 0
28.7428, 0, 0, 0, 1.41421, 0, 0, 0, 0, 0, 0, 0, 0, 0, 0, 0, 0, 0, 0, 0, 0, 0, 0, 0, 0, 0
28.7507, 0, 0, 0, 1.41421, 0, 0, 0, 0, 0, 0, 0, 0, 0, 0, 0, 0, 0, 0, 0, 0, 0, 0, 0, 0, 0
28.7585, 0, 0, 0, 1.41421, 0, 0, 0, 0, 0, 0, 0, 0, 0, 0, 0, 0, 0, 0, 0, 0, 0, 0, 0, 0, 0
28.7663, 0, 0, 0, 1.41421, 0, 0, 0, 0, 0, 0, 0, 0, 0, 0, 0, 0, 0, 0, 0, 0, 0, 0, 0, 0, 0
28.7742, 0, 0, 0, 1.41421, 0, 0, 0, 0, 0, 0, 0, 0, 0, 0, 0, 0, 0, 0, 0, 0, 0, 0, 0, 0, 0
28.782, 0, 0, 0, 1.41421, 0, 0, 0, 0, 0, 0, 0, 0, 0, 0, 0, 0, 0, 0, 0, 0, 0, 0, 0, 0, 0
28.7899, 0, 0, 0, 1.41421, 0, 0, 0, 0, 0, 0, 0, 0, 0, 0, 0, 0, 0, 0, 0, 0, 0, 0, 0, 0, 0
28.7977, 0, 0, 0, 1.41421, 0, 0, 0, 0, 0, 0, 0, 0, 0, 0, 0, 0, 0, 0, 0, 0, 0, 0, 0, 0, 0
28.8055, 0, 0, 0, 1.41421, 0, 0, 0, 0, 0, 0, 0, 0, 0, 0, 0, 0, 0, 0, 0, 0, 0, 0, 0, 0, 0
28.8134, 0, 0, 0, 1.41421, 0, 0, 0, 0, 0, 0, 0, 0, 0, 0, 0, 0, 0, 0, 0, 0, 0, 0, 0, 0, 0
28.8212, 0, 0, 0, 1.41421, 0, 0, 0, 0, 0, 0, 0, 0, 0, 0, 0, 0, 0, 0, 0, 0, 0, 0, 0, 0, 0
28.8291, 0, 0, 0, 1.41421, 0, 0, 0, 0, 0, 0, 0, 0, 0, 0, 0, 0, 0, 0, 0, 0, 0, 0, 0, 0, 0
28.8369, 0, 0, 0, 1.41421, 0, 0, 0, 0, 0, 0, 0, 0, 0, 0, 0, 0, 0, 0, 0, 0, 0, 0, 0, 0, 0
28.8448, 0, 0, 0, 1.41421, 0, 0, 0, 0, 0, 0, 0, 0, 0, 0, 0, 0, 0, 0, 0, 0, 0, 0, 0, 0, 0
28.8526, 0, 0, 0, 1.41421, 0, 0, 0, 0, 0, 0, 0, 0, 0, 0, 0, 0, 0, 0, 0, 0, 0, 0, 0, 0, 0
28.8604, 0, 0, 0, 1.41421, 0, 0, 0, 0, 0, 0, 0, 0, 0, 0, 0, 0, 0, 0, 0, 0, 0, 0, 0, 0, 0
28.8683, 0, 0, 0, 1.41421, 0, 0, 0, 0, 0, 0, 0, 0, 0, 0, 0, 0, 0, 0, 0, 0, 0, 0, 0, 0, 0
28.8761, 0, 0, 0, 1.41421, 0, 0, 0, 0, 0, 0, 0, 0, 0, 0, 0, 0, 0, 0, 0, 0, 0, 0, 0, 0, 0
28.884, 0, 0, 0, 1.41421, 0, 0, 0, 0, 0, 0, 0, 0, 0, 0, 0, 0, 0, 0, 0, 0, 0, 0, 0, 0, 0
28.8918, 0, 0, 0, 1.41421, 0, 0, 0, 0, 0, 0, 0, 0, 0, 0, 0, 0, 0, 0, 0, 0, 0, 0, 0, 0, 0
28.8997, 0, 0, 0, 1.41421, 0, 0, 0, 0, 0, 0, 0, 0, 0, 0, 0, 0, 0, 0, 0, 0, 0, 0, 0, 0, 0
28.9075, 0, 0, 0, 1.41421, 0, 0, 0, 0, 0, 0, 0, 0, 0, 0, 0, 0, 0, 0, 0, 0, 0, 0, 0, 0, 0
28.9153, 0, 0, 0, 1.41421, 0, 0, 0, 0, 0, 0, 0, 0, 0, 0, 0, 0, 0, 0, 0, 0, 0, 0, 0, 0, 0
28.9232, 0, 0, 0, 1.41421, 0, 0, 0, 0, 0, 0, 0, 0, 0, 0, 0, 0, 0, 0, 0, 0, 0, 0, 0, 0, 0
28.931, 0, 0, 0, 1.41421, 0, 0, 0, 0, 0, 0, 0, 0, 0, 0, 0, 0, 0, 0, 0, 0, 0, 0, 0, 0, 0
28.9389, 0, 0, 0, 1.41421, 0, 0, 0, 0, 0, 0, 0, 0, 0, 0, 0, 0, 0, 0, 0, 0, 0, 0, 0, 0, 0
28.9467, 0, 0, 0, 1.41421, 0, 0, 0, 0, 0, 0, 0, 0, 0, 0, 0, 0, 0, 0, 0, 0, 0, 0, 0, 0, 0
28.9546, 0, 0, 0, 1.41421, 0, 0, 0, 0, 0, 0, 0, 0, 0, 0, 0, 0, 0, 0, 0, 0, 0, 0, 0, 0, 0
28.9624, 0, 0, 0, 1.41421, 0, 0, 0, 0, 0, 0, 0, 0, 0, 0, 0, 0, 0, 0, 0, 0, 0, 0, 0, 0, 0
28.9702, 0, 0, 0, 1.41421, 0, 0, 0, 0, 0, 0, 0, 0, 0, 0, 0, 0, 0, 0, 0, 0, 0, 0, 0, 0, 0
28.9781, 0, 0, 0, 1.41421, 0, 0, 0, 0, 0, 0, 0, 0, 0, 0, 0, 0, 0, 0, 0, 0, 0, 0, 0, 0, 0
28.9859, 0, 0, 0, 1.41421, 0, 0, 0, 0, 0, 0, 0, 0, 0, 0, 0, 0, 0, 0, 0, 0, 0, 0, 0, 0, 0
28.9938, 0, 0, 0, 1.41421, 0, 0, 0, 0, 0, 0, 0, 0, 0, 0, 0, 0, 0, 0, 0, 0, 0, 0, 0, 0, 0
29.0016, 0, 0, 0, 1.41421, 0, 0, 0, 0, 0, 0, 0, 0, 0, 0, 0, 0, 0, 0, 0, 0, 0, 0, 0, 0, 0
29.0095, 0, 0, 0, 1.41421, 0, 0, 0, 0, 0, 0, 0, 0, 0, 0, 0, 0, 0, 0, 0, 0, 0, 0, 0, 0, 0
29.0173, 0, 0, 0, 1.41421, 0, 0, 0, 0, 0, 0, 0, 0, 0, 0, 0, 0, 0, 0, 0, 0, 0, 0, 0, 0, 0
29.0251, 0, 0, 0, 1.41421, 0, 0, 0, 0, 0, 0, 0, 0, 0, 0, 0, 0, 0, 0, 0, 0, 0, 0, 0, 0, 0
29.033, 0, 0, 0, 1.41421, 0, 0, 0, 0, 0, 0, 0, 0, 0, 0, 0, 0, 0, 0, 0, 0, 0, 0, 0, 0, 0
29.0408, 0, 0, 0, 1.41421, 0, 0, 0, 0, 0, 0, 0, 0, 0, 0, 0, 0, 0, 0, 0, 0, 0, 0, 0, 0, 0
29.0487, 0, 0, 0, 1.41421, 0, 0, 0, 0, 0, 0, 0, 0, 0, 0, 0, 0, 0, 0, 0, 0, 0, 0, 0, 0, 0
29.0565, 0, 0, 0, 1.41421, 0, 0, 0, 0, 0, 0, 0, 0, 0, 0, 0, 0, 0, 0, 0, 0, 0, 0, 0, 0, 0
29.0644, 0, 0, 0, 1.41421, 0, 0, 0, 0, 0, 0, 0, 0, 0, 0, 0, 0, 0, 0, 0, 0, 0, 0, 0, 0, 0
29.0722, 0, 0, 0, 1.41421, 0, 0, 0, 0, 0, 0, 0, 0, 0, 0, 0, 0, 0, 0, 0, 0, 0, 0, 0, 0, 0
29.08, 0, 0, 0, 1.41421, 0, 0, 0, 0, 0, 0, 0, 0, 0, 0, 0, 0, 0, 0, 0, 0, 0, 0, 0, 0, 0
29.0879, 0, 0, 0, 1.41421, 0, 0, 0, 0, 0, 0, 0, 0, 0, 0, 0, 0, 0, 0, 0, 0, 0, 0, 0, 0, 0
29.0957, 0, 0, 0, 1.41421, 0, 0, 0, 0, 0, 0, 0, 0, 0, 0, 0, 0, 0, 0, 0, 0, 0, 0, 0, 0, 0
29.1036, 0, 0, 0, 1.41421, 0, 0, 0, 0, 0, 0, 0, 0, 0, 0, 0, 0, 0, 0, 0, 0, 0, 0, 0, 0, 0
29.1114, 0, 0, 0, 1.41421, 0, 0, 0, 0, 0, 0, 0, 0, 0, 0, 0, 0, 0, 0, 0, 0, 0, 0, 0, 0, 0
29.1193, 0, 0, 0, 1.41421, 0, 0, 0, 0, 0, 0, 0, 0, 0, 0, 0, 0, 0, 0, 0, 0, 0, 0, 0, 0, 0
29.1271, 0, 0, 0, 1.41421, 0, 0, 0, 0, 0, 0, 0, 0, 0, 0, 0, 0, 0, 0, 0, 0, 0, 0, 0, 0, 0
29.1349, 0, 0, 0, 1.41421, 0, 0, 0, 0, 0, 0, 0, 0, 0, 0, 0, 0, 0, 0, 0, 0, 0, 0, 0, 0, 0
29.1428, 0, 0, 0, 1.41421, 0, 0, 0, 0, 0, 0, 0, 0, 0, 0, 0, 0, 0, 0, 0, 0, 0, 0, 0, 0, 0
29.1506, 0, 0, 0, 1.41421, 0, 0, 0, 0, 0, 0, 0, 0, 0, 0, 0, 0, 0, 0, 0, 0, 0, 0, 0, 0, 0
29.1585, 0, 0, 0, 1.41421, 0, 0, 0, 0, 0, 0, 0, 0, 0, 0, 0, 0, 0, 0, 0, 0, 0, 0, 0, 0, 0
29.1663, 0, 0, 0, 1.41421, 0, 0, 0, 0, 0, 0, 0, 0, 0, 0, 0, 0, 0, 0, 0, 0, 0, 0, 0, 0, 0
29.1742, 0, 0, 0, 1.41421, 0, 0, 0, 0, 0, 0, 0, 0, 0, 0, 0, 0, 0, 0, 0, 0, 0, 0, 0, 0, 0
29.182, 0, 0, 0, 1.41421, 0, 0, 0, 0, 0, 0, 0, 0, 0, 0, 0, 0, 0, 0, 0, 0, 0, 0, 0, 0, 0
29.1898, 0, 0, 0, 1.41421, 0, 0, 0, 0, 0, 0, 0, 0, 0, 0, 0, 0, 0, 0, 0, 0, 0, 0, 0, 0, 0
29.1977, 0, 0, 0, 1.41421, 0, 0, 0, 0, 0, 0, 0, 0, 0, 0, 0, 0, 0, 0, 0, 0, 0, 0, 0, 0, 0
29.2055, 0, 0, 0, 1.41421, 0, 0, 0, 0, 0, 0, 0, 0, 0, 0, 0, 0, 0, 0, 0, 0, 0, 0, 0, 0, 0
29.2134, 0, 0, 0, 1.41421, 0, 0, 0, 0, 0, 0, 0, 0, 0, 0, 0, 0, 0, 0, 0, 0, 0, 0, 0, 0, 0
29.2212, 0, 0, 0, 1.41421, 0, 0, 0, 0, 0, 0, 0, 0, 0, 0, 0, 0, 0, 0, 0, 0, 0, 0, 0, 0, 0
29.2291, 0, 0, 0, 1.41421, 0, 0, 0, 0, 0, 0, 0, 0, 0, 0, 0, 0, 0, 0, 0, 0, 0, 0, 0, 0, 0
29.2369, 0, 0, 0, 1.41421, 0, 0, 0, 0, 0, 0, 0, 0, 0, 0, 0, 0, 0, 0, 0, 0, 0, 0, 0, 0, 0
29.2447, 0, 0, 0, 1.41421, 0, 0, 0, 0, 0, 0, 0, 0, 0, 0, 0, 0, 0, 0, 0, 0, 0, 0, 0, 0, 0
29.2526, 0, 0, 0, 1.41421, 0, 0, 0, 0, 0, 0, 0, 0, 0, 0, 0, 0, 0, 0, 0, 0, 0, 0, 0, 0, 0
29.2604, 0, 0, 0, 1.41421, 0, 0, 0, 0, 0, 0, 0, 0, 0, 0, 0, 0, 0, 0, 0, 0, 0, 0, 0, 0, 0
29.2683, 0, 0, 0, 1.41421, 0, 0, 0, 0, 0, 0, 0, 0, 0, 0, 0, 0, 0, 0, 0, 0, 0, 0, 0, 0, 0
29.2761, 0, 0, 0, 1.41421, 0, 0, 0, 0, 0, 0, 0, 0, 0, 0, 0, 0, 0, 0, 0, 0, 0, 0, 0, 0, 0
29.284, 0, 0, 0, 1.41421, 0, 0, 0, 0, 0, 0, 0, 0, 0, 0, 0, 0, 0, 0, 0, 0, 0, 0, 0, 0, 0
29.2918, 0, 0, 0, 1.41421, 0, 0, 0, 0, 0, 0, 0, 0, 0, 0, 0, 0, 0, 0, 0, 0, 0, 0, 0, 0, 0
29.2996, 0, 0, 0, 1.41421, 0, 0, 0, 0, 0, 0, 0, 0, 0, 0, 0, 0, 0, 0, 0, 0, 0, 0, 0, 0, 0
29.3075, 0, 0, 0, 1.41421, 0, 0, 0, 0, 0, 0, 0, 0, 0, 0, 0, 0, 0, 0, 0, 0, 0, 0, 0, 0, 0
29.3153, 0, 0, 0, 1.41421, 0, 0, 0, 0, 0, 0, 0, 0, 0, 0, 0, 0, 0, 0, 0, 0, 0, 0, 0, 0, 0
29.3232, 0, 0, 0, 1.41421, 0, 0, 0, 0, 0, 0, 0, 0, 0, 0, 0, 0, 0, 0, 0, 0, 0, 0, 0, 0, 0
29.331, 0, 0, 0, 1.41421, 0, 0, 0, 0, 0, 0, 0, 0, 0, 0, 0, 0, 0, 0, 0, 0, 0, 0, 0, 0, 0
29.3389, 0, 0, 0, 1.41421, 0, 0, 0, 0, 0, 0, 0, 0, 0, 0, 0, 0, 0, 0, 0, 0, 0, 0, 0, 0, 0
29.3467, 0, 0, 0, 1.41421, 0, 0, 0, 0, 0, 0, 0, 0, 0, 0, 0, 0, 0, 0, 0, 0, 0, 0, 0, 0, 0
29.3545, 0, 0, 0, 1.41421, 0, 0, 0, 0, 0, 0, 0, 0, 0, 0, 0, 0, 0, 0, 0, 0, 0, 0, 0, 0, 0
29.3624, 0, 0, 0, 1.41421, 0, 0, 0, 0, 0, 0, 0, 0, 0, 0, 0, 0, 0, 0, 0, 0, 0, 0, 0, 0, 0
29.3702, 0, 0, 0, 1.41421, 0, 0, 0, 0, 0, 0, 0, 0, 0, 0, 0, 0, 0, 0, 0, 0, 0, 0, 0, 0, 0
29.3781, 0, 0, 0, 1.41421, 0, 0, 0, 0, 0, 0, 0, 0, 0, 0, 0, 0, 0, 0, 0, 0, 0, 0, 0, 0, 0
29.3859, 0, 0, 0, 1.41421, 0, 0, 0, 0, 0, 0, 0, 0, 0, 0, 0, 0, 0, 0, 0, 0, 0, 0, 0, 0, 0
29.3938, 0, 0, 0, 1.41421, 0, 0, 0, 0, 0, 0, 0, 0, 0, 0, 0, 0, 0, 0, 0, 0, 0, 0, 0, 0, 0
29.4016, 0, 0, 0, 1.41421, 0, 0, 0, 0, 0, 0, 0, 0, 0, 0, 0, 0, 0, 0, 0, 0, 0, 0, 0, 0, 0
29.4094, 0, 0, 0, 1.41421, 0, 0, 0, 0, 0, 0, 0, 0, 0, 0, 0, 0, 0, 0, 0, 0, 0, 0, 0, 0, 0
29.4173, 0, 0, 0, 1.41421, 0, 0, 0, 0, 0, 0, 0, 0, 0, 0, 0, 0, 0, 0, 0, 0, 0, 0, 0, 0, 0
29.4251, 0, 0, 0, 1.41421, 0, 0, 0, 0, 0, 0, 0, 0, 0, 0, 0, 0, 0, 0, 0, 0, 0, 0, 0, 0, 0
29.433, 0, 0, 0, 1.41421, 0, 0, 0, 0, 0, 0, 0, 0, 0, 0, 0, 0, 0, 0, 0, 0, 0, 0, 0, 0, 0
29.4408, 0, 0, 0, 1.41421, 0, 0, 0, 0, 0, 0, 0, 0, 0, 0, 0, 0, 0, 0, 0, 0, 0, 0, 0, 0, 0
29.4487, 0, 0, 0, 1.41421, 0, 0, 0, 0, 0, 0, 0, 0, 0, 0, 0, 0, 0, 0, 0, 0, 0, 0, 0, 0, 0
29.4565, 0, 0, 0, 1.41421, 0, 0, 0, 0, 0, 0, 0, 0, 0, 0, 0, 0, 0, 0, 0, 0, 0, 0, 0, 0, 0
29.4643, 0, 0, 0, 1.41421, 0, 0, 0, 0, 0, 0, 0, 0, 0, 0, 0, 0, 0, 0, 0, 0, 0, 0, 0, 0, 0
29.4722, 0, 0, 0, 1.41421, 0, 0, 0, 0, 0, 0, 0, 0, 0, 0, 0, 0, 0, 0, 0, 0, 0, 0, 0, 0, 0
29.48, 0, 0, 0, 1.41421, 0, 0, 0, 0, 0, 0, 0, 0, 0, 0, 0, 0, 0, 0, 0, 0, 0, 0, 0, 0, 0
29.4879, 0, 0, 0, 1.41421, 0, 0, 0, 0, 0, 0, 0, 0, 0, 0, 0, 0, 0, 0, 0, 0, 0, 0, 0, 0, 0
29.4957, 0, 0, 0, 1.41421, 0, 0, 0, 0, 0, 0, 0, 0, 0, 0, 0, 0, 0, 0, 0, 0, 0, 0, 0, 0, 0
29.5036, 0, 0, 0, 1.41421, 0, 0, 0, 0, 0, 0, 0, 0, 0, 0, 0, 0, 0, 0, 0, 0, 0, 0, 0, 0, 0
29.5114, 0, 0, 0, 1.41421, 0, 0, 0, 0, 0, 0, 0, 0, 0, 0, 0, 0, 0, 0, 0, 0, 0, 0, 0, 0, 0
29.5192, 0, 0, 0, 1.41421, 0, 0, 0, 0, 0, 0, 0, 0, 0, 0, 0, 0, 0, 0, 0, 0, 0, 0, 0, 0, 0
29.5271, 0, 0, 0, 1.41421, 0, 0, 0, 0, 0, 0, 0, 0, 0, 0, 0, 0, 0, 0, 0, 0, 0, 0, 0, 0, 0
29.5349, 0, 0, 0, 1.41421, 0, 0, 0, 0, 0, 0, 0, 0, 0, 0, 0, 0, 0, 0, 0, 0, 0, 0, 0, 0, 0
29.5428, 0, 0, 0, 1.41421, 0, 0, 0, 0, 0, 0, 0, 0, 0, 0, 0, 0, 0, 0, 0, 0, 0, 0, 0, 0, 0
29.5506, 0, 0, 0, 1.41421, 0, 0, 0, 0, 0, 0, 0, 0, 0, 0, 0, 0, 0, 0, 0, 0, 0, 0, 0, 0, 0
29.5585, 0, 0, 0, 1.41421, 0, 0, 0, 0, 0, 0, 0, 0, 0, 0, 0, 0, 0, 0, 0, 0, 0, 0, 0, 0, 0
29.5663, 0, 0, 0, 1.41421, 0, 0, 0, 0, 0, 0, 0, 0, 0, 0, 0, 0, 0, 0, 0, 0, 0, 0, 0, 0, 0
29.5741, 0, 0, 0, 1.41421, 0, 0, 0, 0, 0, 0, 0, 0, 0, 0, 0, 0, 0, 0, 0, 0, 0, 0, 0, 0, 0
29.582, 0, 0, 0, 1.41421, 0, 0, 0, 0, 0, 0, 0, 0, 0, 0, 0, 0, 0, 0, 0, 0, 0, 0, 0, 0, 0
29.5898, 0, 0, 0, 1.41421, 0, 0, 0, 0, 0, 0, 0, 0, 0, 0, 0, 0, 0, 0, 0, 0, 0, 0, 0, 0, 0
29.5977, 0, 0, 0, 1.41421, 0, 0, 0, 0, 0, 0, 0, 0, 0, 0, 0, 0, 0, 0, 0, 0, 0, 0, 0, 0, 0
29.6055, 0, 0, 0, 1.41421, 0, 0, 0, 0, 0, 0, 0, 0, 0, 0, 0, 0, 0, 0, 0, 0, 0, 0, 0, 0, 0
29.6134, 0, 0, 0, 1.41421, 0, 0, 0, 0, 0, 0, 0, 0, 0, 0, 0, 0, 0, 0, 0, 0, 0, 0, 0, 0, 0
29.6212, 0, 0, 0, 1.41421, 0, 0, 0, 0, 0, 0, 0, 0, 0, 0, 0, 0, 0, 0, 0, 0, 0, 0, 0, 0, 0
29.629, 0, 0, 0, 1.41421, 0, 0, 0, 0, 0, 0, 0, 0, 0, 0, 0, 0, 0, 0, 0, 0, 0, 0, 0, 0, 0
29.6369, 0, 0, 0, 1.41421, 0, 0, 0, 0, 0, 0, 0, 0, 0, 0, 0, 0, 0, 0, 0, 0, 0, 0, 0, 0, 0
29.6447, 0, 0, 0, 1.41421, 0, 0, 0, 0, 0, 0, 0, 0, 0, 0, 0, 0, 0, 0, 0, 0, 0, 0, 0, 0, 0
29.6526, 0, 0, 0, 1.41421, 0, 0, 0, 0, 0, 0, 0, 0, 0, 0, 0, 0, 0, 0, 0, 0, 0, 0, 0, 0, 0
29.6604, 0, 0, 0, 1.41421, 0, 0, 0, 0, 0, 0, 0, 0, 0, 0, 0, 0, 0, 0, 0, 0, 0, 0, 0, 0, 0
29.6683, 0, 0, 0, 1.41421, 0, 0, 0, 0, 0, 0, 0, 0, 0, 0, 0, 0, 0, 0, 0, 0, 0, 0, 0, 0, 0
29.6761, 0, 0, 0, 1.41421, 0, 0, 0, 0, 0, 0, 0, 0, 0, 0, 0, 0, 0, 0, 0, 0, 0, 0, 0, 0, 0
29.6839, 0, 0, 0, 1.41421, 0, 0, 0, 0, 0, 0, 0, 0, 0, 0, 0, 0, 0, 0, 0, 0, 0, 0, 0, 0, 0
29.6918, 0, 0, 0, 1.41421, 0, 0, 0, 0, 0, 0, 0, 0, 0, 0, 0, 0, 0, 0, 0, 0, 0, 0, 0, 0, 0
29.6996, 0, 0, 0, 1.41421, 0, 0, 0, 0, 0, 0, 0, 0, 0, 0, 0, 0, 0, 0, 0, 0, 0, 0, 0, 0, 0
29.7075, 0, 0, 0, 1.41421, 0, 0, 0, 0, 0, 0, 0, 0, 0, 0, 0, 0, 0, 0, 0, 0, 0, 0, 0, 0, 0
29.7153, 0, 0, 0, 1.41421, 0, 0, 0, 0, 0, 0, 0, 0, 0, 0, 0, 0, 0, 0, 0, 0, 0, 0, 0, 0, 0
29.7232, 0, 0, 0, 1.41421, 0, 0, 0, 0, 0, 0, 0, 0, 0, 0, 0, 0, 0, 0, 0, 0, 0, 0, 0, 0, 0
29.731, 0, 0, 0, 1.41421, 0, 0, 0, 0, 0, 0, 0, 0, 0, 0, 0, 0, 0, 0, 0, 0, 0, 0, 0, 0, 0
29.7388, 0, 0, 0, 1.41421, 0, 0, 0, 0, 0, 0, 0, 0, 0, 0, 0, 0, 0, 0, 0, 0, 0, 0, 0, 0, 0
29.7467, 0, 0, 0, 1.41421, 0, 0, 0, 0, 0, 0, 0, 0, 0, 0, 0, 0, 0, 0, 0, 0, 0, 0, 0, 0, 0
29.7545, 0, 0, 0, 1.41421, 0, 0, 0, 0, 0, 0, 0, 0, 0, 0, 0, 0, 0, 0, 0, 0, 0, 0, 0, 0, 0
29.7624, 0, 0, 0, 1.41421, 0, 0, 0, 0, 0, 0, 0, 0, 0, 0, 0, 0, 0, 0, 0, 0, 0, 0, 0, 0, 0
29.7702, 0, 0, 0, 1.41421, 0, 0, 0, 0, 0, 0, 0, 0, 0, 0, 0, 0, 0, 0, 0, 0, 0, 0, 0, 0, 0
29.7781, 0, 0, 0, 1.41421, 0, 0, 0, 0, 0, 0, 0, 0, 0, 0, 0, 0, 0, 0, 0, 0, 0, 0, 0, 0, 0
29.7859, 0, 0, 0, 1.41421, 0, 0, 0, 0, 0, 0, 0, 0, 0, 0, 0, 0, 0, 0, 0, 0, 0, 0, 0, 0, 0
29.7937, 0, 0, 0, 1.41421, 0, 0, 0, 0, 0, 0, 0, 0, 0, 0, 0, 0, 0, 0, 0, 0, 0, 0, 0, 0, 0
29.8016, 0, 0, 0, 1.41421, 0, 0, 0, 0, 0, 0, 0, 0, 0, 0, 0, 0, 0, 0, 0, 0, 0, 0, 0, 0, 0
29.8094, 0, 0, 0, 1.41421, 0, 0, 0, 0, 0, 0, 0, 0, 0, 0, 0, 0, 0, 0, 0, 0, 0, 0, 0, 0, 0
29.8173, 0, 0, 0, 1.41421, 0, 0, 0, 0, 0, 0, 0, 0, 0, 0, 0, 0, 0, 0, 0, 0, 0, 0, 0, 0, 0
29.8251, 0, 0, 0, 1.41421, 0, 0, 0, 0, 0, 0, 0, 0, 0, 0, 0, 0, 0, 0, 0, 0, 0, 0, 0, 0, 0
29.833, 0, 0, 0, 1.41421, 0, 0, 0, 0, 0, 0, 0, 0, 0, 0, 0, 0, 0, 0, 0, 0, 0, 0, 0, 0, 0
29.8408, 0, 0, 0, 1.41421, 0, 0, 0, 0, 0, 0, 0, 0, 0, 0, 0, 0, 0, 0, 0, 0, 0, 0, 0, 0, 0
29.8486, 0, 0, 0, 1.41421, 0, 0, 0, 0, 0, 0, 0, 0, 0, 0, 0, 0, 0, 0, 0, 0, 0, 0, 0, 0, 0
29.8565, 0, 0, 0, 1.41421, 0, 0, 0, 0, 0, 0, 0, 0, 0, 0, 0, 0, 0, 0, 0, 0, 0, 0, 0, 0, 0
29.8643, 0, 0, 0, 1.41421, 0, 0, 0, 0, 0, 0, 0, 0, 0, 0, 0, 0, 0, 0, 0, 0, 0, 0, 0, 0, 0
29.8722, 0, 0, 0, 1.41421, 0, 0, 0, 0, 0, 0, 0, 0, 0, 0, 0, 0, 0, 0, 0, 0, 0, 0, 0, 0, 0
29.88, 0, 0, 0, 1.41421, 0, 0, 0, 0, 0, 0, 0, 0, 0, 0, 0, 0, 0, 0, 0, 0, 0, 0, 0, 0, 0
29.8879, 0, 0, 0, 1.41421, 0, 0, 0, 0, 0, 0, 0, 0, 0, 0, 0, 0, 0, 0, 0, 0, 0, 0, 0, 0, 0
29.8957, 0, 0, 0, 1.41421, 0, 0, 0, 0, 0, 0, 0, 0, 0, 0, 0, 0, 0, 0, 0, 0, 0, 0, 0, 0, 0
29.9035, 0, 0, 0, 1.41421, 0, 0, 0, 0, 0, 0, 0, 0, 0, 0, 0, 0, 0, 0, 0, 0, 0, 0, 0, 0, 0
29.9114, 0, 0, 0, 1.41421, 0, 0, 0, 0, 0, 0, 0, 0, 0, 0, 0, 0, 0, 0, 0, 0, 0, 0, 0, 0, 0
29.9192, 0, 0, 0, 1.41421, 0, 0, 0, 0, 0, 0, 0, 0, 0, 0, 0, 0, 0, 0, 0, 0, 0, 0, 0, 0, 0
29.9271, 0, 0, 0, 1.41421, 0, 0, 0, 0, 0, 0, 0, 0, 0, 0, 0, 0, 0, 0, 0, 0, 0, 0, 0, 0, 0
29.9349, 0, 0, 0, 1.41421, 0, 0, 0, 0, 0, 0, 0, 0, 0, 0, 0, 0, 0, 0, 0, 0, 0, 0, 0, 0, 0
29.9428, 0, 0, 0, 1.41421, 0, 0, 0, 0, 0, 0, 0, 0, 0, 0, 0, 0, 0, 0, 0, 0, 0, 0, 0, 0, 0
29.9506, 0, 0, 0, 1.41421, 0, 0, 0, 0, 0, 0, 0, 0, 0, 0, 0, 0, 0, 0, 0, 0, 0, 0, 0, 0, 0
29.9584, 0, 0, 0, 1.41421, 0, 0, 0, 0, 0, 0, 0, 0, 0, 0, 0, 0, 0, 0, 0, 0, 0, 0, 0, 0, 0
29.9663, 0, 0, 0, 1.41421, 0, 0, 0, 0, 0, 0, 0, 0, 0, 0, 0, 0, 0, 0, 0, 0, 0, 0, 0, 0, 0
29.9741, 0, 0, 0, 1.41421, 0, 0, 0, 0, 0, 0, 0, 0, 0, 0, 0, 0, 0, 0, 0, 0, 0, 0, 0, 0, 0
29.982, 0, 0, 0, 1.41421, 0, 0, 0, 0, 0, 0, 0, 0, 0, 0, 0, 0, 0, 0, 0, 0, 0, 0, 0, 0, 0
29.9898, 0, 0, 0, 1.41421, 0, 0, 0, 0, 0, 0, 0, 0, 0, 0, 0, 0, 0, 0, 0, 0, 0, 0, 0, 0, 0
29.9977, 0, 0, 0, 1.41421, 0, 0, 0, 0, 0, 0, 0, 0, 0, 0, 0, 0, 0, 0, 0, 0, 0, 0, 0, 0, 0
30.0055, 0, 0, 0, 1.41421, 0, 0, 0, 0, 0, 0, 0, 0, 0, 0, 0, 0, 0, 0, 0, 0, 0, 0, 0, 0, 0
30.0133, 0, 0, 0, 1.41421, 0, 0, 0, 0, 0, 0, 0, 0, 0, 0, 0, 0, 0, 0, 0, 0, 0, 0, 0, 0, 0
30.0212, 0, 0, 0, 1.41421, 0, 0, 0, 0, 0, 0, 0, 0, 0, 0, 0, 0, 0, 0, 0, 0, 0, 0, 0, 0, 0
30.029, 0, 0, 0, 1.41421, 0, 0, 0, 0, 0, 0, 0, 0, 0, 0, 0, 0, 0, 0, 0, 0, 0, 0, 0, 0, 0
30.0369, 0, 0, 0, 1.41421, 0, 0, 0, 0, 0, 0, 0, 0, 0, 0, 0, 0, 0, 0, 0, 0, 0, 0, 0, 0, 0
30.0447, 0, 0, 0, 1.41421, 0, 0, 0, 0, 0, 0, 0, 0, 0, 0, 0, 0, 0, 0, 0, 0, 0, 0, 0, 0, 0
30.0526, 0, 0, 0, 1.41421, 0, 0, 0, 0, 0, 0, 0, 0, 0, 0, 0, 0, 0, 0, 0, 0, 0, 0, 0, 0, 0
30.0604, 0, 0, 0, 1.41421, 0, 0, 0, 0, 0, 0, 0, 0, 0, 0, 0, 0, 0, 0, 0, 0, 0, 0, 0, 0, 0
30.0682, 0, 0, 0, 1.41421, 0, 0, 0, 0, 0, 0, 0, 0, 0, 0, 0, 0, 0, 0, 0, 0, 0, 0, 0, 0, 0
30.0761, 0, 0, 0, 1.41421, 0, 0, 0, 0, 0, 0, 0, 0, 0, 0, 0, 0, 0, 0, 0, 0, 0, 0, 0, 0, 0
30.0839, 0, 0, 0, 1.41421, 0, 0, 0, 0, 0, 0, 0, 0, 0, 0, 0, 0, 0, 0, 0, 0, 0, 0, 0, 0, 0
30.0918, 0, 0, 0, 1.41421, 0, 0, 0, 0, 0, 0, 0, 0, 0, 0, 0, 0, 0, 0, 0, 0, 0, 0, 0, 0, 0
30.0996, 0, 0, 0, 1.41421, 0, 0, 0, 0, 0, 0, 0, 0, 0, 0, 0, 0, 0, 0, 0, 0, 0, 0, 0, 0, 0
30.1074, 0, 0, 0, 1.41421, 0, 0, 0, 0, 0, 0, 0, 0, 0, 0, 0, 0, 0, 0, 0, 0, 0, 0, 0, 0, 0
30.1153, 0, 0, 0, 1.41421, 0, 0, 0, 0, 0, 0, 0, 0, 0, 0, 0, 0, 0, 0, 0, 0, 0, 0, 0, 0, 0
30.1231, 0, 0, 0, 1.41421, 0, 0, 0, 0, 0, 0, 0, 0, 0, 0, 0, 0, 0, 0, 0, 0, 0, 0, 0, 0, 0
30.131, 0, 0, 0, 1.41421, 0, 0, 0, 0, 0, 0, 0, 0, 0, 0, 0, 0, 0, 0, 0, 0, 0, 0, 0, 0, 0
30.1388, 0, 0, 0, 1.41421, 0, 0, 0, 0, 0, 0, 0, 0, 0, 0, 0, 0, 0, 0, 0, 0, 0, 0, 0, 0, 0
30.1467, 0, 0, 0, 1.41421, 0, 0, 0, 0, 0, 0, 0, 0, 0, 0, 0, 0, 0, 0, 0, 0, 0, 0, 0, 0, 0
30.1545, 0, 0, 0, 1.41421, 0, 0, 0, 0, 0, 0, 0, 0, 0, 0, 0, 0, 0, 0, 0, 0, 0, 0, 0, 0, 0
30.1623, 0, 0, 0, 1.41421, 0, 0, 0, 0, 0, 0, 0, 0, 0, 0, 0, 0, 0, 0, 0, 0, 0, 0, 0, 0, 0
30.1702, 0, 0, 0, 1.41421, 0, 0, 0, 0, 0, 0, 0, 0, 0, 0, 0, 0, 0, 0, 0, 0, 0, 0, 0, 0, 0
30.178, 0, 0, 0, 1.41421, 0, 0, 0, 0, 0, 0, 0, 0, 0, 0, 0, 0, 0, 0, 0, 0, 0, 0, 0, 0, 0
30.1859, 0, 0, 0, 1.41421, 0, 0, 0, 0, 0, 0, 0, 0, 0, 0, 0, 0, 0, 0, 0, 0, 0, 0, 0, 0, 0
30.1937, 0, 0, 0, 1.41421, 0, 0, 0, 0, 0, 0, 0, 0, 0, 0, 0, 0, 0, 0, 0, 0, 0, 0, 0, 0, 0
30.2016, 0, 0, 0, 1.41421, 0, 0, 0, 0, 0, 0, 0, 0, 0, 0, 0, 0, 0, 0, 0, 0, 0, 0, 0, 0, 0
30.2094, 0, 0, 0, 1.41421, 0, 0, 0, 0, 0, 0, 0, 0, 0, 0, 0, 0, 0, 0, 0, 0, 0, 0, 0, 0, 0
30.2172, 0, 0, 0, 1.41421, 0, 0, 0, 0, 0, 0, 0, 0, 0, 0, 0, 0, 0, 0, 0, 0, 0, 0, 0, 0, 0
30.2251, 0, 0, 0, 1.41421, 0, 0, 0, 0, 0, 0, 0, 0, 0, 0, 0, 0, 0, 0, 0, 0, 0, 0, 0, 0, 0
30.2329, 0, 0, 0, 1.41421, 0, 0, 0, 0, 0, 0, 0, 0, 0, 0, 0, 0, 0, 0, 0, 0, 0, 0, 0, 0, 0
30.2408, 0, 0, 0, 1.41421, 0, 0, 0, 0, 0, 0, 0, 0, 0, 0, 0, 0, 0, 0, 0, 0, 0, 0, 0, 0, 0
30.2486, 0, 0, 0, 1.41421, 0, 0, 0, 0, 0, 0, 0, 0, 0, 0, 0, 0, 0, 0, 0, 0, 0, 0, 0, 0, 0
30.2565, 0, 0, 0, 1.41421, 0, 0, 0, 0, 0, 0, 0, 0, 0, 0, 0, 0, 0, 0, 0, 0, 0, 0, 0, 0, 0
30.2643, 0, 0, 0, 1.41421, 0, 0, 0, 0, 0, 0, 0, 0, 0, 0, 0, 0, 0, 0, 0, 0, 0, 0, 0, 0, 0
30.2721, 0, 0, 0, 1.41421, 0, 0, 0, 0, 0, 0, 0, 0, 0, 0, 0, 0, 0, 0, 0, 0, 0, 0, 0, 0, 0
30.28, 0, 0, 0, 1.41421, 0, 0, 0, 0, 0, 0, 0, 0, 0, 0, 0, 0, 0, 0, 0, 0, 0, 0, 0, 0, 0
30.2878, 0, 0, 0, 1.41421, 0, 0, 0, 0, 0, 0, 0, 0, 0, 0, 0, 0, 0, 0, 0, 0, 0, 0, 0, 0, 0
30.2957, 0, 0, 0, 1.41421, 0, 0, 0, 0, 0, 0, 0, 0, 0, 0, 0, 0, 0, 0, 0, 0, 0, 0, 0, 0, 0
30.3035, 0, 0, 0, 1.41421, 0, 0, 0, 0, 0, 0, 0, 0, 0, 0, 0, 0, 0, 0, 0, 0, 0, 0, 0, 0, 0
30.3114, 0, 0, 0, 1.41421, 0, 0, 0, 0, 0, 0, 0, 0, 0, 0, 0, 0, 0, 0, 0, 0, 0, 0, 0, 0, 0
30.3192, 0, 0, 0, 1.41421, 0, 0, 0, 0, 0, 0, 0, 0, 0, 0, 0, 0, 0, 0, 0, 0, 0, 0, 0, 0, 0
30.327, 0, 0, 0, 1.41421, 0, 0, 0, 0, 0, 0, 0, 0, 0, 0, 0, 0, 0, 0, 0, 0, 0, 0, 0, 0, 0
30.3349, 0, 0, 0, 1.41421, 0, 0, 0, 0, 0, 0, 0, 0, 0, 0, 0, 0, 0, 0, 0, 0, 0, 0, 0, 0, 0
30.3427, 0, 0, 0, 1.41421, 0, 0, 0, 0, 0, 0, 0, 0, 0, 0, 0, 0, 0, 0, 0, 0, 0, 0, 0, 0, 0
30.3506, 0, 0, 0, 1.41421, 0, 0, 0, 0, 0, 0, 0, 0, 0, 0, 0, 0, 0, 0, 0, 0, 0, 0, 0, 0, 0
30.3584, 0, 0, 0, 1.41421, 0, 0, 0, 0, 0, 0, 0, 0, 0, 0, 0, 0, 0, 0, 0, 0, 0, 0, 0, 0, 0
30.3663, 0, 0, 0, 1.41421, 0, 0, 0, 0, 0, 0, 0, 0, 0, 0, 0, 0, 0, 0, 0, 0, 0, 0, 0, 0, 0
30.3741, 0, 0, 0, 1.41421, 0, 0, 0, 0, 0, 0, 0, 0, 0, 0, 0, 0, 0, 0, 0, 0, 0, 0, 0, 0, 0
30.3819, 0, 0, 0, 1.41421, 0, 0, 0, 0, 0, 0, 0, 0, 0, 0, 0, 0, 0, 0, 0, 0, 0, 0, 0, 0, 0
30.3898, 0, 0, 0, 1.41421, 0, 0, 0, 0, 0, 0, 0, 0, 0, 0, 0, 0, 0, 0, 0, 0, 0, 0, 0, 0, 0
30.3976, 0, 0, 0, 1.41421, 0, 0, 0, 0, 0, 0, 0, 0, 0, 0, 0, 0, 0, 0, 0, 0, 0, 0, 0, 0, 0
30.4055, 0, 0, 0, 1.41421, 0, 0, 0, 0, 0, 0, 0, 0, 0, 0, 0, 0, 0, 0, 0, 0, 0, 0, 0, 0, 0
30.4133, 0, 0, 0, 1.41421, 0, 0, 0, 0, 0, 0, 0, 0, 0, 0, 0, 0, 0, 0, 0, 0, 0, 0, 0, 0, 0
30.4212, 0, 0, 0, 1.41421, 0, 0, 0, 0, 0, 0, 0, 0, 0, 0, 0, 0, 0, 0, 0, 0, 0, 0, 0, 0, 0
30.429, 0, 0, 0, 1.41421, 0, 0, 0, 0, 0, 0, 0, 0, 0, 0, 0, 0, 0, 0, 0, 0, 0, 0, 0, 0, 0
30.4368, 0, 0, 0, 1.41421, 0, 0, 0, 0, 0, 0, 0, 0, 0, 0, 0, 0, 0, 0, 0, 0, 0, 0, 0, 0, 0
30.4447, 0, 0, 0, 1.41421, 0, 0, 0, 0, 0, 0, 0, 0, 0, 0, 0, 0, 0, 0, 0, 0, 0, 0, 0, 0, 0
30.4525, 0, 0, 0, 1.41421, 0, 0, 0, 0, 0, 0, 0, 0, 0, 0, 0, 0, 0, 0, 0, 0, 0, 0, 0, 0, 0
30.4604, 0, 0, 0, 1.41421, 0, 0, 0, 0, 0, 0, 0, 0, 0, 0, 0, 0, 0, 0, 0, 0, 0, 0, 0, 0, 0
30.4682, 0, 0, 0, 1.41421, 0, 0, 0, 0, 0, 0, 0, 0, 0, 0, 0, 0, 0, 0, 0, 0, 0, 0, 0, 0, 0
30.4761, 0, 0, 0, 1.41421, 0, 0, 0, 0, 0, 0, 0, 0, 0, 0, 0, 0, 0, 0, 0, 0, 0, 0, 0, 0, 0
30.4839, 0, 0, 0, 1.41421, 0, 0, 0, 0, 0, 0, 0, 0, 0, 0, 0, 0, 0, 0, 0, 0, 0, 0, 0, 0, 0
30.4917, 0, 0, 0, 1.41421, 0, 0, 0, 0, 0, 0, 0, 0, 0, 0, 0, 0, 0, 0, 0, 0, 0, 0, 0, 0, 0
30.4996, 0, 0, 0, 1.41421, 0, 0, 0, 0, 0, 0, 0, 0, 0, 0, 0, 0, 0, 0, 0, 0, 0, 0, 0, 0, 0
30.5074, 0, 0, 0, 1.41421, 0, 0, 0, 0, 0, 0, 0, 0, 0, 0, 0, 0, 0, 0, 0, 0, 0, 0, 0, 0, 0
30.5153, 0, 0, 0, 1.41421, 0, 0, 0, 0, 0, 0, 0, 0, 0, 0, 0, 0, 0, 0, 0, 0, 0, 0, 0, 0, 0
30.5231, 0, 0, 0, 1.41421, 0, 0, 0, 0, 0, 0, 0, 0, 0, 0, 0, 0, 0, 0, 0, 0, 0, 0, 0, 0, 0
30.531, 0, 0, 0, 1.41421, 0, 0, 0, 0, 0, 0, 0, 0, 0, 0, 0, 0, 0, 0, 0, 0, 0, 0, 0, 0, 0
30.5388, 0, 0, 0, 1.41421, 0, 0, 0, 0, 0, 0, 0, 0, 0, 0, 0, 0, 0, 0, 0, 0, 0, 0, 0, 0, 0
30.5466, 0, 0, 0, 1.41421, 0, 0, 0, 0, 0, 0, 0, 0, 0, 0, 0, 0, 0, 0, 0, 0, 0, 0, 0, 0, 0
30.5545, 0, 0, 0, 1.41421, 0, 0, 0, 0, 0, 0, 0, 0, 0, 0, 0, 0, 0, 0, 0, 0, 0, 0, 0, 0, 0
30.5623, 0, 0, 0, 1.41421, 0, 0, 0, 0, 0, 0, 0, 0, 0, 0, 0, 0, 0, 0, 0, 0, 0, 0, 0, 0, 0
30.5702, 0, 0, 0, 1.41421, 0, 0, 0, 0, 0, 0, 0, 0, 0, 0, 0, 0, 0, 0, 0, 0, 0, 0, 0, 0, 0
30.578, 0, 0, 0, 1.41421, 0, 0, 0, 0, 0, 0, 0, 0, 0, 0, 0, 0, 0, 0, 0, 0, 0, 0, 0, 0, 0
30.5859, 0, 0, 0, 1.41421, 0, 0, 0, 0, 0, 0, 0, 0, 0, 0, 0, 0, 0, 0, 0, 0, 0, 0, 0, 0, 0
30.5937, 0, 0, 0, 1.41421, 0, 0, 0, 0, 0, 0, 0, 0, 0, 0, 0, 0, 0, 0, 0, 0, 0, 0, 0, 0, 0
30.6015, 0, 0, 0, 1.41421, 0, 0, 0, 0, 0, 0, 0, 0, 0, 0, 0, 0, 0, 0, 0, 0, 0, 0, 0, 0, 0
30.6094, 0, 0, 0, 1.41421, 0, 0, 0, 0, 0, 0, 0, 0, 0, 0, 0, 0, 0, 0, 0, 0, 0, 0, 0, 0, 0
30.6172, 0, 0, 0, 1.41421, 0, 0, 0, 0, 0, 0, 0, 0, 0, 0, 0, 0, 0, 0, 0, 0, 0, 0, 0, 0, 0
30.6251, 0, 0, 0, 1.41421, 0, 0, 0, 0, 0, 0, 0, 0, 0, 0, 0, 0, 0, 0, 0, 0, 0, 0, 0, 0, 0
30.6329, 0, 0, 0, 1.41421, 0, 0, 0, 0, 0, 0, 0, 0, 0, 0, 0, 0, 0, 0, 0, 0, 0, 0, 0, 0, 0
30.6408, 0, 0, 0, 1.41421, 0, 0, 0, 0, 0, 0, 0, 0, 0, 0, 0, 0, 0, 0, 0, 0, 0, 0, 0, 0, 0
30.6486, 0, 0, 0, 1.41421, 0, 0, 0, 0, 0, 0, 0, 0, 0, 0, 0, 0, 0, 0, 0, 0, 0, 0, 0, 0, 0
30.6564, 0, 0, 0, 1.41421, 0, 0, 0, 0, 0, 0, 0, 0, 0, 0, 0, 0, 0, 0, 0, 0, 0, 0, 0, 0, 0
30.6643, 0, 0, 0, 1.41421, 0, 0, 0, 0, 0, 0, 0, 0, 0, 0, 0, 0, 0, 0, 0, 0, 0, 0, 0, 0, 0
30.6721, 0, 0, 0, 1.41421, 0, 0, 0, 0, 0, 0, 0, 0, 0, 0, 0, 0, 0, 0, 0, 0, 0, 0, 0, 0, 0
30.68, 0, 0, 0, 1.41421, 0, 0, 0, 0, 0, 0, 0, 0, 0, 0, 0, 0, 0, 0, 0, 0, 0, 0, 0, 0, 0
30.6878, 0, 0, 0, 1.41421, 0, 0, 0, 0, 0, 0, 0, 0, 0, 0, 0, 0, 0, 0, 0, 0, 0, 0, 0, 0, 0
30.6957, 0, 0, 0, 1.41421, 0, 0, 0, 0, 0, 0, 0, 0, 0, 0, 0, 0, 0, 0, 0, 0, 0, 0, 0, 0, 0
30.7035, 0, 0, 0, 1.41421, 0, 0, 0, 0, 0, 0, 0, 0, 0, 0, 0, 0, 0, 0, 0, 0, 0, 0, 0, 0, 0
30.7113, 0, 0, 0, 1.41421, 0, 0, 0, 0, 0, 0, 0, 0, 0, 0, 0, 0, 0, 0, 0, 0, 0, 0, 0, 0, 0
30.7192, 0, 0, 0, 1.41421, 0, 0, 0, 0, 0, 0, 0, 0, 0, 0, 0, 0, 0, 0, 0, 0, 0, 0, 0, 0, 0
30.727, 0, 0, 0, 1.41421, 0, 0, 0, 0, 0, 0, 0, 0, 0, 0, 0, 0, 0, 0, 0, 0, 0, 0, 0, 0, 0
30.7349, 0, 0, 0, 1.41421, 0, 0, 0, 0, 0, 0, 0, 0, 0, 0, 0, 0, 0, 0, 0, 0, 0, 0, 0, 0, 0
30.7427, 0, 0, 0, 1.41421, 0, 0, 0, 0, 0, 0, 0, 0, 0, 0, 0, 0, 0, 0, 0, 0, 0, 0, 0, 0, 0
30.7506, 0, 0, 0, 1.41421, 0, 0, 0, 0, 0, 0, 0, 0, 0, 0, 0, 0, 0, 0, 0, 0, 0, 0, 0, 0, 0
30.7584, 0, 0, 0, 1.41421, 0, 0, 0, 0, 0, 0, 0, 0, 0, 0, 0, 0, 0, 0, 0, 0, 0, 0, 0, 0, 0
30.7662, 0, 0, 0, 1.41421, 0, 0, 0, 0, 0, 0, 0, 0, 0, 0, 0, 0, 0, 0, 0, 0, 0, 0, 0, 0, 0
30.7741, 0, 0, 0, 1.41421, 0, 0, 0, 0, 0, 0, 0, 0, 0, 0, 0, 0, 0, 0, 0, 0, 0, 0, 0, 0, 0
30.7819, 0, 0, 0, 1.41421, 0, 0, 0, 0, 0, 0, 0, 0, 0, 0, 0, 0, 0, 0, 0, 0, 0, 0, 0, 0, 0
30.7898, 0, 0, 0, 1.41421, 0, 0, 0, 0, 0, 0, 0, 0, 0, 0, 0, 0, 0, 0, 0, 0, 0, 0, 0, 0, 0
30.7976, 0, 0, 0, 1.41421, 0, 0, 0, 0, 0, 0, 0, 0, 0, 0, 0, 0, 0, 0, 0, 0, 0, 0, 0, 0, 0
30.8055, 0, 0, 0, 1.41421, 0, 0, 0, 0, 0, 0, 0, 0, 0, 0, 0, 0, 0, 0, 0, 0, 0, 0, 0, 0, 0
30.8133, 0, 0, 0, 1.41421, 0, 0, 0, 0, 0, 0, 0, 0, 0, 0, 0, 0, 0, 0, 0, 0, 0, 0, 0, 0, 0
30.8211, 0, 0, 0, 1.41421, 0, 0, 0, 0, 0, 0, 0, 0, 0, 0, 0, 0, 0, 0, 0, 0, 0, 0, 0, 0, 0
30.829, 0, 0, 0, 1.41421, 0, 0, 0, 0, 0, 0, 0, 0, 0, 0, 0, 0, 0, 0, 0, 0, 0, 0, 0, 0, 0
30.8368, 0, 0, 0, 1.41421, 0, 0, 0, 0, 0, 0, 0, 0, 0, 0, 0, 0, 0, 0, 0, 0, 0, 0, 0, 0, 0
30.8447, 0, 0, 0, 1.41421, 0, 0, 0, 0, 0, 0, 0, 0, 0, 0, 0, 0, 0, 0, 0, 0, 0, 0, 0, 0, 0
30.8525, 0, 0, 0, 1.41421, 0, 0, 0, 0, 0, 0, 0, 0, 0, 0, 0, 0, 0, 0, 0, 0, 0, 0, 0, 0, 0
30.8604, 0, 0, 0, 1.41421, 0, 0, 0, 0, 0, 0, 0, 0, 0, 0, 0, 0, 0, 0, 0, 0, 0, 0, 0, 0, 0
30.8682, 0, 0, 0, 1.41421, 0, 0, 0, 0, 0, 0, 0, 0, 0, 0, 0, 0, 0, 0, 0, 0, 0, 0, 0, 0, 0
30.876, 0, 0, 0, 1.41421, 0, 0, 0, 0, 0, 0, 0, 0, 0, 0, 0, 0, 0, 0, 0, 0, 0, 0, 0, 0, 0
30.8839, 0, 0, 0, 1.41421, 0, 0, 0, 0, 0, 0, 0, 0, 0, 0, 0, 0, 0, 0, 0, 0, 0, 0, 0, 0, 0
30.8917, 0, 0, 0, 1.41421, 0, 0, 0, 0, 0, 0, 0, 0, 0, 0, 0, 0, 0, 0, 0, 0, 0, 0, 0, 0, 0
30.8996, 0, 0, 0, 1.41421, 0, 0, 0, 0, 0, 0, 0, 0, 0, 0, 0, 0, 0, 0, 0, 0, 0, 0, 0, 0, 0
30.9074, 0, 0, 0, 1.41421, 0, 0, 0, 0, 0, 0, 0, 0, 0, 0, 0, 0, 0, 0, 0, 0, 0, 0, 0, 0, 0
30.9153, 0, 0, 0, 1.41421, 0, 0, 0, 0, 0, 0, 0, 0, 0, 0, 0, 0, 0, 0, 0, 0, 0, 0, 0, 0, 0
30.9231, 0, 0, 0, 1.41421, 0, 0, 0, 0, 0, 0, 0, 0, 0, 0, 0, 0, 0, 0, 0, 0, 0, 0, 0, 0, 0
30.9309, 0, 0, 0, 1.41421, 0, 0, 0, 0, 0, 0, 0, 0, 0, 0, 0, 0, 0, 0, 0, 0, 0, 0, 0, 0, 0
30.9388, 0, 0, 0, 1.41421, 0, 0, 0, 0, 0, 0, 0, 0, 0, 0, 0, 0, 0, 0, 0, 0, 0, 0, 0, 0, 0
30.9466, 0, 0, 0, 1.41421, 0, 0, 0, 0, 0, 0, 0, 0, 0, 0, 0, 0, 0, 0, 0, 0, 0, 0, 0, 0, 0
30.9545, 0, 0, 0, 1.41421, 0, 0, 0, 0, 0, 0, 0, 0, 0, 0, 0, 0, 0, 0, 0, 0, 0, 0, 0, 0, 0
30.9623, 0, 0, 0, 1.41421, 0, 0, 0, 0, 0, 0, 0, 0, 0, 0, 0, 0, 0, 0, 0, 0, 0, 0, 0, 0, 0
30.9702, 0, 0, 0, 1.41421, 0, 0, 0, 0, 0, 0, 0, 0, 0, 0, 0, 0, 0, 0, 0, 0, 0, 0, 0, 0, 0
30.978, 0, 0, 0, 1.41421, 0, 0, 0, 0, 0, 0, 0, 0, 0, 0, 0, 0, 0, 0, 0, 0, 0, 0, 0, 0, 0
30.9858, 0, 0, 0, 1.41421, 0, 0, 0, 0, 0, 0, 0, 0, 0, 0, 0, 0, 0, 0, 0, 0, 0, 0, 0, 0, 0
30.9937, 0, 0, 0, 1.41421, 0, 0, 0, 0, 0, 0, 0, 0, 0, 0, 0, 0, 0, 0, 0, 0, 0, 0, 0, 0, 0
31.0015, 0, 0, 0, 1.41421, 0, 0, 0, 0, 0, 0, 0, 0, 0, 0, 0, 0, 0, 0, 0, 0, 0, 0, 0, 0, 0
31.0094, 0, 0, 0, 1.41421, 0, 0, 0, 0, 0, 0, 0, 0, 0, 0, 0, 0, 0, 0, 0, 0, 0, 0, 0, 0, 0
31.0172, 0, 0, 0, 1.41421, 0, 0, 0, 0, 0, 0, 0, 0, 0, 0, 0, 0, 0, 0, 0, 0, 0, 0, 0, 0, 0
31.0251, 0, 0, 0, 1.41421, 0, 0, 0, 0, 0, 0, 0, 0, 0, 0, 0, 0, 0, 0, 0, 0, 0, 0, 0, 0, 0
31.0329, 0, 0, 0, 1.41421, 0, 0, 0, 0, 0, 0, 0, 0, 0, 0, 0, 0, 0, 0, 0, 0, 0, 0, 0, 0, 0
31.0407, 0, 0, 0, 1.41421, 0, 0, 0, 0, 0, 0, 0, 0, 0, 0, 0, 0, 0, 0, 0, 0, 0, 0, 0, 0, 0
31.0486, 0, 0, 0, 1.41421, 0, 0, 0, 0, 0, 0, 0, 0, 0, 0, 0, 0, 0, 0, 0, 0, 0, 0, 0, 0, 0
31.0564, 0, 0, 0, 1.41421, 0, 0, 0, 0, 0, 0, 0, 0, 0, 0, 0, 0, 0, 0, 0, 0, 0, 0, 0, 0, 0
31.0643, 0, 0, 0, 1.41421, 0, 0, 0, 0, 0, 0, 0, 0, 0, 0, 0, 0, 0, 0, 0, 0, 0, 0, 0, 0, 0
31.0721, 0, 0, 0, 1.41421, 0, 0, 0, 0, 0, 0, 0, 0, 0, 0, 0, 0, 0, 0, 0, 0, 0, 0, 0, 0, 0
31.08, 0, 0, 0, 1.41421, 0, 0, 0, 0, 0, 0, 0, 0, 0, 0, 0, 0, 0, 0, 0, 0, 0, 0, 0, 0, 0
31.0878, 0, 0, 0, 1.41421, 0, 0, 0, 0, 0, 0, 0, 0, 0, 0, 0, 0, 0, 0, 0, 0, 0, 0, 0, 0, 0
31.0956, 0, 0, 0, 1.41421, 0, 0, 0, 0, 0, 0, 0, 0, 0, 0, 0, 0, 0, 0, 0, 0, 0, 0, 0, 0, 0
31.1035, 0, 0, 0, 1.41421, 0, 0, 0, 0, 0, 0, 0, 0, 0, 0, 0, 0, 0, 0, 0, 0, 0, 0, 0, 0, 0
31.1113, 0, 0, 0, 1.41421, 0, 0, 0, 0, 0, 0, 0, 0, 0, 0, 0, 0, 0, 0, 0, 0, 0, 0, 0, 0, 0
31.1192, 0, 0, 0, 1.41421, 0, 0, 0, 0, 0, 0, 0, 0, 0, 0, 0, 0, 0, 0, 0, 0, 0, 0, 0, 0, 0
31.127, 0, 0, 0, 1.41421, 0, 0, 0, 0, 0, 0, 0, 0, 0, 0, 0, 0, 0, 0, 0, 0, 0, 0, 0, 0, 0
31.1349, 0, 0, 0, 1.41421, 0, 0, 0, 0, 0, 0, 0, 0, 0, 0, 0, 0, 0, 0, 0, 0, 0, 0, 0, 0, 0
31.1427, 0, 0, 0, 1.41421, 0, 0, 0, 0, 0, 0, 0, 0, 0, 0, 0, 0, 0, 0, 0, 0, 0, 0, 0, 0, 0
31.1505, 0, 0, 0, 1.41421, 0, 0, 0, 0, 0, 0, 0, 0, 0, 0, 0, 0, 0, 0, 0, 0, 0, 0, 0, 0, 0
31.1584, 0, 0, 0, 1.41421, 0, 0, 0, 0, 0, 0, 0, 0, 0, 0, 0, 0, 0, 0, 0, 0, 0, 0, 0, 0, 0
31.1662, 0, 0, 0, 1.41421, 0, 0, 0, 0, 0, 0, 0, 0, 0, 0, 0, 0, 0, 0, 0, 0, 0, 0, 0, 0, 0
31.1741, 0, 0, 0, 1.41421, 0, 0, 0, 0, 0, 0, 0, 0, 0, 0, 0, 0, 0, 0, 0, 0, 0, 0, 0, 0, 0
31.1819, 0, 0, 0, 1.41421, 0, 0, 0, 0, 0, 0, 0, 0, 0, 0, 0, 0, 0, 0, 0, 0, 0, 0, 0, 0, 0
31.1898, 0, 0, 0, 1.41421, 0, 0, 0, 0, 0, 0, 0, 0, 0, 0, 0, 0, 0, 0, 0, 0, 0, 0, 0, 0, 0
31.1976, 0, 0, 0, 1.41421, 0, 0, 0, 0, 0, 0, 0, 0, 0, 0, 0, 0, 0, 0, 0, 0, 0, 0, 0, 0, 0
31.2054, 0, 0, 0, 1.41421, 0, 0, 0, 0, 0, 0, 0, 0, 0, 0, 0, 0, 0, 0, 0, 0, 0, 0, 0, 0, 0
31.2133, 0, 0, 0, 1.41421, 0, 0, 0, 0, 0, 0, 0, 0, 0, 0, 0, 0, 0, 0, 0, 0, 0, 0, 0, 0, 0
31.2211, 0, 0, 0, 1.41421, 0, 0, 0, 0, 0, 0, 0, 0, 0, 0, 0, 0, 0, 0, 0, 0, 0, 0, 0, 0, 0
31.229, 0, 0, 0, 1.41421, 0, 0, 0, 0, 0, 0, 0, 0, 0, 0, 0, 0, 0, 0, 0, 0, 0, 0, 0, 0, 0
31.2368, 0, 0, 0, 1.41421, 0, 0, 0, 0, 0, 0, 0, 0, 0, 0, 0, 0, 0, 0, 0, 0, 0, 0, 0, 0, 0
31.2447, 0, 0, 0, 1.41421, 0, 0, 0, 0, 0, 0, 0, 0, 0, 0, 0, 0, 0, 0, 0, 0, 0, 0, 0, 0, 0
31.2525, 0, 0, 0, 1.41421, 0, 0, 0, 0, 0, 0, 0, 0, 0, 0, 0, 0, 0, 0, 0, 0, 0, 0, 0, 0, 0
31.2603, 0, 0, 0, 1.41421, 0, 0, 0, 0, 0, 0, 0, 0, 0, 0, 0, 0, 0, 0, 0, 0, 0, 0, 0, 0, 0
31.2682, 0, 0, 0, 1.41421, 0, 0, 0, 0, 0, 0, 0, 0, 0, 0, 0, 0, 0, 0, 0, 0, 0, 0, 0, 0, 0
31.276, 0, 0, 0, 1.41421, 0, 0, 0, 0, 0, 0, 0, 0, 0, 0, 0, 0, 0, 0, 0, 0, 0, 0, 0, 0, 0
31.2839, 0, 0, 0, 1.41421, 0, 0, 0, 0, 0, 0, 0, 0, 0, 0, 0, 0, 0, 0, 0, 0, 0, 0, 0, 0, 0
31.2917, 0, 0, 0, 1.41421, 0, 0, 0, 0, 0, 0, 0, 0, 0, 0, 0, 0, 0, 0, 0, 0, 0, 0, 0, 0, 0
31.2996, 0, 0, 0, 1.41421, 0, 0, 0, 0, 0, 0, 0, 0, 0, 0, 0, 0, 0, 0, 0, 0, 0, 0, 0, 0, 0
31.3074, 0, 0, 0, 1.41421, 0, 0, 0, 0, 0, 0, 0, 0, 0, 0, 0, 0, 0, 0, 0, 0, 0, 0, 0, 0, 0
31.3152, 0, 0, 0, 1.41421, 0, 0, 0, 0, 0, 0, 0, 0, 0, 0, 0, 0, 0, 0, 0, 0, 0, 0, 0, 0, 0
31.3231, 0, 0, 0, 1.41421, 0, 0, 0, 0, 0, 0, 0, 0, 0, 0, 0, 0, 0, 0, 0, 0, 0, 0, 0, 0, 0
31.3309, 0, 0, 0, 1.41421, 0, 0, 0, 0, 0, 0, 0, 0, 0, 0, 0, 0, 0, 0, 0, 0, 0, 0, 0, 0, 0
31.3388, 0, 0, 0, 1.41421, 0, 0, 0, 0, 0, 0, 0, 0, 0, 0, 0, 0, 0, 0, 0, 0, 0, 0, 0, 0, 0
31.3466, 0, 0, 0, 1.41421, 0, 0, 0, 0, 0, 0, 0, 0, 0, 0, 0, 0, 0, 0, 0, 0, 0, 0, 0, 0, 0
31.3545, 0, 0, 0, 1.41421, 0, 0, 0, 0, 0, 0, 0, 0, 0, 0, 0, 0, 0, 0, 0, 0, 0, 0, 0, 0, 0
31.3623, 0, 0, 0, 1.41421, 0, 0, 0, 0, 0, 0, 0, 0, 0, 0, 0, 0, 0, 0, 0, 0, 0, 0, 0, 0, 0
31.3701, 0, 0, 0, 1.41421, 0, 0, 0, 0, 0, 0, 0, 0, 0, 0, 0, 0, 0, 0, 0, 0, 0, 0, 0, 0, 0
31.378, 0, 0, 0, 1.41421, 0, 0, 0, 0, 0, 0, 0, 0, 0, 0, 0, 0, 0, 0, 0, 0, 0, 0, 0, 0, 0
31.3858, 0, 0, 0, 1.41421, 0, 0, 0, 0, 0, 0, 0, 0, 0, 0, 0, 0, 0, 0, 0, 0, 0, 0, 0, 0, 0
31.3937, 0, 0, 0, 1.41421, 0, 0, 0, 0, 0, 0, 0, 0, 0, 0, 0, 0, 0, 0, 0, 0, 0, 0, 0, 0, 0
31.4015, 0, 0, 0, 1.41421, 0, 0, 0, 0, 0, 0, 0, 0, 0, 0, 0, 0, 0, 0, 0, 0, 0, 0, 0, 0, 0
31.4094, 0, 0, 0, 1.41421, 0, 0, 0, 0, 0, 0, 0, 0, 0, 0, 0, 0, 0, 0, 0, 0, 0, 0, 0, 0, 0
31.4172, 0, 0, 0, 1.41421, 0, 0, 0, 0, 0, 0, 0, 0, 0, 0, 0, 0, 0, 0, 0, 0, 0, 0, 0, 0, 0
31.425, 0, 0, 0, 1.41421, 0, 0, 0, 0, 0, 0, 0, 0, 0, 0, 0, 0, 0, 0, 0, 0, 0, 0, 0, 0, 0
31.4329, 0, 0, 0, 1.41421, 0, 0, 0, 0, 0, 0, 0, 0, 0, 0, 0, 0, 0, 0, 0, 0, 0, 0, 0, 0, 0
31.4407, 0, 0, 0, 1.41421, 0, 0, 0, 0, 0, 0, 0, 0, 0, 0, 0, 0, 0, 0, 0, 0, 0, 0, 0, 0, 0
31.4486, 0, 0, 0, 1.41421, 0, 0, 0, 0, 0, 0, 0, 0, 0, 0, 0, 0, 0, 0, 0, 0, 0, 0, 0, 0, 0
31.4564, 0, 0, 0, 1.41421, 0, 0, 0, 0, 0, 0, 0, 0, 0, 0, 0, 0, 0, 0, 0, 0, 0, 0, 0, 0, 0
31.4643, 0, 0, 0, 1.41421, 0, 0, 0, 0, 0, 0, 0, 0, 0, 0, 0, 0, 0, 0, 0, 0, 0, 0, 0, 0, 0
31.4721, 0, 0, 0, 1.41421, 0, 0, 0, 0, 0, 0, 0, 0, 0, 0, 0, 0, 0, 0, 0, 0, 0, 0, 0, 0, 0
31.4799, 0, 0, 0, 1.41421, 0, 0, 0, 0, 0, 0, 0, 0, 0, 0, 0, 0, 0, 0, 0, 0, 0, 0, 0, 0, 0
31.4878, 0, 0, 0, 1.41421, 0, 0, 0, 0, 0, 0, 0, 0, 0, 0, 0, 0, 0, 0, 0, 0, 0, 0, 0, 0, 0
31.4956, 0, 0, 0, 1.41421, 0, 0, 0, 0, 0, 0, 0, 0, 0, 0, 0, 0, 0, 0, 0, 0, 0, 0, 0, 0, 0
31.5035, 0, 0, 0, 1.41421, 0, 0, 0, 0, 0, 0, 0, 0, 0, 0, 0, 0, 0, 0, 0, 0, 0, 0, 0, 0, 0
31.5113, 0, 0, 0, 1.41421, 0, 0, 0, 0, 0, 0, 0, 0, 0, 0, 0, 0, 0, 0, 0, 0, 0, 0, 0, 0, 0
31.5191, 0, 0, 0, 1.41421, 0, 0, 0, 0, 0, 0, 0, 0, 0, 0, 0, 0, 0, 0, 0, 0, 0, 0, 0, 0, 0
31.527, 0, 0, 0, 1.41421, 0, 0, 0, 0, 0, 0, 0, 0, 0, 0, 0, 0, 0, 0, 0, 0, 0, 0, 0, 0, 0
31.5348, 0, 0, 0, 1.41421, 0, 0, 0, 0, 0, 0, 0, 0, 0, 0, 0, 0, 0, 0, 0, 0, 0, 0, 0, 0, 0
31.5427, 0, 0, 0, 1.41421, 0, 0, 0, 0, 0, 0, 0, 0, 0, 0, 0, 0, 0, 0, 0, 0, 0, 0, 0, 0, 0
31.5505, 0, 0, 0, 1.41421, 0, 0, 0, 0, 0, 0, 0, 0, 0, 0, 0, 0, 0, 0, 0, 0, 0, 0, 0, 0, 0
31.5584, 0, 0, 0, 1.41421, 0, 0, 0, 0, 0, 0, 0, 0, 0, 0, 0, 0, 0, 0, 0, 0, 0, 0, 0, 0, 0
31.5662, 0, 0, 0, 1.41421, 0, 0, 0, 0, 0, 0, 0, 0, 0, 0, 0, 0, 0, 0, 0, 0, 0, 0, 0, 0, 0
31.5741, 0, 0, 0, 1.41421, 0, 0, 0, 0, 0, 0, 0, 0, 0, 0, 0, 0, 0, 0, 0, 0, 0, 0, 0, 0, 0
31.5819, 0, 0, 0, 1.41421, 0, 0, 0, 0, 0, 0, 0, 0, 0, 0, 0, 0, 0, 0, 0, 0, 0, 0, 0, 0, 0
31.5897, 0, 0, 0, 1.41421, 0, 0, 0, 0, 0, 0, 0, 0, 0, 0, 0, 0, 0, 0, 0, 0, 0, 0, 0, 0, 0
31.5976, 0, 0, 0, 1.41421, 0, 0, 0, 0, 0, 0, 0, 0, 0, 0, 0, 0, 0, 0, 0, 0, 0, 0, 0, 0, 0
31.6054, 0, 0, 0, 1.41421, 0, 0, 0, 0, 0, 0, 0, 0, 0, 0, 0, 0, 0, 0, 0, 0, 0, 0, 0, 0, 0
31.6133, 0, 0, 0, 1.41421, 0, 0, 0, 0, 0, 0, 0, 0, 0, 0, 0, 0, 0, 0, 0, 0, 0, 0, 0, 0, 0
31.6211, 0, 0, 0, 1.41421, 0, 0, 0, 0, 0, 0, 0, 0, 0, 0, 0, 0, 0, 0, 0, 0, 0, 0, 0, 0, 0
31.629, 0, 0, 0, 1.41421, 0, 0, 0, 0, 0, 0, 0, 0, 0, 0, 0, 0, 0, 0, 0, 0, 0, 0, 0, 0, 0
31.6368, 0, 0, 0, 1.41421, 0, 0, 0, 0, 0, 0, 0, 0, 0, 0, 0, 0, 0, 0, 0, 0, 0, 0, 0, 0, 0
31.6446, 0, 0, 0, 1.41421, 0, 0, 0, 0, 0, 0, 0, 0, 0, 0, 0, 0, 0, 0, 0, 0, 0, 0, 0, 0, 0
31.6525, 0, 0, 0, 1.41421, 0, 0, 0, 0, 0, 0, 0, 0, 0, 0, 0, 0, 0, 0, 0, 0, 0, 0, 0, 0, 0
31.6603, 0, 0, 0, 1.41421, 0, 0, 0, 0, 0, 0, 0, 0, 0, 0, 0, 0, 0, 0, 0, 0, 0, 0, 0, 0, 0
31.6682, 0, 0, 0, 1.41421, 0, 0, 0, 0, 0, 0, 0, 0, 0, 0, 0, 0, 0, 0, 0, 0, 0, 0, 0, 0, 0
31.676, 0, 0, 0, 1.41421, 0, 0, 0, 0, 0, 0, 0, 0, 0, 0, 0, 0, 0, 0, 0, 0, 0, 0, 0, 0, 0
31.6838, 0, 0, 0, 1.41421, 0, 0, 0, 0, 0, 0, 0, 0, 0, 0, 0, 0, 0, 0, 0, 0, 0, 0, 0, 0, 0
31.6917, 0, 0, 0, 1.41421, 0, 0, 0, 0, 0, 0, 0, 0, 0, 0, 0, 0, 0, 0, 0, 0, 0, 0, 0, 0, 0
31.6995, 0, 0, 0, 1.41421, 0, 0, 0, 0, 0, 0, 0, 0, 0, 0, 0, 0, 0, 0, 0, 0, 0, 0, 0, 0, 0
31.7074, 0, 0, 0, 1.41421, 0, 0, 0, 0, 0, 0, 0, 0, 0, 0, 0, 0, 0, 0, 0, 0, 0, 0, 0, 0, 0
31.7152, 0, 0, 0, 1.41421, 0, 0, 0, 0, 0, 0, 0, 0, 0, 0, 0, 0, 0, 0, 0, 0, 0, 0, 0, 0, 0
31.7231, 0, 0, 0, 1.41421, 0, 0, 0, 0, 0, 0, 0, 0, 0, 0, 0, 0, 0, 0, 0, 0, 0, 0, 0, 0, 0
31.7309, 0, 0, 0, 1.41421, 0, 0, 0, 0, 0, 0, 0, 0, 0, 0, 0, 0, 0, 0, 0, 0, 0, 0, 0, 0, 0
31.7387, 0, 0, 0, 1.41421, 0, 0, 0, 0, 0, 0, 0, 0, 0, 0, 0, 0, 0, 0, 0, 0, 0, 0, 0, 0, 0
31.7466, 0, 0, 0, 1.41421, 0, 0, 0, 0, 0, 0, 0, 0, 0, 0, 0, 0, 0, 0, 0, 0, 0, 0, 0, 0, 0
31.7544, 0, 0, 0, 1.41421, 0, 0, 0, 0, 0, 0, 0, 0, 0, 0, 0, 0, 0, 0, 0, 0, 0, 0, 0, 0, 0
31.7623, 0, 0, 0, 1.41421, 0, 0, 0, 0, 0, 0, 0, 0, 0, 0, 0, 0, 0, 0, 0, 0, 0, 0, 0, 0, 0
31.7701, 0, 0, 0, 1.41421, 0, 0, 0, 0, 0, 0, 0, 0, 0, 0, 0, 0, 0, 0, 0, 0, 0, 0, 0, 0, 0
31.778, 0, 0, 0, 1.41421, 0, 0, 0, 0, 0, 0, 0, 0, 0, 0, 0, 0, 0, 0, 0, 0, 0, 0, 0, 0, 0
31.7858, 0, 0, 0, 1.41421, 0, 0, 0, 0, 0, 0, 0, 0, 0, 0, 0, 0, 0, 0, 0, 0, 0, 0, 0, 0, 0
31.7936, 0, 0, 0, 1.41421, 0, 0, 0, 0, 0, 0, 0, 0, 0, 0, 0, 0, 0, 0, 0, 0, 0, 0, 0, 0, 0
31.8015, 0, 0, 0, 1.41421, 0, 0, 0, 0, 0, 0, 0, 0, 0, 0, 0, 0, 0, 0, 0, 0, 0, 0, 0, 0, 0
31.8093, 0, 0, 0, 1.41421, 0, 0, 0, 0, 0, 0, 0, 0, 0, 0, 0, 0, 0, 0, 0, 0, 0, 0, 0, 0, 0
31.8172, 0, 0, 0, 1.41421, 0, 0, 0, 0, 0, 0, 0, 0, 0, 0, 0, 0, 0, 0, 0, 0, 0, 0, 0, 0, 0
31.825, 0, 0, 0, 1.41421, 0, 0, 0, 0, 0, 0, 0, 0, 0, 0, 0, 0, 0, 0, 0, 0, 0, 0, 0, 0, 0
31.8329, 0, 0, 0, 1.41421, 0, 0, 0, 0, 0, 0, 0, 0, 0, 0, 0, 0, 0, 0, 0, 0, 0, 0, 0, 0, 0
31.8407, 0, 0, 0, 1.41421, 0, 0, 0, 0, 0, 0, 0, 0, 0, 0, 0, 0, 0, 0, 0, 0, 0, 0, 0, 0, 0
31.8485, 0, 0, 0, 1.41421, 0, 0, 0, 0, 0, 0, 0, 0, 0, 0, 0, 0, 0, 0, 0, 0, 0, 0, 0, 0, 0
31.8564, 0, 0, 0, 1.41421, 0, 0, 0, 0, 0, 0, 0, 0, 0, 0, 0, 0, 0, 0, 0, 0, 0, 0, 0, 0, 0
31.8642, 0, 0, 0, 1.41421, 0, 0, 0, 0, 0, 0, 0, 0, 0, 0, 0, 0, 0, 0, 0, 0, 0, 0, 0, 0, 0
31.8721, 0, 0, 0, 1.41421, 0, 0, 0, 0, 0, 0, 0, 0, 0, 0, 0, 0, 0, 0, 0, 0, 0, 0, 0, 0, 0
31.8799, 0, 0, 0, 1.41421, 0, 0, 0, 0, 0, 0, 0, 0, 0, 0, 0, 0, 0, 0, 0, 0, 0, 0, 0, 0, 0
31.8878, 0, 0, 0, 1.41421, 0, 0, 0, 0, 0, 0, 0, 0, 0, 0, 0, 0, 0, 0, 0, 0, 0, 0, 0, 0, 0
31.8956, 0, 0, 0, 1.41421, 0, 0, 0, 0, 0, 0, 0, 0, 0, 0, 0, 0, 0, 0, 0, 0, 0, 0, 0, 0, 0
31.9034, 0, 0, 0, 1.41421, 0, 0, 0, 0, 0, 0, 0, 0, 0, 0, 0, 0, 0, 0, 0, 0, 0, 0, 0, 0, 0
31.9113, 0, 0, 0, 1.41421, 0, 0, 0, 0, 0, 0, 0, 0, 0, 0, 0, 0, 0, 0, 0, 0, 0, 0, 0, 0, 0
31.9191, 0, 0, 0, 1.41421, 0, 0, 0, 0, 0, 0, 0, 0, 0, 0, 0, 0, 0, 0, 0, 0, 0, 0, 0, 0, 0
31.927, 0, 0, 0, 1.41421, 0, 0, 0, 0, 0, 0, 0, 0, 0, 0, 0, 0, 0, 0, 0, 0, 0, 0, 0, 0, 0
31.9348, 0, 0, 0, 1.41421, 0, 0, 0, 0, 0, 0, 0, 0, 0, 0, 0, 0, 0, 0, 0, 0, 0, 0, 0, 0, 0
31.9427, 0, 0, 0, 1.41421, 0, 0, 0, 0, 0, 0, 0, 0, 0, 0, 0, 0, 0, 0, 0, 0, 0, 0, 0, 0, 0
31.9505, 0, 0, 0, 1.41421, 0, 0, 0, 0, 0, 0, 0, 0, 0, 0, 0, 0, 0, 0, 0, 0, 0, 0, 0, 0, 0
31.9583, 0, 0, 0, 1.41421, 0, 0, 0, 0, 0, 0, 0, 0, 0, 0, 0, 0, 0, 0, 0, 0, 0, 0, 0, 0, 0
31.9662, 0, 0, 0, 1.41421, 0, 0, 0, 0, 0, 0, 0, 0, 0, 0, 0, 0, 0, 0, 0, 0, 0, 0, 0, 0, 0
31.974, 0, 0, 0, 1.41421, 0, 0, 0, 0, 0, 0, 0, 0, 0, 0, 0, 0, 0, 0, 0, 0, 0, 0, 0, 0, 0
31.9819, 0, 0, 0, 1.41421, 0, 0, 0, 0, 0, 0, 0, 0, 0, 0, 0, 0, 0, 0, 0, 0, 0, 0, 0, 0, 0
31.9897, 0, 0, 0, 1.41421, 0, 0, 0, 0, 0, 0, 0, 0, 0, 0, 0, 0, 0, 0, 0, 0, 0, 0, 0, 0, 0
31.9976, 0, 0, 0, 1.41421, 0, 0, 0, 0, 0, 0, 0, 0, 0, 0, 0, 0, 0, 0, 0, 0, 0, 0, 0, 0, 0
32.0054, 0, 0, 0, 1.41421, 0, 0, 0, 0, 0, 0, 0, 0, 0, 0, 0, 0, 0, 0, 0, 0, 0, 0, 0, 0, 0
32.0132, 0, 0, 0, 1.41421, 0, 0, 0, 0, 0, 0, 0, 0, 0, 0, 0, 0, 0, 0, 0, 0, 0, 0, 0, 0, 0
32.0211, 0, 0, 0, 1.41421, 0, 0, 0, 0, 0, 0, 0, 0, 0, 0, 0, 0, 0, 0, 0, 0, 0, 0, 0, 0, 0
32.0289, 0, 0, 0, 1.41421, 0, 0, 0, 0, 0, 0, 0, 0, 0, 0, 0, 0, 0, 0, 0, 0, 0, 0, 0, 0, 0
32.0368, 0, 0, 0, 1.41421, 0, 0, 0, 0, 0, 0, 0, 0, 0, 0, 0, 0, 0, 0, 0, 0, 0, 0, 0, 0, 0
32.0446, 0, 0, 0, 1.41421, 0, 0, 0, 0, 0, 0, 0, 0, 0, 0, 0, 0, 0, 0, 0, 0, 0, 0, 0, 0, 0
32.0525, 0, 0, 0, 1.41421, 0, 0, 0, 0, 0, 0, 0, 0, 0, 0, 0, 0, 0, 0, 0, 0, 0, 0, 0, 0, 0
32.0603, 0, 0, 0, 1.41421, 0, 0, 0, 0, 0, 0, 0, 0, 0, 0, 0, 0, 0, 0, 0, 0, 0, 0, 0, 0, 0
32.0681, 0, 0, 0, 1.41421, 0, 0, 0, 0, 0, 0, 0, 0, 0, 0, 0, 0, 0, 0, 0, 0, 0, 0, 0, 0, 0
32.076, 0, 0, 0, 1.41421, 0, 0, 0, 0, 0, 0, 0, 0, 0, 0, 0, 0, 0, 0, 0, 0, 0, 0, 0, 0, 0
32.0838, 0, 0, 0, 1.41421, 0, 0, 0, 0, 0, 0, 0, 0, 0, 0, 0, 0, 0, 0, 0, 0, 0, 0, 0, 0, 0
32.0917, 0, 0, 0, 1.41421, 0, 0, 0, 0, 0, 0, 0, 0, 0, 0, 0, 0, 0, 0, 0, 0, 0, 0, 0, 0, 0
32.0995, 0, 0, 0, 1.41421, 0, 0, 0, 0, 0, 0, 0, 0, 0, 0, 0, 0, 0, 0, 0, 0, 0, 0, 0, 0, 0
32.1074, 0, 0, 0, 1.41421, 0, 0, 0, 0, 0, 0, 0, 0, 0, 0, 0, 0, 0, 0, 0, 0, 0, 0, 0, 0, 0
32.1152, 0, 0, 0, 1.41421, 0, 0, 0, 0, 0, 0, 0, 0, 0, 0, 0, 0, 0, 0, 0, 0, 0, 0, 0, 0, 0
32.123, 0, 0, 0, 1.41421, 0, 0, 0, 0, 0, 0, 0, 0, 0, 0, 0, 0, 0, 0, 0, 0, 0, 0, 0, 0, 0
